source,target
0,1
0,2
0,3
0,4
0,5
0,6
0,7
0,8
0,9
0,10
0,11
0,12
0,13
0,14
0,15
0,16
0,17
0,18
1,1733
1,6
1,11
1,12
1,1734
1,376
2,1875
2,532
3,7
3,8
3,746
3,10
3,12
3,1219
3,15
4,343
4,746
4,1885
4,10
4,18
4,1886
5,1006
5,37
5,1574
5,342
5,757
5,1575
5,596
5,743
5,1577
5,949
5,200
6,366
6,1733
6,11
6,12
6,1734
6,948
6,376
7,758
7,8
7,1902
8,378
8,366
8,94
8,1221
8,1219
8,1903
9,1859
9,945
9,1000
9,11
9,947
9,949
10,1211
10,1885
10,12
10,1219
10,18
11,1006
11,1905
11,1859
11,2308
11,368
11,850
11,839
11,945
11,944
11,20
11,1750
11,853
11,947
11,339
11,755
11,12
11,1908
12,1905
12,2809
12,1733
12,340
12,1873
12,862
12,374
12,1835
12,1895
12,1559
12,370
12,339
12,1571
12,1976
12,1562
12,338
14,196
14,199
14,200
17,2630
17,2924
17,1942
18,1211
18,343
19,20
19,21
19,22
19,23
19,24
19,25
19,26
20,1332
20,556
20,557
20,553
20,561
20,594
20,569
20,573
20,576
20,588
20,95
22,23
22,2916
24,2223
25,1332
25,556
25,1333
26,2487
26,2972
26,366
26,2971
26,2973
27,28
27,29
27,30
27,31
27,32
27,33
27,34
28,35
28,36
28,37
28,38
28,39
29,40
29,30
29,33
29,41
29,42
29,43
29,44
29,45
29,46
29,47
29,48
29,49
29,50
29,51
29,52
29,53
29,54
30,55
30,33
30,34
30,43
30,47
30,51
30,53
30,56
30,57
32,58
32,59
32,34
32,60
33,36
33,61
33,41
33,62
33,55
33,56
34,63
34,64
34,65
34,66
34,67
34,68
34,59
34,69
34,70
34,71
34,72
34,60
35,73
35,61
35,74
35,43
35,75
35,47
35,76
35,77
35,78
35,79
35,80
35,81
35,82
35,83
35,53
35,84
35,85
35,54
35,86
36,61
36,43
36,87
36,88
36,54
38,61
38,1458
38,79
38,94
38,664
38,2167
39,514
39,2725
40,89
40,90
41,97
41,98
41,63
41,62
41,99
41,47
41,100
41,101
41,53
41,84
41,102
41,103
41,104
42,74
42,397
42,437
42,438
42,439
42,440
42,441
42,442
42,443
42,444
42,445
42,446
42,447
43,153
43,1012
43,769
43,92
43,1013
43,154
43,329
43,987
43,327
43,155
43,61
43,1014
43,1015
43,1016
43,394
43,395
43,983
43,93
43,770
43,112
43,1017
43,459
43,404
43,1018
43,634
43,635
43,462
43,73
43,331
43,853
43,71
43,222
43,1019
43,1020
43,143
43,78
43,50
43,121
43,80
43,125
43,1021
43,83
43,353
43,818
43,130
43,1022
43,1023
43,355
43,1024
43,86
45,767
45,1013
45,71
45,958
45,91
45,1983
45,83
45,1984
46,767
46,2021
46,2023
46,893
47,97
47,98
47,61
47,625
47,112
47,62
47,116
47,2081
48,468
48,916
48,847
48,1078
49,1605
49,1334
49,52
49,2267
49,54
49,1471
50,1015
50,983
50,112
50,71
50,459
50,462
50,79
50,1602
50,822
51,2716
51,80
51,83
51,776
52,288
52,1190
52,916
52,847
52,875
52,844
52,560
52,1383
52,553
52,1193
52,2060
52,558
52,282
52,889
52,174
52,167
53,61
53,84
53,82
53,54
54,691
55,91
55,92
55,93
55,94
56,394
56,395
56,407
56,406
56,396
56,397
56,105
56,398
57,68
57,59
57,69
58,60
59,66
59,67
59,68
59,72
59,60
59,95
60,769
60,1015
60,1994
60,333
61,73
61,93
61,78
61,79
61,84
61,96
61,88
61,86
62,97
62,105
62,106
62,107
62,101
62,108
62,103
62,104
63,109
63,110
63,111
63,99
63,112
63,113
63,114
63,115
63,116
63,117
63,101
63,118
63,119
63,120
63,121
63,122
63,123
63,124
63,125
63,126
63,127
63,128
63,129
63,130
63,131
63,132
64,133
64,134
64,135
64,136
64,137
64,138
64,139
64,140
65,141
65,142
65,71
65,143
66,72
67,144
67,145
67,146
68,69
68,147
71,560
71,72
71,399
71,80
71,139
71,1021
71,83
71,95
71,1024
72,2513
73,153
73,154
73,155
73,78
73,86
74,513
74,514
74,476
74,478
74,515
75,1012
75,1473
75,625
75,1472
75,1018
75,1020
75,1475
75,77
75,594
75,1479
75,1474
75,84
75,1287
75,85
76,109
76,2161
76,983
76,816
76,553
76,1019
76,1728
76,174
76,820
76,1995
76,822
76,819
76,2162
76,2163
76,163
77,1012
77,2385
77,1473
77,1475
77,84
78,112
78,658
78,594
78,79
79,94
80,768
80,472
80,2716
80,2717
80,425
80,931
80,143
80,331
81,394
81,395
81,112
81,404
81,406
81,396
81,397
81,105
81,398
81,399
82,188
82,459
82,527
82,2661
83,769
83,271
83,768
83,1014
83,1015
83,662
83,983
83,1994
83,771
83,1606
83,2483
83,333
83,522
83,822
83,331
85,625
86,112
86,1434
87,1884
87,914
87,322
87,746
88,395
88,398
89,1725
90,459
91,112
91,1985
92,662
92,93
92,94
92,121
92,1865
92,1985
93,153
93,1996
93,94
93,1732
93,95
93,1999
94,153
94,1965
94,121
95,1816
95,1390
95,2712
95,556
95,136
95,1599
95,2713
95,560
95,1807
95,553
95,2711
95,1996
95,558
95,1990
95,2384
95,1985
95,935
95,3043
97,101
97,131
98,156
98,99
98,157
98,158
98,101
98,159
98,118
98,160
98,102
98,161
98,104
98,131
98,162
99,392
99,643
99,644
99,157
99,623
99,625
99,112
99,626
99,113
99,158
99,634
99,635
99,620
99,610
99,611
99,612
99,111
101,656
101,643
101,666
101,157
101,2664
101,112
101,2665
101,159
101,158
101,118
101,1661
101,620
101,116
101,611
101,594
102,980
102,771
102,158
102,2988
102,104
103,459
103,106
103,3011
104,156
104,157
104,158
104,3037
105,394
105,395
105,396
105,397
105,398
105,399
105,400
107,639
108,2294
109,163
110,164
110,165
110,166
111,609
111,610
111,611
111,612
111,613
111,614
111,615
111,616
111,617
111,618
112,656
112,612
112,614
112,620
112,634
112,635
112,636
112,114
112,637
112,657
112,116
112,174
112,594
112,658
112,121
112,125
112,629
112,129
112,130
112,630
112,659
112,631
112,638
112,132
113,623
113,612
113,616
113,618
113,641
113,642
113,594
113,651
113,649
113,132
114,661
114,662
114,625
114,636
114,614
114,124
114,125
114,663
115,1662
115,1660
115,1661
115,624
116,594
116,1474
116,659
119,1662
119,159
119,1666
120,534
120,2509
121,153
121,634
121,635
121,2787
121,1607
122,643
122,541
123,2755
123,2878
123,648
123,128
123,2879
124,125
125,610
125,636
125,638
126,2614
126,127
127,1506
127,2614
128,2878
128,2879
129,643
129,609
129,623
129,634
129,635
129,620
129,610
129,611
129,612
129,613
129,668
129,616
129,1660
130,634
130,635
130,658
130,614
132,623
132,651
132,647
132,638
134,532
135,547
135,546
135,409
135,1922
135,1923
136,330
136,273
136,2294
137,215
137,484
137,472
137,486
137,431
137,487
137,425
137,226
137,1467
137,2345
137,227
137,490
137,422
137,292
137,505
139,769
139,1994
139,988
139,2846
141,167
141,168
141,169
141,170
141,171
141,172
141,173
141,174
141,175
141,176
141,177
141,178
141,179
141,180
141,181
142,959
142,986
142,993
142,994
142,987
142,327
142,983
142,816
142,328
142,995
142,321
142,853
142,358
142,359
142,143
142,463
142,569
142,979
142,456
143,959
143,986
143,987
143,327
143,332
143,855
143,463
143,853
143,840
143,989
143,2513
143,818
144,1579
144,145
145,1590
146,1590
147,858
148,149
148,150
148,151
148,152
149,841
149,458
149,842
149,843
149,844
149,845
149,349
149,418
149,835
149,837
149,169
149,564
149,846
149,531
151,190
151,2936
152,2766
152,500
153,688
153,631
154,155
154,1020
154,1023
155,1998
156,159
156,160
156,161
158,162
159,643
159,2664
163,983
163,1605
163,282
163,1041
163,2170
163,1430
163,223
163,820
163,822
163,819
163,825
163,292
164,1787
164,1255
164,165
164,2087
164,2088
164,2089
164,2090
167,168
167,286
167,287
167,288
167,218
167,289
167,290
167,172
167,173
167,291
167,292
167,293
167,177
167,294
167,295
167,296
167,297
167,298
167,299
167,300
167,180
167,301
167,302
168,604
169,849
169,982
169,916
169,875
169,845
169,958
169,850
169,837
169,839
169,929
169,855
169,852
169,1025
169,853
169,921
169,858
169,961
169,531
170,1679
170,1610
170,219
170,1145
170,253
170,1675
170,1042
170,1688
170,1187
170,176
170,1689
170,301
170,1690
171,1592
171,1978
171,175
171,179
172,934
172,289
172,560
172,553
172,558
172,1703
172,2031
172,223
172,173
172,174
172,177
172,178
172,1706
172,294
172,180
172,961
173,315
173,287
173,289
173,2059
173,592
173,2060
173,561
173,1703
173,2031
173,223
173,574
173,177
174,983
174,560
174,553
174,558
174,1728
175,286
175,2557
175,179
176,1679
176,219
176,1613
176,1516
177,467
177,290
177,1902
177,480
177,1703
178,592
178,560
178,553
178,558
178,1703
179,286
179,2557
180,934
180,604
180,560
180,553
180,558
180,1607
181,1692
181,1703
181,223
182,183
182,184
184,458
184,2780
184,2682
184,2962
185,186
186,958
186,850
186,839
186,189
187,188
188,859
191,192
191,193
192,2023
192,193
192,2027
192,1732
193,1732
194,195
195,1843
195,1929
195,1930
196,197
196,198
196,199
196,200
197,338
197,952
197,746
197,339
197,747
197,738
197,198
197,742
197,1585
197,977
197,970
197,954
197,751
198,779
198,1876
198,603
198,862
198,757
198,338
198,339
198,476
198,954
198,199
198,200
199,339
199,338
200,2830
200,2915
200,1920
200,2746
200,2831
200,348
200,1876
200,945
200,1843
200,1574
200,1929
200,338
200,342
200,343
201,202
201,203
201,204
201,205
202,1876
202,532
203,2505
203,2503
203,1940
203,2504
204,802
205,2588
205,2094
205,802
206,207
206,208
206,209
206,210
206,211
207,417
207,459
207,524
207,525
207,526
208,2049
208,2052
208,2050
208,1019
208,2053
208,2162
209,467
209,475
209,476
210,517
210,2911
210,416
210,1235
210,553
210,452
210,558
210,2912
211,2049
211,2052
211,2050
212,213
212,214
212,215
212,216
212,217
212,218
212,219
212,220
212,221
212,222
212,223
212,224
212,225
212,226
212,227
212,228
212,229
212,230
212,231
212,232
212,233
213,715
213,717
213,214
213,222
213,718
213,225
213,719
213,313
213,245
214,816
214,817
214,571
214,818
215,1340
215,484
215,220
215,1467
215,503
215,474
215,1468
216,217
216,1056
216,1450
216,606
216,1222
216,1367
216,304
216,281
217,1480
218,911
218,1008
218,1692
218,253
218,1681
218,1693
218,511
218,1173
218,902
218,301
219,983
220,221
220,881
220,978
220,1467
220,505
220,1796
221,484
221,1340
221,1384
221,809
221,267
221,474
221,1386
221,500
221,1387
221,434
221,426
222,225
222,719
223,2047
223,2048
223,1692
223,1513
223,983
223,816
223,817
223,1605
223,2049
223,553
223,2050
223,1703
223,1041
223,819
223,825
223,292
223,1607
224,2240
224,864
225,1467
226,504
226,505
226,906
227,1610
228,506
228,2022
228,2023
228,1146
228,425
228,730
229,484
231,306
231,311
232,2059
232,1009
232,855
232,3025
232,2060
234,235
234,236
235,288
235,419
235,1507
235,1509
235,466
235,1429
235,248
236,394
236,1507
236,481
237,238
237,239
237,240
237,241
237,242
237,243
237,244
237,245
238,246
238,247
238,248
238,249
238,250
238,251
239,869
239,872
239,913
239,936
239,837
239,242
239,930
239,931
239,903
240,253
241,869
241,870
241,872
241,1368
241,913
241,1086
241,1081
241,881
241,262
241,242
241,1195
241,410
241,896
241,1112
241,924
241,608
242,1962
242,1056
242,869
242,870
242,1337
242,872
242,1382
242,957
242,1368
242,913
242,914
242,254
242,1086
242,1057
242,916
242,1963
242,1363
242,845
242,1049
242,880
242,1059
242,1063
242,930
242,441
242,1964
242,931
242,1143
242,1686
242,900
243,872
243,1397
243,913
243,1047
243,1298
243,1144
244,2349
244,1207
244,2350
245,1801
245,2963
247,2944
247,466
247,255
247,309
247,1429
248,2830
248,419
248,268
248,466
248,267
248,260
248,261
248,1429
252,253
252,254
252,255
253,1679
253,1676
253,1677
253,1671
253,1680
253,915
253,509
253,1681
253,1672
253,359
253,1682
253,1145
253,1683
253,1684
253,1674
253,1685
253,1675
253,256
253,360
253,357
253,1670
253,1673
253,1686
254,1962
254,765
254,267
254,894
254,434
254,426
254,1966
254,1968
255,1081
255,278
257,258
258,1414
259,260
260,261
260,262
260,263
260,264
260,265
260,266
260,267
260,268
260,269
260,270
260,271
260,272
260,273
260,274
260,275
260,276
260,277
261,262
261,263
261,264
261,265
261,266
261,267
261,270
261,272
261,273
261,274
261,275
261,277
262,1365
262,1056
262,1152
262,869
262,1374
262,1336
262,870
262,1337
262,1083
262,265
262,1084
262,878
262,270
262,897
262,719
263,264
263,1555
265,872
266,2284
267,1962
267,484
267,1384
267,507
267,809
267,1386
267,434
267,426
268,270
269,420
271,411
272,443
273,2066
273,561
273,274
277,3035
278,279
278,280
279,606
279,605
279,607
279,608
280,985
280,990
280,1429
281,282
281,283
282,995
282,1430
282,825
282,827
282,1334
282,1470
282,1471
283,1339
283,1802
284,285
285,1741
285,1737
285,1738
285,1742
286,849
286,850
286,958
286,929
286,967
286,857
287,934
287,845
287,929
287,983
287,1041
287,1042
287,593
287,292
287,570
287,301
287,823
288,1513
289,2030
289,1009
289,592
289,2031
289,572
289,1516
289,294
289,295
289,299
290,421
290,467
290,468
290,1815
290,475
290,476
290,477
290,478
290,479
290,480
290,714
290,1966
290,301
290,483
291,983
291,553
291,558
291,1042
291,294
292,934
292,2048
292,871
292,1163
292,817
292,929
292,570
292,293
292,489
292,571
292,572
292,825
292,317
293,294
294,934
294,295
294,570
295,296
295,1797
295,592
295,1615
296,299
297,934
297,1986
298,1610
298,312
299,1797
299,592
301,1679
301,1341
301,872
301,1397
301,1093
301,467
301,847
301,1039
301,1688
301,729
301,1184
302,1610
303,304
304,305
305,2668
305,421
305,2709
305,2708
305,1369
306,307
306,308
307,1037
307,1339
307,887
307,890
307,1446
307,1801
308,400
309,310
311,312
311,313
312,1163
312,2292
312,313
312,553
312,558
312,889
314,315
314,316
315,2060
315,1967
315,2061
316,476
316,1967
318,319
318,320
319,825
322,323
322,324
322,325
323,1029
323,993
323,994
323,985
323,927
323,1170
324,325
324,993
324,994
324,2516
325,351
325,2522
326,327
326,328
326,329
326,330
327,959
327,853
327,855
327,985
327,990
327,818
328,853
329,331
329,332
329,336
331,332
331,333
331,334
331,335
331,336
331,337
332,986
332,994
332,917
332,988
332,336
333,769
333,1990
333,776
334,768
334,2833
335,2908
335,2909
335,336
336,2484
336,2908
336,691
336,2909
336,1927
338,339
338,340
338,341
339,1750
339,952
339,475
339,476
339,753
340,737
340,738
340,1880
340,748
340,1895
340,1570
340,1221
340,749
340,1857
340,752
340,753
341,393
341,2704
342,343
342,344
342,345
342,346
342,347
342,348
344,2182
344,2183
344,2184
344,2177
344,2185
344,1216
344,345
344,2176
344,347
344,2186
345,2182
345,1211
345,2183
345,2184
345,2177
345,2191
345,2185
345,1216
345,393
345,347
345,2186
347,2190
347,955
347,2176
348,2826
349,350
349,351
349,352
349,353
349,354
349,355
349,356
350,2511
351,732
351,887
351,2522
351,881
351,1107
351,2516
352,2451
352,353
352,1985
353,2451
354,849
354,982
354,958
354,929
354,939
355,2451
355,515
357,358
357,359
358,1029
358,994
358,963
358,359
358,361
358,985
358,927
358,1158
359,994
359,1599
359,1598
359,1600
359,512
359,1158
362,363
363,643
363,686
363,687
363,671
363,532
363,1864
363,672
363,761
363,1865
364,365
365,1008
365,2241
365,1989
365,548
365,2051
366,367
366,368
366,369
366,370
366,371
366,372
366,373
366,374
366,375
366,376
366,377
367,1556
367,368
367,370
367,371
367,1557
367,372
367,1558
367,1559
367,1560
367,374
367,1561
367,1562
367,1563
367,1564
367,376
367,1565
368,371
368,1556
368,369
368,370
368,372
368,1566
368,1567
368,1558
368,1559
368,1560
368,747
368,374
368,1561
368,1568
368,1569
368,1570
368,1571
368,1562
368,1572
368,1573
369,1557
369,1574
369,1556
369,370
370,371
370,1557
370,372
370,1566
370,1567
370,1558
370,1559
370,1556
370,1569
370,1571
370,1562
370,1537
371,378
371,1557
371,374
371,1565
372,1557
372,1578
372,1001
373,1866
373,1867
373,1199
373,532
373,1847
373,1203
373,1868
373,1537
374,1557
374,1873
374,1566
374,532
374,1001
375,2168
375,1217
375,1537
378,379
379,1534
380,381
380,382
381,382
381,2806
382,2806
383,384
383,385
383,386
384,1314
384,1321
384,1322
384,1323
385,2129
385,2637
385,2638
385,1745
387,388
387,389
387,390
388,1593
388,1594
388,1595
389,2568
389,2474
389,2476
389,390
390,2568
391,392
392,625
394,401
394,402
394,395
394,396
394,397
394,403
394,404
394,405
394,406
394,407
394,408
394,409
394,398
394,399
394,410
394,400
395,401
395,396
395,397
395,402
395,403
395,404
395,405
395,406
395,407
395,408
395,398
395,399
395,400
396,411
396,401
396,402
396,412
396,403
396,404
396,405
396,413
396,414
396,406
396,397
396,398
396,399
396,400
396,415
397,401
397,402
397,416
397,404
397,417
397,398
397,399
397,400
398,401
398,404
398,406
398,399
398,400
399,401
399,402
399,404
399,462
399,406
400,3001
400,3002
401,418
401,402
401,404
401,405
401,406
401,407
401,409
402,419
402,403
402,404
402,405
402,406
402,407
403,405
403,424
404,405
404,406
404,407
405,411
405,421
405,412
405,425
405,413
405,414
405,422
405,426
405,423
406,407
406,408
406,436
407,454
409,1859
409,957
409,532
410,1795
410,1079
410,1368
410,1191
410,1192
410,843
410,1155
410,1083
410,880
410,1112
410,1061
410,1157
410,896
410,899
411,420
412,421
412,413
412,422
412,423
413,421
413,427
413,428
413,422
413,423
414,429
414,430
414,431
414,432
414,433
414,434
414,435
414,426
415,430
415,1135
415,2380
415,862
415,1744
415,885
415,1474
415,417
415,569
415,2474
416,448
416,449
416,450
416,451
416,452
416,453
416,454
416,455
416,456
417,457
417,458
417,459
417,460
417,461
417,462
418,463
418,464
419,465
419,466
420,484
420,860
420,1968
421,427
421,467
421,468
421,469
421,470
421,471
421,472
421,473
421,474
421,475
421,476
421,477
421,478
421,479
421,480
421,481
421,482
421,423
421,483
422,484
422,431
422,432
422,435
422,423
423,2986
423,428
423,495
424,2623
424,2622
425,484
425,430
425,485
425,472
425,486
425,431
425,487
425,432
425,433
425,488
425,489
425,490
425,491
425,492
425,493
425,494
426,1962
426,484
426,501
426,1384
426,507
426,1552
426,435
426,504
426,434
426,505
427,468
427,467
427,495
427,473
427,474
427,477
427,496
427,482
427,497
427,491
428,498
429,499
429,430
429,432
429,433
429,485
429,474
429,500
430,498
430,484
430,501
430,433
430,502
430,503
430,474
430,500
430,504
430,505
431,506
431,484
431,507
431,503
431,500
431,435
431,504
432,457
432,485
432,459
432,507
432,435
432,504
432,508
433,501
433,509
433,510
433,503
433,511
433,504
433,512
434,1962
434,484
434,1384
434,507
434,435
434,1386
435,484
436,553
437,713
437,714
437,444
438,439
438,1655
439,1656
439,1657
439,1658
440,1492
440,1659
440,1655
441,1969
441,1970
441,1968
441,447
442,699
442,702
442,712
443,901
446,1492
446,1495
446,1483
447,693
447,1488
447,694
447,695
447,697
447,698
447,1483
447,2696
447,703
447,1496
448,459
448,516
448,450
448,517
448,518
448,519
448,454
448,520
449,450
450,516
450,451
450,1550
450,520
451,452
451,454
452,2134
452,1550
452,453
452,454
453,2912
454,519
455,1235
455,553
455,558
455,578
455,821
456,994
457,459
457,521
457,522
457,523
458,527
458,528
458,529
458,530
458,531
459,462
459,516
459,532
459,533
459,515
460,461
460,462
460,516
460,527
460,534
461,535
461,536
461,462
461,516
461,534
462,518
462,536
462,527
462,516
462,537
462,538
462,539
463,993
463,994
463,2514
465,487
465,2639
465,608
466,1429
467,468
467,2045
467,475
467,476
467,477
467,478
467,479
467,480
467,2046
467,1966
467,1968
467,483
468,827
468,990
468,469
468,470
468,471
468,474
468,476
468,477
468,478
468,479
468,480
468,482
468,483
469,470
470,475
471,1815
471,475
472,486
472,487
472,474
472,490
472,500
472,482
472,497
472,1710
472,491
472,2639
473,2667
473,1260
473,502
473,482
474,484
474,2292
474,486
474,482
475,1835
475,477
475,746
475,478
475,479
475,476
476,686
476,779
476,850
476,603
476,852
476,480
476,2045
476,477
476,1815
476,496
476,840
476,746
476,495
476,478
476,757
476,954
476,479
477,480
477,478
477,479
477,483
478,480
478,1815
478,479
478,2892
478,483
479,480
479,483
480,1692
480,1691
480,483
481,2568
482,2192
482,2667
482,497
482,493
484,506
484,507
484,1466
484,1467
484,503
484,979
484,504
484,1468
486,487
486,490
486,491
487,490
487,491
487,608
489,817
490,2667
490,500
490,497
490,1710
490,491
491,497
491,722
491,1429
491,493
492,2192
493,2667
493,497
493,722
497,2667
497,516
498,500
498,725
499,1683
499,1711
500,1386
501,872
501,2300
501,2301
502,2668
502,1933
502,1934
502,1870
502,705
502,894
502,2500
503,506
504,1163
504,507
504,1340
505,1933
505,1161
505,507
505,1387
505,1392
506,1455
506,1469
507,1713
508,1009
509,1694
509,1695
509,1682
509,1683
509,1684
509,1696
509,510
509,511
509,1173
509,1697
510,1685
510,1687
511,911
511,1172
511,915
511,1185
511,1184
511,2645
511,1684
511,1186
511,1053
511,1054
511,1055
511,1094
511,1095
511,1096
511,1098
514,2192
514,1700
515,1492
515,688
515,2717
515,2923
515,516
516,1235
516,527
516,1156
517,527
517,1552
517,520
518,527
518,1428
520,1414
520,2946
520,1527
521,2852
521,1335
521,1002
521,2851
522,596
524,556
524,553
524,558
524,2714
524,581
525,2984
525,526
527,536
527,537
528,1877
531,2890
531,845
531,837
531,932
531,846
532,735
532,1541
532,1837
532,1838
532,1839
532,1840
532,1841
532,747
532,1842
532,1843
532,1844
532,1845
532,968
532,758
532,1846
532,1847
532,1848
532,1849
532,952
532,998
532,1001
533,1986
534,2867
535,1551
536,539
537,1456
537,2566
537,2945
537,2139
537,2880
537,2629
537,2140
537,2580
537,2138
539,1095
540,541
540,542
541,1833
541,643
541,1834
541,676
541,648
541,2876
542,2363
542,1440
543,544
543,545
545,802
546,547
547,1923
549,550
550,1014
550,1727
551,552
551,553
551,554
552,555
553,556
553,557
553,558
553,559
553,560
553,561
553,562
553,563
553,564
553,565
553,566
553,567
553,568
553,569
553,570
553,571
553,572
553,573
553,574
553,575
553,576
553,577
553,578
553,579
553,580
553,581
553,582
553,583
553,584
553,585
553,586
553,587
553,588
554,768
554,3030
555,557
555,3022
556,558
556,560
556,564
556,589
556,581
556,590
557,563
557,564
557,565
557,573
557,576
557,581
558,591
558,559
558,592
558,561
558,593
558,564
558,566
558,594
558,570
558,574
558,577
558,579
558,581
558,595
558,596
558,582
558,583
558,586
558,587
558,588
559,929
559,960
560,591
560,1009
560,1807
560,588
561,1009
561,1010
561,592
561,2066
561,960
561,593
561,567
561,571
561,572
562,982
562,929
562,960
562,856
563,2290
563,2289
563,594
564,872
564,2270
564,589
564,2271
564,565
564,2242
564,566
564,885
566,591
566,2384
566,594
567,1816
567,847
567,875
567,848
567,1009
567,930
567,935
568,2594
569,1037
569,594
569,576
570,929
570,2384
571,934
571,1964
571,818
572,934
572,817
572,1035
573,1212
573,584
574,1609
574,2048
574,1703
574,593
575,2885
575,579
577,850
577,929
577,840
577,2966
578,1235
578,2981
578,2740
579,2885
579,2884
579,580
579,584
579,585
580,2885
580,2884
580,2621
582,865
582,881
582,583
582,1702
583,1009
583,1010
583,960
584,585
584,586
586,2690
589,779
589,950
590,1332
590,1225
590,1333
591,597
591,593
592,2030
592,604
592,1009
592,960
592,944
592,1615
593,2048
593,1610
593,1352
594,666
594,623
594,625
594,626
594,2662
594,658
594,620
594,639
594,642
594,640
594,654
594,614
594,647
595,1037
595,606
595,843
595,928
595,923
595,1196
596,1574
596,1002
596,2851
596,743
598,599
598,600
598,601
599,2448
600,1225
600,2632
601,1225
601,2143
602,603
603,734
603,950
603,951
603,736
603,839
603,840
603,854
603,862
603,952
603,746
603,737
603,953
603,754
603,954
603,955
603,956
603,753
606,869
606,870
606,872
606,881
606,1175
606,1367
606,1081
606,1082
606,1385
606,892
606,978
606,923
606,1481
606,1139
606,1148
606,608
607,912
607,1083
607,1084
607,881
607,1059
607,910
608,1366
608,869
608,870
608,872
608,873
608,913
608,1081
608,876
608,2380
608,1363
608,881
608,1340
608,719
608,1053
608,1054
608,1055
608,1095
610,619
610,620
610,611
610,617
610,621
610,622
611,623
611,620
611,612
611,616
611,618
611,624
611,622
612,623
612,625
612,626
612,620
612,627
612,628
612,629
612,630
612,631
613,632
613,633
614,625
614,634
614,635
614,636
614,637
614,638
615,627
615,639
615,640
615,638
616,623
616,641
616,642
617,620
617,645
617,618
617,646
618,623
618,626
618,647
618,638
619,620
620,645
620,621
620,648
620,622
620,630
620,649
622,3027
623,626
623,627
623,628
623,641
623,642
623,650
623,651
623,629
623,652
623,630
623,649
623,653
624,1665
624,1660
625,654
625,629
625,655
625,652
625,630
625,631
626,627
626,654
627,660
627,628
627,652
628,660
628,629
628,631
629,642
629,651
631,642
632,2057
632,2654
632,1957
632,2655
633,2388
633,2389
634,635
634,637
634,657
634,658
634,638
635,637
635,657
635,638
636,655
637,657
637,638
639,640
639,654
639,664
639,665
640,666
640,667
640,664
641,642
643,668
643,669
643,670
643,671
643,672
643,673
643,674
643,675
643,676
643,677
643,678
643,679
643,680
643,681
643,682
644,683
644,684
646,2337
647,651
648,1833
648,2877
648,1834
648,2139
648,2509
650,1959
652,1528
652,1529
653,1833
653,1661
654,1528
654,1529
654,1530
654,664
657,691
659,2484
662,685
662,686
662,687
662,688
662,672
662,671
662,689
662,677
662,690
663,1457
663,1458
664,1530
664,2165
664,2167
665,2165
665,2169
665,2167
667,2679
668,670
669,1668
669,797
669,1669
669,799
671,685
671,686
671,672
671,761
672,685
672,686
672,687
672,761
672,690
672,682
673,1201
674,2794
674,675
674,2118
675,2796
675,2797
675,2798
675,2614
677,685
677,686
677,689
677,1405
678,2317
678,2326
678,2331
678,2330
679,2794
679,2737
679,2919
680,3018
681,1265
681,3044
681,1049
681,2446
682,685
682,686
683,2665
683,1852
683,2083
685,686
685,687
686,687
686,761
686,690
687,747
687,690
687,948
687,1881
689,1201
691,768
692,693
692,694
692,695
692,696
692,697
692,698
692,699
692,700
692,701
692,702
692,703
692,704
693,694
693,705
693,695
693,706
693,698
693,699
693,702
693,703
693,707
693,708
693,709
694,706
694,698
694,699
694,700
694,702
694,710
694,711
694,712
694,707
694,708
694,709
695,1482
695,1488
695,1489
695,706
695,705
695,696
695,1484
695,697
695,698
695,699
695,701
695,702
695,1490
695,710
695,1485
695,712
695,1486
695,1487
696,706
696,697
696,1491
696,698
696,705
696,1484
696,699
696,701
696,1490
696,1486
696,1487
697,1482
697,1492
697,700
697,698
698,1482
698,1492
698,1489
698,1495
698,706
698,700
698,1491
698,701
698,702
698,703
698,1485
699,1341
699,1489
699,1396
699,1093
699,1484
699,705
699,706
699,702
699,703
699,1490
699,710
699,1486
699,1498
699,708
699,1487
700,1482
700,1492
700,706
700,701
700,1485
700,1403
701,1492
701,1491
701,702
701,705
701,1758
701,703
701,1486
701,1496
702,1341
702,1489
702,1757
702,1396
702,1491
702,1093
702,2073
702,1484
702,1348
702,705
702,1758
702,703
702,2074
702,1042
702,2075
702,1486
702,1406
702,1487
703,1482
703,1484
703,705
703,1486
703,707
703,1487
703,2076
704,1803
704,2967
704,1158
705,1482
705,1483
705,1484
705,1485
705,1486
705,707
705,1487
706,1482
706,1488
706,1495
706,710
706,1496
706,708
707,1482
707,1488
707,1484
707,2782
707,2784
707,796
707,797
707,1485
707,1487
708,1482
708,1488
708,1396
708,2356
708,1485
708,1496
709,2076
711,1134
711,1499
711,2510
712,2298
712,1754
712,2315
715,716
715,717
716,717
716,720
716,721
716,722
716,723
716,724
717,725
717,721
717,724
718,2375
718,810
718,2379
718,2373
718,2380
718,809
718,813
719,1366
719,866
719,1056
719,1390
719,843
719,1086
719,1135
719,1081
719,1155
719,1363
719,1089
719,881
719,884
719,885
719,1121
721,2950
721,724
721,1309
722,2452
723,2173
724,725
724,966
726,727
727,1463
727,1464
727,1353
727,1363
727,1047
727,1049
727,1050
727,1305
727,1295
727,1070
727,1082
727,1069
727,889
727,2154
727,2155
727,2157
727,1053
727,1054
727,1055
727,1094
727,1095
727,1096
727,1098
727,1104
727,1099
727,1136
727,730
727,1116
727,1355
727,1121
727,1309
728,729
728,730
729,1363
729,1047
729,1049
729,1050
729,1305
729,1070
729,878
729,1055
729,1371
729,927
729,1311
730,2023
730,1049
730,1305
730,1306
730,1761
730,1055
731,732
732,1257
732,1260
732,1261
732,1262
732,907
732,1263
733,734
733,735
733,736
733,737
733,738
733,739
733,740
733,741
733,742
733,743
734,744
734,745
734,735
734,746
734,747
734,737
734,738
734,739
734,740
734,741
734,742
734,748
734,749
734,750
734,751
734,752
734,753
735,756
735,744
735,757
735,758
735,737
735,738
735,739
735,740
735,741
735,759
735,742
735,760
735,755
735,751
735,752
735,753
736,971
736,972
736,957
736,973
737,744
737,745
737,746
738,745
738,747
738,1880
738,746
738,752
739,1937
739,1566
739,1860
739,758
739,998
739,740
739,741
739,759
739,1034
739,1850
739,1938
739,1586
739,1939
739,1001
739,1940
739,1941
739,752
740,1937
740,741
740,998
740,1860
740,759
740,1938
740,1586
740,1939
740,1001
740,1940
740,1941
740,752
741,1937
741,998
741,1860
741,759
741,742
741,1862
741,1938
741,1586
741,1001
741,750
741,1975
741,751
741,752
741,753
742,745
742,1328
742,1902
742,975
742,996
742,1873
742,862
742,964
742,997
742,965
742,2181
742,999
742,1000
742,2176
742,748
742,749
742,750
742,751
742,961
742,753
743,1006
743,1574
743,948
744,754
744,755
745,746
745,754
745,750
745,751
745,752
746,849
746,779
746,950
746,951
746,1733
746,850
746,1840
746,839
746,851
746,747
746,975
746,996
746,1033
746,964
746,997
746,852
746,853
746,854
746,840
746,938
746,952
746,973
746,1850
746,748
746,1854
746,955
746,749
747,1733
747,748
747,754
747,749
747,1863
747,750
747,751
747,753
748,951
748,807
748,862
748,2473
748,1895
748,953
748,753
749,2975
749,951
749,862
749,2473
749,1895
749,953
749,2826
749,753
750,759
750,1862
750,1975
751,1328
751,1902
751,975
751,996
751,1873
751,862
751,964
751,997
751,965
751,2181
751,999
751,1000
752,1327
752,753
753,850
753,807
753,862
753,1895
753,953
753,977
753,952
753,966
754,1840
754,759
754,2246
754,2707
755,2308
755,1889
755,1752
755,2309
755,953
757,950
757,962
757,1575
757,952
757,760
757,966
757,954
757,942
757,961
758,1001
759,1840
759,1860
759,1976
759,1001
760,975
760,996
760,862
760,964
760,997
760,965
760,976
760,933
760,856
760,1034
761,2174
762,763
763,2566
763,1942
763,2448
764,765
765,1972
766,767
766,768
767,769
767,770
767,771
767,772
767,773
767,774
767,775
767,776
768,777
769,1015
769,1994
769,771
769,1728
769,1995
769,988
769,1996
769,772
769,1990
769,1997
769,776
770,980
770,1988
770,771
770,1990
771,980
771,1988
771,1994
771,1015
771,1990
771,776
772,1994
772,1996
772,1728
772,776
774,980
776,1015
776,1994
776,1990
778,779
779,1030
779,1879
780,781
780,782
780,783
781,1790
781,1789
781,782
781,1791
784,785
784,786
784,787
784,788
785,1620
785,1623
785,1621
785,1628
785,1634
785,1636
786,1620
786,1629
786,2551
786,2552
786,1645
787,1620
787,1627
787,2351
787,2044
787,2352
787,1621
787,2428
787,1651
788,1456
788,1776
788,2822
788,2823
788,2552
789,790
789,791
790,791
790,792
790,793
790,794
790,795
790,796
790,797
790,798
790,799
790,800
790,801
791,797
792,2542
792,2547
792,795
792,1668
792,796
792,797
792,1277
792,799
793,794
793,798
793,799
793,2817
794,799
794,2817
796,1668
796,797
796,2549
796,2783
796,799
797,2541
797,1669
797,2806
797,2579
797,1668
798,799
799,2113
799,1251
799,2783
800,2985
801,1884
803,804
803,805
803,806
804,2253
804,2747
805,1826
805,2862
805,2863
805,1230
805,2526
808,809
808,810
808,811
808,812
808,813
808,814
808,815
809,810
809,2373
809,1384
809,1340
809,2374
810,2375
810,2373
810,2376
810,811
810,812
810,813
810,814
810,1105
810,2377
811,812
811,813
811,814
812,2375
812,2373
812,813
812,814
812,2378
812,2640
812,2641
813,2375
813,2378
813,1105
813,814
815,2375
816,819
816,820
816,821
816,822
816,823
817,824
817,825
818,934
818,959
818,990
818,929
818,855
818,1964
818,985
819,983
819,1605
819,820
819,825
820,983
820,821
820,822
821,959
821,983
822,983
822,1727
822,1728
822,2162
823,2731
824,826
824,827
824,828
824,829
825,2047
825,983
825,1605
825,840
826,830
826,831
826,832
826,827
826,833
826,828
826,834
827,831
827,2173
827,2170
828,1726
828,1014
828,2172
828,831
828,1334
828,834
828,829
828,1607
828,1471
830,1722
830,831
831,1014
831,1430
831,833
831,834
832,1722
832,895
832,1724
832,1725
832,1723
833,1014
833,2172
833,834
833,1727
833,1430
833,1471
835,836
835,837
835,838
835,839
835,840
837,847
837,845
837,848
837,846
839,849
839,850
839,851
839,840
839,852
839,853
839,854
839,855
840,849
840,850
840,851
840,852
840,853
840,854
840,855
840,856
840,857
840,858
841,859
841,860
842,861
842,862
842,863
842,864
843,865
843,866
843,867
843,868
843,869
843,870
843,871
843,872
843,873
843,874
843,844
843,875
843,876
843,877
843,878
843,879
843,880
843,881
843,882
843,883
843,884
843,885
843,886
843,887
843,888
843,889
843,890
843,891
843,892
843,893
843,894
843,895
843,896
843,897
843,898
843,899
843,900
843,901
843,902
843,903
843,904
843,905
843,906
843,907
843,908
843,909
843,910
844,911
844,869
844,870
844,872
844,912
844,913
844,914
844,915
844,916
844,917
844,875
844,876
844,918
844,919
844,920
844,891
844,892
844,921
844,922
844,923
844,924
844,925
844,926
844,927
845,849
845,916
845,928
845,929
845,930
845,931
845,932
845,933
845,846
846,3039
846,3040
846,1363
846,848
846,1817
847,934
847,916
847,848
847,930
847,935
848,937
849,861
849,850
849,851
849,852
849,929
849,938
849,939
849,856
849,940
849,941
849,942
849,858
849,943
850,852
850,853
850,854
850,862
850,944
850,945
850,946
850,947
850,942
850,948
850,949
851,852
851,938
852,957
852,958
852,929
852,854
852,856
852,858
852,943
853,959
853,958
853,929
853,862
853,960
853,855
853,856
853,858
853,961
854,962
854,963
854,964
854,965
854,933
854,966
854,961
855,959
855,1011
855,958
855,929
855,960
855,939
855,985
855,856
856,1007
856,982
856,975
856,996
856,929
856,862
856,964
856,997
856,960
856,965
856,999
856,976
856,933
856,977
856,966
858,1877
858,1851
859,2451
862,957
862,863
862,964
862,965
862,996
862,997
862,998
862,999
862,1000
862,976
862,933
862,966
862,1001
862,1002
862,1003
862,942
862,1004
862,1005
864,974
864,1082
864,1466
865,1152
865,1116
865,897
865,1153
865,1121
866,1064
866,1072
866,1086
866,1154
866,1155
866,1089
866,1156
866,1157
866,1128
867,1142
867,905
867,909
868,905
868,1158
869,1046
869,916
869,872
869,913
869,936
869,870
869,874
869,912
869,914
869,917
869,875
869,876
869,1047
869,1048
869,1049
869,1050
869,1051
869,1052
869,878
869,879
869,1053
869,1054
869,1055
869,1056
869,1057
869,1058
869,880
869,1059
869,1060
869,1061
869,884
869,885
869,1062
869,886
869,1063
869,1064
869,1065
869,1066
869,1067
869,1068
869,1069
869,1070
869,1071
869,1072
869,1073
869,887
869,1074
869,1075
869,1076
869,1077
869,1078
869,1079
869,1080
869,1081
869,1082
869,1083
869,1084
869,1039
869,1085
869,888
869,1086
869,1087
869,1088
869,1025
869,931
869,1089
869,1090
869,1091
869,1092
869,1093
869,1094
869,1095
869,1096
869,1097
869,890
869,1098
869,1099
869,1100
869,921
869,1101
869,1102
869,1103
869,1104
869,1105
869,894
869,1106
869,1107
869,1108
869,1109
869,1110
869,1111
869,896
869,1112
869,1113
869,1114
869,1115
869,1116
869,1117
869,1118
869,1119
869,1120
869,1121
869,1122
869,1123
869,1124
869,1125
869,1126
869,905
869,907
869,1127
869,1128
869,1129
870,1159
870,916
870,872
870,913
870,936
870,912
870,917
870,875
870,1047
870,1048
870,1049
870,1050
870,1051
870,879
870,1054
870,1055
870,1058
870,880
870,1059
870,1060
870,1061
870,884
870,885
870,1062
870,886
870,1064
870,1065
870,1066
870,1067
870,1069
870,1070
870,1072
870,887
870,1074
870,1075
870,1076
870,1077
870,1079
870,1132
870,1083
870,1084
870,1039
870,1085
870,888
870,1087
870,1025
870,931
870,1089
870,1090
870,1091
870,1092
870,1094
870,1095
870,1096
870,1097
870,890
870,1098
870,1099
870,1100
870,921
870,1136
870,1104
870,894
870,1106
870,1107
870,1109
870,1111
870,1112
870,1117
870,1160
870,1119
870,1123
870,1124
870,1125
870,1126
870,1141
870,1128
870,1129
871,876
871,1052
871,1057
871,1161
871,1162
871,1110
871,1163
871,897
871,1164
871,1165
871,1166
871,905
871,1158
871,1167
872,1046
872,916
872,928
872,913
872,936
872,874
872,912
872,917
872,875
872,876
872,1047
872,1048
872,1049
872,1050
872,1051
872,1130
872,1052
872,878
872,879
872,1054
872,1055
872,1057
872,1058
872,880
872,1059
872,1060
872,1061
872,884
872,885
872,1062
872,1064
872,1065
872,1066
872,1067
872,1068
872,1069
872,1131
872,1070
872,1072
872,1073
872,887
872,1074
872,1075
872,1076
872,1077
872,1078
872,1079
872,1081
872,1132
872,1082
872,1083
872,1084
872,1039
872,918
872,1085
872,888
872,1086
872,1025
872,931
872,1089
872,1133
872,889
872,1090
872,1091
872,1092
872,1134
872,1093
872,1094
872,1095
872,1096
872,1097
872,890
872,1098
872,1099
872,1100
872,921
872,1101
872,1135
872,1103
872,1136
872,1104
872,894
872,1106
872,1107
872,1108
872,1109
872,1111
872,896
872,1112
872,1116
872,1137
872,1117
872,1138
872,1118
872,1119
872,898
872,1120
872,1121
872,900
872,901
872,1139
872,1140
872,1122
872,1123
872,1124
872,1125
872,1126
872,1141
872,1127
872,1128
872,1129
873,1073
873,887
873,1066
873,1074
873,913
873,1049
873,1051
873,1058
873,880
873,1060
873,1061
873,884
873,885
873,1062
873,1067
873,1072
873,1077
873,1082
873,1083
873,1084
873,888
873,1091
873,1094
873,890
873,1098
873,1099
873,1168
873,921
873,1106
873,1107
873,1108
873,1111
873,1119
873,1125
873,1129
873,1169
874,1057
874,1110
874,1170
874,1171
875,912
875,913
875,914
875,915
875,916
875,928
875,917
875,876
875,1038
875,1039
875,918
875,1193
875,919
875,891
875,892
875,1194
875,921
875,922
875,1195
875,1040
875,925
875,926
875,927
875,1196
875,961
876,1152
876,1197
876,1052
876,913
876,915
876,1038
876,883
876,919
876,1194
876,926
876,927
877,1197
877,1052
877,878
877,879
877,1053
877,1054
877,1055
877,1324
877,1098
877,1331
877,1116
877,1121
877,1125
878,1056
878,1337
878,1052
878,1338
878,913
878,1057
878,1058
878,880
878,881
878,1294
878,1059
878,1060
878,1061
878,1339
878,1230
878,1038
878,1340
878,882
878,883
878,884
878,885
878,1143
878,1062
879,1341
879,1342
879,912
879,1343
879,1344
879,1345
879,913
879,1048
879,914
879,1346
879,936
879,1347
879,1348
879,1047
879,1176
879,886
879,1261
879,881
879,1063
879,1064
879,1184
879,1065
879,1349
879,1053
879,1297
879,1157
879,1350
879,1045
879,1351
880,1056
880,1336
880,1337
880,1052
880,1079
880,1080
880,1368
880,913
880,1048
880,936
880,1347
880,1049
880,1059
880,890
880,1157
880,896
880,1361
881,912
881,1191
881,1081
881,1132
881,1082
881,892
881,906
881,1357
882,1388
882,1085
882,908
883,1052
883,1061
883,1230
883,1116
883,1389
883,1121
883,910
884,1390
884,1048
884,888
884,886
884,890
884,1391
884,1392
884,1357
885,1142
885,1046
885,1149
885,912
885,913
885,1393
885,936
885,1131
885,1078
885,1049
885,1050
885,1394
885,1395
886,913
886,1048
886,1418
886,936
886,1066
886,1054
886,1061
886,1063
886,1067
886,1068
886,1070
886,1085
886,1025
886,1094
886,1104
886,1108
886,1116
886,1361
886,1137
886,926
886,1392
886,1307
886,1121
886,1122
886,1419
886,1127
886,1129
887,1455
887,1374
887,912
887,1087
887,1073
887,913
887,1048
887,1066
887,1074
887,888
887,890
887,1098
887,1168
887,1125
887,1169
888,1374
888,912
888,1087
888,957
888,913
888,1367
888,1363
888,1392
889,1449
889,1190
889,1293
889,1149
889,1076
889,916
889,1078
889,2041
889,1364
889,1090
889,1100
889,1331
889,1766
889,1160
889,1356
890,1455
890,1374
890,912
890,1073
890,913
890,1048
890,2156
890,1066
890,1074
890,1063
890,1168
890,1144
890,1096
890,1098
890,1125
891,915
891,1184
891,892
892,1154
892,1337
892,915
892,1039
892,918
892,1078
892,919
892,1383
892,1193
892,1194
892,1064
892,978
892,1207
892,921
892,922
892,935
892,1038
892,1331
892,1195
892,923
892,1361
892,924
892,1040
892,926
892,927
893,1554
893,2281
893,2025
893,2022
893,2023
893,1305
893,1028
894,1962
894,913
894,1048
894,936
894,1935
894,1049
894,1966
895,1390
895,913
895,1135
896,1795
896,1079
896,1368
896,1191
896,913
896,1192
896,1086
896,1155
896,1083
896,1112
896,1061
896,1157
896,899
897,1152
897,2937
897,1363
897,1153
897,1111
897,1116
897,1121
898,1365
898,1765
898,1191
898,1153
899,1795
899,1079
899,1368
899,1191
899,1192
899,1143
899,1053
899,1054
899,1094
899,1095
899,1157
899,1099
899,900
899,2160
899,1297
899,1307
900,936
900,1155
900,1363
900,1143
900,1055
900,1094
900,1095
900,1157
901,2959
901,912
901,913
901,1101
901,917
901,2960
901,1109
901,921
901,1144
901,1350
901,1369
902,957
902,1681
903,916
903,928
903,1146
903,2996
903,1308
904,2103
904,1265
904,2114
904,3020
904,2799
904,2102
904,1259
904,3009
905,1370
905,913
905,1363
906,1112
906,1082
906,978
906,1467
907,1341
907,1071
907,1293
907,1174
907,912
907,1191
907,914
907,1192
907,928
907,917
909,1449
909,1765
909,2159
910,1197
910,1025
910,1061
910,1053
911,1056
911,918
911,1172
911,1173
912,1071
912,1174
912,1175
912,914
912,917
912,1052
912,1058
912,1176
912,1063
912,1066
912,1074
912,1079
912,1081
912,1084
912,1025
912,1095
912,1098
912,1177
912,1104
912,1107
912,1108
912,1178
912,925
912,1139
912,1125
912,1179
912,1180
913,1142
913,1046
913,1048
913,936
913,917
913,1047
913,1049
913,1050
913,1051
913,1054
913,1055
913,1058
913,1060
913,1061
913,1143
913,1062
913,1064
913,1066
913,1144
913,1067
913,1069
913,1070
913,1074
913,1145
913,1075
913,1076
913,1077
913,1082
913,1083
913,1084
913,1039
913,1085
913,1086
913,1025
913,931
913,1089
913,1146
913,1090
913,1091
913,1092
913,1094
913,1095
913,1096
913,1097
913,1098
913,1099
913,921
913,1104
913,1106
913,1107
913,1108
913,1109
913,1111
913,1112
913,1117
913,1147
913,1123
913,1124
913,1125
913,1148
913,1126
913,1128
913,1129
914,1071
914,917
914,1176
914,1063
914,1039
914,1177
914,1104
914,1178
914,1181
914,924
914,1182
914,1183
915,1072
915,1184
915,920
915,921
915,1185
915,1186
915,1162
915,1040
915,1187
915,1188
915,1189
916,1037
916,957
916,928
916,1038
916,1039
916,930
916,931
916,932
916,921
916,922
916,1040
916,925
916,926
916,961
917,1071
917,1056
917,1190
917,1149
917,1073
917,1191
917,1192
917,1076
917,1077
917,1063
917,1104
917,1108
917,1045
917,1139
918,1803
918,1154
918,1382
918,1149
918,1039
918,1038
918,919
918,920
918,921
918,923
918,926
918,927
918,1804
919,1154
919,1039
919,1383
919,1193
919,921
919,922
919,926
919,927
919,1805
920,2084
920,1525
920,1687
920,2085
921,1382
921,1149
921,1048
921,936
921,1039
921,1383
921,1193
921,1331
921,1195
921,924
921,926
922,2348
922,1039
922,1383
922,1193
922,1806
923,1039
923,1383
923,1082
923,1193
923,1806
923,1107
923,1195
923,924
923,926
924,1449
924,1039
924,1383
924,1193
924,1063
924,2828
924,1182
924,1361
924,925
924,926
924,2526
925,1071
925,1162
925,1063
925,1044
925,1108
925,1054
925,1040
926,1071
926,1154
926,1382
926,1039
926,1383
926,1193
926,1063
926,1117
926,927
926,1054
926,1040
927,1154
927,1029
927,1170
927,1039
927,985
927,1002
928,930
928,931
928,1043
928,1044
928,1045
929,982
929,958
929,941
929,943
930,957
930,1086
930,1155
930,1089
930,1082
930,932
930,931
930,1196
930,1798
931,957
931,1634
931,1187
932,1037
933,957
933,1027
933,1032
933,975
933,2278
933,996
933,964
933,997
933,965
933,999
933,976
933,977
933,966
934,1035
934,1036
936,1142
936,1046
936,1149
936,1150
936,1048
936,1047
936,1049
936,1050
936,1051
936,1054
936,1055
936,1058
936,1060
936,1061
936,1062
936,1063
936,1067
936,1068
936,1069
936,1070
936,1075
936,1083
936,1084
936,1039
936,1085
936,1025
936,1091
936,1092
936,1094
936,1095
936,1096
936,1097
936,1099
936,1106
936,1107
936,1108
936,1111
936,1137
936,1119
936,1124
936,1151
936,1129
937,984
937,995
937,1305
937,985
939,982
939,941
939,943
940,2308
940,2302
941,982
941,958
942,2917
942,952
943,967
943,982
943,958
943,944
944,1006
944,1358
945,1859
945,1000
945,947
945,1929
945,1921
945,949
947,1859
947,949
948,1006
948,1733
949,2178
949,2593
949,1574
949,1592
949,1567
949,1560
949,1570
949,1358
950,968
951,969
951,970
952,1835
952,1501
952,1836
952,969
953,2473
953,1895
954,1006
954,1000
955,2730
955,2191
955,2193
957,974
957,964
957,975
957,976
957,977
957,966
957,978
957,979
958,980
958,981
958,982
958,983
959,984
959,985
959,986
959,987
959,988
959,989
959,990
959,991
959,992
960,1006
960,1007
960,1008
960,982
960,1009
960,1010
961,975
961,996
961,997
961,965
962,1026
962,1000
962,1027
962,1028
963,1029
963,976
963,973
963,966
963,1030
963,1031
964,1032
964,975
964,996
964,1033
964,965
964,999
964,976
964,1034
964,966
965,975
965,996
965,997
965,1034
966,1032
966,975
966,1033
966,976
966,977
967,1030
969,1857
971,1500
971,1501
971,972
972,1501
972,1002
973,1029
973,976
974,1971
975,996
975,997
975,1880
975,999
975,976
975,1034
975,977
975,1881
976,1032
976,996
976,997
976,999
976,1034
976,977
977,996
977,997
977,999
978,1185
978,1194
978,1806
978,2345
978,1387
978,2346
979,994
979,1161
979,1804
980,1988
980,1989
980,1990
980,1991
980,1992
980,1993
981,1983
983,1605
983,1020
983,1606
983,1607
984,995
984,1430
984,1431
984,1334
984,992
985,986
985,995
985,1130
985,1334
985,989
986,990
987,989
987,1602
987,1603
987,1604
987,992
988,2161
988,1994
988,1996
988,1728
988,1995
988,991
989,2515
990,2521
990,1222
990,995
990,2516
994,1601
995,1430
995,1431
995,1334
996,1882
996,1883
996,997
996,999
996,1034
996,1850
997,1325
997,999
997,1034
997,1879
998,1840
998,1567
998,1560
998,1974
998,1586
998,1001
998,1583
999,1904
999,1034
1000,1006
1000,2178
1001,1937
1001,2392
1001,1840
1001,1033
1001,1939
1001,2246
1001,2393
1001,1586
1001,1940
1001,1617
1001,1221
1002,2850
1002,2851
1004,1225
1004,1333
1005,1165
1006,1358
1006,1575
1006,1902
1006,1904
1006,1905
1006,1906
1006,1907
1006,1908
1007,1009
1007,1989
1007,2029
1008,1702
1009,1010
1009,2029
1010,1989
1010,2029
1011,2077
1012,1472
1012,1473
1012,1018
1012,1475
1012,1474
1012,1476
1012,1477
1014,1726
1014,1722
1014,1727
1014,1728
1014,1430
1014,1729
1014,1730
1015,1994
1015,1990
1017,2000
1017,2001
1018,1473
1018,1475
1018,1474
1018,1287
1019,2168
1019,1728
1019,2162
1020,1728
1020,1995
1020,2165
1020,2166
1020,2169
1020,2167
1022,3032
1022,1209
1025,1048
1025,1047
1025,1085
1025,1296
1025,1127
1027,2279
1027,1030
1027,2280
1028,1554
1028,2281
1028,2025
1028,1133
1028,2023
1028,2442
1029,1391
1029,1030
1029,2078
1029,1031
1030,2847
1032,1034
1034,1554
1034,1835
1034,1850
1034,1976
1036,1986
1036,1605
1036,2918
1037,1816
1037,1817
1038,1336
1038,1337
1038,1382
1038,1052
1038,1039
1038,1383
1038,1193
1038,1059
1038,1331
1038,1040
1039,1048
1039,1193
1039,1194
1039,1207
1039,1040
1040,1154
1040,1193
1040,1207
1040,1184
1040,1964
1040,1182
1040,1095
1042,1679
1042,1397
1042,1093
1042,1688
1044,1045
1045,1341
1045,1191
1045,1192
1045,1348
1045,1132
1045,1184
1045,1065
1045,1399
1045,1107
1045,1108
1045,1121
1046,1049
1046,1061
1046,1144
1046,1095
1046,1097
1046,1107
1046,1109
1046,1137
1046,1292
1046,1129
1047,1293
1047,1048
1047,1049
1047,1294
1047,1261
1047,1144
1047,1070
1047,1295
1047,1097
1047,1296
1047,1297
1047,1298
1047,1109
1047,1119
1047,1153
1047,1120
1047,1299
1047,1147
1047,1300
1047,1141
1047,1301
1047,1129
1048,1049
1048,1050
1048,1051
1048,1054
1048,1058
1048,1060
1048,1061
1048,1062
1048,1067
1048,1068
1048,1070
1048,1074
1048,1083
1048,1084
1048,1085
1048,1091
1048,1094
1048,1095
1048,1097
1048,1098
1048,1099
1048,1106
1048,1109
1048,1111
1048,1124
1048,1125
1048,1304
1048,1129
1049,1050
1049,1051
1049,1130
1049,1054
1049,1055
1049,1060
1049,1061
1049,1062
1049,1261
1049,1144
1049,1067
1049,1069
1049,1070
1049,1295
1049,1305
1049,1075
1049,1082
1049,1306
1049,1091
1049,1092
1049,1094
1049,1095
1049,1096
1049,1097
1049,1099
1049,1104
1049,1106
1049,1107
1049,1298
1049,1109
1049,1111
1049,1116
1049,1307
1049,1121
1049,1123
1049,1308
1049,1300
1049,1141
1049,1309
1049,1129
1050,1070
1050,1051
1050,1055
1050,1061
1050,1069
1050,1129
1051,1310
1051,1131
1051,1074
1051,1070
1051,1095
1051,1125
1051,1311
1052,1056
1052,1197
1052,1335
1052,1336
1052,1337
1052,1175
1052,1139
1053,1352
1053,1096
1053,1353
1053,1098
1053,1099
1053,1104
1053,1108
1053,1116
1053,1354
1053,1137
1053,1160
1053,1355
1053,1350
1053,1121
1053,1124
1053,1125
1053,1129
1053,1356
1053,1357
1054,1149
1054,1066
1054,1061
1054,1144
1054,1067
1054,1068
1054,1358
1054,1352
1054,1096
1054,1098
1054,1099
1054,1359
1054,1360
1054,1104
1054,1116
1054,1361
1054,1354
1054,1137
1054,1160
1054,1355
1054,1307
1054,1121
1054,1125
1054,1129
1054,1362
1054,1356
1054,1357
1055,1363
1055,1069
1055,1364
1055,1096
1055,1098
1055,1360
1055,1104
1055,1116
1055,1361
1055,1354
1055,1137
1055,1160
1055,1355
1055,1307
1055,1350
1055,1121
1055,1125
1055,1129
1055,1356
1055,1357
1056,1365
1056,1366
1056,1142
1056,1341
1056,1175
1056,1367
1056,1191
1056,1368
1056,1081
1056,1112
1056,1113
1056,1139
1056,1303
1056,1369
1057,1192
1057,1110
1058,1370
1058,1079
1058,1191
1058,1363
1058,1084
1058,1111
1058,1116
1058,1121
1058,1122
1059,1337
1059,1143
1060,1190
1060,1076
1060,1077
1060,1078
1060,1066
1060,1075
1060,1372
1060,1373
1060,1090
1060,1092
1061,1142
1061,1131
1061,1070
1061,1065
1061,1068
1061,1100
1061,1180
1061,1311
1063,1071
1063,1066
1063,1104
1063,1108
1063,1178
1063,1181
1063,1361
1064,1421
1064,1342
1064,1422
1064,1190
1064,1149
1064,1076
1064,1077
1064,1086
1064,1078
1064,1349
1064,1165
1065,1341
1065,1347
1065,1348
1065,1132
1065,1100
1066,1374
1066,1073
1066,1067
1066,1074
1066,1426
1066,1094
1066,1095
1066,1098
1066,1168
1066,1108
1066,1125
1066,1169
1067,1353
1067,1097
1067,1094
1067,1095
1067,1108
1068,1119
1069,1159
1070,1310
1070,1095
1071,1174
1071,1175
1071,1191
1071,1079
1071,1104
1071,1108
1071,1139
1071,1303
1072,1154
1072,1081
1072,1162
1072,1454
1073,1074
1073,1098
1073,1168
1073,1125
1073,1169
1074,1374
1074,1095
1074,1098
1074,1168
1074,1125
1075,1460
1075,1149
1075,1418
1075,1076
1075,1077
1075,1078
1075,1090
1075,1092
1075,1461
1075,1137
1075,1766
1076,1421
1076,1460
1076,1768
1076,1149
1076,1411
1076,1418
1076,1078
1076,1364
1076,1425
1076,1090
1076,1091
1076,1426
1076,1092
1076,1461
1076,1359
1076,1117
1076,1766
1076,1769
1077,1190
1077,1149
1077,1418
1077,1078
1077,1372
1077,1090
1077,1091
1077,1461
1077,1359
1077,1117
1077,1766
1078,1460
1078,1149
1078,1418
1078,1372
1078,1364
1078,1425
1078,1090
1078,1091
1078,1426
1078,1461
1078,1359
1078,1117
1078,1766
1078,1770
1079,1795
1079,1157
1079,1112
1080,1088
1080,1465
1080,1362
1081,1366
1081,1385
1082,1196
1082,1798
1083,1085
1083,1800
1084,1370
1084,1191
1084,1363
1085,1368
1086,1143
1086,1155
1086,1089
1086,1157
1086,1800
1086,1128
1087,1810
1088,1134
1088,1813
1088,1148
1088,1814
1088,1362
1088,1356
1089,1795
1089,1155
1089,1157
1089,1128
1090,1421
1090,1342
1090,1190
1090,1149
1090,1372
1090,1373
1090,1424
1090,1091
1090,1426
1090,1092
1090,1364
1090,1359
1090,1108
1090,1766
1091,1190
1091,1149
1091,1372
1091,1108
1091,1766
1092,1421
1092,1462
1092,1461
1092,1359
1092,1766
1092,1160
1093,1679
1093,1396
1093,1688
1093,1704
1093,1689
1094,1353
1094,1097
1094,1352
1094,1096
1094,1098
1094,1099
1094,1104
1094,1116
1094,1137
1094,1160
1094,1121
1094,1125
1094,1141
1094,1129
1094,1356
1094,1357
1095,1464
1095,1144
1095,1352
1095,1096
1095,2153
1095,1098
1095,1099
1095,1360
1095,1104
1095,1116
1095,1361
1095,1354
1095,1137
1095,1160
1095,1355
1095,1307
1095,1350
1095,1121
1095,1125
1095,1129
1095,1362
1095,1356
1095,1357
1096,1352
1096,2153
1096,1099
1096,1104
1096,1296
1096,1116
1096,1137
1096,1160
1096,1355
1096,1121
1096,1129
1096,1362
1096,1356
1097,1159
1097,1108
1097,1160
1097,1141
1098,1374
1098,1168
1098,2157
1098,2153
1098,1099
1098,1116
1098,1137
1098,1160
1098,1121
1098,1125
1098,1129
1098,1356
1099,2153
1099,1446
1099,1360
1099,1116
1099,1137
1099,1160
1099,1355
1099,1121
1099,1395
1099,1129
1099,1362
1099,1356
1100,1344
1100,1295
1100,1398
1100,1755
1100,1759
1100,2074
1100,2154
1100,1395
1101,1192
1101,1935
1101,1139
1101,2286
1101,2295
1104,2611
1105,2373
1106,1142
1107,1393
1107,1296
1108,1178
1108,2708
1108,1369
1109,1301
1111,1370
1111,1191
1111,1363
1111,1157
1111,1309
1112,1368
1113,1448
1113,1341
1113,1449
1113,1154
1113,1765
1113,1451
1113,1174
1113,1175
1113,1191
1113,1403
1113,1363
1113,1114
1114,1448
1114,1341
1114,1449
1114,1154
1114,1765
1114,1451
1114,1174
1114,1175
1114,1191
1114,1403
1114,1363
1114,1527
1115,1374
1115,2827
1116,1152
1116,1181
1116,1358
1116,1885
1116,1361
1116,1354
1116,1137
1116,1121
1117,1342
1117,1422
1117,1149
1118,1122
1119,1463
1119,1464
1119,1353
1120,2527
1121,1152
1121,1181
1121,1358
1121,1885
1121,1361
1121,1354
1121,1137
1121,1195
1121,1360
1121,1307
1122,1428
1122,1127
1122,1357
1123,2021
1124,1387
1125,3008
1125,1374
1125,1131
1125,1148
1125,1168
1125,2157
1126,1191
1126,1192
1127,1357
1129,1131
1129,1137
1130,1324
1132,1191
1132,1797
1132,1180
1133,2025
1133,2022
1133,1262
1133,2026
1134,1149
1134,2042
1134,1426
1137,1410
1137,1160
1137,1355
1139,1365
1139,1447
1139,1448
1139,1341
1139,1449
1139,1450
1139,1154
1139,1451
1139,1174
1139,1452
1139,1453
1139,1382
1139,1175
1139,1191
1139,1192
1139,1363
1139,2961
1140,2312
1141,1410
1141,1343
1142,1435
1143,1157
1144,1368
1145,1671
1145,1672
1145,1295
1145,1670
1145,1207
1145,1187
1146,1365
1146,2023
1146,1761
1146,2024
1147,1374
1147,1299
1148,1449
1148,1460
1149,1421
1149,1342
1149,1422
1149,1190
1149,1349
1149,1424
1149,1364
1149,1425
1149,1426
1149,1359
1150,1456
1150,1457
1150,1458
1150,1459
1151,1424
1151,1769
1151,1425
1153,1462
1154,1175
1154,1186
1154,1162
1154,1818
1154,1819
1155,1157
1155,1973
1157,1338
1157,2807
1157,1363
1158,1803
1158,3007
1159,1353
1160,1353
1161,1684
1162,1173
1163,2048
1163,1387
1164,2970
1167,2380
1167,2522
1167,3025
1167,3024
1170,2848
1170,2849
1172,2645
1173,1681
1173,1185
1174,1175
1174,1446
1174,1303
1175,1365
1175,1447
1175,1448
1175,1341
1175,1449
1175,1450
1175,1451
1175,1452
1175,1453
1175,1382
1177,1370
1177,1363
1178,1797
1180,1191
1180,1347
1180,1348
1181,1351
1183,1370
1183,1363
1184,1383
1184,1399
1184,1195
1184,1186
1184,1189
1186,1341
1187,1671
1187,1207
1187,1675
1189,1414
1190,1372
1191,1764
1191,1448
1191,1341
1191,1449
1191,1765
1191,1451
1191,1363
1191,1192
1191,1350
1192,1350
1193,1383
1193,1806
1193,1195
1194,1804
1195,1383
1196,1798
1197,1294
1198,1199
1199,1200
1199,1201
1199,1202
1199,1203
1200,2260
1200,2261
1200,2259
1200,1874
1200,2262
1202,2264
1202,1537
1203,1211
1203,1868
1203,2901
1203,1537
1204,1205
1205,1206
1205,1207
1205,1208
1205,1209
1206,2034
1207,2347
1208,1209
1209,2624
1210,1211
1210,1212
1210,1213
1210,1214
1211,1215
1211,1216
1211,1217
1211,1218
1211,1219
1211,1220
1212,1221
1213,1222
1213,1214
1213,1223
1213,1224
1213,1225
1213,1226
1213,1220
1213,1227
1213,1228
1213,1229
1214,1222
1214,1230
1214,1231
1214,1232
1214,1233
1214,1234
1214,1227
1215,2067
1215,1216
1216,1538
1216,2067
1216,2190
1216,1536
1216,1541
1216,2068
1217,2168
1217,1872
1217,1537
1218,1219
1219,1235
1219,1220
1219,2671
1220,1866
1220,1867
1220,1235
1220,1537
1220,2903
1220,2980
1221,1584
1222,1235
1222,1236
1222,1237
1225,2740
1227,1376
1227,1378
1227,2859
1227,1230
1227,1232
1228,2945
1229,1917
1229,2133
1230,1375
1230,1376
1230,1377
1230,1378
1230,1379
1230,1380
1230,1381
1231,2046
1232,1380
1232,1663
1233,1947
1234,2919
1236,2305
1238,1239
1238,1240
1238,1241
1239,1242
1239,1241
1239,1243
1239,1244
1239,1245
1239,1246
1239,1247
1240,1241
1240,1243
1240,1248
1240,1244
1240,1246
1240,1247
1240,1249
1240,1250
1240,1251
1241,1252
1241,1247
1242,1253
1242,1244
1242,1245
1242,1247
1243,1244
1243,1253
1243,1248
1243,1246
1243,1739
1244,1743
1246,2135
1246,1247
1246,2474
1247,1314
1248,1736
1248,1740
1248,1253
1249,2541
1249,1743
1249,2114
1249,1270
1249,2111
1249,2112
1249,1275
1249,2130
1249,2108
1249,1285
1249,2131
1249,1291
1250,2670
1252,1254
1252,1255
1252,1256
1253,1736
1253,1737
1253,1321
1253,1738
1253,1735
1253,1323
1254,1255
1254,2086
1254,1787
1254,2091
1255,2093
1255,2094
1255,2095
1255,2096
1255,2038
1255,1256
1255,1871
1255,2088
1256,2492
1256,2752
1256,2957
1257,1258
1257,1259
1257,1260
1258,1264
1258,1260
1259,1265
1259,1266
1259,1267
1260,1268
1261,1414
1261,1347
1261,1420
1263,1292
1264,1269
1265,1270
1265,1271
1265,1272
1265,1273
1265,1274
1265,1275
1265,1276
1265,1277
1265,1278
1265,1267
1265,1279
1265,1280
1265,1281
1265,1282
1265,1283
1265,1284
1265,1285
1265,1286
1265,1287
1265,1288
1265,1289
1265,1290
1265,1291
1266,2123
1266,2599
1266,2646
1266,2649
1266,1278
1266,2606
1267,2455
1267,2722
1267,2723
1267,1457
1267,1773
1267,1459
1267,2920
1267,2799
1267,2321
1267,2506
1267,2724
1267,2332
1270,2103
1270,2105
1270,1272
1270,1277
1271,2104
1271,2102
1271,2106
1271,2124
1271,1272
1271,2721
1272,2103
1272,2722
1272,2723
1272,2102
1272,2117
1272,2721
1272,1288
1273,2317
1273,2749
1273,2321
1273,2364
1273,2328
1273,2750
1273,1281
1273,2751
1273,2365
1274,2364
1274,2753
1274,1281
1274,1286
1274,2365
1275,2541
1275,1624
1275,2102
1275,2130
1275,1643
1275,1291
1276,2735
1276,2799
1276,2340
1276,2328
1276,1279
1277,2103
1277,2853
1277,2317
1277,2104
1277,2105
1277,2854
1277,2581
1277,2121
1278,2872
1278,2873
1278,2874
1279,2317
1279,2328
1281,2317
1281,2752
1281,2749
1281,2321
1281,2695
1281,2102
1281,2753
1281,2364
1282,1743
1282,2121
1284,2541
1284,2542
1284,2108
1284,1643
1285,2103
1285,2541
1285,2104
1285,2105
1285,2116
1285,2102
1285,2120
1285,2130
1285,2117
1285,2112
1285,2546
1285,2108
1285,2113
1285,2107
1285,1643
1285,1291
1286,2115
1286,2541
1286,1593
1286,2104
1286,2105
1286,2117
1286,2112
1286,2546
1286,2108
1287,2993
1287,2108
1288,2103
1288,2105
1288,2117
1288,2546
1288,2113
1290,2612
1290,1653
1290,2211
1291,2103
1291,2541
1291,2105
1291,2114
1291,2130
1291,2117
1291,2113
1291,1499
1292,2041
1292,1300
1293,1294
1293,1302
1293,1303
1295,1414
1295,1343
1295,1345
1296,2444
1296,1704
1297,1347
1297,1797
1297,1298
1297,2157
1297,2160
1297,1350
1297,1527
1298,2160
1299,1414
1301,1345
1301,2314
1303,1448
1303,1449
1303,1450
1303,1451
1303,1452
1305,1761
1305,1306
1305,1762
1305,1763
1305,1308
1306,1761
1306,1763
1307,2160
1307,1350
1307,1402
1307,1446
1309,1363
1310,1463
1310,1464
1310,1353
1310,1465
1311,1756
1311,2444
1311,1396
1311,1755
1311,3034
1311,1371
1311,1465
1311,2154
1312,1313
1312,1314
1312,1315
1312,1316
1312,1317
1312,1318
1312,1319
1313,1315
1313,1317
1313,1318
1313,1319
1314,1316
1314,1318
1314,1319
1315,1316
1315,1317
1315,1318
1315,1319
1316,1317
1316,1318
1317,1320
1317,1318
1319,2479
1321,1736
1321,1323
1322,1836
1322,1892
1322,1893
1323,1736
1323,1744
1324,1325
1324,1326
1324,1327
1325,1327
1327,1328
1327,1329
1327,1330
1328,1332
1328,1333
1329,1330
1331,1337
1331,1383
1332,1432
1332,1433
1333,1432
1334,2062
1334,1983
1334,1471
1336,1337
1340,1367
1340,1384
1340,1385
1340,1386
1340,1387
1341,1347
1341,1396
1341,1397
1341,1398
1341,1399
1341,1400
1341,1401
1341,1402
1341,1403
1341,1404
1341,1405
1341,1350
1341,1406
1341,1407
1341,1408
1342,1373
1342,1409
1343,1410
1343,1345
1343,1411
1344,1396
1344,1412
1345,1413
1345,1356
1347,1414
1347,1415
1348,1416
1348,1417
1349,1423
1350,1414
1350,2160
1350,1527
1351,2042
1351,2941
1352,2153
1353,1463
1353,1464
1353,2154
1353,2155
1356,2960
1359,2532
1360,2576
1360,1854
1363,1370
1363,1402
1363,1427
1363,1428
1364,1425
1365,1445
1367,1450
1367,1385
1369,2668
1370,1427
1370,1428
1371,1754
1371,1755
1372,1424
1373,1799
1373,1409
1374,1524
1374,1721
1375,1378
1375,1436
1376,1437
1376,1378
1376,1438
1376,1439
1376,1440
1377,1379
1377,1441
1377,1442
1377,1443
1378,1444
1378,1381
1380,1579
1381,2625
1381,3045
1382,1800
1383,1804
1383,1805
1384,1386
1386,1387
1387,2731
1387,2292
1387,1552
1387,1683
1387,2345
1389,2516
1389,1854
1390,1807
1393,1808
1393,1809
1394,1449
1395,1464
1395,2154
1395,2157
1396,1757
1396,1397
1396,1754
1396,1758
1396,1398
1396,1759
1396,1399
1396,1704
1396,1499
1396,1405
1396,1760
1398,1399
1398,1405
1399,1400
1399,1759
1399,1402
1405,2922
1405,1864
1406,2830
1407,1408
1408,1414
1409,1799
1411,1768
1412,2127
1414,1524
1414,1525
1414,1526
1414,1527
1416,2869
1416,2870
1416,2871
1418,1460
1418,1461
1418,1462
1420,2793
1421,1426
1422,1771
1423,1623
1423,1629
1423,1625
1423,1621
1423,1644
1423,1628
1423,1636
1426,1461
1429,2983
1430,2171
1430,2172
1430,1431
1430,1727
1430,1983
1430,2170
1430,1471
1431,2175
1432,2916
1433,1547
1435,1609
1435,1615
1436,2858
1436,2433
1437,1438
1438,2313
1438,1440
1439,2921
1440,2313
1440,2363
1444,2979
1447,1818
1447,1819
1449,1811
1449,1812
1452,2501
1453,2502
1456,1772
1456,1773
1456,1631
1456,1774
1456,1775
1456,1776
1456,1777
1456,1459
1456,1778
1456,1779
1456,1780
1456,1781
1456,1782
1456,1783
1456,1784
1456,1551
1456,1505
1457,1458
1457,1773
1457,1785
1458,1773
1458,2506
1458,2507
1458,2508
1458,2509
1458,2510
1458,1785
1459,1773
1460,1462
1460,1766
1460,1767
1461,1462
1463,1464
1463,2154
1464,2154
1464,2155
1466,2240
1469,2913
1469,2301
1470,1471
1471,1987
1471,1983
1472,1473
1472,1474
1473,1478
1473,1475
1473,1474
1473,1477
1474,1477
1475,1479
1477,1478
1479,2386
1482,1483
1482,1485
1483,1485
1484,1492
1484,1493
1484,1485
1484,1486
1484,1487
1485,1936
1485,1683
1485,1487
1486,1492
1486,2716
1486,1493
1486,2806
1486,1487
1487,1492
1487,2716
1487,1760
1487,1493
1487,2806
1489,1494
1492,1497
1494,1499
1497,2959
1501,1851
1501,1852
1501,1853
1502,1503
1502,1504
1502,1505
1503,3013
1503,3015
1504,3013
1505,2401
1507,1508
1507,1509
1507,1510
1508,1510
1509,1511
1509,1510
1510,1512
1513,1519
1514,1515
1514,1516
1514,1517
1518,1519
1518,1520
1518,1521
1518,1522
1518,1523
1519,1520
1520,1521
1520,1523
1522,1730
1522,1523
1523,1730
1525,1526
1525,2084
1525,2085
1527,2160
1529,1531
1531,1724
1531,1813
1531,2572
1531,1814
1532,1533
1533,2810
1533,2738
1534,1558
1535,1536
1535,1537
1536,1538
1536,1539
1536,1537
1536,1540
1537,1866
1537,1867
1537,2191
1537,1925
1537,1558
1537,1559
1537,1556
1537,2261
1538,1541
1538,1542
1538,1540
1539,1541
1540,2080
1540,1825
1540,1542
1540,1541
1540,1827
1541,1858
1542,2610
1543,1544
1544,2144
1544,2145
1544,2146
1544,2147
1544,2148
1545,1546
1545,1547
1545,1548
1545,1549
1546,1825
1546,1547
1546,1548
1547,1548
1547,1549
1553,1554
1554,2281
1554,1850
1554,2282
1554,2267
1557,1559
1557,1560
1557,1561
1557,1573
1557,1565
1558,1574
1558,1567
1558,1560
1558,1569
1558,1562
1558,1563
1559,1561
1559,1568
1559,1583
1559,1571
1559,1562
1560,1592
1560,1567
1560,1568
1560,1569
1560,1583
1560,1563
1560,1584
1562,1571
1563,1574
1563,1567
1563,1569
1566,1579
1566,1580
1566,1581
1567,1582
1567,1568
1567,1569
1567,1583
1567,1584
1569,1574
1569,1592
1569,1576
1570,2785
1570,2178
1570,2177
1570,2187
1572,2977
1574,1575
1574,1576
1574,1577
1576,1592
1576,2595
1578,1585
1578,1586
1579,1580
1579,1587
1579,1588
1579,1589
1579,1590
1579,1591
1581,2439
1581,2353
1581,2409
1583,1937
1583,1586
1583,2391
1584,2593
1585,1734
1586,1937
1586,1939
1586,1974
1586,1940
1586,2391
1586,2234
1586,1617
1587,1588
1587,2593
1588,2593
1589,2514
1589,2431
1592,1977
1593,2476
1595,2674
1595,2675
1596,1597
1597,2127
1597,1743
1597,1979
1597,2637
1597,1740
1597,1747
1597,2638
1597,1746
1597,1745
1597,1739
1597,2978
1600,2084
1600,1687
1600,2085
1602,2716
1605,1703
1605,1706
1605,1607
1606,2904
1607,1986
1607,1706
1607,2164
1608,1609
1609,1610
1609,1611
1609,1612
1609,1613
1609,1614
1609,1615
1611,1612
1611,2597
1613,2032
1613,2033
1616,1617
1617,1937
1617,1825
1617,2229
1617,1941
1617,2234
1618,1619
1619,1620
1619,1621
1619,1622
1620,1621
1620,1622
1620,1623
1620,1624
1620,1625
1620,1626
1620,1627
1620,1628
1620,1629
1620,1630
1620,1631
1620,1632
1620,1633
1620,1634
1620,1635
1620,1636
1620,1637
1620,1638
1620,1639
1620,1640
1620,1641
1620,1642
1620,1643
1620,1644
1620,1645
1620,1646
1620,1647
1620,1648
1620,1649
1620,1650
1620,1651
1621,1623
1621,1624
1621,1625
1621,1628
1621,1633
1621,1634
1621,1635
1621,1636
1621,1640
1621,1643
1621,1644
1621,1646
1621,1647
1621,1648
1621,1649
1621,1651
1622,1623
1622,1652
1623,1624
1623,1625
1623,1628
1623,1631
1623,1632
1623,1633
1623,1634
1623,1635
1623,1636
1623,1639
1623,1640
1623,1642
1623,1643
1623,1644
1623,1645
1623,1646
1623,1647
1623,1648
1623,1649
1623,1651
1624,1653
1624,1625
1624,1632
1624,1640
1624,1647
1625,1628
1625,1631
1625,1632
1625,1633
1625,1637
1625,1639
1625,1640
1625,1642
1625,1644
1625,1645
1625,1647
1626,2293
1627,2421
1627,2406
1627,2415
1627,2044
1627,2422
1627,2352
1627,2412
1627,2423
1627,2353
1627,2413
1627,2419
1627,2424
1627,2425
1627,2420
1627,2426
1627,2427
1627,2428
1627,2429
1627,2430
1627,1651
1627,2431
1628,1629
1628,1634
1629,1645
1630,2627
1630,1634
1630,1636
1630,1637
1630,1638
1630,1639
1630,1642
1630,2628
1630,1648
1630,1649
1631,2635
1631,2636
1632,2099
1633,2401
1633,2353
1633,2409
1633,2744
1633,2410
1635,2293
1636,2293
1637,1639
1637,2293
1638,2293
1639,1642
1640,1643
1641,2070
1643,2541
1643,2105
1643,2108
1644,2906
1648,1649
1651,2352
1652,1654
1653,2210
1653,2211
1653,2212
1653,2131
1653,2213
1654,2906
1654,2907
1655,1659
1660,1661
1661,1663
1661,1664
1662,1666
1662,1667
1663,1861
1668,2547
1668,2579
1670,1671
1670,1672
1670,1673
1670,1674
1671,1672
1671,1673
1671,1675
1672,1676
1672,1677
1672,1673
1672,1675
1672,1678
1674,1682
1674,1685
1674,1675
1674,1686
1674,1687
1676,1677
1676,1680
1678,2815
1679,1691
1679,1688
1679,1689
1679,1690
1681,1693
1682,1694
1682,1698
1682,1683
1682,1696
1682,1699
1683,1694
1683,1700
1683,1698
1683,1701
1683,1696
1684,1685
1684,1687
1685,1701
1685,1687
1687,2887
1687,2084
1687,1701
1688,1689
1691,1754
1691,1705
1692,1703
1692,1704
1692,1705
1692,1706
1694,1698
1694,1696
1694,1707
1695,1708
1696,1698
1696,1701
1696,1699
1697,1698
1697,1699
1698,1699
1700,1709
1700,1710
1701,1712
1701,1713
1701,1714
1701,1715
1702,1922
1703,2047
1703,1706
1704,2446
1712,1934
1712,1870
1712,2887
1712,1936
1712,2888
1712,1713
1712,1715
1712,2999
1713,1934
1713,1870
1713,1936
1713,1715
1713,2999
1714,2829
1715,2999
1716,1717
1717,1718
1717,1719
1717,1720
1718,2378
1719,2487
1719,2899
1721,3019
1722,1723
1723,2767
1723,1724
1723,1813
1723,2572
1723,2859
1723,1814
1724,2767
1724,2766
1724,1814
1725,2524
1726,1729
1726,1731
1726,1732
1728,2161
1728,1994
1728,1996
1728,1995
1728,2164
1728,2165
1728,2169
1728,2167
1733,1734
1737,1738
1739,2127
1739,1743
1739,2472
1739,1740
1739,2964
1740,1744
1740,1745
1740,1746
1740,1747
1740,1748
1740,1749
1741,1742
1743,1917
1743,2127
1743,1884
1743,2105
1743,2112
1743,2128
1743,2129
1743,2130
1743,2131
1744,2127
1744,2567
1744,2008
1744,1887
1744,2010
1744,2476
1745,2129
1745,2637
1745,2638
1746,1749
1748,2497
1750,1751
1751,1866
1751,1867
1751,2671
1751,1925
1751,1928
1752,1753
1755,1756
1757,1759
1759,2298
1759,2299
1761,2021
1761,2022
1766,2532
1770,2928
1772,2487
1772,2488
1772,2489
1773,2506
1773,1785
1774,1775
1774,2141
1776,2822
1776,2823
1776,2552
1777,1784
1778,2070
1778,1781
1782,3031
1782,1785
1782,2070
1785,2507
1785,2508
1786,1787
1787,2086
1788,1789
1789,1790
1789,1791
1789,1792
1789,1793
1790,1794
1791,1793
1793,2613
1796,1902
1797,1815
1801,2963
1807,2713
1807,2711
1808,1809
1809,2189
1812,2159
1813,2537
1813,2572
1813,2573
1813,1907
1813,1814
1813,2574
1813,2575
1814,2574
1814,2575
1815,2597
1817,1877
1817,2890
1817,2949
1820,1821
1821,1822
1821,1823
1821,1824
1822,1823
1822,1825
1822,1826
1822,1827
1822,1828
1822,1829
1822,1830
1823,1825
1824,1831
1824,1832
1825,2228
1825,2215
1825,2229
1825,2230
1825,2231
1825,2232
1825,2233
1825,2234
1825,1827
1825,1828
1825,1829
1825,2235
1825,2236
1825,2237
1825,1952
1825,1953
1825,2238
1825,2239
1825,2224
1826,2569
1826,2526
1827,2080
1827,2220
1827,2825
1827,2234
1828,2080
1828,2220
1828,2825
1828,2834
1829,2272
1829,2748
1830,2952
1831,2746
1831,2745
1832,2215
1833,1834
1835,1850
1836,1855
1836,1856
1837,1848
1840,1860
1840,1861
1840,1850
1840,1862
1840,1863
1844,1869
1845,1870
1845,1871
1846,1866
1846,1867
1846,1872
1848,1874
1850,1862
1851,1877
1851,1853
1852,1878
1853,1950
1854,2516
1855,1887
1855,1888
1855,1889
1855,1890
1855,1891
1856,1894
1857,1863
1857,3003
1859,1920
1859,1921
1860,1937
1860,1976
1860,1938
1861,2246
1861,2248
1862,2283
1863,2462
1863,3003
1866,1867
1866,1872
1866,1924
1866,1925
1866,1926
1866,1927
1866,1928
1867,1925
1867,1926
1867,1927
1867,1928
1869,1931
1869,1913
1869,1932
1870,1933
1870,1934
1870,1935
1870,1936
1871,2676
1872,1924
1872,1942
1872,1943
1873,1944
1874,2259
1874,2260
1874,2261
1874,2263
1874,2262
1876,1945
1876,1946
1876,1947
1876,1948
1877,1949
1880,1882
1880,1897
1880,1883
1881,2461
1882,1883
1882,1896
1884,1898
1884,1899
1884,1900
1884,1901
1887,1888
1887,1909
1887,1890
1887,1910
1887,1911
1887,1912
1887,1913
1887,1914
1887,1915
1888,1916
1889,2467
1889,2466
1889,2468
1889,2469
1889,2470
1890,2564
1890,1979
1890,1909
1890,1910
1890,1916
1890,2474
1890,2478
1890,1911
1890,1980
1890,2476
1890,1915
1892,2152
1892,2146
1892,2151
1893,2673
1893,2466
1893,2768
1894,1917
1894,1918
1894,1919
1895,2473
1896,2715
1898,2368
1898,1899
1898,2357
1898,2361
1898,2362
1898,1901
1898,2369
1899,2368
1899,2372
1899,1901
1899,2369
1900,2127
1900,2134
1900,2135
1900,2692
1900,2784
1901,2368
1902,1930
1904,2192
1907,2303
1907,2306
1907,2535
1907,2569
1907,2537
1909,2476
1909,2474
1909,1911
1909,2480
1909,1914
1909,1915
1910,2476
1911,1916
1911,2480
1911,1915
1912,2566
1912,2476
1912,1913
1914,2564
1914,1916
1914,2480
1915,1979
1915,2480
1915,2474
1915,2978
1916,2564
1916,2565
1917,2132
1917,2117
1917,2133
1920,1929
1924,2924
1924,1942
1925,1928
1926,2168
1926,1927
1933,1935
1933,2500
1934,1936
1937,1974
1937,1938
1937,1939
1937,1940
1938,1974
1938,1940
1939,1940
1939,1941
1940,2395
1940,2505
1940,1944
1940,1941
1941,1945
1941,2229
1942,2566
1942,2630
1942,2924
1943,2924
1944,2392
1944,2396
1944,2397
1944,2608
1945,2609
1946,1947
1946,1948
1947,1948
1949,3021
1951,1952
1951,1953
1952,1953
1954,1955
1954,1956
1954,1957
1956,2596
1958,1959
1960,1961
1961,2206
1962,1965
1962,1966
1962,1967
1965,2665
1967,2061
1968,2696
1970,2696
1974,2178
1975,3012
1975,2939
1975,2706
1975,2965
1978,2441
1978,2442
1979,1980
1979,1981
1979,1982
1981,2978
1983,1986
1983,1987
1984,3038
1988,1990
1988,1993
1989,2047
1989,2051
1990,1994
1991,2449
1991,1992
1994,1996
1994,1995
1995,2161
1995,1996
1995,2165
1995,2167
2000,2001
2002,2003
2002,2004
2002,2005
2003,2006
2003,2007
2003,2008
2003,2009
2003,2010
2003,2011
2003,2012
2003,2013
2003,2014
2003,2015
2003,2016
2003,2017
2003,2018
2003,2019
2003,2020
2004,2010
2004,2012
2005,2998
2006,2008
2006,2007
2006,2194
2007,2195
2007,2009
2007,2012
2007,2013
2007,2014
2007,2017
2007,2198
2008,2199
2008,2009
2008,2010
2008,2012
2008,2013
2008,2014
2008,2015
2008,2200
2008,2196
2008,2017
2008,2201
2008,2202
2008,2203
2009,2010
2009,2011
2009,2012
2009,2013
2010,2011
2010,2012
2010,2013
2010,2017
2010,2202
2010,2018
2010,2672
2010,2020
2011,2014
2011,2673
2011,2672
2012,2202
2012,2672
2013,2673
2013,2017
2014,2144
2014,2674
2014,2195
2014,2196
2014,2197
2015,2200
2015,2017
2016,2875
2017,2934
2017,2199
2017,2466
2017,2200
2018,2657
2021,2022
2022,2023
2023,2027
2023,2028
2025,2026
2030,2032
2030,2033
2034,2035
2036,2037
2036,2038
2036,2039
2036,2040
2039,2040
2042,2684
2042,2688
2042,2685
2043,2044
2044,2352
2044,2419
2044,2420
2044,2426
2044,2427
2044,2430
2044,2431
2047,2051
2049,2050
2049,2052
2049,2053
2049,2054
2049,2055
2049,2056
2050,2052
2050,2053
2050,2057
2050,2054
2050,2055
2050,2058
2050,2056
2052,2053
2052,2057
2052,2054
2052,2055
2052,2058
2052,2056
2054,2055
2055,2804
2057,2058
2057,2656
2058,2779
2059,2060
2059,2062
2059,2063
2059,2064
2060,2062
2060,2065
2060,2064
2062,2170
2067,2068
2068,2224
2069,2070
2069,2071
2069,2072
2070,2929
2075,2841
2077,2739
2079,2080
2082,2083
2084,2085
2085,2499
2086,2092
2087,2786
2088,2092
2088,2492
2089,2752
2090,2092
2090,2226
2090,2235
2093,2097
2093,2094
2093,2098
2094,2097
2094,2588
2094,2590
2094,2587
2094,2582
2094,2584
2094,2585
2095,2098
2095,2592
2097,2586
2097,2587
2097,2582
2097,2585
2097,2588
2097,2589
2098,2582
2099,2100
2099,2101
2102,2103
2102,2104
2102,2105
2102,2106
2102,2107
2102,2108
2102,2109
2102,2110
2103,2104
2103,2105
2103,2111
2103,2112
2103,2113
2103,2114
2103,2115
2103,2116
2103,2117
2103,2118
2103,2119
2103,2108
2103,2120
2103,2121
2103,2110
2104,2122
2104,2123
2104,2106
2104,2124
2104,2107
2104,2108
2105,2113
2105,2116
2105,2117
2106,2124
2106,2107
2106,2108
2107,2920
2107,2124
2107,2109
2108,2541
2108,2211
2108,2120
2108,2130
2108,2117
2108,2112
2109,2340
2109,2117
2109,2556
2109,2364
2111,2541
2111,2542
2111,2112
2111,2113
2112,2544
2112,2115
2112,2541
2112,2128
2112,2116
2112,2542
2112,2113
2112,2545
2113,2546
2115,2544
2115,2128
2115,2548
2115,2549
2115,2550
2118,2735
2118,2328
2118,2555
2119,2131
2120,2131
2121,2541
2121,2317
2121,2546
2122,2125
2123,2126
2127,2134
2127,2135
2127,2136
2127,2137
2128,2544
2128,2548
2128,2550
2129,2135
2129,2634
2130,2541
2130,2542
2130,2543
2131,2541
2131,2853
2131,2210
2132,2194
2134,2208
2136,2889
2137,2951
2137,2382
2138,2139
2138,2140
2139,2140
2139,2141
2139,2142
2139,2143
2144,2147
2144,2149
2144,2150
2146,2147
2146,2148
2146,2151
2147,2148
2148,2151
2149,2150
2150,2934
2150,3005
2151,2235
2151,2762
2156,2158
2157,2159
2157,2160
2158,2444
2161,2164
2161,2165
2161,2166
2161,2167
2164,2165
2164,2169
2164,2167
2165,2679
2165,2166
2165,2169
2165,2167
2166,2167
2167,2679
2167,2169
2172,2174
2174,2883
2176,2177
2177,2178
2177,2179
2177,2180
2178,2187
2178,2180
2178,2188
2182,2183
2182,2185
2183,2189
2186,2596
2188,2530
2189,2954
2191,2193
2192,2295
2192,2296
2192,2297
2194,2195
2195,2196
2195,2197
2196,2199
2196,2200
2197,2674
2197,2198
2198,2710
2199,2268
2199,2200
2199,2203
2200,2268
2200,2203
2201,2567
2201,2982
2202,2466
2204,2205
2204,2206
2205,2207
2205,2208
2205,2209
2206,2691
2206,2692
2206,2693
2207,2265
2207,2266
2208,2995
2209,2789
2209,2836
2209,3036
2209,2443
2211,2457
2213,2985
2213,3029
2214,2215
2214,2216
2214,2217
2215,2218
2215,2219
2215,2220
2215,2221
2215,2222
2215,2223
2215,2217
2215,2224
2215,2225
2216,2217
2218,2220
2219,2226
2219,2227
2220,2222
2220,2225
2221,2225
2222,2229
2222,2234
2227,2745
2229,2458
2229,2459
2229,2234
2231,2720
2232,2273
2232,2748
2232,2233
2232,2274
2233,2819
2233,2818
2234,2462
2234,2238
2234,2824
2235,2761
2235,2758
2235,2763
2236,2748
2236,2825
2238,2462
2238,2824
2242,2243
2243,2244
2243,2245
2246,2247
2249,2250
2249,2251
2250,2252
2250,2251
2251,2252
2251,3042
2251,2431
2253,2254
2253,2255
2253,2256
2253,2257
2253,2258
2254,2255
2254,2257
2255,2772
2255,2256
2255,2257
2257,2772
2257,2594
2260,2261
2260,2262
2261,2264
2263,2388
2263,2512
2265,2266
2266,2882
2269,2270
2270,2271
2271,2383
2272,2273
2272,2274
2273,2275
2273,2276
2273,2277
2275,2276
2275,3006
2275,2535
2283,2665
2283,3014
2284,2285
2284,2286
2287,2288
2287,2289
2288,2289
2291,2292
2293,2856
2293,2857
2295,2667
2296,2716
2298,2299
2302,2303
2303,2304
2303,2305
2303,2306
2303,2307
2304,2305
2304,2306
2304,2535
2305,2306
2306,2307
2306,2536
2307,2535
2307,2536
2307,2743
2307,2539
2307,2926
2307,2927
2307,2540
2308,2309
2308,2310
2310,2989
2311,2312
2314,2315
2316,2317
2316,2318
2317,2319
2317,2320
2317,2321
2317,2322
2317,2323
2317,2324
2317,2325
2317,2326
2317,2327
2317,2328
2317,2329
2317,2330
2317,2331
2317,2332
2317,2333
2317,2334
2317,2335
2317,2336
2317,2337
2318,2338
2318,2339
2318,2340
2318,2341
2318,2342
2319,2328
2319,2329
2320,2321
2321,2327
2321,2329
2322,2755
2322,2323
2322,2324
2322,2325
2322,2334
2323,2755
2323,2324
2323,2325
2323,2326
2323,2334
2324,2755
2324,2325
2324,2326
2324,2334
2325,2326
2325,2334
2326,2334
2328,2329
2330,2331
2330,2335
2333,2943
2337,3010
2337,2553
2337,2554
2338,2343
2338,2344
2338,2341
2338,2342
2339,2553
2339,2554
2339,2340
2340,2555
2340,2556
2342,2554
2344,2994
2345,2731
2351,2352
2351,2353
2351,2354
2351,2355
2352,2415
2352,2421
2352,2412
2352,2423
2352,2413
2352,2425
2352,2429
2352,2440
2353,2439
2353,2409
2353,2428
2355,2439
2355,2409
2356,2357
2356,2358
2356,2359
2356,2360
2357,2361
2357,2358
2357,2359
2357,2362
2357,2360
2357,2363
2358,2364
2358,2365
2359,2366
2359,2360
2359,2367
2360,2361
2360,2362
2361,2362
2361,2369
2364,2752
2364,2749
2364,2753
2364,2754
2364,2751
2364,2365
2365,2752
2365,2749
2365,2753
2365,2751
2366,2370
2367,2417
2368,2371
2368,2372
2368,2369
2369,2371
2371,2559
2371,2561
2373,2375
2373,2378
2375,2376
2375,2378
2378,2642
2380,2381
2381,3046
2385,2386
2386,2387
2387,2835
2387,2836
2388,2389
2388,2390
2390,2512
2392,2394
2392,2395
2392,2396
2392,2397
2392,2398
2396,2397
2396,2398
2399,2400
2399,2401
2399,2402
2399,2403
2399,2404
2400,2405
2400,2402
2400,2403
2400,2406
2400,2404
2400,2407
2400,2408
2401,2409
2401,2410
2402,2406
2402,2411
2402,2403
2402,2404
2402,2412
2402,2413
2403,2404
2404,2406
2404,2412
2406,2414
2406,2415
2406,2412
2406,2416
2406,2417
2406,2418
2407,2416
2407,2433
2407,2726
2407,2727
2407,2434
2407,2728
2409,2744
2409,2410
2410,2947
2411,2419
2411,2420
2412,2421
2412,2422
2412,2423
2412,2415
2412,2413
2413,2421
2413,2422
2413,2415
2413,2419
2415,2421
2415,2422
2415,2423
2417,2418
2419,2424
2419,2627
2419,2425
2419,2420
2419,2426
2419,2891
2421,2422
2421,2423
2422,2439
2423,2495
2423,2425
2423,2428
2424,2426
2424,2891
2425,2627
2425,2891
2426,2891
2427,2895
2430,2616
2431,2616
2432,2433
2432,2434
2434,2726
2434,2727
2435,2436
2435,2437
2435,2438
2436,2487
2436,2490
2443,2444
2443,2445
2444,2446
2444,2447
2448,2765
2448,2766
2448,2632
2449,2450
2452,2453
2454,2455
2456,2457
2458,2460
2458,2459
2459,2460
2459,2461
2461,2462
2461,2463
2461,2464
2462,2826
2462,2463
2462,2824
2465,2466
2467,2471
2467,2469
2474,2475
2474,2476
2474,2477
2474,2478
2474,2479
2475,2481
2475,2476
2476,2478
2482,2483
2483,2484
2483,2485
2484,2486
2487,2488
2487,2490
2487,2491
2488,2490
2490,2491
2491,2865
2492,2493
2492,2494
2494,2958
2496,2497
2496,2498
2497,2499
2503,2504
2504,3017
2511,2515
2516,2517
2516,2518
2516,2519
2517,2518
2517,2520
2517,2519
2518,2520
2519,2986
2519,2520
2523,2524
2524,2525
2524,2526
2526,2859
2526,2860
2528,2529
2528,2530
2529,2530
2529,2531
2532,2533
2533,2534
2535,2537
2535,2538
2535,2539
2535,2536
2535,2540
2536,2925
2536,2926
2536,2540
2537,2569
2537,2570
2539,2925
2540,2719
2541,2543
2544,2548
2544,2549
2549,2844
2553,2554
2554,2555
2555,2795
2557,2741
2558,2559
2558,2560
2559,2560
2559,2561
2559,2562
2559,2563
2561,2866
2564,2565
2566,2629
2566,2630
2566,2632
2567,2703
2568,2669
2569,2571
2570,2574
2570,2575
2572,2767
2572,2766
2572,2768
2574,2575
2577,2578
2577,2579
2578,2580
2579,2581
2582,2583
2582,2584
2582,2585
2583,2585
2584,2585
2585,2588
2585,2587
2585,2591
2586,2587
2587,2588
2587,2591
2587,2589
2588,2591
2598,2599
2599,2600
2599,2601
2599,2602
2599,2603
2599,2604
2599,2605
2599,2606
2599,2607
2601,2698
2601,2699
2601,2602
2601,2700
2602,2700
2602,2702
2602,2607
2604,2791
2606,3037
2609,2610
2612,2613
2612,2614
2612,2615
2614,2868
2615,2644
2616,2617
2616,2618
2616,2619
2616,2620
2617,2618
2617,2621
2618,2619
2618,2938
2618,2621
2619,2620
2619,2621
2621,3028
2622,2623
2624,2967
2626,2627
2627,2628
2628,2948
2629,2630
2629,2631
2630,2633
2637,2638
2640,2811
2640,2812
2640,2813
2640,2814
2640,2815
2643,2644
2646,2647
2646,2648
2647,2650
2648,2651
2648,2649
2649,2653
2651,2652
2658,2659
2658,2660
2658,2661
2659,2660
2662,2663
2665,2666
2674,2675
2676,2677
2677,2697
2678,2679
2678,2680
2679,2680
2679,2681
2679,2682
2680,2779
2680,2682
2682,2779
2682,2777
2682,2942
2682,2780
2683,2684
2683,2685
2683,2686
2684,2687
2685,2689
2686,2689
2686,2941
2687,2689
2688,2732
2689,2941
2694,2695
2698,2699
2698,2701
2699,2701
2705,2706
2706,2707
2711,2712
2716,2717
2718,2719
2721,2750
2721,2808
2722,2723
2722,2724
2723,2724
2726,2727
2726,2728
2727,2968
2728,2910
2729,2730
2733,2734
2733,2735
2733,2736
2734,2736
2735,2737
2735,2736
2735,2738
2738,2976
2741,2742
2749,2751
2756,2757
2756,2758
2756,2759
2757,2758
2757,2759
2757,2760
2758,2761
2758,2759
2758,2762
2758,2763
2759,2761
2760,2832
2761,2764
2762,2763
2766,2767
2769,2770
2769,2771
2769,2772
2769,2773
2769,2774
2769,2775
2771,2773
2772,2955
2772,2773
2773,2774
2773,2955
2774,2775
2776,2777
2776,2778
2777,2779
2777,2778
2777,2780
2778,2779
2779,2780
2781,2782
2782,2783
2782,2784
2788,2789
2789,2790
2792,2793
2793,2898
2793,3004
2795,2800
2795,2801
2795,2802
2796,2797
2800,2801
2800,2802
2800,2893
2801,2893
2803,2804
2803,2805
2804,2805
2806,2843
2810,2914
2811,2815
2812,2813
2812,2816
2813,2816
2818,2819
2819,2820
2819,2821
2821,3033
2823,2881
2830,2831
2835,2836
2837,2838
2837,2839
2837,2840
2838,2839
2838,2973
2838,2840
2839,2973
2840,2973
2841,2842
2844,2845
2852,2990
2852,2991
2853,2855
2859,2860
2860,2861
2863,2864
2872,2874
2873,2874
2877,2880
2878,2879
2880,2945
2884,2885
2885,2886
2887,2888
2892,2932
2892,2933
2893,2894
2894,2895
2894,2896
2894,2897
2900,2901
2901,2902
2901,2903
2905,2906
2905,2907
2908,2909
2911,2912
2916,2917
2926,2956
2929,2930
2930,2931
2932,2933
2934,2935
2939,2940
2952,2953
2962,3011
2963,3041
2968,2969
2972,2974
2974,3000
2986,2987
2990,2997
2992,2993
3009,3010
3016,3017
3022,3023
3026,3027
3039,3040
