source,target
0,1
0,2
0,3
0,4
0,5
0,6
0,7
0,8
0,9
0,10
0,11
0,12
0,13
0,14
0,15
0,16
0,17
0,18
1,1780
1,6
1,11
1,12
1,1781
1,393
2,1921
2,556
3,7
3,8
3,823
3,10
3,12
3,1295
3,15
4,357
4,823
4,1931
4,10
4,18
4,1932
5,1085
5,37
5,1644
5,356
5,397
5,833
5,1645
5,625
5,820
5,1647
5,1029
5,205
6,383
6,1780
6,11
6,12
6,1781
6,1028
6,393
7,834
7,8
7,1948
8,395
8,383
8,94
8,1297
8,1295
8,1949
9,1905
9,1025
9,1079
9,11
9,1027
9,1029
10,1287
10,1931
10,12
10,1295
10,18
11,1085
11,1951
11,1905
11,399
11,385
11,931
11,920
11,1025
11,1024
11,20
11,1797
11,934
11,1027
11,353
11,400
11,12
11,1953
12,1951
12,2849
12,1780
12,354
12,1919
12,943
12,391
12,1881
12,1941
12,1630
12,387
12,353
12,1641
12,2021
12,1633
12,351
14,201
14,204
14,205
17,2674
17,2962
17,1987
18,1287
18,357
19,20
19,21
19,22
19,23
19,24
19,25
19,26
20,1408
20,585
20,586
20,582
20,590
20,623
20,598
20,602
20,605
20,617
20,95
22,23
22,2954
24,2269
25,1408
25,585
25,1409
26,2531
26,3010
26,383
26,3009
26,3011
27,28
27,29
27,30
27,31
27,32
27,33
27,34
28,35
28,36
28,37
28,38
28,39
29,40
29,30
29,33
29,41
29,42
29,43
29,44
29,45
29,46
29,47
29,48
29,49
29,50
29,51
29,52
29,53
29,54
30,55
30,33
30,34
30,43
30,47
30,51
30,53
30,56
30,57
32,58
32,59
32,34
32,60
33,36
33,61
33,41
33,62
33,55
33,56
34,63
34,64
34,65
34,66
34,67
34,68
34,59
34,69
34,70
34,71
34,72
34,60
35,73
35,61
35,74
35,43
35,75
35,47
35,76
35,77
35,78
35,79
35,80
35,81
35,82
35,83
35,53
35,84
35,85
35,54
35,86
36,61
36,43
36,87
36,88
36,54
38,61
38,1532
38,79
38,94
38,735
38,2213
39,538
39,2769
40,89
40,90
41,97
41,98
41,63
41,62
41,99
41,47
41,100
41,101
41,53
41,84
41,102
41,103
41,104
42,74
42,421
42,461
42,462
42,463
42,464
42,465
42,466
42,467
42,468
42,469
42,470
42,471
43,154
43,1091
43,849
43,92
43,1092
43,155
43,263
43,1066
43,261
43,156
43,61
43,1093
43,1094
43,1095
43,418
43,419
43,1062
43,93
43,850
43,113
43,1096
43,483
43,428
43,1097
43,705
43,706
43,486
43,73
43,344
43,678
43,934
43,71
43,227
43,1098
43,1099
43,144
43,78
43,50
43,122
43,80
43,126
43,1100
43,83
43,367
43,899
43,131
43,1101
43,1102
43,369
43,1103
43,86
45,847
45,1092
45,71
45,1038
45,91
45,2028
45,83
45,2029
46,847
46,2066
46,2068
46,974
47,97
47,98
47,61
47,696
47,113
47,62
47,117
47,2128
48,492
48,997
48,928
48,1156
49,1675
49,1410
49,52
49,2313
49,54
49,1545
50,1094
50,1062
50,113
50,71
50,483
50,486
50,79
50,1672
50,903
51,2760
51,80
51,83
51,856
52,306
52,1267
52,997
52,928
52,956
52,925
52,589
52,1459
52,582
52,1270
52,2105
52,587
52,298
52,970
52,179
52,171
52,172
53,61
53,84
53,82
53,54
54,762
55,91
55,92
55,93
55,94
56,418
56,419
56,431
56,430
56,420
56,421
56,105
56,422
57,68
57,59
57,69
58,60
59,66
59,67
59,68
59,72
59,60
59,95
60,849
60,1094
60,2039
60,346
61,73
61,93
61,78
61,79
61,84
61,96
61,88
61,86
62,97
62,105
62,106
62,107
62,101
62,108
62,103
62,104
63,109
63,110
63,111
63,112
63,99
63,113
63,114
63,115
63,116
63,117
63,118
63,101
63,119
63,120
63,121
63,122
63,123
63,124
63,125
63,126
63,127
63,128
63,129
63,130
63,131
63,132
63,133
64,134
64,135
64,136
64,137
64,138
64,139
64,140
64,141
65,142
65,143
65,71
65,144
66,72
67,145
67,146
67,147
68,69
68,148
71,589
71,72
71,423
71,80
71,140
71,1100
71,83
71,95
71,1103
72,2557
73,154
73,155
73,156
73,78
73,86
74,537
74,538
74,500
74,502
74,539
75,1091
75,1547
75,696
75,1546
75,1097
75,1099
75,1549
75,77
75,623
75,1553
75,1548
75,84
75,1363
75,85
76,109
76,2207
76,1062
76,897
76,582
76,1098
76,1775
76,179
76,901
76,2040
76,903
76,900
76,2208
76,2209
76,164
77,1091
77,2429
77,1547
77,1549
77,84
78,113
78,729
78,623
78,79
79,94
80,848
80,496
80,2760
80,2761
80,449
80,1012
80,144
80,344
81,418
81,419
81,113
81,428
81,430
81,420
81,421
81,105
81,422
81,423
82,193
82,483
82,551
82,2705
83,849
83,284
83,848
83,1093
83,1094
83,733
83,1062
83,2039
83,851
83,1676
83,2527
83,346
83,546
83,903
83,344
85,696
86,113
86,1508
87,1930
87,995
87,340
87,823
88,419
88,422
89,379
89,1772
90,483
91,113
91,2030
92,733
92,93
92,94
92,122
92,1911
92,2030
93,154
93,2041
93,94
93,1779
93,95
93,2044
94,154
94,2010
94,122
95,1862
95,1465
95,2756
95,585
95,137
95,1669
95,2757
95,589
95,1853
95,582
95,2755
95,2041
95,587
95,2035
95,2428
95,2030
95,1016
95,3080
97,101
97,132
98,157
98,99
98,158
98,159
98,101
98,160
98,119
98,161
98,102
98,162
98,104
98,132
98,163
99,416
99,714
99,715
99,158
99,694
99,696
99,113
99,697
99,114
99,159
99,705
99,706
99,691
99,681
99,682
99,683
99,112
101,727
101,714
101,737
101,158
101,2708
101,113
101,2709
101,160
101,159
101,119
101,1708
101,691
101,117
101,682
101,623
102,1059
102,851
102,159
102,3025
102,104
103,483
103,106
103,3048
104,157
104,158
104,159
104,3074
105,418
105,419
105,420
105,421
105,422
105,423
105,424
107,710
108,2340
109,164
110,165
110,166
110,167
111,168
111,169
111,170
112,680
112,681
112,682
112,683
112,684
112,685
112,686
112,687
112,688
112,689
113,727
113,683
113,685
113,691
113,705
113,706
113,707
113,115
113,708
113,728
113,117
113,179
113,623
113,729
113,122
113,126
113,700
113,130
113,131
113,701
113,730
113,702
113,709
113,133
114,694
114,683
114,687
114,689
114,712
114,713
114,623
114,722
114,720
114,133
115,732
115,733
115,696
115,707
115,685
115,125
115,126
115,734
116,1709
116,1707
116,1708
116,695
117,623
117,1548
117,730
120,1709
120,160
120,1713
121,558
121,2553
122,154
122,705
122,706
122,2827
122,1677
123,714
123,568
124,2796
124,2918
124,719
124,129
124,2919
125,126
126,681
126,707
126,709
127,2658
127,128
128,1579
128,2658
129,2918
129,2919
130,714
130,680
130,694
130,705
130,706
130,691
130,681
130,682
130,683
130,684
130,739
130,687
130,1707
131,705
131,706
131,729
131,685
133,694
133,722
133,718
133,709
135,556
136,576
136,575
136,433
136,1967
136,1968
137,264
137,286
137,2340
138,220
138,508
138,496
138,510
138,455
138,511
138,449
138,231
138,1541
138,2390
138,232
138,514
138,446
138,310
138,529
140,849
140,2039
140,1067
140,2886
142,171
142,172
142,173
142,174
142,175
142,176
142,177
142,178
142,179
142,180
142,181
142,182
142,183
142,184
142,185
142,186
143,1039
143,1065
143,1072
143,1073
143,1066
143,261
143,1062
143,897
143,262
143,1074
143,339
143,934
143,372
143,373
143,144
143,487
143,598
143,1058
143,480
144,1039
144,1065
144,1066
144,261
144,345
144,936
144,487
144,934
144,921
144,1068
144,2557
144,899
145,1649
145,146
146,1660
147,1660
148,939
149,150
149,151
149,152
149,153
150,922
150,482
150,923
150,924
150,925
150,926
150,363
150,442
150,916
150,918
150,174
150,593
150,927
150,555
152,195
152,2974
153,2807
153,524
154,759
154,702
155,156
155,1099
155,1102
156,2043
157,160
157,161
157,162
159,163
160,714
160,2708
164,1062
164,1675
164,298
164,1119
164,2216
164,1504
164,228
164,901
164,903
164,900
164,906
164,310
165,1833
165,1331
165,166
165,2133
165,2134
165,2135
165,2136
168,871
168,2586
168,2591
168,875
168,1715
168,876
168,877
168,1353
168,879
169,2779
169,2776
169,2778
169,2164
169,1352
169,2780
171,173
171,304
171,305
171,306
171,223
171,307
171,308
171,177
171,178
171,309
171,310
171,311
171,182
171,312
171,313
171,314
171,315
171,316
171,317
171,318
171,185
171,319
171,320
172,306
172,307
172,177
172,636
172,182
172,312
172,313
172,315
172,317
173,634
174,930
174,1061
174,997
174,956
174,926
174,1038
174,931
174,918
174,920
174,1010
174,936
174,933
174,1104
174,934
174,1002
174,939
174,1041
174,555
175,1726
175,1680
175,224
175,1222
175,266
175,1722
175,1120
175,1735
175,1264
175,181
175,1736
175,319
175,1737
176,1662
176,2023
176,180
176,184
177,1015
177,307
177,589
177,582
177,587
177,1750
177,2076
177,228
177,178
177,179
177,182
177,183
177,1753
177,312
177,185
177,1041
178,333
178,305
178,307
178,2104
178,621
178,2105
178,590
178,1750
178,2076
178,228
178,603
178,182
179,1062
179,589
179,582
179,587
179,1775
180,304
180,2602
180,184
181,1726
181,224
181,1683
181,1589
182,491
182,308
182,1948
182,504
182,1750
183,621
183,589
183,582
183,587
183,1750
184,304
184,2602
185,1015
185,634
185,589
185,582
185,587
185,1677
186,1739
186,1750
186,228
187,188
187,189
189,482
189,2821
189,2726
189,3001
190,191
191,1038
191,931
191,920
191,194
192,193
193,940
196,197
196,198
197,2068
197,198
197,2072
197,1779
198,1779
199,200
200,1889
200,1974
200,1975
201,202
201,203
201,204
201,205
202,351
202,1032
202,823
202,353
202,824
202,815
202,203
202,819
202,1655
202,1057
202,1050
202,1034
202,828
203,859
203,1922
203,632
203,943
203,833
203,351
203,353
203,500
203,1034
203,204
203,205
204,353
204,351
205,2870
205,2953
205,1965
205,2787
205,2871
205,362
205,1922
205,1025
205,1889
205,1644
205,1974
205,351
205,356
205,357
206,207
206,208
206,209
206,210
207,1922
207,556
208,2549
208,2547
208,1985
208,2548
209,882
210,2633
210,2140
210,882
211,212
211,213
211,214
211,215
211,216
212,441
212,483
212,548
212,549
212,550
213,2094
213,2097
213,2095
213,1098
213,2098
213,2208
214,491
214,499
214,500
215,541
215,2949
215,440
215,1311
215,582
215,476
215,587
215,2950
216,2094
216,2097
216,2095
217,218
217,219
217,220
217,221
217,222
217,223
217,224
217,225
217,226
217,227
217,228
217,229
217,230
217,231
217,232
217,233
217,234
217,235
217,236
217,237
217,238
218,786
218,788
218,219
218,227
218,789
218,230
218,790
218,331
218,251
219,897
219,898
219,600
219,899
220,1416
220,508
220,225
220,1541
220,527
220,498
220,1542
221,222
221,1134
221,1524
221,674
221,1298
221,1443
221,322
221,297
222,1554
223,992
223,1087
223,1739
223,266
223,1728
223,1740
223,535
223,1250
223,983
223,319
224,1062
225,226
225,962
225,292
225,1541
225,529
225,1842
226,508
226,1416
226,1460
226,890
226,280
226,498
226,1462
226,524
226,1463
226,458
226,450
227,230
227,790
228,2092
228,2093
228,1739
228,1586
228,1062
228,897
228,898
228,1675
228,2094
228,582
228,2095
228,1750
228,1119
228,900
228,906
228,310
228,1677
229,2286
229,945
230,1541
231,528
231,529
231,987
232,1680
233,530
233,2067
233,2068
233,1223
233,449
233,807
234,508
236,324
236,329
237,2104
237,1088
237,936
237,3062
237,2105
239,240
239,241
240,306
240,443
240,1580
240,1582
240,490
240,1503
240,254
241,418
241,1580
241,505
242,243
242,244
242,245
242,246
242,247
242,248
242,249
242,250
242,251
243,252
243,253
243,254
243,255
243,256
243,257
244,291
244,292
244,250
245,950
245,953
245,994
245,1017
245,918
245,248
245,1011
245,1012
245,984
246,266
247,950
247,951
247,953
247,1444
247,994
247,1164
247,1159
247,962
247,275
247,248
247,1272
247,434
247,977
247,1190
247,1005
247,676
248,2007
248,1134
248,950
248,951
248,1413
248,953
248,1458
248,1037
248,1444
248,994
248,995
248,267
248,1164
248,1135
248,997
248,2008
248,1439
248,926
248,1127
248,961
248,1137
248,1141
248,1011
248,465
248,2009
248,1012
248,1220
248,1733
248,981
249,953
249,1472
249,994
249,1125
249,1374
249,1221
250,2394
250,1282
250,2395
251,1847
251,3002
253,2982
253,490
253,268
253,327
253,1503
254,2870
254,443
254,281
254,490
254,280
254,273
254,274
254,1503
258,259
258,260
259,261
259,262
259,263
259,264
261,1039
261,934
261,936
261,1064
261,1069
261,899
262,934
263,344
263,345
263,349
265,266
265,267
265,268
266,1726
266,1723
266,1724
266,1718
266,1727
266,996
266,533
266,1728
266,1719
266,373
266,1729
266,1222
266,1730
266,1731
266,1721
266,1732
266,1722
266,269
266,374
266,371
266,1717
266,1720
266,1733
267,2007
267,843
267,280
267,975
267,458
267,450
267,2011
267,2013
268,1159
268,294
270,271
271,1489
272,273
273,274
273,275
273,276
273,277
273,278
273,279
273,280
273,281
273,282
273,283
273,284
273,285
273,286
273,287
273,288
273,289
273,290
274,275
274,276
274,277
274,278
274,279
274,280
274,283
274,285
274,286
274,287
274,288
274,290
275,1441
275,1134
275,1229
275,950
275,1450
275,1412
275,951
275,1413
275,1161
275,278
275,1162
275,959
275,283
275,978
275,790
276,277
276,1626
278,953
279,2330
280,2007
280,508
280,1460
280,531
280,890
280,1462
280,458
280,450
281,283
282,444
284,435
285,467
286,2111
286,590
286,287
290,3072
291,293
292,674
292,1037
292,1262
292,1271
292,1852
292,973
292,2390
292,1463
292,987
292,2391
294,295
294,296
295,674
295,673
295,675
295,676
296,1064
296,1069
296,1503
297,298
297,299
298,1074
298,1504
298,906
298,908
298,1410
298,1544
298,1545
299,1415
299,1848
300,301
301,946
301,1229
301,950
301,953
301,1127
301,1136
301,967
301,964
301,1258
301,790
301,1434
301,1931
301,1131
301,1132
301,1133
301,958
301,1172
301,1173
301,1123
301,1174
301,1176
301,1177
301,1437
301,1430
301,804
301,1214
301,1194
301,978
301,1272
301,1436
301,1383
302,303
303,1788
303,1784
303,1785
303,1789
304,930
304,931
304,1038
304,1010
304,1047
304,938
305,1015
305,926
305,1010
305,1062
305,1119
305,1120
305,622
305,310
305,599
305,319
305,904
306,1586
307,2075
307,1088
307,621
307,2076
307,601
307,1589
307,312
307,313
307,317
308,445
308,491
308,492
308,1861
308,499
308,500
308,501
308,502
308,503
308,504
308,785
308,2011
308,319
308,507
309,1062
309,582
309,587
309,1120
309,312
310,1015
310,2093
310,952
310,1240
310,898
310,1010
310,599
310,311
310,513
310,600
310,601
310,906
310,335
311,312
312,1015
312,313
312,599
313,314
313,1843
313,621
313,1685
314,317
315,1015
315,2031
316,1680
316,330
317,1843
317,621
318,677
319,1726
319,1417
319,953
319,1472
319,1171
319,491
319,928
319,1117
319,1735
319,806
319,1261
320,1680
321,322
322,323
323,2712
323,445
323,2753
323,2752
323,1445
324,325
324,326
325,1115
325,1415
325,968
325,971
325,1520
325,1847
326,424
327,328
329,330
329,331
330,1240
330,2338
330,331
330,582
330,587
330,970
332,333
332,334
333,2105
333,2012
333,2106
334,500
334,2012
336,337
336,338
337,906
340,341
340,342
340,343
341,1108
341,1072
341,1073
341,1064
341,1008
341,1247
342,343
342,1072
342,1073
342,2560
343,365
343,2566
344,345
344,346
344,347
344,348
344,349
344,350
345,1065
345,1073
345,998
345,1067
345,349
346,849
346,2035
346,856
347,848
347,2873
348,2946
348,2947
348,349
349,2528
349,2946
349,762
349,2947
349,1972
351,352
351,353
351,354
351,355
352,882
352,1285
353,1797
353,1032
353,499
353,500
353,830
354,814
354,815
354,1926
354,825
354,1941
354,401
354,1297
354,826
354,1903
354,829
354,830
355,417
355,2748
356,357
356,358
356,359
356,360
356,361
356,362
358,2228
358,2229
358,2230
358,2223
358,2231
358,1292
358,359
358,2222
358,361
358,2232
359,2228
359,1287
359,2229
359,2230
359,2223
359,2237
359,2231
359,1292
359,417
359,361
359,2232
361,2236
361,1035
361,2222
362,2866
363,364
363,365
363,366
363,367
363,368
363,369
363,370
364,2555
365,809
365,968
365,2566
365,962
365,1185
365,2560
366,2495
366,367
366,2030
367,2495
368,930
368,1061
368,1038
368,1010
368,1020
369,2495
369,539
371,372
371,373
372,1108
372,1073
372,1043
372,373
372,376
372,1064
372,1008
372,1235
373,1073
373,1669
373,1668
373,1670
373,536
373,1235
374,375
377,378
378,714
378,757
378,758
378,742
378,556
378,1910
378,743
378,837
378,1911
379,380
381,382
382,1087
382,2287
382,2034
382,577
382,2096
383,384
383,385
383,386
383,387
383,388
383,389
383,390
383,391
383,392
383,393
383,394
384,1627
384,385
384,387
384,388
384,1628
384,389
384,1629
384,1630
384,1631
384,391
384,1632
384,1633
384,1634
384,1635
384,393
384,1636
385,388
385,1627
385,386
385,387
385,389
385,1637
385,1638
385,1629
385,1630
385,1631
385,824
385,391
385,1632
385,1639
385,1640
385,401
385,1641
385,1633
385,1642
385,1643
386,1628
386,1644
386,1627
386,387
387,388
387,1628
387,389
387,1637
387,1638
387,1629
387,1630
387,1627
387,1640
387,1641
387,1633
387,1610
388,395
388,1628
388,391
388,1636
389,1628
389,1648
389,1080
390,1912
390,1913
390,1275
390,556
390,1893
390,1278
390,1914
390,1610
391,1628
391,1919
391,1637
391,556
391,1080
392,2214
392,1293
392,1610
395,396
396,1607
397,398
397,399
397,400
397,401
397,402
397,403
398,930
398,399
398,2348
399,400
399,2354
399,2355
400,821
400,812
400,1935
400,1799
400,2354
400,1033
401,402
401,2224
401,2223
401,2233
401,1029
403,1085
403,2349
403,2352
403,2579
403,2614
403,1859
403,2581
404,405
404,406
405,406
405,2846
406,2846
407,408
407,409
407,410
408,1390
408,1397
408,1398
408,1399
409,2175
409,2681
409,2682
409,1792
411,412
411,413
411,414
412,1663
412,1664
412,1665
413,2613
413,2518
413,2520
413,414
414,2613
415,416
416,696
418,425
418,426
418,419
418,420
418,421
418,427
418,428
418,429
418,430
418,431
418,432
418,433
418,422
418,423
418,434
418,424
419,425
419,420
419,421
419,426
419,427
419,428
419,429
419,430
419,431
419,432
419,422
419,423
419,424
420,435
420,425
420,426
420,436
420,427
420,428
420,429
420,437
420,438
420,430
420,421
420,422
420,423
420,424
420,439
421,425
421,426
421,440
421,428
421,441
421,422
421,423
421,424
422,425
422,428
422,430
422,423
422,424
423,425
423,426
423,428
423,486
423,430
424,3038
424,3039
425,442
425,426
425,428
425,429
425,430
425,431
425,433
426,443
426,427
426,428
426,429
426,430
426,431
427,429
427,448
428,429
428,430
428,431
429,435
429,445
429,436
429,449
429,437
429,438
429,446
429,450
429,447
430,431
430,432
430,460
431,478
433,1905
433,1037
433,556
434,1841
434,1157
434,1444
434,1268
434,1269
434,924
434,1232
434,1161
434,961
434,1190
434,1139
434,1234
434,977
434,980
435,444
436,445
436,437
436,446
436,447
437,445
437,451
437,452
437,446
437,447
438,453
438,454
438,455
438,456
438,457
438,458
438,459
438,450
439,454
439,1212
439,2424
439,943
439,1791
439,966
439,1548
439,441
439,598
439,2518
440,472
440,473
440,474
440,475
440,476
440,477
440,478
440,479
440,480
441,481
441,482
441,483
441,484
441,485
441,486
442,487
442,488
443,489
443,490
444,508
444,941
444,2013
445,451
445,491
445,492
445,493
445,494
445,495
445,496
445,497
445,498
445,499
445,500
445,501
445,502
445,503
445,504
445,505
445,506
445,447
445,507
446,508
446,455
446,456
446,459
446,447
447,3023
447,452
447,519
448,2667
448,2666
449,508
449,454
449,509
449,496
449,510
449,455
449,511
449,456
449,457
449,512
449,513
449,514
449,515
449,516
449,517
449,518
450,2007
450,508
450,525
450,1460
450,531
450,1623
450,459
450,528
450,458
450,529
451,492
451,491
451,519
451,497
451,498
451,501
451,520
451,506
451,521
451,515
452,522
453,523
453,454
453,456
453,457
453,509
453,498
453,524
454,522
454,508
454,525
454,457
454,526
454,527
454,498
454,524
454,528
454,529
455,530
455,508
455,531
455,527
455,524
455,459
455,528
456,481
456,509
456,483
456,531
456,459
456,528
456,532
457,525
457,533
457,534
457,527
457,535
457,528
457,536
458,2007
458,508
458,1460
458,531
458,459
458,1462
459,508
460,582
461,784
461,785
461,468
462,463
462,1702
463,1703
463,1704
463,1705
464,1566
464,1706
464,1702
465,2014
465,2015
465,2013
465,471
466,770
466,773
466,783
467,982
470,1566
470,1569
470,1557
471,764
471,1562
471,765
471,766
471,768
471,769
471,1557
471,2740
471,774
471,1570
472,483
472,540
472,474
472,541
472,542
472,543
472,478
472,544
473,474
474,540
474,475
474,1621
474,544
475,476
475,478
476,2180
476,1621
476,477
476,478
477,2950
478,543
479,1311
479,582
479,587
479,607
479,902
480,1073
481,483
481,545
481,546
481,547
482,551
482,552
482,553
482,554
482,555
483,486
483,540
483,556
483,557
483,539
484,485
484,486
484,540
484,551
484,558
485,559
485,560
485,486
485,540
485,558
486,542
486,560
486,551
486,540
486,561
486,562
486,563
487,1072
487,1073
487,2558
489,511
489,2683
489,676
490,1503
491,492
491,2090
491,499
491,500
491,501
491,502
491,503
491,504
491,2091
491,2011
491,2013
491,507
492,908
492,1069
492,493
492,494
492,495
492,498
492,500
492,501
492,502
492,503
492,504
492,506
492,507
493,494
494,499
495,1861
495,499
496,510
496,511
496,498
496,514
496,524
496,506
496,521
496,1757
496,515
496,2683
497,2711
497,1336
497,526
497,506
498,508
498,2338
498,510
498,506
499,1881
499,501
499,823
499,502
499,503
499,500
500,757
500,859
500,931
500,632
500,933
500,504
500,2090
500,501
500,1861
500,520
500,921
500,823
500,519
500,502
500,833
500,1034
500,503
501,504
501,502
501,503
501,507
502,504
502,1861
502,503
502,2932
502,507
503,504
503,507
504,1739
504,1738
504,507
505,2613
506,2238
506,2711
506,521
506,517
508,530
508,531
508,1540
508,1541
508,527
508,1058
508,528
508,1542
510,511
510,514
510,515
511,514
511,515
511,676
513,898
514,2711
514,524
514,521
514,1757
514,515
515,521
515,793
515,1503
515,517
516,2238
517,2711
517,521
517,793
521,2711
521,540
522,524
522,796
523,1730
523,1758
524,1462
525,953
525,2346
525,2347
526,2712
526,1978
526,1979
526,1916
526,776
526,975
526,2544
527,530
528,1240
528,531
528,1416
529,1978
529,1238
529,531
529,1463
529,1467
530,1529
530,1543
531,1760
532,1088
533,1741
533,1742
533,1729
533,1730
533,1731
533,1743
533,534
533,535
533,1250
533,1744
534,1732
534,1734
535,992
535,1249
535,996
535,1262
535,1261
535,2689
535,1731
535,1263
535,1131
535,1132
535,1133
535,1172
535,1173
535,1174
535,1176
538,2238
538,1747
539,1566
539,759
539,2761
539,2961
539,540
540,1311
540,551
540,1233
541,551
541,1623
541,544
542,551
542,1502
544,1489
544,2984
544,1600
545,2892
545,1411
545,1081
545,2891
546,625
548,585
548,582
548,587
548,2758
548,610
549,3021
549,550
551,560
551,561
552,1923
555,2930
555,926
555,918
555,1013
555,927
556,812
556,799
556,1883
556,1884
556,1885
556,1886
556,1887
556,824
556,1888
556,1889
556,1890
556,1891
556,1048
556,834
556,1892
556,1893
556,1894
556,1895
556,1032
556,1077
556,1080
557,2031
558,2907
559,1622
560,563
561,1530
561,2611
561,2983
561,2185
561,2920
561,2673
561,2186
561,2625
561,2184
563,1173
564,565
564,566
565,570
566,887
566,633
567,568
567,569
568,1879
568,714
568,1880
568,747
568,719
568,2916
569,2407
569,1514
570,571
571,882
572,573
572,574
573,607
574,1301
574,607
575,576
576,1968
578,579
579,1093
579,1774
580,581
580,582
580,583
581,584
582,585
582,586
582,587
582,588
582,589
582,590
582,591
582,592
582,593
582,594
582,595
582,596
582,597
582,598
582,599
582,600
582,601
582,602
582,603
582,604
582,605
582,606
582,607
582,608
582,609
582,610
582,611
582,612
582,613
582,614
582,615
582,616
582,617
583,848
583,3067
584,586
584,3059
585,587
585,589
585,593
585,618
585,610
585,619
586,592
586,593
586,594
586,602
586,605
586,610
587,620
587,588
587,621
587,590
587,622
587,593
587,595
587,623
587,599
587,603
587,606
587,608
587,610
587,624
587,625
587,611
587,612
587,615
587,616
587,617
588,1010
588,1040
589,620
589,1088
589,1853
589,617
590,1088
590,1089
590,621
590,2111
590,1040
590,622
590,596
590,600
590,601
591,1061
591,1010
591,1040
591,937
592,2336
592,2335
592,623
593,953
593,2316
593,618
593,2317
593,594
593,2288
593,595
593,966
595,620
595,2428
595,623
596,1862
596,928
596,956
596,929
596,1088
596,1011
596,1016
597,2638
598,1115
598,623
598,605
599,1010
599,2428
600,1015
600,2009
600,899
601,1015
601,898
601,1114
602,1288
602,613
603,1679
603,2093
603,1750
603,622
604,2925
604,608
606,931
606,1010
606,921
606,3005
607,1311
608,2925
608,2924
608,609
608,613
608,614
609,2925
609,2924
609,2665
611,946
611,962
611,612
611,1749
612,1088
612,1089
612,1040
613,614
613,615
615,2734
618,859
618,1030
619,1408
619,1301
619,1409
620,626
620,622
621,2075
621,634
621,1088
621,1040
621,1024
621,1685
622,2093
622,1680
622,1428
623,737
623,694
623,696
623,697
623,2706
623,729
623,691
623,710
623,713
623,711
623,725
623,685
623,718
624,1115
624,674
624,924
624,1009
624,1004
624,1273
625,1644
625,1081
625,2891
625,820
627,628
627,629
627,630
628,2492
629,1301
629,2676
630,1301
630,2189
631,632
632,811
632,1030
632,1031
632,813
632,920
632,921
632,935
632,943
632,1032
632,823
632,814
632,1033
632,831
632,1034
632,1035
632,1036
632,830
634,635
635,637
635,638
635,639
635,640
635,641
635,642
635,643
635,644
635,645
635,646
635,647
635,648
635,649
635,650
635,651
635,652
635,653
635,654
635,655
635,656
635,657
635,658
635,659
635,660
635,661
635,662
635,663
635,664
635,665
635,666
635,667
635,668
635,669
635,670
635,671
635,672
636,1015
636,2031
636,1675
636,2956
637,638
638,639
638,640
638,641
639,640
639,641
639,1688
639,642
639,1689
639,644
639,1690
639,646
639,647
639,865
639,648
639,649
639,650
639,651
639,652
639,1691
639,654
639,655
639,656
639,1692
639,657
639,1693
639,658
639,661
639,1694
639,1695
639,664
639,666
639,1696
639,1697
639,1698
639,1699
639,670
639,1700
640,1688
640,642
640,1689
640,646
640,865
640,651
640,1691
640,654
640,655
640,656
640,658
640,1695
640,664
640,1696
640,1697
640,1698
640,1699
640,1700
640,671
641,1688
641,643
642,1701
642,1688
642,1689
642,652
642,1351
642,658
642,1697
643,669
644,2339
645,1690
645,2396
645,2089
645,2459
645,2465
645,2456
645,2467
645,651
645,2457
645,2469
645,2473
645,2484
645,1700
646,1688
646,647
646,1689
646,865
646,654
646,671
647,648
647,666
647,671
648,864
648,2597
648,665
648,666
649,2671
649,654
649,656
649,1692
649,657
649,1693
649,1694
649,2672
649,1698
649,1699
650,1530
650,2679
650,1688
650,2680
650,1689
651,1690
651,2396
651,2089
651,864
651,2472
651,1700
652,2145
652,1688
652,1689
654,1688
654,865
654,1012
655,1688
655,2339
656,1688
656,865
656,2339
656,671
657,2339
658,1688
658,1689
658,1695
659,2945
659,668
661,2115
664,2945
664,1688
664,1689
664,671
665,1823
665,866
666,1688
666,1689
667,2990
668,669
669,2945
671,1688
671,1689
671,1425
674,950
674,951
674,953
674,962
674,1252
674,1443
674,1159
674,1160
674,1461
674,973
674,1004
674,1555
674,1216
674,1225
674,676
675,993
675,1161
675,1162
675,962
675,1137
675,991
676,1442
676,950
676,951
676,953
676,954
676,994
676,1159
676,957
676,2424
676,1439
676,962
676,1416
676,790
676,1131
676,1132
676,1133
676,1173
678,679
679,754
679,2129
681,690
681,691
681,682
681,688
681,692
681,693
682,694
682,691
682,683
682,687
682,689
682,695
682,693
683,694
683,696
683,697
683,691
683,698
683,699
683,700
683,701
683,702
684,703
684,704
685,696
685,705
685,706
685,707
685,708
685,709
686,698
686,710
686,711
686,709
687,694
687,712
687,713
688,691
688,716
688,689
688,717
689,694
689,697
689,718
689,709
690,691
691,716
691,692
691,719
691,693
691,701
691,720
693,3064
694,697
694,698
694,699
694,712
694,713
694,721
694,722
694,700
694,723
694,701
694,720
694,724
695,1712
695,1707
696,725
696,700
696,726
696,723
696,701
696,702
697,698
697,725
698,731
698,699
698,723
699,731
699,700
699,702
700,713
700,722
702,713
703,2102
703,2698
703,2002
703,2699
704,2432
704,2433
705,706
705,708
705,728
705,729
705,709
706,708
706,728
706,709
707,726
708,728
708,709
710,711
710,725
710,735
710,736
711,737
711,738
711,735
712,713
714,739
714,740
714,741
714,742
714,743
714,744
714,745
714,746
714,747
714,748
714,749
714,750
714,751
714,752
714,753
715,754
715,755
717,2382
718,722
719,1879
719,2917
719,1880
719,2185
719,2553
721,2004
723,1601
723,1602
724,1879
724,1708
725,1601
725,1602
725,1603
725,735
728,762
730,2528
733,756
733,757
733,758
733,759
733,743
733,742
733,760
733,748
733,761
734,1531
734,1532
735,1603
735,2211
735,2213
736,2211
736,2215
736,2213
738,2723
739,741
740,1715
740,877
740,1716
740,879
742,756
742,757
742,743
742,837
743,756
743,757
743,758
743,837
743,761
743,753
744,801
744,797
745,2834
745,746
745,2164
746,2836
746,2837
746,2838
746,2658
748,756
748,757
748,760
748,1480
749,2362
749,2371
749,2376
749,2375
750,2834
750,2779
750,2957
751,3055
752,1341
752,3081
752,1127
752,2490
753,756
753,757
754,2709
754,1898
756,757
756,758
757,758
757,837
757,761
758,824
758,761
758,1028
758,1927
760,801
762,848
763,764
763,765
763,766
763,767
763,768
763,769
763,770
763,771
763,772
763,773
763,774
763,775
764,765
764,776
764,766
764,777
764,769
764,770
764,773
764,774
764,778
764,779
764,780
765,777
765,769
765,770
765,771
765,773
765,781
765,782
765,783
765,778
765,779
765,780
766,1556
766,1562
766,1563
766,777
766,776
766,767
766,1558
766,768
766,769
766,770
766,772
766,773
766,1564
766,781
766,1559
766,783
766,1560
766,1561
767,777
767,768
767,1565
767,769
767,776
767,1558
767,770
767,772
767,1564
767,1560
767,1561
768,1556
768,1566
768,771
768,769
769,1556
769,1566
769,1563
769,1569
769,777
769,771
769,1565
769,772
769,773
769,774
769,1559
770,1417
770,1563
770,1471
770,1171
770,1558
770,776
770,777
770,773
770,774
770,1564
770,781
770,1560
770,1572
770,779
770,1561
771,1556
771,1566
771,777
771,772
771,1559
771,1478
772,1566
772,1565
772,773
772,776
772,1805
772,774
772,1560
772,1570
773,1417
773,1563
773,1804
773,1471
773,1565
773,1171
773,2118
773,1558
773,1424
773,776
773,1805
773,774
773,2119
773,1120
773,2120
773,1560
773,1481
773,1561
774,1556
774,1558
774,776
774,1560
774,778
774,1561
774,2121
775,1849
775,845
775,1235
776,1556
776,1557
776,1558
776,1559
776,1560
776,778
776,1561
777,1556
777,1562
777,1569
777,781
777,1570
777,779
778,1556
778,1562
778,1558
778,2823
778,2825
778,876
778,877
778,1559
778,1561
779,1556
779,1562
779,1471
779,2400
779,1559
779,1570
780,2121
782,1211
782,1573
782,2554
783,2344
783,1801
783,2360
786,787
786,788
787,788
787,791
787,792
787,793
787,794
787,795
788,796
788,792
788,795
789,2419
789,891
789,2423
789,2417
789,2424
789,890
789,894
790,1442
790,947
790,1134
790,1465
790,924
790,1164
790,1212
790,1159
790,1232
790,1439
790,1167
790,962
790,965
790,966
792,2988
792,795
792,1385
793,2496
794,2219
795,796
795,1046
797,798
797,799
797,800
797,801
797,802
798,1275
799,1611
799,1292
799,1612
799,1904
799,802
800,2595
801,1275
802,2127
802,1611
802,1871
802,1609
802,1613
802,1873
803,804
804,1537
804,1538
804,1429
804,1439
804,1125
804,1127
804,1128
804,1381
804,1371
804,1148
804,1160
804,1147
804,970
804,2200
804,2201
804,2203
804,1131
804,1132
804,1133
804,1172
804,1173
804,1174
804,1176
804,1182
804,1177
804,1213
804,807
804,1194
804,1431
804,1385
805,806
805,807
806,1439
806,1125
806,1127
806,1128
806,1381
806,1148
806,959
806,1133
806,1447
806,1008
806,1387
807,2068
807,1127
807,1381
807,1382
807,1808
807,1133
808,809
809,1333
809,1336
809,1337
809,1338
809,988
809,1339
810,811
810,812
810,813
810,814
810,815
810,816
810,817
810,818
810,819
810,820
811,821
811,822
811,812
811,823
811,824
811,814
811,815
811,816
811,817
811,818
811,819
811,825
811,826
811,827
811,828
811,829
811,830
812,832
812,821
812,833
812,834
812,814
812,815
812,816
812,817
812,818
812,835
812,819
812,836
812,828
812,829
812,830
813,1051
813,1052
813,1037
813,1053
814,821
814,822
814,823
815,822
815,824
815,1926
815,823
815,829
816,1982
816,1637
816,1906
816,834
816,1077
816,817
816,818
816,835
816,1113
816,1896
816,1983
816,1656
816,1984
816,1080
816,1985
816,1986
816,829
817,1982
817,818
817,1077
817,1906
817,835
817,1983
817,1656
817,1984
817,1080
817,1985
817,1986
817,829
818,1982
818,1077
818,1906
818,835
818,819
818,1908
818,1983
818,1656
818,1080
818,827
818,2020
818,828
818,829
818,830
819,822
819,1404
819,1948
819,1055
819,1075
819,1919
819,943
819,1044
819,1076
819,1045
819,2227
819,1078
819,1079
819,2222
819,825
819,826
819,827
819,828
819,1041
819,830
820,1085
820,1644
820,1028
821,831
822,823
822,831
822,827
822,828
822,829
823,930
823,859
823,1030
823,1031
823,1780
823,931
823,1886
823,920
823,932
823,824
823,1055
823,1075
823,1112
823,1044
823,1076
823,933
823,934
823,935
823,921
823,1019
823,1032
823,1053
823,1896
823,825
823,1900
823,1035
823,826
824,1780
824,825
824,831
824,826
824,1909
824,827
824,828
824,830
825,1031
825,888
825,943
825,2517
825,1941
825,1033
825,830
826,3013
826,1031
826,943
826,2517
826,1941
826,1033
826,2866
826,830
827,835
827,1908
827,2020
828,1404
828,1948
828,1055
828,1075
828,1919
828,943
828,1044
828,1076
828,1045
828,2227
828,1078
828,1079
829,1403
829,830
830,931
830,888
830,943
830,1941
830,1033
830,1057
830,1032
830,1046
831,1886
831,835
831,2292
831,2751
833,1030
833,1042
833,1645
833,1032
833,836
833,1046
833,1034
833,1022
833,1041
834,1080
835,1886
835,1906
835,2021
835,1080
836,1055
836,1075
836,943
836,1044
836,1076
836,1045
836,1056
836,1014
836,937
836,1113
837,2220
838,839
839,2611
839,1987
839,2492
840,841
841,963
842,843
843,2017
844,845
845,2668
846,847
846,848
847,849
847,850
847,851
847,852
847,853
847,854
847,855
847,856
848,857
849,1094
849,2039
849,851
849,1775
849,2040
849,1067
849,2041
849,852
849,2035
849,2042
849,856
850,1059
850,2033
850,851
850,2035
851,1059
851,2033
851,2039
851,1094
851,2035
851,856
852,2039
852,2041
852,1775
852,856
854,1059
856,1094
856,2039
856,2035
858,859
859,1109
859,1925
860,861
860,862
860,863
861,1836
861,1835
861,862
861,1837
864,865
864,866
865,1688
866,1530
866,1823
866,2862
866,2863
867,868
867,869
868,1530
868,1830
869,1576
869,3050
869,3052
870,871
870,872
871,872
871,873
871,874
871,875
871,876
871,877
871,878
871,879
871,880
871,881
872,877
873,874
873,878
873,879
873,2857
874,879
874,2857
876,1715
876,877
876,2593
876,2824
876,879
877,2585
877,1716
877,2846
877,2624
877,1715
878,879
879,2159
879,1327
879,2824
880,3022
881,1930
883,884
883,885
883,886
884,2299
884,2788
885,1872
885,2902
885,2903
885,1306
885,2570
889,890
889,891
889,892
889,893
889,894
889,895
889,896
890,891
890,2417
890,1460
890,1416
890,2418
891,2419
891,2417
891,2420
891,892
891,893
891,894
891,895
891,1183
891,2421
892,893
892,894
892,895
893,2419
893,2417
893,894
893,895
893,2422
893,2684
893,2685
894,2419
894,2422
894,1183
894,895
896,2419
897,900
897,901
897,902
897,903
897,904
898,905
898,906
899,1015
899,1039
899,1069
899,1010
899,936
899,2009
899,1064
900,1062
900,1675
900,901
900,906
901,1062
901,902
901,903
902,1039
902,1062
903,1062
903,1774
903,1775
903,2208
904,2774
905,907
905,908
905,909
905,910
906,2092
906,1062
906,1675
906,921
907,911
907,912
907,913
907,908
907,914
907,909
907,915
908,912
908,2219
908,2216
909,1773
909,1093
909,2218
909,912
909,1410
909,915
909,910
909,1677
909,1545
911,1769
911,912
912,1093
912,1504
912,914
912,915
913,1769
913,976
913,1771
913,1772
913,1770
914,1093
914,2218
914,915
914,1774
914,1504
914,1545
916,917
916,918
916,919
916,920
916,921
918,928
918,926
918,929
918,927
920,930
920,931
920,932
920,921
920,933
920,934
920,935
920,936
921,930
921,931
921,932
921,933
921,934
921,935
921,936
921,937
921,938
921,939
922,940
922,941
923,942
923,943
923,944
923,945
924,946
924,947
924,948
924,949
924,950
924,951
924,952
924,953
924,954
924,955
924,925
924,956
924,957
924,958
924,959
924,960
924,961
924,962
924,963
924,964
924,965
924,966
924,967
924,968
924,969
924,970
924,971
924,972
924,973
924,974
924,975
924,976
924,977
924,978
924,979
924,980
924,981
924,982
924,983
924,984
924,985
924,986
924,987
924,988
924,989
924,990
924,991
925,992
925,950
925,951
925,953
925,993
925,994
925,995
925,996
925,997
925,998
925,956
925,957
925,999
925,1000
925,1001
925,972
925,973
925,1002
925,1003
925,1004
925,1005
925,1006
925,1007
925,1008
926,930
926,997
926,1009
926,1010
926,1011
926,1012
926,1013
926,1014
926,927
927,3076
927,3077
927,1439
927,929
927,1863
928,1015
928,997
928,929
928,1011
928,1016
929,1018
930,942
930,931
930,932
930,933
930,1010
930,1019
930,1020
930,937
930,1021
930,1022
930,939
930,1023
931,933
931,934
931,935
931,943
931,1024
931,1025
931,1026
931,1027
931,1022
931,1028
931,1029
932,933
932,1019
933,1037
933,1038
933,1010
933,935
933,937
933,939
933,1023
934,1039
934,1038
934,1010
934,943
934,1040
934,936
934,937
934,939
934,1041
935,1042
935,1043
935,1044
935,1045
935,1014
935,1046
935,1041
936,1039
936,1090
936,1038
936,1010
936,1040
936,1020
936,1064
936,937
937,1086
937,1061
937,1055
937,1075
937,1010
937,943
937,1044
937,1076
937,1040
937,1045
937,1078
937,1056
937,1014
937,1057
937,1046
939,1923
939,1897
940,2495
943,1037
943,944
943,1044
943,1045
943,1075
943,1076
943,1077
943,1078
943,1079
943,1056
943,1014
943,1046
943,1080
943,1081
943,1082
943,1022
943,1083
943,1084
945,1054
945,1160
945,1540
946,1229
946,1194
946,978
946,1230
947,1142
947,1150
947,1164
947,1231
947,1232
947,1167
947,1233
947,1234
947,1205
948,1219
948,986
948,990
949,986
949,1235
950,1124
950,997
950,953
950,994
950,1017
950,951
950,955
950,993
950,995
950,998
950,956
950,957
950,1125
950,1126
950,1127
950,1128
950,1129
950,1130
950,959
950,960
950,1131
950,1132
950,1133
950,1134
950,1135
950,1136
950,961
950,1137
950,1138
950,1139
950,965
950,966
950,1140
950,967
950,1141
950,1142
950,1143
950,1144
950,1145
950,1146
950,1147
950,1148
950,1149
950,1150
950,1151
950,968
950,1152
950,1153
950,1154
950,1155
950,1156
950,1157
950,1158
950,1159
950,1160
950,1161
950,1162
950,1117
950,1163
950,969
950,1164
950,1165
950,1166
950,1104
950,1012
950,1167
950,1168
950,1169
950,1170
950,1171
950,1172
950,1173
950,1174
950,1175
950,971
950,1176
950,1177
950,1178
950,1002
950,1179
950,1180
950,1181
950,1182
950,1183
950,975
950,1184
950,1185
950,1186
950,1187
950,1188
950,1189
950,977
950,1190
950,1191
950,1192
950,1193
950,1194
950,1195
950,1196
950,1197
950,1198
950,1199
950,1200
950,1201
950,1202
950,1203
950,986
950,988
950,1204
950,1205
950,1206
951,1236
951,997
951,953
951,994
951,1017
951,993
951,998
951,956
951,1125
951,1126
951,1127
951,1128
951,1129
951,960
951,1132
951,1133
951,1136
951,961
951,1137
951,1138
951,1139
951,965
951,966
951,1140
951,967
951,1142
951,1143
951,1144
951,1145
951,1147
951,1148
951,1150
951,968
951,1152
951,1153
951,1154
951,1155
951,1157
951,1209
951,1161
951,1162
951,1117
951,1163
951,969
951,1165
951,1104
951,1012
951,1167
951,1168
951,1169
951,1170
951,1172
951,1173
951,1174
951,1175
951,971
951,1176
951,1177
951,1178
951,1002
951,1213
951,1182
951,975
951,1184
951,1185
951,1187
951,1189
951,1190
951,1195
951,1237
951,1197
951,1200
951,1201
951,1202
951,1203
951,1218
951,1205
951,1206
952,957
952,1130
952,1135
952,1238
952,1239
952,1188
952,1240
952,978
952,1241
952,1242
952,1243
952,986
952,1235
952,1244
953,1124
953,997
953,1009
953,994
953,1017
953,955
953,993
953,998
953,956
953,957
953,1125
953,1126
953,1127
953,1128
953,1129
953,1207
953,1130
953,959
953,960
953,1132
953,1133
953,1135
953,1136
953,961
953,1137
953,1138
953,1139
953,965
953,966
953,1140
953,1142
953,1143
953,1144
953,1145
953,1146
953,1147
953,1208
953,1148
953,1150
953,1151
953,968
953,1152
953,1153
953,1154
953,1155
953,1156
953,1157
953,1159
953,1209
953,1160
953,1161
953,1162
953,1117
953,999
953,1163
953,969
953,1164
953,1104
953,1012
953,1167
953,1210
953,970
953,1168
953,1169
953,1170
953,1211
953,1171
953,1172
953,1173
953,1174
953,1175
953,971
953,1176
953,1177
953,1178
953,1002
953,1179
953,1212
953,1181
953,1213
953,1182
953,975
953,1184
953,1185
953,1186
953,1187
953,1189
953,977
953,1190
953,1194
953,1214
953,1195
953,1215
953,1196
953,1197
953,979
953,1198
953,981
953,982
953,1216
953,1217
953,1199
953,1200
953,1201
953,1202
953,1203
953,1218
953,1204
953,1205
953,1206
954,1151
954,968
954,1144
954,1152
954,994
954,1127
954,1129
954,1136
954,961
954,1138
954,1139
954,965
954,966
954,1140
954,1145
954,1150
954,1155
954,1160
954,1161
954,1162
954,969
954,1169
954,1172
954,971
954,1176
954,1177
954,1245
954,1002
954,1184
954,1185
954,1186
954,1189
954,1197
954,1202
954,1206
954,1246
955,1135
955,1188
955,1247
955,1248
956,993
956,994
956,995
956,996
956,997
956,1009
956,998
956,957
956,1116
956,1117
956,999
956,1270
956,1000
956,972
956,973
956,1271
956,1002
956,1003
956,1272
956,1118
956,1006
956,1007
956,1008
956,1273
956,1041
957,1229
957,1274
957,1130
957,994
957,996
957,1116
957,964
957,1000
957,1271
957,1007
957,1008
958,1274
958,1130
958,959
958,960
958,1131
958,1132
958,1133
958,1400
958,1176
958,1407
958,1194
958,1202
959,1134
959,1413
959,1130
959,1414
959,994
959,1135
959,1136
959,961
959,962
959,1370
959,1137
959,1138
959,1139
959,1415
959,1306
959,1116
959,1416
959,963
959,964
959,965
959,966
959,1220
959,1140
960,1417
960,1418
960,993
960,1419
960,1420
960,1421
960,994
960,1126
960,995
960,1422
960,1017
960,1423
960,1424
960,1125
960,1253
960,967
960,1337
960,962
960,1141
960,1142
960,1261
960,1143
960,1425
960,1131
960,1373
960,1234
960,1426
960,1123
960,1427
961,1134
961,1412
961,1413
961,1130
961,1157
961,1158
961,1444
961,994
961,1126
961,1017
961,1423
961,1127
961,1137
961,971
961,1234
961,977
961,1437
962,993
962,1268
962,1159
962,1209
962,1160
962,973
962,987
962,1433
963,1163
963,989
964,1130
964,1139
964,1306
964,1194
964,1464
964,991
965,1465
965,1126
965,969
965,967
965,971
965,1466
965,1467
965,1433
966,1219
966,1124
966,1226
966,993
966,994
966,1468
966,1017
966,1208
966,1156
966,1127
966,1128
966,1469
966,1470
967,994
967,1126
967,1493
967,1017
967,1144
967,1132
967,1139
967,1141
967,1145
967,1146
967,1148
967,1163
967,1104
967,1172
967,1182
967,1186
967,1194
967,1437
967,1214
967,1007
967,1467
967,1383
967,1199
967,1494
967,1204
967,1206
968,1529
968,1450
968,993
968,1165
968,1151
968,994
968,1126
968,1144
968,1152
968,969
968,971
968,1176
968,1245
968,1202
968,1246
969,1450
969,993
969,1165
969,1037
969,994
969,1443
969,1439
969,1467
970,1523
970,1267
970,1369
970,1226
970,1154
970,997
970,1156
970,2086
970,1440
970,1168
970,1178
970,1407
970,1813
970,1237
970,1432
971,1529
971,1450
971,993
971,1151
971,994
971,1126
971,2202
971,1144
971,1152
971,1141
971,1245
971,1221
971,1174
971,1176
971,1202
972,996
972,1261
972,973
973,1231
973,1413
973,996
973,1117
973,999
973,1156
973,1000
973,1459
973,1270
973,1271
973,1142
973,1282
973,1002
973,1003
973,1016
973,1116
973,1407
973,1272
973,1004
973,1437
973,1005
973,1118
973,1007
973,1008
974,1625
974,2327
974,2070
974,2067
974,2068
974,1381
974,1107
975,2007
975,994
975,1126
975,1017
975,1980
975,1127
975,2011
976,1465
976,994
976,1212
977,1841
977,1157
977,1444
977,1268
977,994
977,1269
977,1164
977,1232
977,1161
977,1190
977,1139
977,1234
977,980
978,1229
978,2975
978,1439
978,1230
978,1189
978,1194
979,1441
979,1812
979,1268
979,1230
980,1841
980,1157
980,1444
980,1268
980,1269
980,1220
980,1131
980,1132
980,1172
980,1173
980,1234
980,1177
980,981
980,2206
980,1373
980,1383
981,1017
981,1232
981,1439
981,1220
981,1133
981,1172
981,1173
981,1234
982,2998
982,993
982,994
982,1179
982,998
982,2999
982,1187
982,1002
982,1221
982,1426
982,1445
983,1037
983,1728
984,997
984,1009
984,1223
984,3033
984,1384
985,2149
985,1341
985,2160
985,3057
985,2839
985,2148
985,1335
985,3046
986,1446
986,994
986,1439
987,1190
987,1160
987,1541
988,1417
988,1149
988,1369
988,1251
988,993
988,1268
988,995
988,1269
988,1009
988,998
990,1523
990,1812
990,2205
991,1274
991,1104
991,1139
991,1131
992,1134
992,999
992,1249
992,1250
993,1149
993,1251
993,1252
993,995
993,998
993,1130
993,1136
993,1253
993,1141
993,1144
993,1152
993,1157
993,1159
993,1162
993,1104
993,1173
993,1176
993,1254
993,1182
993,1185
993,1186
993,1255
993,1006
993,1216
993,1202
993,1256
993,1257
994,1219
994,1124
994,1126
994,1017
994,998
994,1125
994,1127
994,1128
994,1129
994,1132
994,1133
994,1136
994,1138
994,1139
994,1220
994,1140
994,1142
994,1144
994,1221
994,1145
994,1147
994,1148
994,1152
994,1222
994,1153
994,1154
994,1155
994,1160
994,1161
994,1162
994,1117
994,1163
994,1164
994,1104
994,1012
994,1167
994,1223
994,1168
994,1169
994,1170
994,1172
994,1173
994,1174
994,1175
994,1176
994,1177
994,1002
994,1182
994,1184
994,1185
994,1186
994,1187
994,1189
994,1190
994,1195
994,1224
994,1200
994,1201
994,1202
994,1225
994,1203
994,1205
994,1206
995,1149
995,998
995,1253
995,1141
995,1117
995,1254
995,1182
995,1255
995,1258
995,1005
995,1259
995,1260
996,1150
996,1261
996,1001
996,1002
996,1262
996,1263
996,1239
996,1118
996,1264
996,1265
996,1266
997,1115
997,1037
997,1009
997,1116
997,1117
997,1011
997,1012
997,1013
997,1002
997,1003
997,1118
997,1006
997,1007
997,1041
998,1149
998,1134
998,1267
998,1226
998,1151
998,1268
998,1269
998,1154
998,1155
998,1141
998,1182
998,1186
998,1123
998,1216
999,1849
999,1231
999,1458
999,1226
999,1117
999,1116
999,1000
999,1001
999,1002
999,1004
999,1007
999,1008
999,1850
1000,1231
1000,1117
1000,1459
1000,1270
1000,1002
1000,1003
1000,1007
1000,1008
1000,1851
1001,2130
1001,1598
1001,1734
1001,2131
1002,1458
1002,1226
1002,1126
1002,1017
1002,1117
1002,1459
1002,1270
1002,1407
1002,1272
1002,1005
1002,1007
1003,2393
1003,1117
1003,1459
1003,1270
1003,1852
1004,1117
1004,1459
1004,1160
1004,1270
1004,1852
1004,1185
1004,1272
1004,1005
1004,1007
1005,1523
1005,1117
1005,1459
1005,1270
1005,1141
1005,2868
1005,1259
1005,1437
1005,1006
1005,1007
1005,2570
1006,1149
1006,1239
1006,1141
1006,1122
1006,1186
1006,1132
1006,1118
1007,1149
1007,1231
1007,1458
1007,1117
1007,1459
1007,1270
1007,1141
1007,1195
1007,1008
1007,1132
1007,1118
1008,1231
1008,1108
1008,1247
1008,1117
1008,1064
1008,1081
1009,1011
1009,1012
1009,1121
1009,1122
1009,1123
1010,1061
1010,1038
1010,1021
1010,1023
1011,1037
1011,1164
1011,1232
1011,1167
1011,1160
1011,1013
1011,1012
1011,1273
1011,1844
1012,1037
1012,1264
1013,1115
1014,1037
1014,1106
1014,1111
1014,1055
1014,2324
1014,1075
1014,1044
1014,1076
1014,1045
1014,1078
1014,1056
1014,1057
1014,1046
1015,1114
1017,1219
1017,1124
1017,1226
1017,1227
1017,1126
1017,1125
1017,1127
1017,1128
1017,1129
1017,1132
1017,1133
1017,1136
1017,1138
1017,1139
1017,1140
1017,1141
1017,1145
1017,1146
1017,1147
1017,1148
1017,1153
1017,1161
1017,1162
1017,1117
1017,1163
1017,1104
1017,1169
1017,1170
1017,1172
1017,1173
1017,1174
1017,1175
1017,1177
1017,1184
1017,1185
1017,1186
1017,1189
1017,1214
1017,1197
1017,1201
1017,1228
1017,1206
1018,1063
1018,1074
1018,1381
1018,1064
1020,1061
1020,1021
1020,1023
1021,1061
1021,1038
1022,2955
1022,1032
1023,1047
1023,1061
1023,1038
1023,1024
1024,1085
1024,1434
1025,1905
1025,1079
1025,1027
1025,1974
1025,1966
1025,1029
1027,1905
1027,1029
1028,1085
1028,1780
1029,2224
1029,2637
1029,1644
1029,1662
1029,1638
1029,1631
1029,1434
1030,1048
1031,1049
1031,1050
1032,1881
1032,1575
1032,1882
1032,1049
1033,2517
1033,1941
1034,1085
1034,1079
1035,2773
1035,2237
1035,2239
1037,1054
1037,1044
1037,1055
1037,1056
1037,1057
1037,1046
1037,1058
1038,1059
1038,1060
1038,1061
1038,1062
1039,1063
1039,1064
1039,1065
1039,1066
1039,1067
1039,1068
1039,1069
1039,1070
1039,1071
1040,1085
1040,1086
1040,1087
1040,1061
1040,1088
1040,1089
1041,1055
1041,1075
1041,1076
1041,1045
1042,1105
1042,1079
1042,1106
1042,1107
1043,1108
1043,1056
1043,1053
1043,1046
1043,1109
1043,1110
1044,1111
1044,1055
1044,1075
1044,1112
1044,1045
1044,1078
1044,1056
1044,1113
1044,1046
1045,1055
1045,1075
1045,1076
1045,1113
1046,1111
1046,1055
1046,1112
1046,1056
1046,1057
1047,1109
1049,1903
1051,1574
1051,1575
1051,1052
1052,1575
1052,1081
1053,1108
1053,1056
1054,2016
1055,1075
1055,1076
1055,1926
1055,1078
1055,1056
1055,1113
1055,1057
1055,1927
1056,1111
1056,1075
1056,1076
1056,1078
1056,1113
1056,1057
1057,1075
1057,1076
1057,1078
1058,1073
1058,1238
1058,1850
1059,2033
1059,2034
1059,2035
1059,2036
1059,2037
1059,2038
1060,2028
1062,1675
1062,1099
1062,1676
1062,1677
1063,1074
1063,1504
1063,1505
1063,1410
1063,1071
1064,1065
1064,1074
1064,1207
1064,1410
1064,1068
1065,1069
1066,1068
1066,1672
1066,1673
1066,1674
1066,1071
1067,2207
1067,2039
1067,2041
1067,1775
1067,2040
1067,1070
1068,2559
1069,2565
1069,1298
1069,1074
1069,2560
1073,1671
1074,1504
1074,1505
1074,1410
1075,1928
1075,1929
1075,1076
1075,1078
1075,1113
1075,1896
1076,1401
1076,1078
1076,1113
1076,1925
1077,1886
1077,1638
1077,1631
1077,2019
1077,1656
1077,1080
1077,1653
1078,1950
1078,1113
1079,1085
1079,2224
1080,1982
1080,2436
1080,1886
1080,1112
1080,1984
1080,2292
1080,2437
1080,1656
1080,1985
1080,1687
1080,1297
1081,2890
1081,2891
1083,1301
1083,1409
1084,1242
1085,1434
1085,1645
1085,1948
1085,1950
1085,1951
1085,1952
1085,1953
1086,1088
1086,2034
1086,2074
1087,1749
1088,1089
1088,2074
1089,2034
1089,2074
1090,2124
1091,1546
1091,1547
1091,1097
1091,1549
1091,1548
1091,1550
1091,1551
1093,1773
1093,1769
1093,1774
1093,1775
1093,1504
1093,1776
1093,1777
1094,2039
1094,2035
1096,2045
1096,2046
1097,1547
1097,1549
1097,1548
1097,1363
1098,2214
1098,1775
1098,2208
1099,1775
1099,2040
1099,2211
1099,2212
1099,2215
1099,2213
1101,3069
1101,1284
1104,1126
1104,1125
1104,1163
1104,1372
1104,1204
1106,2325
1106,1109
1106,2326
1107,1625
1107,2327
1107,2070
1107,1210
1107,2068
1107,2486
1108,1466
1108,1109
1108,2125
1108,1110
1109,2887
1111,1113
1113,1625
1113,1881
1113,1896
1113,2021
1115,1862
1115,1863
1116,1412
1116,1413
1116,1458
1116,1130
1116,1117
1116,1459
1116,1270
1116,1137
1116,1407
1116,1118
1117,1126
1117,1270
1117,1271
1117,1282
1117,1118
1118,1231
1118,1270
1118,1282
1118,1261
1118,2009
1118,1259
1118,1173
1120,1726
1120,1472
1120,1171
1120,1735
1122,1123
1123,1417
1123,1268
1123,1269
1123,1424
1123,1209
1123,1261
1123,1143
1123,1474
1123,1185
1123,1186
1124,1127
1124,1139
1124,1221
1124,1173
1124,1175
1124,1185
1124,1187
1124,1214
1124,1368
1124,1206
1125,1369
1125,1126
1125,1127
1125,1370
1125,1337
1125,1221
1125,1148
1125,1371
1125,1175
1125,1372
1125,1373
1125,1374
1125,1187
1125,1197
1125,1230
1125,1198
1125,1375
1125,1224
1125,1376
1125,1218
1125,1377
1125,1206
1126,1127
1126,1128
1126,1129
1126,1132
1126,1136
1126,1138
1126,1139
1126,1140
1126,1145
1126,1146
1126,1148
1126,1152
1126,1161
1126,1162
1126,1163
1126,1169
1126,1172
1126,1173
1126,1175
1126,1176
1126,1177
1126,1184
1126,1187
1126,1189
1126,1201
1126,1202
1126,1380
1126,1206
1127,1128
1127,1129
1127,1207
1127,1132
1127,1133
1127,1138
1127,1139
1127,1140
1127,1337
1127,1221
1127,1145
1127,1147
1127,1148
1127,1371
1127,1381
1127,1153
1127,1160
1127,1382
1127,1169
1127,1170
1127,1172
1127,1173
1127,1174
1127,1175
1127,1177
1127,1182
1127,1184
1127,1185
1127,1374
1127,1187
1127,1189
1127,1194
1127,1383
1127,1200
1127,1384
1127,1376
1127,1218
1127,1385
1127,1206
1128,1148
1128,1129
1128,1133
1128,1139
1128,1147
1128,1206
1129,1386
1129,1208
1129,1152
1129,1148
1129,1173
1129,1202
1129,1387
1130,1134
1130,1274
1130,1411
1130,1412
1130,1413
1130,1252
1130,1216
1131,1428
1131,1174
1131,1429
1131,1176
1131,1177
1131,1182
1131,1186
1131,1194
1131,1430
1131,1214
1131,1237
1131,1431
1131,1426
1131,1201
1131,1202
1131,1206
1131,1432
1131,1433
1132,1226
1132,1144
1132,1139
1132,1221
1132,1145
1132,1146
1132,1434
1132,1428
1132,1174
1132,1176
1132,1177
1132,1435
1132,1436
1132,1182
1132,1194
1132,1437
1132,1430
1132,1214
1132,1237
1132,1431
1132,1383
1132,1202
1132,1206
1132,1438
1132,1432
1132,1433
1133,1439
1133,1147
1133,1440
1133,1174
1133,1176
1133,1436
1133,1182
1133,1194
1133,1437
1133,1430
1133,1214
1133,1237
1133,1431
1133,1383
1133,1426
1133,1202
1133,1206
1133,1432
1133,1433
1134,1441
1134,1442
1134,1219
1134,1417
1134,1252
1134,1443
1134,1268
1134,1444
1134,1159
1134,1190
1134,1191
1134,1216
1134,1379
1134,1445
1135,1269
1135,1188
1136,1446
1136,1157
1136,1268
1136,1439
1136,1162
1136,1189
1136,1194
1136,1199
1137,1413
1137,1220
1138,1267
1138,1154
1138,1155
1138,1156
1138,1144
1138,1153
1138,1448
1138,1449
1138,1168
1138,1170
1139,1219
1139,1208
1139,1148
1139,1143
1139,1146
1139,1178
1139,1257
1139,1387
1141,1149
1141,1144
1141,1182
1141,1186
1141,1255
1141,1258
1141,1437
1142,1496
1142,1418
1142,1497
1142,1267
1142,1226
1142,1154
1142,1155
1142,1164
1142,1156
1142,1425
1142,1242
1143,1417
1143,1423
1143,1424
1143,1209
1143,1178
1144,1450
1144,1151
1144,1145
1144,1152
1144,1500
1144,1172
1144,1173
1144,1176
1144,1245
1144,1186
1144,1202
1144,1246
1145,1429
1145,1175
1145,1172
1145,1173
1145,1186
1146,1197
1147,1236
1148,1386
1148,1173
1149,1251
1149,1252
1149,1268
1149,1157
1149,1182
1149,1186
1149,1216
1149,1379
1150,1231
1150,1159
1150,1239
1150,1528
1151,1152
1151,1176
1151,1245
1151,1202
1151,1246
1152,1450
1152,1173
1152,1176
1152,1245
1152,1202
1153,1534
1153,1226
1153,1493
1153,1154
1153,1155
1153,1156
1153,1168
1153,1170
1153,1535
1153,1214
1153,1813
1154,1496
1154,1534
1154,1815
1154,1226
1154,1486
1154,1493
1154,1156
1154,1440
1154,1499
1154,1168
1154,1169
1154,1500
1154,1170
1154,1535
1154,1435
1154,1195
1154,1813
1154,1816
1155,1267
1155,1226
1155,1493
1155,1156
1155,1448
1155,1168
1155,1169
1155,1535
1155,1435
1155,1195
1155,1813
1156,1534
1156,1226
1156,1493
1156,1448
1156,1440
1156,1499
1156,1168
1156,1169
1156,1500
1156,1535
1156,1435
1156,1195
1156,1813
1156,1817
1157,1841
1157,1234
1157,1190
1158,1166
1158,1539
1158,1438
1159,1442
1159,1461
1160,1273
1160,1844
1161,1163
1161,1846
1162,1446
1162,1268
1162,1439
1163,1444
1164,1220
1164,1232
1164,1167
1164,1234
1164,1846
1164,1205
1165,1856
1166,1211
1166,1859
1166,1225
1166,1860
1166,1438
1166,1432
1167,1841
1167,1232
1167,1234
1167,1205
1168,1496
1168,1418
1168,1267
1168,1226
1168,1448
1168,1449
1168,1498
1168,1169
1168,1500
1168,1170
1168,1440
1168,1435
1168,1186
1168,1813
1169,1267
1169,1226
1169,1448
1169,1186
1169,1813
1170,1496
1170,1536
1170,1535
1170,1435
1170,1813
1170,1237
1171,1726
1171,1471
1171,1735
1171,1751
1171,1736
1172,1429
1172,1175
1172,1428
1172,1174
1172,1176
1172,1177
1172,1182
1172,1194
1172,1214
1172,1237
1172,1202
1172,1218
1172,1206
1172,1432
1172,1433
1173,1538
1173,1221
1173,1428
1173,1174
1173,2199
1173,1176
1173,1177
1173,1436
1173,1182
1173,1194
1173,1437
1173,1430
1173,1214
1173,1237
1173,1431
1173,1383
1173,1426
1173,1202
1173,1206
1173,1438
1173,1432
1173,1433
1174,1428
1174,2199
1174,1177
1174,1182
1174,1372
1174,1194
1174,1214
1174,1237
1174,1431
1174,1206
1174,1438
1174,1432
1175,1236
1175,1186
1175,1237
1175,1218
1176,1450
1176,1245
1176,2203
1176,2199
1176,1177
1176,1194
1176,1214
1176,1237
1176,1202
1176,1206
1176,1432
1177,2199
1177,1520
1177,1436
1177,1194
1177,1214
1177,1237
1177,1431
1177,1470
1177,1206
1177,1438
1177,1432
1178,1420
1178,1371
1178,1473
1178,1802
1178,1806
1178,2119
1178,2200
1178,1470
1179,1269
1179,1980
1179,1216
1179,2332
1179,2341
1182,2655
1183,2417
1184,1219
1185,1468
1185,1372
1186,1255
1186,2752
1186,1445
1187,1377
1189,1446
1189,1268
1189,1439
1189,1234
1189,1385
1190,1444
1191,1522
1191,1417
1191,1523
1191,1231
1191,1812
1191,1525
1191,1251
1191,1252
1191,1268
1191,1478
1191,1439
1191,1192
1192,1522
1192,1417
1192,1523
1192,1231
1192,1812
1192,1525
1192,1251
1192,1252
1192,1268
1192,1478
1192,1439
1192,1600
1193,1450
1193,2867
1194,1229
1194,1258
1194,1434
1194,1931
1194,1437
1194,1430
1194,1214
1195,1418
1195,1497
1195,1226
1196,1199
1197,1537
1197,1538
1197,1429
1198,2571
1199,1502
1199,1204
1199,1433
1200,2066
1201,1463
1202,3045
1202,1450
1202,1208
1202,1225
1202,1245
1202,2203
1203,1268
1203,1269
1204,1433
1206,1208
1206,1214
1207,1400
1209,1268
1209,1843
1209,1257
1210,2070
1210,2067
1210,1338
1210,2071
1211,1226
1211,2087
1211,1500
1214,1485
1214,1237
1214,1431
1216,1441
1216,1521
1216,1522
1216,1417
1216,1523
1216,1524
1216,1231
1216,1525
1216,1251
1216,1526
1216,1527
1216,1458
1216,1252
1216,1268
1216,1269
1216,1439
1216,3000
1217,2357
1218,1485
1218,1419
1219,1509
1220,1234
1221,1444
1222,1718
1222,1719
1222,1371
1222,1717
1222,1282
1222,1264
1223,1441
1223,2068
1223,1808
1223,2069
1224,1450
1224,1375
1225,1523
1225,1534
1226,1496
1226,1418
1226,1497
1226,1267
1226,1425
1226,1498
1226,1440
1226,1499
1226,1500
1226,1435
1227,1530
1227,1531
1227,1532
1227,1533
1228,1498
1228,1816
1228,1499
1230,1536
1231,1252
1231,1263
1231,1239
1231,1864
1231,1865
1232,1234
1232,2018
1234,1414
1234,2847
1234,1439
1235,1849
1235,3044
1236,1429
1237,1429
1238,1731
1239,1250
1240,2093
1240,1463
1241,3008
1244,2424
1244,2566
1244,3062
1244,3061
1247,2888
1247,2889
1249,2689
1250,1728
1250,1262
1251,1252
1251,1520
1251,1379
1252,1441
1252,1521
1252,1522
1252,1417
1252,1523
1252,1524
1252,1525
1252,1526
1252,1527
1252,1458
1254,1446
1254,1439
1255,1843
1257,1268
1257,1423
1257,1424
1258,1427
1260,1446
1260,1439
1261,1459
1261,1474
1261,1272
1261,1263
1261,1266
1263,1417
1264,1718
1264,1282
1264,1722
1266,1489
1267,1448
1268,1811
1268,1522
1268,1417
1268,1523
1268,1812
1268,1525
1268,1439
1268,1269
1268,1426
1269,1426
1270,1459
1270,1852
1270,1272
1271,1850
1272,1459
1273,1844
1274,1370
1275,1276
1275,1277
1275,1278
1276,2306
1276,2307
1276,2305
1276,1920
1276,2308
1277,2310
1277,1610
1278,1287
1278,1914
1278,2941
1278,1610
1279,1280
1280,1281
1280,1282
1280,1283
1280,1284
1281,2079
1282,2392
1283,1284
1284,2668
1285,2773
1286,1287
1286,1288
1286,1289
1286,1290
1287,1291
1287,1292
1287,1293
1287,1294
1287,1295
1287,1296
1288,1297
1289,1298
1289,1290
1289,1299
1289,1300
1289,1301
1289,1302
1289,1296
1289,1303
1289,1304
1289,1305
1290,1298
1290,1306
1290,1307
1290,1308
1290,1309
1290,1310
1290,1303
1291,2112
1291,1292
1292,1611
1292,2112
1292,2236
1292,1609
1292,2113
1293,2214
1293,1918
1293,1610
1294,1295
1295,1311
1295,1296
1295,2715
1296,1912
1296,1913
1296,1311
1296,1610
1296,2943
1296,3018
1297,1654
1298,1311
1298,1312
1298,1313
1303,1452
1303,1454
1303,2899
1303,1306
1303,1308
1304,2983
1305,1962
1305,2179
1306,1451
1306,1452
1306,1453
1306,1454
1306,1455
1306,1456
1306,1457
1307,2091
1308,1456
1308,1710
1309,1992
1310,2957
1312,2351
1314,1315
1314,1316
1314,1317
1315,1318
1315,1317
1315,1319
1315,1320
1315,1321
1315,1322
1315,1323
1316,1317
1316,1319
1316,1324
1316,1320
1316,1322
1316,1323
1316,1325
1316,1326
1316,1327
1317,1328
1317,1323
1318,1329
1318,1320
1318,1321
1318,1323
1319,1320
1319,1329
1319,1324
1319,1322
1319,1786
1320,1790
1322,2181
1322,1323
1322,2518
1323,1390
1324,1783
1324,1787
1324,1329
1325,2585
1325,1790
1325,2160
1325,1346
1325,2157
1325,2158
1325,1351
1325,2176
1325,2154
1325,1361
1325,2177
1325,1367
1326,2714
1328,1330
1328,1331
1328,1332
1329,1783
1329,1784
1329,1397
1329,1785
1329,1782
1329,1399
1330,1331
1330,2132
1330,1833
1330,2137
1331,2139
1331,2140
1331,2141
1331,2142
1331,2083
1331,1332
1331,1917
1331,2134
1332,2536
1332,2793
1332,2996
1333,1334
1333,1335
1333,1336
1334,1340
1334,1336
1335,1341
1335,1342
1335,1343
1336,1344
1337,1489
1337,1423
1337,1495
1339,1368
1340,1345
1341,1346
1341,1347
1341,1348
1341,1349
1341,1350
1341,1351
1341,1352
1341,1353
1341,1354
1341,1343
1341,1355
1341,1356
1341,1357
1341,1358
1341,1359
1341,1360
1341,1361
1341,1362
1341,1363
1341,1364
1341,1365
1341,1366
1341,1367
1342,2169
1342,2643
1342,2690
1342,2693
1342,1354
1342,2650
1343,2499
1343,2766
1343,2767
1343,1531
1343,1820
1343,1533
1343,2958
1343,2839
1343,2366
1343,2550
1343,2768
1343,2377
1346,2149
1346,2151
1346,1348
1346,1353
1347,2150
1347,2148
1347,2152
1347,2170
1347,1348
1347,2765
1348,2149
1348,2766
1348,2767
1348,2148
1348,2163
1348,2765
1348,1364
1349,2362
1349,2790
1349,2366
1349,2408
1349,2373
1349,2791
1349,1357
1349,2792
1349,2409
1350,2408
1350,2794
1350,1357
1350,1362
1350,2409
1351,2585
1351,2148
1351,2176
1351,1695
1351,1367
1352,2839
1352,2385
1352,2373
1352,1355
1353,2149
1353,2893
1353,2362
1353,2150
1353,2151
1353,2894
1353,2626
1353,2167
1354,2912
1354,2913
1354,2914
1355,2362
1355,2373
1357,2362
1357,2793
1357,2790
1357,2366
1357,2739
1357,2148
1357,2794
1357,2408
1358,1790
1358,2167
1360,2585
1360,2586
1360,2154
1360,1695
1361,2149
1361,2585
1361,2150
1361,2151
1361,2162
1361,2148
1361,2166
1361,2176
1361,2163
1361,2158
1361,2590
1361,2154
1361,2159
1361,2153
1361,1695
1361,1367
1362,2161
1362,2585
1362,1663
1362,2150
1362,2151
1362,2163
1362,2158
1362,2590
1362,2154
1363,3030
1363,2154
1364,2149
1364,2151
1364,2163
1364,2590
1364,2159
1366,2656
1366,1701
1366,2257
1367,2149
1367,2585
1367,2151
1367,2160
1367,2176
1367,2163
1367,2159
1367,1573
1368,2086
1368,1376
1369,1370
1369,1378
1369,1379
1371,1489
1371,1419
1371,1421
1372,2488
1372,1751
1373,1423
1373,1843
1373,1374
1373,2203
1373,2206
1373,1426
1373,1600
1374,2206
1375,1489
1377,1421
1377,2359
1379,1522
1379,1523
1379,1524
1379,1525
1379,1526
1381,1808
1381,1382
1381,1809
1381,1810
1381,1384
1382,1808
1382,1810
1383,2206
1383,1426
1383,1477
1383,1520
1385,1439
1386,1537
1386,1538
1386,1429
1386,1539
1387,1803
1387,2488
1387,1471
1387,1802
1387,3071
1387,1447
1387,1539
1387,2200
1388,1389
1388,1390
1388,1391
1388,1392
1388,1393
1388,1394
1388,1395
1389,1391
1389,1393
1389,1394
1389,1395
1390,1392
1390,1394
1390,1395
1391,1392
1391,1393
1391,1394
1391,1395
1392,1393
1392,1394
1393,1396
1393,1394
1395,2523
1397,1783
1397,1399
1398,1882
1398,1938
1398,1939
1399,1783
1399,1791
1400,1401
1400,1402
1400,1403
1401,1403
1403,1404
1403,1405
1403,1406
1404,1408
1404,1409
1405,1406
1407,1413
1407,1459
1408,1506
1408,1507
1409,1506
1410,2107
1410,2028
1410,1545
1412,1413
1416,1443
1416,1460
1416,1461
1416,1462
1416,1463
1417,1423
1417,1471
1417,1472
1417,1473
1417,1474
1417,1475
1417,1476
1417,1477
1417,1478
1417,1479
1417,1480
1417,1426
1417,1481
1417,1482
1417,1483
1418,1449
1418,1484
1419,1485
1419,1421
1419,1486
1420,1471
1420,1487
1421,1488
1421,1432
1423,1489
1423,1490
1424,1491
1424,1492
1426,1489
1426,2206
1426,1600
1427,2087
1427,2979
1428,2199
1429,1537
1429,1538
1429,2200
1429,2201
1432,2999
1435,2576
1436,2621
1436,1900
1439,1446
1439,1477
1439,1501
1439,1502
1440,1499
1441,1519
1443,1524
1443,1461
1445,2712
1446,1501
1446,1502
1447,1801
1447,1802
1448,1498
1449,1845
1449,1484
1450,1597
1450,1768
1451,1454
1451,1510
1452,1511
1452,1454
1452,1512
1452,1513
1452,1514
1453,1455
1453,1515
1453,1516
1453,1517
1454,1518
1454,1457
1456,1649
1457,2669
1457,3082
1458,1846
1459,1850
1459,1851
1460,1462
1462,1463
1463,2774
1463,2338
1463,1623
1463,1730
1463,2390
1464,2560
1464,1900
1465,1853
1468,1854
1468,1855
1469,1523
1470,1538
1470,2200
1470,2203
1471,1804
1471,1472
1471,1801
1471,1805
1471,1473
1471,1806
1471,1474
1471,1751
1471,1573
1471,1480
1471,1807
1473,1474
1473,1480
1474,1475
1474,1806
1474,1477
1480,2960
1480,1910
1481,2870
1482,1483
1483,1489
1484,1845
1486,1815
1487,2173
1489,1597
1489,1598
1489,1599
1489,1600
1491,2909
1491,2910
1491,2911
1493,1534
1493,1535
1493,1536
1495,2833
1496,1500
1497,1818
1500,1535
1503,3020
1504,2217
1504,2218
1504,1505
1504,1774
1504,2028
1504,2216
1504,1545
1505,2221
1506,2954
1507,1618
1509,1679
1509,1685
1510,2898
1510,2477
1511,1512
1512,2358
1512,1514
1513,2959
1514,2358
1514,2407
1518,3017
1521,1864
1521,1865
1523,1857
1523,1858
1526,2545
1527,2546
1530,1819
1530,1820
1530,1821
1530,1822
1530,1823
1530,1533
1530,1824
1530,1825
1530,1826
1530,1827
1530,1828
1530,1829
1530,1830
1530,1622
1530,1578
1531,1532
1531,1820
1531,1831
1532,1820
1532,2550
1532,2551
1532,2552
1532,2553
1532,2554
1532,1831
1533,1820
1534,1536
1534,1813
1534,1814
1535,1536
1537,1538
1537,2200
1538,2200
1538,2201
1540,2286
1543,2951
1543,2347
1544,1545
1545,2032
1545,2028
1546,1547
1546,1548
1547,1552
1547,1549
1547,1548
1547,1551
1548,1551
1549,1553
1551,1552
1553,2430
1556,1557
1556,1559
1557,1559
1558,1566
1558,1567
1558,1559
1558,1560
1558,1561
1559,1981
1559,1730
1559,1561
1560,1566
1560,2760
1560,1567
1560,2846
1560,1561
1561,1566
1561,2760
1561,1807
1561,1567
1561,2846
1563,1568
1566,1571
1568,1573
1571,2998
1575,1897
1575,1898
1575,1899
1576,1577
1576,1578
1577,3050
1578,2445
1580,1581
1580,1582
1580,1583
1581,1583
1582,1584
1582,1583
1583,1585
1586,1592
1587,1588
1587,1589
1587,1590
1591,1592
1591,1593
1591,1594
1591,1595
1591,1596
1592,1593
1593,1594
1593,1596
1595,1777
1595,1596
1596,1777
1598,1599
1598,2130
1598,2131
1600,2206
1602,1604
1604,1771
1604,1859
1604,2617
1604,1860
1605,1606
1606,2850
1606,2780
1607,1629
1608,1609
1608,1610
1609,1611
1609,1612
1609,1610
1610,1912
1610,1913
1610,2237
1610,1970
1610,1629
1610,1630
1610,1627
1610,2307
1611,1613
1613,2654
1614,1615
1615,2190
1615,2191
1615,2192
1615,2193
1615,2194
1616,1617
1616,1618
1616,1619
1616,1620
1617,1871
1617,1618
1617,1619
1618,1619
1618,1620
1624,1625
1625,2327
1625,1896
1625,2328
1625,2313
1628,1630
1628,1631
1628,1632
1628,1643
1628,1636
1629,1644
1629,1638
1629,1631
1629,1640
1629,1633
1629,1634
1630,1632
1630,1639
1630,1653
1630,1641
1630,1633
1631,1662
1631,1638
1631,1639
1631,1640
1631,1653
1631,1634
1631,1654
1633,1641
1634,1644
1634,1638
1634,1640
1637,1649
1637,1650
1637,1651
1638,1652
1638,1639
1638,1640
1638,1653
1638,1654
1640,1644
1640,1662
1640,1646
1642,3015
1644,1645
1644,1646
1644,1647
1646,1662
1646,2639
1648,1655
1648,1656
1649,1650
1649,1657
1649,1658
1649,1659
1649,1660
1649,1661
1651,2483
1651,2397
1651,2453
1653,1982
1653,1656
1653,2435
1654,2637
1655,1781
1656,1982
1656,1984
1656,2019
1656,1985
1656,2435
1656,2280
1656,1687
1657,1658
1657,2637
1658,2637
1659,2558
1659,2475
1662,2022
1663,2520
1665,2718
1665,2719
1666,1667
1667,2173
1667,1790
1667,2024
1667,2681
1667,1787
1667,1794
1667,2682
1667,1793
1667,1792
1667,1786
1667,3016
1670,2130
1670,1734
1670,2131
1672,2760
1675,1750
1675,1753
1675,1677
1676,2944
1677,2031
1677,1753
1677,2210
1678,1679
1679,1680
1679,1681
1679,1682
1679,1683
1679,1684
1679,1685
1681,1682
1681,2641
1683,2077
1683,2078
1686,1687
1687,1982
1687,1871
1687,2275
1687,1986
1687,2280
1688,1689
1688,1691
1688,1693
1688,1694
1688,1695
1688,1696
1688,1697
1688,1698
1688,1699
1688,1700
1689,1691
1689,1692
1689,1693
1689,1694
1689,1697
1690,2465
1690,2450
1690,2459
1690,2089
1690,2466
1690,2456
1690,2467
1690,2397
1690,2457
1690,2463
1690,2468
1690,2469
1690,2464
1690,2470
1690,2471
1690,2472
1690,2473
1690,2474
1690,1700
1690,2475
1691,2445
1691,2397
1691,2453
1691,2785
1691,2454
1692,1693
1692,2339
1693,1694
1695,2585
1695,2151
1695,2154
1698,1699
1701,2256
1701,2257
1701,2258
1701,2177
1701,2259
1702,1706
1707,1708
1708,1710
1708,1711
1709,1713
1709,1714
1710,1907
1715,2591
1715,2624
1717,1718
1717,1719
1717,1720
1717,1721
1718,1719
1718,1720
1718,1722
1719,1723
1719,1724
1719,1720
1719,1722
1719,1725
1721,1729
1721,1732
1721,1722
1721,1733
1721,1734
1723,1724
1723,1727
1725,2855
1726,1738
1726,1735
1726,1736
1726,1737
1728,1740
1729,1741
1729,1745
1729,1730
1729,1743
1729,1746
1730,1741
1730,1747
1730,1745
1730,1748
1730,1743
1731,1732
1731,1734
1732,1748
1732,1734
1734,2927
1734,2130
1734,1748
1735,1736
1738,1801
1738,1752
1739,1750
1739,1751
1739,1752
1739,1753
1741,1745
1741,1743
1741,1754
1742,1755
1743,1745
1743,1748
1743,1746
1744,1745
1744,1746
1745,1746
1747,1756
1747,1757
1748,1759
1748,1760
1748,1761
1748,1762
1749,1967
1750,2092
1750,1753
1751,2490
1759,1979
1759,1916
1759,2927
1759,1981
1759,2928
1759,1760
1759,1762
1759,3036
1760,1979
1760,1916
1760,1981
1760,1762
1760,3036
1761,2869
1762,3036
1763,1764
1764,1765
1764,1766
1764,1767
1765,2422
1766,2531
1766,2939
1768,3056
1769,1770
1770,2808
1770,1771
1770,1859
1770,2617
1770,2899
1770,1860
1771,2808
1771,2807
1771,1860
1772,2568
1773,1776
1773,1778
1773,1779
1775,2207
1775,2039
1775,2041
1775,2040
1775,2210
1775,2211
1775,2215
1775,2213
1780,1781
1784,1785
1786,2173
1786,1790
1786,2516
1786,1787
1786,3003
1787,1791
1787,1792
1787,1793
1787,1794
1787,1795
1787,1796
1788,1789
1790,1962
1790,2173
1790,1930
1790,2151
1790,2158
1790,2174
1790,2175
1790,2176
1790,2177
1791,2173
1791,2612
1791,2053
1791,1933
1791,2055
1791,2520
1792,2175
1792,2681
1792,2682
1793,1796
1795,2541
1797,1798
1798,1912
1798,1913
1798,2715
1798,1970
1798,1973
1799,1800
1802,1803
1804,1806
1806,2344
1806,2345
1808,2066
1808,2067
1813,2576
1817,2966
1819,2531
1819,2532
1819,2533
1820,2550
1820,1831
1821,1822
1821,2187
1823,2862
1823,2863
1824,2115
1824,1827
1828,3068
1828,1831
1828,2115
1831,2551
1831,2552
1832,1833
1833,2132
1834,1835
1835,1836
1835,1837
1835,1838
1835,1839
1836,1840
1837,1839
1839,2657
1842,1948
1843,1861
1847,3002
1853,2757
1853,2755
1854,1855
1855,2235
1858,2205
1859,2581
1859,2617
1859,2618
1859,1860
1859,2619
1859,2620
1860,2619
1860,2620
1861,2641
1863,1923
1863,2930
1863,2987
1866,1867
1867,1868
1867,1869
1867,1870
1868,1869
1868,1871
1868,1872
1868,1873
1868,1874
1868,1875
1868,1876
1869,1871
1870,1877
1870,1878
1871,2274
1871,2261
1871,2275
1871,2276
1871,2277
1871,2278
1871,2279
1871,2280
1871,1873
1871,1874
1871,1875
1871,2281
1871,2282
1871,2283
1871,1997
1871,1998
1871,2284
1871,2285
1871,2270
1872,2614
1872,2570
1873,2127
1873,2266
1873,2865
1873,2280
1874,2127
1874,2266
1874,2865
1874,2874
1875,2318
1875,2789
1876,2991
1877,2787
1877,2786
1878,2261
1879,1880
1881,1896
1882,1901
1882,1902
1883,1894
1886,1906
1886,1907
1886,1896
1886,1908
1886,1909
1890,1915
1891,1916
1891,1917
1892,1912
1892,1913
1892,1918
1894,1920
1896,1908
1897,1923
1897,1899
1898,1924
1899,1995
1900,2560
1901,1933
1901,1934
1901,1935
1901,1936
1901,1937
1902,1940
1903,1909
1903,3040
1905,1965
1905,1966
1906,1982
1906,2021
1906,1983
1907,2292
1907,2294
1908,2329
1909,2506
1909,3040
1912,1913
1912,1918
1912,1969
1912,1970
1912,1971
1912,1972
1912,1973
1913,1970
1913,1971
1913,1972
1913,1973
1915,1976
1915,1958
1915,1977
1916,1978
1916,1979
1916,1980
1916,1981
1917,2720
1918,1969
1918,1987
1918,1988
1919,1989
1920,2305
1920,2306
1920,2307
1920,2309
1920,2308
1922,1990
1922,1991
1922,1992
1922,1993
1923,1994
1926,1928
1926,1943
1926,1929
1927,2505
1928,1929
1928,1942
1930,1944
1930,1945
1930,1946
1930,1947
1933,1934
1933,1954
1933,1936
1933,1955
1933,1956
1933,1957
1933,1958
1933,1959
1933,1960
1934,1961
1935,2511
1935,2510
1935,2512
1935,2513
1935,2514
1936,2609
1936,2024
1936,1954
1936,1955
1936,1961
1936,2518
1936,2522
1936,1956
1936,2025
1936,2520
1936,1960
1938,2198
1938,2192
1938,2197
1939,2717
1939,2510
1939,2809
1940,1962
1940,1963
1940,1964
1941,2517
1942,2759
1944,2412
1944,1945
1944,2401
1944,2405
1944,2406
1944,1947
1944,2413
1945,2412
1945,2416
1945,1947
1945,2413
1946,2173
1946,2180
1946,2181
1946,2736
1946,2825
1947,2412
1948,1975
1950,2238
1954,2520
1954,2518
1954,1956
1954,2524
1954,1959
1954,1960
1955,2520
1956,1961
1956,2524
1956,1960
1957,2611
1957,2520
1957,1958
1959,2609
1959,1961
1959,2524
1960,2024
1960,2524
1960,2518
1960,3016
1961,2609
1961,2610
1962,2178
1962,2163
1962,2179
1965,1974
1969,2962
1969,1987
1970,1973
1971,2214
1971,1972
1978,1980
1978,2544
1979,1981
1982,2019
1982,1983
1982,1984
1982,1985
1983,2019
1983,1985
1984,1985
1984,1986
1985,2439
1985,2549
1985,1989
1985,1986
1986,1990
1986,2275
1987,2611
1987,2674
1987,2962
1988,2962
1989,2436
1989,2440
1989,2441
1989,2652
1990,2653
1991,1992
1991,1993
1992,1993
1994,3058
1996,1997
1996,1998
1997,1998
1999,2000
1999,2001
1999,2002
2001,2640
2003,2004
2005,2006
2006,2252
2007,2010
2007,2011
2007,2012
2010,2709
2012,2106
2013,2740
2015,2740
2019,2224
2020,3049
2020,2977
2020,2750
2020,3004
2023,2485
2023,2486
2024,2025
2024,2026
2024,2027
2026,3016
2028,2031
2028,2032
2029,3075
2033,2035
2033,2038
2034,2092
2034,2096
2035,2039
2036,2493
2036,2037
2039,2041
2039,2040
2040,2207
2040,2041
2040,2211
2040,2213
2045,2046
2047,2048
2047,2049
2047,2050
2048,2051
2048,2052
2048,2053
2048,2054
2048,2055
2048,2056
2048,2057
2048,2058
2048,2059
2048,2060
2048,2061
2048,2062
2048,2063
2048,2064
2048,2065
2049,2055
2049,2057
2050,3035
2051,2053
2051,2052
2051,2240
2052,2241
2052,2054
2052,2057
2052,2058
2052,2059
2052,2062
2052,2244
2053,2245
2053,2054
2053,2055
2053,2057
2053,2058
2053,2059
2053,2060
2053,2246
2053,2242
2053,2062
2053,2247
2053,2248
2053,2249
2054,2055
2054,2056
2054,2057
2054,2058
2055,2056
2055,2057
2055,2058
2055,2062
2055,2248
2055,2063
2055,2716
2055,2065
2056,2059
2056,2717
2056,2716
2057,2248
2057,2716
2058,2717
2058,2062
2059,2190
2059,2718
2059,2241
2059,2242
2059,2243
2060,2246
2060,2062
2061,2915
2062,2972
2062,2245
2062,2510
2062,2246
2063,2701
2066,2067
2067,2068
2068,2072
2068,2073
2070,2071
2075,2077
2075,2078
2079,2080
2081,2082
2081,2083
2081,2084
2081,2085
2084,2085
2087,2728
2087,2732
2087,2729
2088,2089
2089,2463
2089,2464
2089,2470
2089,2471
2089,2474
2089,2475
2092,2096
2094,2095
2094,2097
2094,2098
2094,2099
2094,2100
2094,2101
2095,2097
2095,2098
2095,2102
2095,2099
2095,2100
2095,2103
2095,2101
2097,2098
2097,2102
2097,2099
2097,2100
2097,2103
2097,2101
2099,2100
2100,2844
2102,2103
2102,2700
2103,2820
2104,2105
2104,2107
2104,2108
2104,2109
2105,2107
2105,2110
2105,2109
2107,2216
2112,2113
2113,2270
2114,2115
2114,2116
2114,2117
2115,2967
2120,2881
2122,2123
2123,2633
2123,2632
2123,2630
2124,2781
2126,2127
2130,2131
2131,2543
2132,2138
2133,2826
2134,2138
2134,2536
2135,2793
2136,2138
2136,2272
2136,2281
2139,2143
2139,2140
2139,2144
2140,2143
2140,2633
2140,2635
2140,2632
2140,2627
2140,2629
2140,2630
2141,2144
2141,2636
2143,2631
2143,2632
2143,2627
2143,2630
2143,2633
2143,2634
2144,2627
2145,2146
2145,2147
2148,2149
2148,2150
2148,2151
2148,2152
2148,2153
2148,2154
2148,2155
2148,2156
2149,2150
2149,2151
2149,2157
2149,2158
2149,2159
2149,2160
2149,2161
2149,2162
2149,2163
2149,2164
2149,2165
2149,2154
2149,2166
2149,2167
2149,2156
2150,2168
2150,2169
2150,2152
2150,2170
2150,2153
2150,2154
2151,2159
2151,2162
2151,2163
2152,2170
2152,2153
2152,2154
2153,2958
2153,2170
2153,2155
2154,2585
2154,2257
2154,2166
2154,2176
2154,2163
2154,2158
2155,2385
2155,2163
2155,2601
2155,2408
2157,2585
2157,2586
2157,2158
2157,2159
2158,2588
2158,2161
2158,2585
2158,2174
2158,2162
2158,2586
2158,2159
2158,2589
2159,2590
2161,2588
2161,2174
2161,2592
2161,2593
2161,2594
2164,2373
2164,2600
2165,2177
2166,2177
2167,2585
2167,2362
2167,2590
2168,2171
2169,2172
2173,2180
2173,2181
2173,2182
2173,2183
2174,2588
2174,2592
2174,2594
2175,2181
2175,2678
2176,2585
2176,2586
2176,2587
2177,2585
2177,2893
2177,2256
2178,2240
2180,2254
2182,2929
2183,2989
2183,2426
2184,2185
2184,2186
2185,2186
2185,2187
2185,2188
2185,2189
2190,2193
2190,2195
2190,2196
2192,2193
2192,2194
2192,2197
2193,2194
2194,2197
2195,2196
2196,2972
2196,3042
2197,2281
2197,2803
2202,2204
2203,2205
2203,2206
2204,2488
2207,2210
2207,2211
2207,2212
2207,2213
2210,2211
2210,2215
2210,2213
2211,2723
2211,2212
2211,2215
2211,2213
2212,2213
2213,2723
2213,2215
2218,2220
2220,2923
2222,2223
2223,2224
2223,2225
2223,2226
2224,2233
2224,2226
2224,2234
2228,2229
2228,2231
2229,2235
2232,2640
2234,2574
2235,2993
2237,2239
2238,2341
2238,2342
2238,2343
2240,2241
2241,2242
2241,2243
2242,2245
2242,2246
2243,2718
2243,2244
2244,2754
2245,2314
2245,2246
2245,2249
2246,2314
2246,2249
2247,2612
2247,3019
2248,2510
2250,2251
2250,2252
2251,2253
2251,2254
2251,2255
2252,2735
2252,2736
2252,2737
2253,2311
2253,2312
2254,3032
2255,2829
2255,2876
2255,3073
2255,2487
2257,2501
2259,3022
2259,3066
2260,2261
2260,2262
2260,2263
2261,2264
2261,2265
2261,2266
2261,2267
2261,2268
2261,2269
2261,2263
2261,2270
2261,2271
2262,2263
2264,2266
2265,2272
2265,2273
2266,2268
2266,2271
2267,2271
2268,2275
2268,2280
2273,2786
2275,2502
2275,2503
2275,2280
2277,2764
2278,2319
2278,2789
2278,2279
2278,2320
2279,2859
2279,2858
2280,2506
2280,2284
2280,2864
2281,2802
2281,2799
2281,2804
2282,2789
2282,2865
2284,2506
2284,2864
2288,2289
2289,2290
2289,2291
2292,2293
2295,2296
2295,2297
2296,2298
2296,2297
2297,2298
2297,3079
2297,2475
2299,2300
2299,2301
2299,2302
2299,2303
2299,2304
2300,2301
2300,2303
2301,2813
2301,2302
2301,2303
2303,2813
2303,2638
2306,2307
2306,2308
2307,2310
2309,2432
2309,2556
2311,2312
2312,2922
2315,2316
2316,2317
2317,2427
2318,2319
2318,2320
2319,2321
2319,2322
2319,2323
2321,2322
2321,3043
2321,2579
2329,2709
2329,3051
2330,2331
2330,2332
2333,2334
2333,2335
2334,2335
2337,2338
2339,2896
2339,2897
2341,2711
2342,2760
2344,2345
2348,2349
2349,2350
2349,2351
2349,2352
2349,2353
2350,2351
2350,2352
2350,2579
2351,2352
2352,2353
2352,2580
2353,2579
2353,2580
2353,2784
2353,2583
2353,2964
2353,2965
2353,2584
2355,3026
2356,2357
2359,2360
2361,2362
2361,2363
2362,2364
2362,2365
2362,2366
2362,2367
2362,2368
2362,2369
2362,2370
2362,2371
2362,2372
2362,2373
2362,2374
2362,2375
2362,2376
2362,2377
2362,2378
2362,2379
2362,2380
2362,2381
2362,2382
2363,2383
2363,2384
2363,2385
2363,2386
2363,2387
2364,2373
2364,2374
2365,2366
2366,2372
2366,2374
2367,2796
2367,2368
2367,2369
2367,2370
2367,2379
2368,2796
2368,2369
2368,2370
2368,2371
2368,2379
2369,2796
2369,2370
2369,2371
2369,2379
2370,2371
2370,2379
2371,2379
2373,2374
2375,2376
2375,2380
2378,2981
2382,3047
2382,2598
2382,2599
2383,2388
2383,2389
2383,2386
2383,2387
2384,2598
2384,2599
2384,2385
2385,2600
2385,2601
2387,2599
2389,3031
2390,2774
2396,2397
2396,2398
2396,2399
2397,2483
2397,2453
2397,2472
2399,2483
2399,2453
2400,2401
2400,2402
2400,2403
2400,2404
2401,2405
2401,2402
2401,2403
2401,2406
2401,2404
2401,2407
2402,2408
2402,2409
2403,2410
2403,2404
2403,2411
2404,2405
2404,2406
2405,2406
2405,2413
2408,2793
2408,2790
2408,2794
2408,2795
2408,2792
2408,2409
2409,2793
2409,2790
2409,2794
2409,2792
2410,2414
2411,2461
2412,2415
2412,2416
2412,2413
2413,2415
2415,2604
2415,2606
2417,2419
2417,2422
2419,2420
2419,2422
2422,2686
2424,2425
2425,3083
2429,2430
2430,2431
2431,2875
2431,2876
2432,2433
2432,2434
2434,2556
2436,2438
2436,2439
2436,2440
2436,2441
2436,2442
2440,2441
2440,2442
2443,2444
2443,2445
2443,2446
2443,2447
2443,2448
2444,2449
2444,2446
2444,2447
2444,2450
2444,2448
2444,2451
2444,2452
2445,2453
2445,2454
2446,2450
2446,2455
2446,2447
2446,2448
2446,2456
2446,2457
2447,2448
2448,2450
2448,2456
2450,2458
2450,2459
2450,2456
2450,2460
2450,2461
2450,2462
2451,2460
2451,2477
2451,2770
2451,2771
2451,2478
2451,2772
2453,2785
2453,2454
2454,2985
2455,2463
2455,2464
2456,2465
2456,2466
2456,2467
2456,2459
2456,2457
2457,2465
2457,2466
2457,2459
2457,2463
2459,2465
2459,2466
2459,2467
2461,2462
2463,2468
2463,2671
2463,2469
2463,2464
2463,2470
2463,2931
2465,2466
2465,2467
2466,2483
2467,2539
2467,2469
2467,2472
2468,2470
2468,2931
2469,2671
2469,2931
2470,2931
2471,2935
2474,2660
2475,2660
2476,2477
2476,2478
2478,2770
2478,2771
2479,2480
2479,2481
2479,2482
2480,2531
2480,2534
2487,2488
2487,2489
2488,2490
2488,2491
2492,2806
2492,2807
2492,2676
2493,2494
2496,2497
2498,2499
2500,2501
2502,2504
2502,2503
2503,2504
2503,2505
2505,2506
2505,2507
2505,2508
2506,2866
2506,2507
2506,2864
2509,2510
2511,2515
2511,2513
2518,2519
2518,2520
2518,2521
2518,2522
2518,2523
2519,2525
2519,2520
2520,2522
2526,2527
2527,2528
2527,2529
2528,2530
2531,2532
2531,2534
2531,2535
2532,2534
2534,2535
2535,2905
2536,2537
2536,2538
2538,2997
2540,2541
2540,2542
2541,2543
2547,2548
2548,3054
2555,2559
2560,2561
2560,2562
2560,2563
2561,2562
2561,2564
2561,2563
2562,2564
2563,3023
2563,2564
2567,2568
2568,2569
2568,2570
2570,2899
2570,2900
2572,2573
2572,2574
2573,2574
2573,2575
2576,2577
2577,2578
2579,2581
2579,2582
2579,2583
2579,2580
2579,2584
2580,2963
2580,2964
2580,2584
2581,2614
2581,2615
2583,2963
2584,2763
2585,2587
2588,2592
2588,2593
2593,2884
2595,2596
2598,2599
2599,2600
2600,2835
2602,2782
2603,2604
2603,2605
2604,2605
2604,2606
2604,2607
2604,2608
2606,2906
2609,2610
2611,2673
2611,2674
2611,2676
2612,2747
2613,2713
2614,2616
2615,2619
2615,2620
2617,2808
2617,2807
2617,2809
2619,2620
2622,2623
2622,2624
2623,2625
2624,2626
2627,2628
2627,2629
2627,2630
2628,2630
2629,2630
2630,2633
2630,2632
2631,2632
2632,2633
2632,2634
2642,2643
2643,2644
2643,2645
2643,2646
2643,2647
2643,2648
2643,2649
2643,2650
2643,2651
2645,2742
2645,2743
2645,2646
2645,2744
2646,2744
2646,2746
2646,2651
2648,2831
2650,3074
2653,2654
2656,2657
2656,2658
2656,2659
2658,2908
2659,2688
2660,2661
2660,2662
2660,2663
2660,2664
2661,2662
2661,2665
2662,2663
2662,2976
2662,2665
2663,2664
2663,2665
2665,3065
2666,2667
2670,2671
2671,2672
2672,2986
2673,2674
2673,2675
2674,2677
2681,2682
2684,2851
2684,2852
2684,2853
2684,2854
2684,2855
2687,2688
2690,2691
2690,2692
2691,2694
2692,2695
2692,2693
2693,2697
2695,2696
2702,2703
2702,2704
2702,2705
2703,2704
2706,2707
2709,2710
2718,2719
2720,2721
2721,2741
2722,2723
2722,2724
2723,2724
2723,2725
2723,2726
2724,2820
2724,2726
2726,2820
2726,2818
2726,2980
2726,2821
2727,2728
2727,2729
2727,2730
2728,2731
2729,2733
2730,2733
2730,2979
2731,2733
2732,2775
2733,2979
2738,2739
2742,2743
2742,2745
2743,2745
2749,2750
2750,2751
2755,2756
2760,2761
2762,2763
2765,2791
2765,2848
2766,2767
2766,2768
2767,2768
2770,2771
2770,2772
2771,3006
2772,2948
2776,2777
2776,2778
2777,2778
2780,3014
2782,2783
2790,2792
2797,2798
2797,2799
2797,2800
2798,2799
2798,2800
2798,2801
2799,2802
2799,2800
2799,2803
2799,2804
2800,2802
2801,2872
2802,2805
2803,2804
2807,2808
2810,2811
2810,2812
2810,2813
2810,2814
2810,2815
2810,2816
2812,2814
2813,2994
2813,2814
2814,2815
2814,2994
2815,2816
2817,2818
2817,2819
2818,2820
2818,2819
2818,2821
2819,2820
2820,2821
2822,2823
2823,2824
2823,2825
2828,2829
2829,2830
2832,2833
2833,2938
2833,3041
2835,2840
2835,2841
2835,2842
2836,2837
2840,2841
2840,2842
2840,2933
2841,2933
2843,2844
2843,2845
2844,2845
2846,2883
2850,2952
2851,2855
2852,2853
2852,2856
2853,2856
2858,2859
2859,2860
2859,2861
2861,3070
2863,2921
2870,2871
2875,2876
2877,2878
2877,2879
2877,2880
2878,2879
2878,3011
2878,2880
2879,3011
2880,3011
2881,2882
2884,2885
2892,3027
2892,3028
2893,2895
2899,2900
2900,2901
2903,2904
2912,2914
2913,2914
2917,2920
2918,2919
2920,2983
2924,2925
2925,2926
2927,2928
2932,2970
2932,2971
2933,2934
2934,2935
2934,2936
2934,2937
2940,2941
2941,2942
2941,2943
2946,2947
2949,2950
2954,2955
2964,2995
2967,2968
2968,2969
2970,2971
2972,2973
2977,2978
2991,2992
3001,3048
3002,3078
3006,3007
3010,3012
3012,3037
3023,3024
3027,3034
3029,3030
3046,3047
3053,3054
3059,3060
3063,3064
3076,3077
