source,target
0,1
0,2
0,3
0,4
0,5
0,6
0,7
0,8
0,9
0,10
0,11
0,12
0,13
0,14
0,15
0,16
0,17
0,18
1,1879
1,6
1,11
1,12
1,1880
1,496
2,2014
2,661
3,7
3,8
3,940
3,10
3,12
3,1406
3,15
4,451
4,940
4,2022
4,10
4,18
4,2023
5,1199
5,45
5,1746
5,450
5,501
5,950
5,1747
5,732
5,937
5,1749
5,1145
5,245
6,485
6,1879
6,11
6,12
6,1880
6,1144
6,496
7,951
7,8
7,2039
8,498
8,485
8,102
8,1408
8,1406
8,2040
9,1998
9,1142
9,1193
9,11
9,1143
9,1145
10,1398
10,2022
10,12
10,1406
10,18
11,1199
11,2042
11,1998
11,503
11,487
11,1051
11,1040
11,1142
11,1141
11,28
11,1894
11,1054
11,1143
11,447
11,504
11,12
11,2044
12,2042
12,2919
12,1879
12,426
12,2012
12,1063
12,494
12,1976
12,2032
12,1732
12,489
12,447
12,1743
12,2110
12,1735
12,444
12,449
14,241
14,244
14,245
17,2745
17,3035
17,2078
18,1398
18,451
19,20
20,1051
21,22
21,23
21,24
21,25
21,26
22,2712
23,2958
23,2959
23,1075
23,434
23,1126
24,943
25,1075
26,2712
27,28
27,29
27,30
27,31
27,32
27,33
27,34
28,1512
28,692
28,693
28,689
28,697
28,730
28,705
28,708
28,711
28,723
28,103
30,31
30,3027
31,726
32,2351
33,1512
33,692
33,1513
34,2605
34,3082
34,485
34,3081
34,3083
35,36
35,37
35,38
35,39
35,40
35,41
35,42
36,43
36,44
36,45
36,46
36,47
37,48
37,38
37,41
37,49
37,50
37,51
37,52
37,53
37,54
37,55
37,56
37,57
37,58
37,59
37,60
37,61
37,62
38,63
38,41
38,42
38,51
38,55
38,59
38,61
38,64
38,65
40,66
40,67
40,42
40,68
41,44
41,69
41,49
41,70
41,63
41,64
42,71
42,72
42,73
42,74
42,75
42,76
42,67
42,77
42,78
42,79
42,80
42,68
43,81
43,69
43,82
43,51
43,83
43,55
43,84
43,85
43,86
43,87
43,88
43,89
43,90
43,91
43,61
43,92
43,93
43,62
43,94
44,69
44,51
44,95
44,96
44,62
46,69
46,1631
46,87
46,102
46,851
46,2296
47,643
47,2838
48,97
48,98
49,105
49,106
49,71
49,70
49,107
49,55
49,108
49,109
49,61
49,92
49,110
49,111
49,112
50,82
50,531
50,568
50,569
50,570
50,571
50,572
50,573
50,574
50,575
50,576
50,577
50,578
51,162
51,1205
51,966
51,100
51,1206
51,163
51,287
51,1180
51,285
51,164
51,69
51,1207
51,1208
51,1209
51,528
51,529
51,1176
51,101
51,967
51,121
51,1210
51,590
51,537
51,376
51,821
51,822
51,593
51,81
51,437
51,794
51,1054
51,79
51,267
51,1211
51,1212
51,152
51,86
51,58
51,130
51,88
51,134
51,1213
51,91
51,462
51,368
51,139
51,1214
51,1215
51,464
51,1216
51,94
53,964
53,1206
53,79
53,1153
53,99
53,2117
53,355
53,91
53,2118
54,964
54,2154
54,407
54,1094
55,105
55,106
55,69
55,812
55,121
55,70
55,125
55,2213
56,597
56,1115
56,1048
56,1267
57,1776
57,1514
57,60
57,2394
57,62
57,1643
58,1208
58,1176
58,121
58,79
58,590
58,593
58,87
58,1773
58,1018
59,2831
59,88
59,91
59,973
60,338
60,1375
60,1115
60,1048
60,1076
60,1045
60,696
60,1561
60,689
60,1378
60,2190
60,694
60,330
60,1090
60,187
60,179
60,180
61,69
61,92
61,90
61,62
62,878
63,99
63,100
63,101
63,102
64,528
64,529
64,540
64,539
64,530
64,531
64,113
64,532
65,76
65,67
65,77
66,68
67,74
67,75
67,76
67,80
67,68
67,103
68,966
68,1208
68,2128
68,439
69,81
69,101
69,86
69,87
69,92
69,104
69,96
69,94
70,105
70,113
70,114
70,115
70,109
70,116
70,111
70,112
71,117
71,118
71,119
71,120
71,107
71,121
71,122
71,123
71,124
71,125
71,126
71,109
71,127
71,128
71,129
71,130
71,131
71,132
71,133
71,134
71,135
71,136
71,137
71,138
71,139
71,140
71,141
72,142
72,143
72,144
72,145
72,146
72,147
72,148
72,149
73,150
73,151
73,79
73,152
74,80
75,153
75,154
75,155
76,77
76,156
79,696
79,80
79,533
79,88
79,148
79,1213
79,91
79,103
79,1216
80,2631
81,162
81,163
81,164
81,86
81,94
82,642
82,643
82,605
82,607
82,644
83,1205
83,1645
83,812
83,375
83,1644
83,376
83,1212
83,1647
83,85
83,730
83,1651
83,1646
83,92
83,1469
83,93
84,117
84,2290
84,1176
84,1013
84,689
84,1211
84,1874
84,187
84,1016
84,2129
84,1018
84,1015
84,2291
84,2292
84,172
85,1205
85,378
85,1645
85,1647
85,92
86,121
86,845
86,730
86,87
87,102
88,965
88,601
88,2831
88,2832
88,557
88,320
88,152
88,437
89,528
89,529
89,121
89,537
89,539
89,530
89,531
89,113
89,532
89,533
90,201
90,590
90,656
90,2776
91,966
91,309
91,965
91,1207
91,1208
91,849
91,1176
91,2128
91,968
91,1777
91,2601
91,439
91,651
91,1018
91,437
93,812
94,121
94,1607
95,2021
95,1113
95,433
95,940
96,529
96,532
97,476
97,1871
98,590
99,121
99,2119
100,849
100,101
100,102
100,130
100,2004
100,2119
101,162
101,2130
101,102
101,1878
101,103
101,2132
102,162
102,2099
102,130
103,1957
103,1567
103,2827
103,692
103,145
103,1770
103,2828
103,696
103,1948
103,689
103,2826
103,2130
103,694
103,2124
103,2504
103,2119
103,1133
103,3151
105,109
105,140
106,165
106,107
106,166
106,167
106,109
106,168
106,127
106,169
106,110
106,170
106,112
106,140
106,171
107,520
107,830
107,831
107,166
107,810
107,812
107,121
107,813
107,122
107,167
107,821
107,822
107,807
107,797
107,798
107,799
107,120
109,843
109,830
109,853
109,166
109,2779
109,121
109,2780
109,168
109,167
109,127
109,1809
109,807
109,125
109,798
109,730
110,1173
110,968
110,167
110,3096
110,112
111,590
111,114
111,3119
112,165
112,166
112,167
112,395
113,528
113,529
113,530
113,531
113,532
113,533
113,534
115,826
116,2421
117,172
118,173
118,174
118,175
119,176
119,177
119,178
120,796
120,797
120,798
120,799
120,800
120,801
120,802
120,803
120,804
120,805
121,843
121,799
121,801
121,807
121,821
121,822
121,823
121,123
121,824
121,844
121,125
121,187
121,730
121,845
121,130
121,134
121,816
121,138
121,139
121,817
121,846
121,818
121,825
121,141
122,810
122,799
122,803
122,805
122,828
122,829
122,730
122,838
122,836
122,141
123,848
123,849
123,812
123,823
123,801
123,133
123,134
123,850
124,1810
124,1808
124,1809
124,811
125,730
125,1646
125,846
128,1810
128,168
128,1814
129,663
129,2627
130,162
130,821
130,822
130,2896
130,1778
131,830
131,673
132,2865
132,2991
132,835
132,137
132,2992
133,134
134,797
134,823
134,825
135,2730
135,136
136,1677
136,2730
137,2991
137,2992
138,830
138,796
138,810
138,821
138,822
138,807
138,797
138,798
138,799
138,800
138,855
138,803
138,1808
139,821
139,822
139,845
139,801
141,810
141,838
141,834
141,825
143,661
144,682
144,681
144,542
144,2058
144,2059
145,288
145,311
145,2421
146,260
146,613
146,601
146,615
146,562
146,616
146,557
146,271
146,1639
146,2468
146,272
146,619
146,554
146,342
146,634
148,966
148,2128
148,1181
148,2956
150,179
150,180
150,181
150,182
150,183
150,184
150,185
150,186
150,187
150,188
150,189
150,190
150,191
150,192
150,193
150,194
151,1154
151,1179
151,1186
151,1187
151,1180
151,285
151,1176
151,1013
151,286
151,1188
151,432
151,1054
151,467
151,468
151,152
151,206
151,705
151,1172
151,587
152,1154
152,1179
152,1180
152,285
152,438
152,1056
152,206
152,1054
152,1041
152,1182
152,2631
152,368
153,1750
153,154
154,1761
155,1761
156,1059
157,158
157,159
157,160
157,161
158,1042
158,589
158,1043
158,1044
158,1045
158,1046
158,457
158,204
158,1036
158,1038
158,182
158,700
158,1047
158,660
160,208
160,3047
161,2876
161,629
162,875
162,818
163,164
163,1212
163,1215
164,2131
165,168
165,169
165,170
167,171
168,830
168,2779
172,1176
172,1776
172,330
172,1231
172,2299
172,1603
172,268
172,1016
172,1018
172,1015
172,1021
172,342
173,1929
173,1442
173,174
173,2218
173,2219
173,2220
173,2221
176,988
176,2660
176,2665
176,992
176,1816
176,993
176,994
176,1460
176,996
177,2848
177,2845
177,2847
177,2249
177,1459
177,2849
179,181
179,336
179,337
179,338
179,263
179,339
179,340
179,185
179,186
179,341
179,342
179,343
179,190
179,344
179,345
179,346
179,347
179,348
179,349
179,350
179,193
179,351
179,352
180,338
180,339
180,185
180,748
180,190
180,344
180,345
180,347
180,349
181,746
182,1050
182,1175
182,1115
182,1076
182,1046
182,1153
182,1051
182,1038
182,1040
182,1128
182,1056
182,1053
182,1217
182,1054
182,1120
182,1059
182,1156
182,660
183,1827
183,1781
183,264
183,1333
183,290
183,1823
183,419
183,1836
183,1372
183,189
183,1837
183,351
183,1838
184,1763
184,2112
184,188
184,192
185,1132
185,339
185,696
185,689
185,694
185,1851
185,2161
185,268
185,186
185,187
185,190
185,191
185,1853
185,344
185,193
185,1156
186,413
186,337
186,339
186,2189
186,728
186,2190
186,697
186,1851
186,2161
186,268
186,709
186,190
187,1176
187,696
187,689
187,694
187,1874
188,336
188,2676
188,192
189,1827
189,264
189,1784
189,1691
190,596
190,340
190,2039
190,609
190,1851
191,728
191,696
191,689
191,694
191,1851
192,336
192,2676
193,1132
193,746
193,696
193,689
193,694
193,1778
194,1840
194,1851
194,268
195,196
195,197
197,589
197,2890
197,2797
197,3074
198,199
199,1153
199,1051
199,1040
199,202
200,201
201,1060
203,204
204,205
204,206
204,207
205,528
205,529
205,530
205,531
205,535
205,537
205,538
205,539
205,540
205,542
205,532
205,533
206,1186
206,1187
206,2575
206,2632
209,210
209,211
210,407
210,211
210,404
210,408
210,1878
211,1878
212,213
212,214
212,215
213,214
213,216
213,217
213,218
213,219
213,220
213,221
213,222
214,223
214,224
214,225
214,226
214,227
214,228
214,229
214,230
214,231
215,232
215,233
216,402
218,3055
218,595
218,292
218,402
218,1602
219,2940
219,551
219,280
219,306
219,595
219,305
219,298
219,299
219,1602
223,323
223,324
223,229
224,1070
224,1073
224,1112
224,1134
224,1038
224,227
224,1129
224,320
224,1103
225,290
226,1070
226,1071
226,1073
226,1546
226,1112
226,1275
226,1270
226,1082
226,300
226,227
226,1380
226,543
226,1097
226,1301
226,1123
226,788
227,2098
227,1245
227,1070
227,1071
227,1517
227,1073
227,1560
227,1152
227,1546
227,1112
227,1113
227,291
227,1275
227,1246
227,1115
227,318
227,1541
227,1046
227,1238
227,1081
227,1248
227,1252
227,1129
227,572
227,319
227,320
227,1331
227,316
227,1834
227,1101
228,1073
228,1574
228,1112
228,1236
228,1479
228,1332
229,2472
229,1390
229,2473
231,258
231,321
231,316
231,322
232,925
232,926
232,927
233,1636
233,926
233,1531
233,1541
233,1236
233,1238
233,1239
233,1485
233,1476
233,1259
233,1271
233,1258
233,1090
233,2283
233,2284
233,2286
233,1242
233,1243
233,1244
233,1283
233,1284
233,1285
233,1287
233,1293
233,1288
233,1324
233,922
233,1305
233,1533
233,333
233,1489
234,235
234,236
234,237
234,238
236,2496
236,2757
236,2494
236,1009
236,1010
236,237
237,1864
239,240
240,522
240,1983
240,2065
240,2066
241,242
241,243
241,244
241,245
242,444
242,1147
242,940
242,447
242,941
242,932
242,243
242,936
242,1756
242,1171
242,1165
242,1149
242,945
243,976
243,524
243,744
243,1063
243,950
243,444
243,447
243,605
243,1149
243,244
243,245
244,447
244,444
245,2940
245,3026
245,2056
245,2856
245,2941
245,456
245,524
245,1142
245,1983
245,1746
245,2065
245,444
245,450
245,451
245,686
246,247
246,248
246,249
246,250
247,524
247,661
248,2623
248,2621
248,2076
248,2622
249,523
250,2706
250,2225
250,523
250,526
251,252
251,253
251,254
251,255
251,256
252,550
252,590
252,653
252,654
252,655
253,2179
253,2182
253,2180
253,1211
253,2183
253,2291
254,596
254,604
254,605
255,646
255,3022
255,549
255,1422
255,689
255,583
255,694
255,3023
256,2179
256,2182
256,2180
257,258
257,259
257,260
257,261
257,262
257,263
257,264
257,265
257,266
257,267
257,268
257,269
257,270
257,271
257,272
257,273
257,274
257,275
257,276
257,277
257,278
258,900
258,902
258,259
258,267
258,903
258,270
258,904
258,374
259,1013
259,1014
259,355
259,680
259,368
260,1520
260,613
260,265
260,1639
260,632
260,603
260,1640
261,262
261,1245
261,1623
261,786
261,1409
261,1545
261,354
261,329
262,1652
263,1110
263,1201
263,1840
263,290
263,1829
263,1841
263,640
263,1358
263,472
263,351
264,1176
265,266
265,355
265,1082
265,324
265,1639
265,634
265,1938
266,613
266,1520
266,1562
266,1006
266,305
266,603
266,1564
266,629
266,1565
266,565
266,366
267,270
267,904
268,2177
268,2178
268,1840
268,1688
268,1176
268,1013
268,1014
268,1776
268,2179
268,689
268,2180
268,1851
268,1231
268,355
268,1015
268,1021
268,342
268,1778
269,2368
269,1065
270,1639
270,355
271,633
271,634
271,1106
272,1781
273,635
273,405
273,407
273,406
273,557
273,922
274,613
276,362
276,364
277,2189
277,1202
277,1056
277,3133
277,2190
279,280
279,281
280,338
280,551
280,1682
280,1684
280,595
280,1602
281,528
281,1682
281,610
282,283
282,284
283,285
283,286
283,287
283,288
285,1154
285,1054
285,1056
285,1178
285,1183
285,368
286,1054
287,437
287,438
287,442
289,290
289,291
289,292
290,1827
290,1824
290,1825
290,1819
290,1828
290,1114
290,638
290,1829
290,1820
290,468
290,1830
290,1333
290,1831
290,1832
290,1822
290,1833
290,1823
290,293
290,469
290,466
290,471
290,404
290,1818
290,1821
290,1834
291,2098
291,960
291,305
291,1095
291,565
291,366
291,2100
291,2102
292,1270
292,326
293,294
294,469
295,296
296,360
297,298
298,299
298,300
298,301
298,302
298,303
298,304
298,305
298,306
298,307
298,308
298,309
298,310
298,311
298,312
298,313
298,314
298,315
299,300
299,301
299,302
299,303
299,304
299,305
299,308
299,310
299,311
299,312
299,313
299,315
300,1543
300,1245
300,1339
300,1070
300,1552
300,1516
300,1071
300,1517
300,1272
300,303
300,1273
300,1079
300,308
300,1098
300,904
301,302
301,1728
303,1073
304,2411
305,2098
305,613
305,1562
305,636
305,1006
305,1564
305,565
305,366
306,308
307,552
309,544
310,574
311,2196
311,697
311,312
315,3143
316,317
316,318
316,319
316,320
316,321
316,322
317,1227
317,362
317,1519
317,1088
317,1091
317,1619
317,321
319,680
319,1230
319,368
320,1070
320,1071
320,1073
320,1152
320,1112
320,1115
320,1127
320,1046
320,1129
320,766
320,1372
321,322
322,3148
323,325
324,786
324,1152
324,1370
324,1379
324,1947
324,1093
324,2468
324,1565
324,1106
324,2469
326,327
326,328
327,786
327,785
327,787
327,788
328,1178
328,1183
328,1602
329,330
329,331
330,1188
330,1603
330,1021
330,1023
330,1514
330,1642
330,1643
331,1519
331,1943
332,333
333,1066
333,1339
333,1070
333,1073
333,1238
333,1247
333,1087
333,1084
333,1366
333,904
333,1536
333,2022
333,1242
333,1243
333,1244
333,1078
333,1283
333,1284
333,1234
333,1285
333,1287
333,1288
333,1539
333,1532
333,1325
333,1305
333,1098
333,1380
333,1538
333,1487
334,335
335,1885
335,1033
335,1034
335,1035
335,1886
336,1050
336,1051
336,1153
336,1128
336,1162
336,1058
337,1132
337,1046
337,1128
337,1176
337,1231
337,419
337,729
337,342
337,706
337,351
337,1019
338,1688
339,2160
339,1202
339,728
339,2161
339,707
339,1691
339,344
339,345
339,349
340,553
340,596
340,597
340,1956
340,604
340,605
340,606
340,607
340,608
340,609
340,899
340,2100
340,351
340,612
341,1176
341,689
341,694
341,419
341,344
342,1132
342,2178
342,1072
342,1350
342,1014
342,1128
342,706
342,343
342,618
342,680
342,707
342,1021
342,423
342,356
343,344
344,1132
344,345
344,706
345,346
345,1939
345,728
345,1786
346,349
347,1132
347,2120
348,1781
348,373
349,1939
349,728
350,789
351,1827
351,416
351,1073
351,1574
351,1282
351,596
351,1048
351,1229
351,1836
351,921
351,1369
351,415
352,1781
353,354
354,355
354,356
354,357
355,364
355,365
355,366
355,367
355,368
355,369
355,370
355,371
356,679
356,357
356,680
357,2783
357,553
357,2824
357,2823
357,1547
358,359
358,360
358,361
359,360
359,924
359,1526
359,1236
359,1238
359,1080
359,1594
360,1526
360,1476
360,1699
360,1700
360,1701
360,410
360,361
360,1702
360,649
360,1374
360,1583
361,1236
361,1334
362,363
363,534
364,372
364,373
364,374
365,1158
365,434
365,467
365,1168
365,1568
365,1221
365,1126
365,2210
365,1222
366,2098
366,613
366,630
366,1562
366,538
366,636
366,547
366,1725
366,566
366,633
366,565
366,634
367,430
367,404
368,1132
368,1154
368,1183
368,1128
368,1056
368,1178
368,680
369,966
373,1350
373,2419
373,374
373,689
373,694
373,1090
375,376
375,377
375,378
375,379
375,380
375,381
375,382
375,383
375,384
375,385
375,386
375,387
375,388
375,389
375,390
375,391
375,392
375,393
375,394
375,395
375,396
375,397
375,398
375,399
375,400
375,401
376,1205
376,1645
376,1647
376,1646
376,1469
377,2235
377,2255
378,2505
379,380
380,2716
380,381
380,2717
380,2718
380,2719
380,2720
380,2721
380,2722
380,2723
381,2253
381,1447
381,2761
381,2764
381,1461
381,2722
382,2442
382,2445
383,1452
383,2235
383,2233
383,2237
383,2254
383,384
383,2836
384,2234
384,1452
384,385
384,386
384,1455
384,2233
384,2248
384,2836
384,1470
385,386
385,388
385,2837
386,388
386,2837
387,2442
387,2447
387,2448
387,2449
387,2446
387,2457
388,1452
388,2572
388,1630
388,1916
388,1632
388,3031
388,2908
388,2445
388,1447
388,2624
388,2837
388,2455
390,1457
390,1452
390,2442
390,2862
390,2859
390,2445
390,2810
390,2233
390,2863
390,1456
390,2486
395,2722
398,2728
398,1452
398,1802
398,2339
401,1457
401,2862
401,2859
401,2863
401,1456
401,2480
401,2486
401,2861
402,403
404,405
404,406
404,407
404,408
404,409
404,410
404,411
405,2154
405,1321
405,1905
405,407
405,1094
406,1543
406,1112
406,407
406,1905
406,1103
406,2155
407,408
407,2158
407,1220
407,1094
407,922
410,416
410,1376
410,1377
410,1080
410,1242
410,1244
410,1284
410,1102
410,2289
410,1478
410,1487
410,1702
411,416
411,1260
411,1474
411,1070
411,1359
411,1111
411,924
411,1376
411,1113
411,1377
411,1044
411,1127
411,1116
412,413
412,414
413,2190
413,2101
413,2191
414,605
414,2101
415,416
415,417
415,418
415,419
415,420
415,421
415,422
416,1080
416,1245
416,1526
416,1254
416,1360
416,417
416,1573
416,1574
416,1376
416,418
416,1575
416,1576
416,1577
416,420
416,1371
416,1578
416,1302
416,1579
416,1303
416,422
416,1580
416,1234
416,1327
416,1581
416,1582
416,1583
417,880
417,1661
417,881
417,879
417,882
417,1573
417,573
417,1282
417,883
417,1656
417,890
417,891
417,418
417,888
417,1662
417,895
417,1658
417,1670
417,893
417,1659
418,880
418,1661
418,881
418,879
418,1901
418,882
418,1573
418,573
418,1663
418,885
418,1282
418,2203
418,1656
418,1527
418,890
418,1902
418,888
418,2204
418,419
418,887
418,2205
418,1658
418,1581
418,1659
419,1827
419,1574
419,1282
419,1836
421,1840
421,1573
421,1282
421,2564
421,1477
424,425
424,426
424,427
424,428
424,429
425,929
425,928
425,949
425,938
425,661
425,950
425,951
425,931
425,932
425,933
425,934
425,935
425,952
425,936
425,953
425,504
425,945
425,946
425,947
426,444
426,931
426,932
426,2018
426,942
426,2032
426,505
426,1408
426,943
426,1996
426,946
426,947
427,1152
427,1223
427,1158
427,1170
427,1189
427,1063
427,1159
427,1190
427,1192
427,1168
427,953
427,1131
427,1057
427,1225
427,1171
427,1161
430,431
431,1021
433,434
433,435
433,436
434,1186
434,1187
434,1178
434,1126
435,436
435,1186
435,1187
435,2634
436,459
436,2640
437,438
437,439
437,440
437,441
437,442
437,443
438,1179
438,1187
438,1116
438,1181
438,442
439,966
439,2124
439,973
440,965
440,2943
441,3019
441,3020
441,442
442,2602
442,3019
442,878
442,3020
442,2063
444,445
444,446
444,447
444,448
445,523
446,523
446,1396
447,1894
447,1147
447,604
447,605
447,947
448,521
448,522
448,526
448,2819
450,451
450,452
450,453
450,454
450,455
450,456
452,735
452,2311
452,2312
452,2306
452,2313
452,1403
452,453
452,2305
452,455
452,2314
453,735
453,1398
453,2311
453,2312
453,2306
453,2319
453,2313
453,1403
453,521
453,455
453,2314
455,2318
455,1150
455,2305
456,2936
457,458
457,459
457,460
457,461
457,462
457,463
457,464
457,465
458,2629
459,924
459,1088
459,2640
459,1082
459,1296
459,2634
461,1681
461,462
461,2119
462,1681
463,1050
463,1175
463,1153
463,1128
463,1137
464,1681
464,644
466,467
466,468
467,1187
467,1158
467,468
467,473
467,1178
467,1126
467,1345
468,1187
468,1770
468,1769
468,1771
468,641
468,1345
469,470
471,472
472,1152
472,1829
472,1044
474,475
475,830
475,873
475,874
475,858
475,661
475,2003
475,859
475,954
475,2004
476,477
478,479
479,1201
479,2369
479,2123
479,683
479,2181
480,481
480,482
480,483
480,484
482,744
482,940
482,950
482,1163
482,724
483,491
483,1756
483,1757
484,1267
484,3039
485,486
485,487
485,488
485,489
485,490
485,491
485,492
485,493
485,494
485,495
485,496
485,497
486,1729
486,487
486,489
486,490
486,1730
486,491
486,1731
486,1732
486,1733
486,494
486,1734
486,1735
486,1736
486,1737
486,496
486,1738
487,490
487,1729
487,488
487,489
487,491
487,1739
487,1740
487,1731
487,1732
487,1733
487,941
487,494
487,1734
487,1741
487,1742
487,505
487,1743
487,1735
487,1744
487,1745
488,1730
488,1746
488,1729
488,489
489,490
489,1730
489,491
489,1739
489,1740
489,1731
489,1732
489,1729
489,1742
489,1743
489,1735
489,1712
490,498
490,1730
490,494
490,1738
491,1730
491,1194
492,500
492,1393
493,2005
493,2006
493,1383
493,661
493,1987
493,1386
493,2007
493,1712
494,1730
494,2012
494,1739
494,661
494,1194
495,2297
495,1404
495,1712
498,499
499,1709
501,502
501,503
501,504
501,505
501,506
501,507
502,1050
502,503
502,2429
503,504
503,1032
503,2435
504,938
504,2026
504,1896
504,1032
504,1148
505,506
505,2307
505,2306
505,2315
505,1145
507,1199
507,2430
507,2433
507,2653
507,2687
507,1954
507,2655
508,509
508,510
509,510
509,2915
510,2916
510,2915
511,512
511,513
511,514
512,1494
512,1501
512,1502
512,1503
513,2259
513,2752
513,2753
513,1889
515,516
515,517
515,518
516,1764
516,1765
516,1766
517,2686
517,2592
517,2594
517,518
518,2686
519,520
520,812
522,523
522,524
523,525
524,2081
524,2082
524,2083
524,2084
525,675
526,527
528,535
528,529
528,530
528,531
528,536
528,537
528,538
528,539
528,540
528,541
528,542
528,532
528,533
528,543
528,534
529,530
529,531
529,535
529,536
529,537
529,538
529,539
529,540
529,541
529,532
529,533
529,534
530,544
530,535
530,545
530,536
530,537
530,538
530,546
530,547
530,539
530,531
530,532
530,533
530,534
530,548
531,535
531,549
531,537
531,550
531,532
531,533
531,534
532,537
532,539
532,533
532,534
533,535
533,537
533,593
533,539
534,3109
534,3110
534,2968
535,551
535,536
535,537
535,538
535,539
535,540
536,538
536,556
537,538
537,539
537,540
538,544
538,553
538,545
538,557
538,546
538,547
538,554
538,555
539,540
539,541
539,567
540,585
542,1998
542,1152
542,661
543,1937
543,1268
543,1546
543,1376
543,1377
543,1044
543,1342
543,1272
543,1081
543,1301
543,1250
543,1344
543,1097
543,1100
544,552
545,553
545,546
545,554
545,555
546,553
546,558
546,559
546,554
546,555
547,560
547,561
547,562
547,563
547,564
547,565
547,566
548,561
548,1323
548,2500
548,1063
548,1888
548,1086
548,1646
548,550
548,705
548,2592
549,579
549,580
549,581
549,582
549,583
549,584
549,585
549,586
549,587
550,588
550,589
550,590
550,591
550,592
550,593
551,594
551,595
552,613
552,1061
552,2102
553,558
553,596
553,597
553,598
553,599
553,600
553,601
553,602
553,603
553,604
553,605
553,606
553,607
553,608
553,609
553,610
553,611
553,555
553,612
554,613
554,562
554,563
554,566
554,555
555,3094
555,559
555,624
556,2739
556,2738
557,613
557,561
557,614
557,601
557,615
557,562
557,616
557,563
557,564
557,617
557,618
557,619
557,620
557,621
557,622
557,623
558,597
558,596
558,624
558,602
558,603
558,606
558,625
558,611
558,626
558,620
559,627
560,628
560,561
560,563
560,564
560,614
560,603
560,629
561,627
561,613
561,630
561,564
561,631
561,632
561,603
561,629
561,633
561,634
562,635
562,613
562,636
562,632
562,629
562,566
562,633
563,588
563,614
563,590
563,636
563,566
563,633
563,637
564,630
564,638
564,639
564,632
564,640
564,633
564,641
565,2098
565,613
565,1562
565,636
565,566
565,1564
566,613
567,689
568,898
568,899
568,575
569,570
569,1803
570,1804
570,1805
570,1806
571,1664
571,1807
571,1803
572,2103
572,2104
572,2102
572,578
573,897
574,1102
577,1664
577,1667
577,1655
578,880
578,1660
578,881
578,882
578,884
578,885
578,1655
578,2811
578,888
578,1668
579,590
579,645
579,581
579,646
579,647
579,648
579,585
579,649
580,581
581,645
581,582
581,1723
581,649
582,583
582,585
583,2264
583,1723
583,584
583,585
584,3023
585,648
586,1422
586,689
586,694
586,713
586,1017
587,1187
588,590
588,650
588,651
588,652
589,656
589,657
589,658
589,659
589,660
590,593
590,645
590,661
590,662
590,644
591,592
591,593
591,645
591,656
591,663
592,664
592,665
592,593
592,645
592,663
593,647
593,665
593,656
593,645
593,666
593,667
593,668
594,616
594,2754
594,788
595,1602
596,597
596,2175
596,604
596,605
596,606
596,607
596,608
596,609
596,2176
596,2100
596,2102
596,612
597,1023
597,1183
597,598
597,599
597,600
597,603
597,605
597,606
597,607
597,608
597,609
597,611
597,612
598,599
599,604
600,1956
600,604
601,615
601,616
601,603
601,619
601,629
601,611
601,626
601,1857
601,620
601,2754
602,2782
602,1448
602,631
602,611
603,613
603,2419
603,615
603,611
604,1976
604,606
604,940
604,607
604,608
604,605
605,873
605,976
605,1051
605,744
605,1053
605,609
605,2175
605,606
605,1956
605,625
605,1041
605,940
605,624
605,607
605,950
605,1149
605,608
606,609
606,607
606,608
606,612
607,609
607,1956
607,608
607,3005
607,612
608,609
608,612
609,1840
609,1839
609,612
610,2686
611,2320
611,2782
611,626
611,622
613,635
613,636
613,1638
613,1639
613,632
613,1172
613,633
613,1640
615,616
615,619
615,620
616,619
616,620
616,788
618,1014
619,2782
619,629
619,626
619,1857
619,620
620,626
620,907
620,1602
620,622
621,2320
622,2782
622,626
622,907
626,2782
626,645
627,629
627,910
628,1831
628,1858
629,1564
630,1073
630,2427
630,2428
631,2783
631,2069
631,2070
631,2009
631,890
631,1095
631,2618
632,635
633,1350
633,636
633,1520
634,2069
634,1348
634,636
634,1565
634,1569
635,1628
635,1641
636,1860
637,1202
638,1842
638,1843
638,1830
638,1831
638,1832
638,1844
638,639
638,640
638,1358
638,1845
639,1833
639,1835
640,1110
640,1357
640,1114
640,1370
640,1369
640,2760
640,1832
640,1371
640,1242
640,1243
640,1244
640,1283
640,1284
640,1285
640,1287
643,2320
643,1848
644,1664
644,875
644,2832
644,3034
644,645
645,1422
645,656
645,1343
646,656
646,1725
646,649
647,656
647,1601
649,3057
649,1702
650,2962
650,1515
650,1195
650,2961
651,732
653,692
653,689
653,694
653,2829
653,716
654,3092
654,655
656,665
656,666
657,2015
660,3003
660,1046
660,1038
660,1130
660,1047
661,916
661,1978
661,1979
661,1980
661,1981
661,1982
661,941
661,1679
661,1983
661,1984
661,1985
661,1163
661,951
661,1986
661,1987
661,1988
661,734
661,1147
661,1191
661,1194
662,2120
663,2980
664,1724
665,668
666,1629
666,793
666,3056
666,2268
666,2993
666,792
666,2269
666,2698
666,791
668,1284
669,670
669,671
670,675
671,1003
671,745
672,673
672,674
673,1974
673,830
673,1975
673,863
673,835
673,2989
674,2485
674,1613
676,677
676,678
677,713
678,1412
678,713
680,1132
680,689
680,697
681,682
682,2059
684,685
685,1207
685,1873
687,688
687,689
687,690
688,691
689,692
689,693
689,694
689,695
689,696
689,697
689,698
689,699
689,700
689,701
689,702
689,703
689,704
689,705
689,706
689,707
689,708
689,709
689,710
689,711
689,712
689,713
689,714
689,715
689,716
689,717
689,718
689,719
689,720
689,721
689,722
689,723
690,965
690,3138
691,693
691,3130
692,694
692,696
692,700
692,724
692,716
692,725
693,726
693,699
693,700
693,701
693,708
693,711
693,716
694,727
694,695
694,728
694,697
694,729
694,700
694,702
694,730
694,706
694,709
694,712
694,714
694,716
694,731
694,732
694,717
694,718
694,721
694,722
694,723
695,1128
695,1155
696,727
696,1202
696,1948
696,723
697,1202
697,1203
697,728
697,2196
697,1155
697,729
697,703
697,707
698,1175
698,1128
698,1155
698,1057
699,2417
699,2416
699,730
700,1073
700,2397
700,724
700,2398
700,701
700,2370
700,702
700,1086
702,727
702,2504
702,730
703,1957
703,1048
703,1076
703,1049
703,1202
703,1129
703,1133
704,2711
705,1227
705,730
705,711
706,1128
706,2504
707,1132
707,1014
707,1226
708,1399
708,719
709,1780
709,2178
709,1851
709,729
710,2998
710,714
712,1051
712,1128
712,1041
712,3077
713,1422
714,2998
714,2997
714,715
714,719
714,720
715,2998
715,2997
715,2737
717,1066
717,1082
717,718
717,1850
718,1202
718,1203
718,1155
719,720
719,721
721,2805
724,976
725,1512
725,1412
725,1513
726,733
726,734
726,735
726,736
726,737
727,738
727,729
728,2160
728,746
728,1202
728,1155
728,1141
728,1786
729,2178
729,1781
729,1530
730,853
730,810
730,812
730,813
730,2777
730,845
730,807
730,826
730,829
730,827
730,841
730,801
730,834
731,1227
731,786
731,1044
731,1127
731,1122
731,1381
732,1746
732,1195
732,2961
732,937
733,1444
735,2311
735,2313
739,740
739,741
739,742
740,2566
741,1412
741,2747
742,1412
742,2272
743,744
744,929
744,1146
744,930
744,1040
744,1041
744,1055
744,1063
744,1147
744,940
744,931
744,1148
744,948
744,1149
744,1150
744,1151
744,947
746,747
747,749
747,750
747,751
747,752
747,753
747,754
747,755
747,756
747,757
747,758
747,759
747,760
747,761
747,762
747,763
747,764
747,765
747,766
747,767
747,768
747,769
747,770
747,771
747,772
747,773
747,774
747,775
747,776
747,777
747,778
747,779
747,780
747,781
747,782
747,783
747,784
748,1132
748,2120
748,1776
748,3029
749,750
750,751
750,752
750,753
751,752
751,753
751,1789
751,754
751,1790
751,756
751,1791
751,758
751,759
751,982
751,760
751,761
751,762
751,763
751,764
751,1792
751,766
751,767
751,768
751,1793
751,769
751,1794
751,770
751,773
751,1795
751,1796
751,776
751,778
751,1797
751,1798
751,1799
751,1800
751,782
751,1801
752,1789
752,754
752,1790
752,758
752,982
752,763
752,1792
752,766
752,767
752,768
752,770
752,1796
752,776
752,1797
752,1798
752,1799
752,1800
752,1801
752,783
753,1789
753,755
754,1802
754,1789
754,1790
754,764
754,1458
754,770
754,1798
755,781
756,2420
757,1791
757,2474
757,2174
757,2533
757,2539
757,2530
757,2541
757,763
757,2531
757,2543
757,2547
757,2558
757,1801
758,1789
758,759
758,1790
758,982
758,766
758,783
759,760
759,778
759,783
760,981
760,2671
760,777
760,778
761,2743
761,766
761,768
761,1793
761,769
761,1794
761,1795
761,2744
761,1799
761,1800
762,1629
762,2750
762,1789
762,2751
762,1790
763,1791
763,2474
763,2174
763,981
763,2546
763,1801
764,2230
764,1789
764,1790
766,1789
766,982
767,1789
767,2420
768,1789
768,982
768,2420
768,783
769,2420
770,1789
770,1790
770,1796
771,3018
771,780
773,2200
776,3018
776,1789
776,1790
776,783
777,1919
777,983
778,1789
778,1790
779,3063
780,781
781,3018
783,1789
783,1790
783,1528
786,1070
786,1071
786,1073
786,1082
786,1360
786,1545
786,1270
786,1271
786,1563
786,1093
786,1122
786,1653
786,1327
786,1335
786,788
787,1111
787,1272
787,1273
787,1082
787,1248
787,1109
788,1544
788,1070
788,1071
788,1073
788,1074
788,1112
788,1270
788,1077
788,2500
788,1541
788,1082
788,1520
788,904
788,1242
788,1243
788,1244
788,1284
790,791
790,792
790,793
791,2268
791,2269
792,793
792,2745
792,2746
793,2048
793,2745
793,2078
793,2747
793,956
794,795
795,870
795,2214
797,806
797,807
797,798
797,804
797,808
797,809
798,810
798,807
798,799
798,803
798,805
798,811
798,809
799,810
799,812
799,813
799,807
799,814
799,815
799,816
799,817
799,818
800,819
800,820
801,812
801,821
801,822
801,823
801,824
801,825
802,814
802,826
802,827
802,825
803,810
803,828
803,829
804,807
804,832
804,805
804,833
805,810
805,813
805,834
805,825
806,807
807,832
807,808
807,835
807,809
807,817
807,836
809,3135
810,813
810,814
810,815
810,828
810,829
810,837
810,838
810,816
810,839
810,817
810,836
810,840
811,1813
811,1808
812,841
812,816
812,842
812,839
812,817
812,818
813,814
813,841
814,847
814,815
814,839
815,847
815,816
815,818
816,829
816,838
818,829
819,2187
819,2769
819,2093
819,2770
820,2507
820,2508
821,822
821,824
821,844
821,845
821,825
822,824
822,844
822,825
823,842
824,844
824,825
826,827
826,841
826,851
826,852
827,853
827,854
827,851
828,829
830,855
830,856
830,857
830,858
830,859
830,860
830,861
830,862
830,863
830,864
830,865
830,866
830,867
830,868
830,869
831,870
831,871
833,2460
834,838
835,1974
835,2990
835,1975
835,2268
835,2627
837,2095
839,1703
839,1704
840,1974
840,1809
841,1703
841,1704
841,1705
841,851
844,878
846,2602
849,872
849,873
849,874
849,875
849,859
849,858
849,876
849,864
849,877
850,1630
850,1631
851,1705
851,2294
851,2296
852,2294
852,2298
852,2296
854,2794
855,857
856,1816
856,994
856,1817
856,996
858,872
858,873
858,859
858,954
859,872
859,873
859,874
859,954
859,877
859,869
860,918
860,914
861,2903
861,862
861,2249
862,2905
862,2906
862,2907
862,2730
864,872
864,873
864,876
864,1580
865,2442
865,2449
865,2454
865,2453
866,2903
866,2848
866,3030
867,3126
868,1452
868,3152
868,1238
868,2564
869,872
869,873
870,2780
870,1991
872,873
872,874
873,874
873,954
873,877
874,941
874,877
874,1144
874,2019
876,918
878,965
879,880
879,881
879,882
879,883
879,884
879,885
879,886
879,887
879,888
879,889
880,881
880,890
880,882
880,891
880,885
880,888
880,892
880,893
880,894
881,891
881,885
881,886
881,895
881,896
881,897
881,892
881,893
881,894
882,1654
882,1660
882,1661
882,891
882,890
882,883
882,1656
882,884
882,885
882,887
882,1662
882,895
882,1657
882,897
882,1658
882,1659
883,891
883,884
883,1663
883,885
883,890
883,1656
883,887
883,1662
883,1658
883,1659
884,1654
884,1664
884,886
884,885
885,1654
885,1664
885,1661
885,1667
885,891
885,886
885,1663
885,887
885,888
885,1657
886,1654
886,1664
886,891
886,887
886,1657
886,1579
887,1664
887,1663
887,890
887,1902
887,888
887,1658
887,1668
888,1654
888,1656
888,890
888,1658
888,892
888,1659
888,2206
889,1944
889,962
889,1345
890,1654
890,1655
890,1656
890,1657
890,1658
890,892
890,1659
891,1654
891,1660
891,1667
891,895
891,1668
891,893
892,1654
892,1660
892,1656
892,2892
892,2894
892,993
892,994
892,1657
892,1659
893,1654
893,1660
893,1573
893,2478
893,1657
893,1668
894,2206
896,1322
896,1671
896,2628
897,2425
897,1898
897,2440
900,901
900,902
901,902
901,905
901,906
901,907
901,908
901,909
902,910
902,906
902,909
903,2496
903,1007
903,2499
903,2494
903,2500
903,1006
903,1010
904,1544
904,1067
904,1245
904,1567
904,1044
904,1275
904,1323
904,1270
904,1342
904,1541
904,1278
904,1082
904,1085
904,1086
906,3061
906,909
906,1489
907,2569
908,2302
909,910
909,1161
911,912
911,913
912,2507
912,2630
912,2013
913,2507
913,2630
914,915
914,916
914,917
914,918
914,919
915,1383
916,1713
916,1403
916,1714
916,1997
916,919
917,2669
918,1383
919,2212
919,1713
919,1966
919,1711
919,1715
919,1968
920,921
920,922
921,1541
921,1236
921,1238
921,1239
921,1485
921,1259
921,1079
921,1244
921,1549
921,1126
921,1491
922,1238
922,1485
922,1486
922,1905
922,1244
923,924
924,1445
924,1448
924,1449
924,1450
926,1490
926,1284
926,1531
926,1636
926,2283
926,2284
926,1308
926,1572
928,929
928,930
928,931
928,932
928,933
928,934
928,935
928,936
928,937
929,938
929,939
929,940
929,941
929,931
929,932
929,933
929,934
929,935
929,936
929,942
929,943
929,944
929,945
929,946
929,947
930,1166
930,1167
930,1152
930,1168
931,938
931,939
931,940
932,939
932,941
932,2018
932,940
932,946
933,2073
933,1739
933,1999
933,951
933,1191
933,934
933,935
933,952
933,1225
933,1989
933,2074
933,1757
933,2075
933,1194
933,2076
933,2077
933,946
934,2073
934,935
934,1191
934,1999
934,952
934,2074
934,1757
934,2075
934,1194
934,2076
934,2077
934,946
935,2073
935,1191
935,1999
935,952
935,936
935,2001
935,2074
935,1757
935,1194
935,944
935,2109
935,945
935,946
935,947
936,939
936,1508
936,2039
936,1170
936,1189
936,2012
936,1063
936,1159
936,1190
936,1160
936,2310
936,1192
936,1193
936,2305
936,942
936,943
936,944
936,945
936,1156
936,947
937,1199
937,1746
937,1144
938,948
939,940
939,948
939,944
939,945
939,946
940,1050
940,976
940,1146
940,1879
940,1051
940,1981
940,1040
940,1052
940,941
940,1170
940,1189
940,1224
940,1159
940,1190
940,1053
940,1054
940,1055
940,1041
940,1136
940,1147
940,1168
940,1989
940,942
940,1993
940,1150
940,943
941,1879
941,942
941,948
941,943
941,2002
941,944
941,945
941,947
942,1146
942,1004
942,1063
942,2591
942,2032
942,1148
942,947
943,1146
943,1063
943,2591
943,2032
943,1148
943,2936
943,947
944,952
944,2001
944,2109
945,1508
945,2039
945,1170
945,1189
945,2012
945,1063
945,1159
945,1190
945,1160
945,2310
945,1192
945,1193
946,1507
946,947
947,1051
947,1004
947,1063
947,2032
947,1148
947,1171
947,1147
947,1161
948,1981
948,952
948,2374
948,2822
950,1157
950,1747
950,1147
950,953
950,1161
950,1149
950,1139
950,1156
951,1194
952,1981
952,1999
952,2110
952,1194
953,1170
953,1189
953,1063
953,1159
953,1190
953,1160
953,1131
953,1057
953,1225
954,2303
955,956
956,2078
956,2566
957,958
958,1083
959,960
960,2106
961,962
962,2740
963,964
963,965
964,966
964,967
964,968
964,969
964,970
964,971
964,972
964,973
965,974
966,1208
966,2128
966,968
966,1874
966,2129
966,1181
966,2130
966,969
966,2124
966,973
967,1173
967,2122
967,968
967,2124
968,1173
968,2122
968,2128
968,1208
968,2124
968,973
969,2128
969,2130
969,1874
969,973
971,1173
973,1208
973,2128
973,2124
975,976
976,1221
976,2017
977,978
977,979
977,980
978,1932
978,1931
978,979
978,1933
981,982
981,983
982,1789
983,1629
983,1919
983,2932
983,2933
984,985
984,986
985,1629
985,1926
986,1674
986,3121
986,3123
987,988
987,989
988,989
988,990
988,991
988,992
988,993
988,994
988,995
988,996
988,997
988,998
989,994
990,991
990,995
990,996
990,2927
991,996
991,2927
993,1816
993,994
993,2667
993,2893
993,996
994,2659
994,1817
994,2915
994,2697
994,1816
995,996
996,2244
996,1438
996,2893
997,3093
998,2021
999,1000
999,1001
999,1002
1000,2381
1000,2857
1001,1967
1001,2975
1001,2976
1001,1417
1001,2644
1005,1006
1005,1007
1005,1008
1005,1009
1005,1010
1005,1011
1005,1012
1006,1007
1006,2494
1006,1562
1006,1520
1006,2495
1007,2496
1007,2494
1007,2497
1007,1008
1007,1009
1007,1010
1007,1011
1007,1294
1007,2498
1008,1009
1008,1010
1008,1011
1009,2496
1009,2494
1009,1010
1009,1011
1009,2755
1009,2756
1010,2496
1010,1294
1010,1011
1012,2496
1013,1015
1013,1016
1013,1017
1013,1018
1013,1019
1014,1020
1014,1021
1015,1176
1015,1776
1015,1016
1015,1021
1016,1176
1016,1017
1016,1018
1017,1154
1017,1176
1018,1176
1018,1873
1018,1874
1018,2291
1019,2843
1020,1022
1020,1023
1020,1024
1020,1025
1021,2177
1021,1176
1021,1776
1021,1041
1022,1026
1022,1027
1022,1028
1022,1023
1022,1029
1022,1024
1022,1030
1023,1027
1023,2302
1023,2299
1024,1872
1024,1207
1024,2301
1024,1027
1024,1514
1024,1030
1024,1025
1024,1778
1024,1643
1026,1868
1026,1027
1027,1207
1027,1603
1027,1029
1027,1030
1028,1868
1028,1096
1028,1870
1028,1871
1028,1869
1029,1207
1029,2301
1029,1030
1029,1873
1029,1603
1029,1643
1031,1032
1033,1034
1033,1035
1034,1440
1034,1035
1035,1440
1036,1037
1036,1038
1036,1039
1036,1040
1036,1041
1038,1048
1038,1046
1038,1049
1038,1047
1040,1050
1040,1051
1040,1052
1040,1041
1040,1053
1040,1054
1040,1055
1040,1056
1041,1050
1041,1051
1041,1052
1041,1053
1041,1054
1041,1055
1041,1056
1041,1057
1041,1058
1041,1059
1042,1060
1042,1061
1043,1062
1043,1063
1043,1064
1043,1065
1044,1066
1044,1067
1044,1068
1044,1069
1044,1070
1044,1071
1044,1072
1044,1073
1044,1074
1044,1075
1044,1045
1044,1076
1044,1077
1044,1078
1044,1079
1044,1080
1044,1081
1044,1082
1044,1083
1044,1084
1044,1085
1044,1086
1044,1087
1044,1088
1044,1089
1044,1090
1044,1091
1044,1092
1044,1093
1044,1094
1044,1095
1044,1096
1044,1097
1044,1098
1044,1099
1044,1100
1044,1101
1044,1102
1044,1103
1044,1104
1044,1105
1044,1106
1044,1107
1044,1108
1044,1109
1045,1110
1045,1070
1045,1071
1045,1073
1045,1111
1045,1112
1045,1113
1045,1114
1045,1115
1045,1116
1045,1076
1045,1077
1045,1117
1045,1118
1045,1119
1045,1092
1045,1093
1045,1120
1045,1121
1045,1122
1045,1123
1045,1124
1045,1125
1045,1126
1046,1050
1046,1115
1046,1127
1046,1128
1046,1129
1046,1130
1046,1131
1046,1047
1047,3146
1047,3147
1047,1541
1047,1049
1047,1958
1048,1132
1048,1115
1048,1049
1048,1129
1048,1133
1049,1135
1050,1062
1050,1051
1050,1052
1050,1053
1050,1128
1050,1136
1050,1137
1050,1057
1050,1138
1050,1139
1050,1059
1050,1140
1051,1053
1051,1054
1051,1055
1051,1063
1051,1141
1051,1142
1051,1143
1051,1139
1051,1144
1051,1145
1052,1053
1052,1136
1053,1152
1053,1153
1053,1128
1053,1055
1053,1057
1053,1059
1053,1140
1054,1154
1054,1153
1054,1128
1054,1063
1054,1155
1054,1056
1054,1057
1054,1059
1054,1156
1055,1157
1055,1158
1055,1159
1055,1160
1055,1131
1055,1161
1055,1156
1056,1154
1056,1204
1056,1153
1056,1128
1056,1155
1056,1137
1056,1178
1056,1057
1057,1200
1057,1175
1057,1170
1057,1189
1057,1128
1057,1063
1057,1159
1057,1190
1057,1155
1057,1160
1057,1192
1057,1131
1057,1171
1057,1161
1059,2015
1059,1990
1060,1681
1063,1152
1063,1064
1063,1159
1063,1160
1063,1189
1063,1190
1063,1191
1063,1192
1063,1193
1063,1131
1063,1161
1063,1194
1063,1195
1063,1196
1063,1139
1063,1197
1063,1198
1065,1169
1065,1271
1065,1638
1066,1339
1066,1305
1066,1098
1066,1340
1067,1253
1067,1261
1067,1275
1067,1341
1067,1342
1067,1278
1067,1343
1067,1344
1067,1316
1068,1330
1068,1105
1068,1108
1069,1105
1069,1345
1070,1235
1070,1115
1070,1073
1070,1112
1070,1134
1070,1071
1070,1075
1070,1111
1070,1113
1070,1116
1070,1076
1070,1077
1070,1236
1070,1237
1070,1238
1070,1239
1070,1240
1070,1241
1070,1079
1070,1080
1070,1242
1070,1243
1070,1244
1070,1245
1070,1246
1070,1247
1070,1081
1070,1248
1070,1249
1070,1250
1070,1085
1070,1086
1070,1251
1070,1087
1070,1252
1070,1253
1070,1254
1070,1255
1070,1256
1070,1257
1070,1258
1070,1259
1070,1260
1070,1261
1070,1262
1070,1088
1070,1263
1070,1264
1070,1265
1070,1266
1070,1267
1070,1268
1070,1269
1070,1270
1070,1271
1070,1272
1070,1273
1070,1229
1070,1274
1070,1089
1070,1275
1070,1276
1070,1277
1070,1217
1070,1278
1070,1279
1070,1280
1070,1281
1070,1282
1070,1283
1070,1284
1070,1285
1070,1286
1070,1091
1070,1287
1070,1288
1070,1289
1070,1120
1070,1290
1070,1291
1070,1292
1070,1293
1070,1294
1070,1095
1070,1295
1070,1296
1070,1297
1070,1298
1070,1299
1070,1300
1070,1097
1070,1301
1070,1302
1070,1303
1070,1304
1070,1305
1070,1306
1070,1307
1070,1308
1070,1309
1070,1310
1070,1311
1070,1312
1070,1313
1070,1314
1070,1105
1070,1315
1070,1316
1070,1317
1071,1346
1071,1115
1071,1073
1071,1112
1071,1134
1071,1111
1071,1116
1071,1076
1071,1236
1071,1237
1071,1238
1071,1239
1071,1240
1071,1080
1071,1243
1071,1244
1071,1247
1071,1081
1071,1248
1071,1249
1071,1250
1071,1085
1071,1086
1071,1251
1071,1087
1071,1253
1071,1254
1071,1255
1071,1256
1071,1258
1071,1259
1071,1261
1071,1088
1071,1263
1071,1264
1071,1265
1071,1266
1071,1268
1071,1320
1071,1272
1071,1273
1071,1229
1071,1274
1071,1089
1071,1276
1071,1217
1071,1278
1071,1279
1071,1280
1071,1281
1071,1283
1071,1284
1071,1285
1071,1286
1071,1091
1071,1287
1071,1288
1071,1289
1071,1120
1071,1324
1071,1293
1071,1095
1071,1295
1071,1296
1071,1298
1071,1300
1071,1301
1071,1306
1071,1347
1071,1308
1071,1311
1071,1312
1071,1313
1071,1314
1071,1329
1071,1316
1071,1317
1072,1077
1072,1241
1072,1246
1072,1348
1072,1349
1072,1299
1072,1350
1072,1098
1072,1351
1072,1352
1072,1353
1072,1105
1072,1345
1072,1354
1073,1235
1073,1115
1073,1127
1073,1112
1073,1134
1073,1075
1073,1111
1073,1116
1073,1076
1073,1077
1073,1236
1073,1237
1073,1238
1073,1239
1073,1240
1073,1318
1073,1241
1073,1079
1073,1080
1073,1243
1073,1244
1073,1246
1073,1247
1073,1081
1073,1248
1073,1249
1073,1250
1073,1085
1073,1086
1073,1251
1073,1253
1073,1254
1073,1255
1073,1256
1073,1257
1073,1258
1073,1319
1073,1259
1073,1261
1073,1262
1073,1088
1073,1263
1073,1264
1073,1265
1073,1266
1073,1267
1073,1268
1073,1270
1073,1320
1073,1271
1073,1272
1073,1273
1073,1229
1073,1117
1073,1274
1073,1089
1073,1275
1073,1217
1073,1278
1073,1321
1073,1090
1073,1279
1073,1280
1073,1281
1073,1322
1073,1282
1073,1283
1073,1284
1073,1285
1073,1286
1073,1091
1073,1287
1073,1288
1073,1289
1073,1120
1073,1290
1073,1323
1073,1292
1073,1324
1073,1293
1073,1095
1073,1295
1073,1296
1073,1297
1073,1298
1073,1300
1073,1097
1073,1301
1073,1305
1073,1325
1073,1306
1073,1326
1073,1307
1073,1308
1073,1099
1073,1309
1073,1101
1073,1102
1073,1327
1073,1328
1073,1310
1073,1311
1073,1312
1073,1313
1073,1314
1073,1329
1073,1315
1073,1316
1073,1317
1074,1262
1074,1088
1074,1255
1074,1263
1074,1112
1074,1238
1074,1240
1074,1247
1074,1081
1074,1249
1074,1250
1074,1085
1074,1086
1074,1251
1074,1256
1074,1261
1074,1266
1074,1271
1074,1272
1074,1273
1074,1089
1074,1280
1074,1283
1074,1091
1074,1287
1074,1288
1074,1355
1074,1120
1074,1295
1074,1296
1074,1297
1074,1300
1074,1308
1074,1313
1074,1317
1074,1356
1075,1246
1075,1299
1076,1111
1076,1112
1076,1113
1076,1114
1076,1115
1076,1127
1076,1116
1076,1077
1076,1228
1076,1229
1076,1117
1076,1378
1076,1118
1076,1092
1076,1093
1076,1379
1076,1120
1076,1121
1076,1380
1076,1230
1076,1124
1076,1125
1076,1126
1076,1381
1076,1156
1077,1339
1077,1382
1077,1241
1077,1112
1077,1114
1077,1228
1077,1084
1077,1118
1077,1379
1077,1125
1077,1126
1078,1382
1078,1241
1078,1079
1078,1080
1078,1242
1078,1243
1078,1244
1078,1504
1078,1287
1078,1511
1078,1305
1078,1313
1079,1245
1079,1517
1079,1241
1079,1518
1079,1112
1079,1246
1079,1247
1079,1081
1079,1082
1079,1475
1079,1248
1079,1249
1079,1250
1079,1519
1079,1417
1079,1228
1079,1520
1079,1083
1079,1084
1079,1085
1079,1086
1079,1331
1079,1251
1080,1521
1080,1111
1080,1522
1080,1523
1080,1524
1080,1112
1080,1237
1080,1113
1080,1525
1080,1134
1080,1526
1080,1527
1080,1236
1080,1361
1080,1087
1080,1082
1080,1252
1080,1253
1080,1369
1080,1254
1080,1528
1080,1242
1080,1478
1080,1344
1080,1234
1080,1529
1081,1245
1081,1516
1081,1517
1081,1241
1081,1268
1081,1269
1081,1546
1081,1112
1081,1237
1081,1134
1081,1526
1081,1238
1081,1248
1081,1091
1081,1344
1081,1097
1081,1539
1082,1111
1082,1376
1082,1270
1082,1320
1082,1271
1082,1093
1082,1106
1082,1535
1083,1274
1083,1107
1084,1241
1084,1250
1084,1417
1084,1305
1084,1566
1084,1109
1085,1567
1085,1237
1085,1089
1085,1087
1085,1091
1085,1568
1085,1569
1085,1535
1086,1330
1086,1235
1086,1336
1086,1111
1086,1112
1086,1570
1086,1134
1086,1319
1086,1267
1086,1238
1086,1239
1086,1571
1086,1572
1087,1112
1087,1237
1087,1592
1087,1134
1087,1255
1087,1243
1087,1250
1087,1252
1087,1256
1087,1257
1087,1259
1087,1274
1087,1217
1087,1283
1087,1293
1087,1297
1087,1305
1087,1539
1087,1325
1087,1125
1087,1569
1087,1487
1087,1310
1087,1593
1087,1315
1087,1317
1088,1628
1088,1552
1088,1111
1088,1276
1088,1262
1088,1112
1088,1237
1088,1255
1088,1263
1088,1089
1088,1091
1088,1287
1088,1355
1088,1313
1088,1356
1089,1552
1089,1111
1089,1276
1089,1152
1089,1112
1089,1545
1089,1541
1089,1569
1090,1622
1090,1375
1090,1474
1090,1336
1090,1265
1090,1115
1090,1267
1090,2171
1090,1542
1090,1279
1090,1289
1090,1511
1090,1910
1090,1347
1090,1534
1091,1628
1091,1552
1091,1111
1091,1262
1091,1112
1091,1237
1091,2285
1091,1255
1091,1263
1091,1252
1091,1355
1091,1332
1091,1285
1091,1287
1091,1313
1092,1114
1092,1369
1092,1093
1093,1341
1093,1517
1093,1114
1093,1229
1093,1117
1093,1267
1093,1118
1093,1561
1093,1378
1093,1379
1093,1253
1093,1390
1093,1120
1093,1121
1093,1133
1093,1228
1093,1511
1093,1380
1093,1122
1093,1539
1093,1123
1093,1230
1093,1125
1093,1126
1094,1727
1094,2408
1094,2156
1094,1485
1094,1220
1095,2098
1095,1112
1095,1237
1095,1134
1095,2071
1095,1238
1095,2100
1096,1567
1096,1112
1096,1323
1097,1937
1097,1268
1097,1546
1097,1376
1097,1112
1097,1377
1097,1275
1097,1342
1097,1272
1097,1301
1097,1250
1097,1344
1097,1100
1098,1339
1098,3048
1098,1541
1098,1340
1098,1300
1098,1305
1099,1543
1099,1909
1099,1376
1099,1340
1100,1937
1100,1268
1100,1546
1100,1376
1100,1377
1100,1331
1100,1242
1100,1243
1100,1283
1100,1284
1100,1344
1100,1288
1100,1101
1100,2289
1100,1478
1100,1487
1101,1134
1101,1342
1101,1541
1101,1331
1101,1244
1101,1283
1101,1284
1101,1344
1102,3071
1102,1111
1102,1112
1102,1290
1102,1116
1102,3072
1102,1298
1102,1120
1102,1332
1102,1547
1103,1115
1103,1127
1103,3104
1103,1488
1104,2234
1104,1452
1104,2245
1104,3128
1104,2908
1104,2233
1104,1447
1104,3117
1105,1548
1105,1112
1105,1541
1106,1301
1106,1271
1106,1639
1108,1622
1108,1909
1108,2288
1109,1382
1109,1217
1109,1250
1109,1242
1110,1245
1110,1117
1110,1357
1110,1358
1111,1260
1111,1359
1111,1360
1111,1113
1111,1116
1111,1241
1111,1247
1111,1361
1111,1252
1111,1255
1111,1263
1111,1268
1111,1270
1111,1273
1111,1217
1111,1284
1111,1287
1111,1362
1111,1293
1111,1296
1111,1297
1111,1363
1111,1124
1111,1327
1111,1313
1111,1364
1111,1365
1112,1330
1112,1235
1112,1237
1112,1134
1112,1116
1112,1236
1112,1238
1112,1239
1112,1240
1112,1243
1112,1244
1112,1247
1112,1249
1112,1250
1112,1331
1112,1251
1112,1253
1112,1255
1112,1332
1112,1256
1112,1258
1112,1259
1112,1263
1112,1333
1112,1264
1112,1265
1112,1266
1112,1271
1112,1272
1112,1273
1112,1229
1112,1274
1112,1275
1112,1217
1112,1278
1112,1279
1112,1280
1112,1281
1112,1283
1112,1284
1112,1285
1112,1286
1112,1287
1112,1288
1112,1120
1112,1293
1112,1295
1112,1296
1112,1297
1112,1298
1112,1300
1112,1301
1112,1306
1112,1334
1112,1311
1112,1312
1112,1313
1112,1335
1112,1314
1112,1316
1112,1317
1113,1260
1113,1116
1113,1361
1113,1252
1113,1229
1113,1362
1113,1293
1113,1363
1113,1366
1113,1123
1113,1367
1113,1368
1114,1261
1114,1369
1114,1119
1114,1120
1114,1370
1114,1371
1114,1349
1114,1230
1114,1372
1114,1373
1114,1374
1115,1227
1115,1152
1115,1127
1115,1228
1115,1229
1115,1129
1115,1130
1115,1120
1115,1121
1115,1230
1115,1124
1115,1125
1115,1156
1116,1260
1116,1245
1116,1375
1116,1336
1116,1262
1116,1376
1116,1377
1116,1265
1116,1266
1116,1252
1116,1293
1116,1297
1116,1234
1116,1327
1117,1944
1117,1341
1117,1560
1117,1336
1117,1229
1117,1228
1117,1118
1117,1119
1117,1120
1117,1122
1117,1125
1117,1126
1117,1945
1118,1341
1118,1229
1118,1561
1118,1378
1118,1120
1118,1121
1118,1125
1118,1126
1118,1946
1119,2215
1119,1700
1119,1835
1119,2216
1120,1560
1120,1336
1120,1237
1120,1134
1120,1229
1120,1561
1120,1378
1120,1511
1120,1380
1120,1123
1120,1125
1121,2471
1121,1229
1121,1561
1121,1378
1121,1947
1122,1229
1122,1561
1122,1271
1122,1378
1122,1947
1122,1296
1122,1380
1122,1123
1122,1125
1123,1622
1123,1229
1123,1561
1123,1378
1123,1252
1123,2938
1123,1367
1123,1539
1123,1124
1123,1125
1123,2644
1124,1260
1124,1349
1124,1252
1124,1233
1124,1297
1124,1243
1124,1230
1125,1260
1125,1341
1125,1560
1125,1229
1125,1561
1125,1378
1125,1252
1125,1306
1125,1126
1125,1243
1125,1230
1126,1341
1126,1229
1126,1178
1126,1195
1127,1129
1127,1232
1127,1233
1127,1234
1128,1175
1128,1153
1128,1138
1128,1140
1129,1152
1129,1275
1129,1342
1129,1278
1129,1271
1129,1130
1129,1381
1129,1940
1130,1227
1131,1152
1131,1219
1131,1223
1131,1170
1131,2405
1131,1189
1131,1159
1131,1190
1131,1160
1131,1192
1131,1171
1131,1161
1132,1226
1134,1330
1134,1235
1134,1336
1134,1337
1134,1237
1134,1236
1134,1238
1134,1239
1134,1240
1134,1243
1134,1244
1134,1247
1134,1249
1134,1250
1134,1251
1134,1252
1134,1256
1134,1257
1134,1258
1134,1259
1134,1264
1134,1272
1134,1273
1134,1229
1134,1274
1134,1217
1134,1280
1134,1281
1134,1283
1134,1284
1134,1285
1134,1286
1134,1288
1134,1295
1134,1296
1134,1297
1134,1300
1134,1325
1134,1308
1134,1312
1134,1338
1134,1317
1135,1177
1135,1188
1135,1485
1135,1178
1137,1175
1137,1138
1137,1140
1138,1175
1138,1153
1139,3028
1139,1147
1140,1162
1140,1175
1140,1153
1140,1141
1141,1199
1141,1536
1142,1998
1142,1193
1142,1143
1142,2065
1142,2057
1142,1145
1143,1998
1143,1145
1144,1199
1144,1879
1145,2307
1145,2710
1145,1746
1145,1763
1145,1740
1145,1733
1145,1536
1146,1164
1146,1165
1147,1976
1147,1673
1147,1977
1147,1164
1148,2591
1148,2032
1149,1199
1149,1193
1150,2842
1150,2319
1150,2321
1152,1169
1152,1159
1152,1170
1152,1171
1152,1161
1152,1172
1153,1173
1153,1174
1153,1175
1153,1176
1154,1177
1154,1178
1154,1179
1154,1180
1154,1181
1154,1182
1154,1183
1154,1184
1154,1185
1155,1199
1155,1200
1155,1201
1155,1175
1155,1202
1155,1203
1156,1170
1156,1189
1156,1190
1156,1160
1157,1218
1157,1193
1157,1219
1157,1220
1158,1168
1158,1161
1158,1221
1158,1222
1159,1223
1159,1170
1159,1189
1159,1224
1159,1160
1159,1192
1159,1225
1159,1161
1160,1170
1160,1189
1160,1190
1160,1225
1161,1223
1161,1170
1161,1224
1161,1171
1162,1221
1164,1996
1166,1672
1166,1673
1166,1167
1167,1673
1167,1195
1169,2105
1170,1189
1170,1190
1170,2018
1170,1192
1170,1225
1170,1171
1170,2019
1171,1189
1171,1190
1171,1192
1172,1187
1172,1348
1172,1945
1173,2122
1173,2123
1173,2124
1173,2125
1173,2126
1173,2127
1174,2117
1176,1776
1176,1212
1176,1777
1176,1778
1177,1188
1177,1603
1177,1604
1177,1514
1177,1185
1178,1179
1178,1188
1178,1318
1178,1514
1178,1182
1179,1183
1180,1182
1180,1773
1180,1774
1180,1775
1180,1185
1181,2290
1181,2128
1181,2130
1181,1874
1181,2129
1181,1184
1182,2633
1183,2639
1183,1409
1183,1188
1183,2634
1187,1772
1188,1603
1188,1604
1188,1514
1189,2020
1189,1680
1189,1190
1189,1192
1189,1225
1189,1989
1190,1505
1190,1192
1190,1225
1190,2017
1191,1981
1191,1740
1191,1733
1191,2108
1191,1757
1191,1194
1191,1754
1192,2041
1192,1225
1193,1199
1193,2307
1194,2073
1194,2510
1194,1981
1194,1224
1194,2075
1194,2374
1194,2511
1194,1757
1194,2076
1194,1788
1194,1408
1195,2960
1195,2961
1197,1412
1197,1513
1198,1352
1199,1536
1199,1747
1199,2039
1199,2041
1199,2042
1199,2043
1199,2044
1200,1202
1200,2123
1200,2159
1201,1850
1202,1203
1202,2159
1203,2123
1203,2159
1204,2209
1205,1644
1205,1645
1205,1647
1205,1646
1205,1648
1205,1649
1207,1872
1207,1868
1207,1873
1207,1874
1207,1603
1207,1875
1207,1876
1208,2128
1208,2124
1210,2133
1210,2134
1211,2297
1211,1874
1211,2291
1212,1874
1212,2129
1212,2294
1212,2295
1212,2298
1212,2296
1214,3140
1214,1392
1217,1237
1217,1236
1217,1274
1217,1477
1217,1315
1219,2406
1219,1221
1219,2407
1220,1727
1220,2408
1220,2156
1220,1321
1220,2560
1221,2957
1223,1225
1225,1727
1225,1976
1225,1989
1225,2110
1227,1957
1227,1958
1228,1516
1228,1517
1228,1560
1228,1241
1228,1229
1228,1561
1228,1378
1228,1248
1228,1511
1228,1230
1229,1237
1229,1378
1229,1379
1229,1390
1229,1230
1230,1341
1230,1378
1230,1390
1230,1369
1230,1367
1230,1284
1233,1234
1234,1376
1234,1377
1234,1527
1234,1320
1234,1369
1234,1254
1234,1576
1234,1296
1234,1297
1235,1238
1235,1250
1235,1332
1235,1284
1235,1286
1235,1296
1235,1298
1235,1325
1235,1473
1235,1317
1236,1474
1236,1237
1236,1238
1236,1475
1236,1332
1236,1259
1236,1476
1236,1286
1236,1477
1236,1478
1236,1479
1236,1298
1236,1308
1236,1340
1236,1309
1236,1334
1236,1480
1236,1329
1236,1481
1236,1317
1237,1238
1237,1239
1237,1240
1237,1243
1237,1247
1237,1249
1237,1250
1237,1251
1237,1256
1237,1257
1237,1259
1237,1263
1237,1272
1237,1273
1237,1274
1237,1280
1237,1283
1237,1284
1237,1286
1237,1287
1237,1288
1237,1295
1237,1298
1237,1300
1237,1312
1237,1313
1237,1484
1237,1317
1238,1239
1238,1240
1238,1318
1238,1243
1238,1244
1238,1249
1238,1250
1238,1251
1238,1332
1238,1256
1238,1258
1238,1259
1238,1476
1238,1485
1238,1264
1238,1271
1238,1486
1238,1280
1238,1281
1238,1283
1238,1284
1238,1285
1238,1286
1238,1288
1238,1293
1238,1295
1238,1296
1238,1479
1238,1298
1238,1300
1238,1305
1238,1487
1238,1311
1238,1488
1238,1480
1238,1329
1238,1489
1238,1317
1239,1259
1239,1240
1239,1244
1239,1250
1239,1258
1239,1317
1240,1490
1240,1319
1240,1263
1240,1259
1240,1284
1240,1313
1240,1491
1241,1245
1241,1382
1241,1515
1241,1516
1241,1517
1241,1360
1241,1327
1242,1530
1242,1285
1242,1531
1242,1287
1242,1288
1242,1293
1242,1297
1242,1305
1242,1532
1242,1325
1242,1347
1242,1533
1242,1312
1242,1313
1242,1317
1242,1534
1242,1535
1243,1336
1243,1255
1243,1250
1243,1332
1243,1256
1243,1257
1243,1536
1243,1530
1243,1285
1243,1287
1243,1288
1243,1537
1243,1538
1243,1293
1243,1305
1243,1539
1243,1532
1243,1325
1243,1347
1243,1533
1243,1487
1243,1313
1243,1317
1243,1540
1243,1534
1243,1535
1244,1541
1244,1258
1244,1542
1244,1285
1244,1287
1244,1538
1244,1293
1244,1305
1244,1539
1244,1532
1244,1325
1244,1347
1244,1533
1244,1487
1244,1313
1244,1317
1244,1534
1244,1535
1245,1543
1245,1544
1245,1330
1245,1360
1245,1545
1245,1376
1245,1546
1245,1270
1245,1301
1245,1302
1245,1327
1245,1483
1245,1547
1246,1377
1246,1299
1247,1548
1247,1268
1247,1376
1247,1541
1247,1273
1247,1300
1247,1305
1247,1310
1248,1517
1248,1331
1249,1375
1249,1265
1249,1266
1249,1267
1249,1255
1249,1264
1249,1550
1249,1551
1249,1279
1249,1281
1250,1330
1250,1319
1250,1259
1250,1254
1250,1257
1250,1289
1250,1365
1250,1491
1252,1260
1252,1255
1252,1293
1252,1297
1252,1363
1252,1366
1252,1539
1253,1595
1253,1521
1253,1596
1253,1375
1253,1336
1253,1265
1253,1266
1253,1275
1253,1267
1253,1528
1253,1352
1254,1526
1254,1527
1254,1320
1254,1289
1255,1552
1255,1262
1255,1256
1255,1263
1255,1599
1255,1283
1255,1284
1255,1287
1255,1355
1255,1297
1255,1313
1255,1356
1256,1531
1256,1286
1256,1283
1256,1284
1256,1297
1257,1308
1258,1346
1259,1490
1259,1284
1260,1359
1260,1360
1260,1376
1260,1268
1260,1293
1260,1297
1260,1327
1260,1483
1261,1341
1261,1270
1261,1349
1261,1627
1262,1263
1262,1287
1262,1355
1262,1313
1262,1356
1263,1552
1263,1284
1263,1287
1263,1355
1263,1313
1264,1633
1264,1336
1264,1592
1264,1265
1264,1266
1264,1267
1264,1279
1264,1281
1264,1634
1264,1325
1264,1910
1265,1595
1265,1633
1265,1912
1265,1336
1265,1586
1265,1592
1265,1267
1265,1542
1265,1598
1265,1279
1265,1280
1265,1599
1265,1281
1265,1634
1265,1537
1265,1306
1265,1910
1265,1913
1266,1375
1266,1336
1266,1592
1266,1267
1266,1550
1266,1279
1266,1280
1266,1634
1266,1537
1266,1306
1266,1910
1267,1633
1267,1336
1267,1592
1267,1550
1267,1542
1267,1598
1267,1279
1267,1280
1267,1599
1267,1634
1267,1537
1267,1306
1267,1910
1268,1937
1268,1344
1268,1301
1269,1277
1269,1637
1269,1540
1270,1544
1270,1563
1271,1381
1271,1940
1272,1274
1272,1942
1273,1548
1273,1376
1273,1541
1274,1546
1275,1331
1275,1342
1275,1278
1275,1344
1275,1942
1275,1316
1276,1951
1277,1322
1277,1954
1277,1335
1277,1955
1277,1540
1277,1534
1278,1937
1278,1342
1278,1344
1278,1316
1279,1595
1279,1521
1279,1375
1279,1336
1279,1550
1279,1551
1279,1597
1279,1280
1279,1599
1279,1281
1279,1542
1279,1537
1279,1297
1279,1910
1280,1375
1280,1336
1280,1550
1280,1297
1280,1910
1281,1595
1281,1635
1281,1634
1281,1537
1281,1910
1281,1347
1282,1827
1282,1573
1282,1836
1282,1837
1283,1531
1283,1286
1283,1530
1283,1285
1283,1287
1283,1288
1283,1293
1283,1305
1283,1325
1283,1347
1283,1313
1283,1329
1283,1317
1283,1534
1283,1535
1284,1332
1284,1530
1284,1285
1284,2282
1284,1287
1284,1288
1284,1538
1284,1293
1284,1305
1284,1539
1284,1532
1284,1325
1284,1347
1284,1533
1284,1487
1284,1313
1284,1317
1284,1540
1284,1534
1284,1535
1285,1530
1285,2282
1285,1288
1285,1293
1285,1477
1285,1305
1285,1325
1285,1347
1285,1533
1285,1317
1285,1540
1285,1534
1286,1346
1286,1297
1286,1347
1286,1329
1287,1552
1287,1355
1287,2286
1287,2282
1287,1288
1287,1305
1287,1325
1287,1347
1287,1313
1287,1317
1287,1534
1288,2282
1288,1619
1288,1538
1288,1305
1288,1325
1288,1347
1288,1533
1288,1572
1288,1317
1288,1540
1288,1534
1289,1523
1289,1476
1289,1575
1289,1899
1289,1903
1289,2204
1289,2283
1289,1572
1290,1377
1290,2071
1290,1327
1290,2413
1290,2422
1293,2727
1294,2494
1295,1330
1296,1570
1296,1477
1297,1363
1297,2823
1297,1547
1298,1481
1300,1548
1300,1376
1300,1541
1300,1344
1300,1489
1301,1546
1302,1621
1302,1622
1302,1341
1302,1909
1302,1624
1302,1359
1302,1360
1302,1376
1302,1579
1302,1541
1302,1303
1303,1621
1303,1622
1303,1341
1303,1909
1303,1624
1303,1359
1303,1360
1303,1376
1303,1579
1303,1541
1303,1702
1304,1552
1304,2937
1305,1339
1305,1366
1305,1536
1305,2022
1305,1539
1305,1532
1305,1325
1306,1521
1306,1596
1306,1336
1307,1310
1308,1636
1308,1531
1309,2645
1310,1601
1310,1315
1310,1535
1311,2154
1312,1565
1313,3116
1313,1552
1313,1319
1313,1335
1313,1355
1313,2286
1314,1376
1314,1377
1315,1535
1317,1319
1317,1325
1318,1504
1320,1376
1320,1939
1320,1365
1321,2156
1321,1449
1321,2157
1322,1336
1322,2172
1322,1599
1325,1585
1325,1347
1325,1533
1327,1543
1327,1620
1327,1621
1327,1622
1327,1623
1327,1341
1327,1624
1327,1359
1327,1625
1327,1626
1327,1560
1327,1360
1327,1376
1327,1377
1327,1541
1327,3073
1328,2437
1329,1585
1329,1522
1330,1608
1331,1344
1332,1546
1333,1819
1333,1820
1333,1476
1333,1818
1333,1390
1333,1372
1334,1552
1335,1622
1335,1633
1336,1595
1336,1521
1336,1596
1336,1375
1336,1528
1336,1597
1336,1542
1336,1598
1336,1599
1336,1537
1337,1629
1337,1630
1337,1631
1337,1632
1338,1597
1338,1913
1338,1598
1340,1635
1341,1360
1341,1371
1341,1349
1341,1959
1341,1960
1342,1344
1342,2107
1344,1518
1344,2917
1344,1541
1345,1944
1345,3115
1346,1531
1347,1531
1348,1832
1349,1358
1350,2178
1350,1565
1351,3080
1354,2500
1354,2640
1354,3133
1354,3132
1357,2760
1358,1829
1358,1370
1359,1360
1359,1619
1359,1483
1360,1543
1360,1620
1360,1621
1360,1622
1360,1623
1360,1624
1360,1625
1360,1626
1360,1560
1362,1548
1362,1541
1363,1939
1365,1376
1365,1526
1365,1527
1366,1529
1368,1548
1368,1541
1369,1561
1369,1576
1369,1380
1369,1371
1369,1374
1372,1819
1372,1390
1372,1823
1375,1550
1376,1908
1376,1621
1376,1622
1376,1909
1376,1624
1376,1541
1376,1377
1378,1561
1378,1947
1378,1380
1379,1945
1380,1561
1381,1940
1382,1475
1383,1384
1383,1385
1383,1386
1384,2388
1384,2389
1384,2387
1384,2013
1384,2390
1385,2391
1385,1712
1386,1398
1386,2007
1386,3014
1386,1712
1387,1388
1388,1389
1388,1390
1388,1391
1388,1392
1389,2164
1390,2470
1391,1392
1392,2740
1393,1394
1393,1395
1395,3149
1396,2842
1397,1398
1397,1399
1397,1400
1397,1401
1398,1402
1398,1403
1398,1404
1398,1405
1398,1406
1398,1407
1399,1408
1400,1409
1400,1401
1400,1410
1400,1411
1400,1412
1400,1413
1400,1407
1400,1414
1400,1415
1400,1416
1401,1409
1401,1417
1401,1418
1401,1419
1401,1420
1401,1421
1401,1414
1402,2197
1402,1403
1403,1713
1403,2197
1403,2318
1403,1711
1403,2198
1404,2297
1404,2011
1404,1712
1405,1406
1406,1422
1406,1407
1406,2786
1407,2005
1407,2006
1407,1422
1407,1712
1407,3016
1407,3089
1408,1755
1409,1422
1409,1423
1409,1424
1414,1554
1414,1556
1414,2972
1414,1417
1414,1419
1415,3056
1416,2053
1416,2263
1417,1553
1417,1554
1417,1555
1417,1556
1417,1557
1417,1558
1417,1559
1418,2176
1419,1558
1419,1811
1420,2083
1421,3030
1423,2432
1425,1426
1425,1427
1425,1428
1426,1429
1426,1428
1426,1430
1426,1431
1426,1432
1426,1433
1426,1434
1427,1428
1427,1430
1427,1435
1427,1431
1427,1433
1427,1434
1427,1436
1427,1437
1427,1438
1428,1439
1428,1434
1429,1440
1429,1431
1429,1432
1429,1434
1430,1431
1430,1440
1430,1435
1430,1433
1430,1883
1431,1887
1433,2265
1433,1434
1433,2592
1434,1494
1435,1882
1435,1884
1435,1440
1436,2659
1436,1887
1436,2245
1436,1455
1436,2242
1436,2243
1436,1458
1436,2260
1436,2239
1436,1467
1436,2261
1436,1472
1437,2785
1439,1441
1439,1442
1439,1443
1440,1882
1440,1501
1440,1881
1440,1503
1441,1442
1441,2217
1441,1929
1441,2222
1442,2224
1442,2225
1442,2226
1442,2227
1442,2168
1442,1443
1442,2010
1442,2219
1443,2610
1443,2862
1443,3069
1445,1446
1445,1447
1445,1448
1446,1451
1446,1448
1447,1452
1448,1453
1450,1473
1451,1454
1452,1455
1452,1456
1452,1457
1452,1458
1452,1459
1452,1460
1452,1461
1452,1462
1452,1463
1452,1464
1452,1465
1452,1466
1452,1467
1452,1468
1452,1469
1452,1470
1452,1471
1452,1472
1455,2234
1455,2236
1455,1460
1456,2442
1456,2859
1456,2445
1456,2486
1456,2451
1456,2860
1456,2861
1457,2486
1457,2863
1457,1468
1458,2659
1458,2233
1458,2260
1458,1796
1458,1472
1459,2908
1459,2463
1459,2451
1459,1462
1460,2234
1460,2963
1460,2442
1460,2235
1460,2236
1460,2964
1460,2699
1460,2252
1461,2985
1461,2986
1461,2987
1462,2442
1462,2451
1464,1887
1464,2252
1466,2659
1466,2660
1466,2239
1466,1796
1467,2234
1467,2659
1467,2235
1467,2236
1467,2247
1467,2233
1467,2251
1467,2260
1467,2248
1467,2243
1467,2664
1467,2239
1467,2244
1467,2238
1467,1796
1467,1472
1468,2246
1468,2659
1468,1764
1468,2235
1468,2236
1468,2248
1468,2243
1468,2664
1468,2239
1469,3101
1469,2239
1470,2234
1470,2236
1470,2248
1470,2664
1470,2244
1472,2234
1472,2659
1472,2236
1472,2245
1472,2260
1472,2248
1472,2244
1472,1671
1473,2171
1473,1480
1474,1475
1474,1482
1474,1483
1476,1522
1476,1524
1477,2562
1478,1526
1478,1939
1478,1479
1478,2286
1478,2289
1478,1702
1479,2289
1481,1524
1481,2439
1483,1621
1483,1622
1483,1623
1483,1624
1483,1625
1485,1905
1485,1486
1485,1906
1485,1907
1485,1488
1486,1905
1486,1907
1487,2289
1487,1578
1487,1619
1489,1541
1490,1636
1490,1531
1490,1637
1491,1900
1491,2562
1491,1573
1491,1899
1491,3142
1491,1549
1491,1637
1491,2283
1492,1493
1492,1494
1492,1495
1492,1496
1492,1497
1492,1498
1492,1499
1493,1495
1493,1497
1493,1498
1493,1499
1494,1496
1494,1498
1494,1499
1495,1496
1495,1497
1495,1498
1495,1499
1496,1497
1496,1498
1497,1500
1497,1498
1499,2597
1501,1882
1501,1503
1502,1977
1502,2029
1502,2030
1503,1882
1503,1888
1504,1505
1504,1506
1504,1507
1505,1507
1507,1508
1507,1509
1507,1510
1508,1512
1508,1513
1509,1510
1511,1517
1511,1561
1512,1605
1512,1606
1513,1605
1514,2192
1514,2117
1514,1643
1516,1517
1520,1545
1520,1562
1520,1563
1520,1564
1520,1565
1521,1551
1521,1584
1522,1585
1522,1524
1522,1586
1523,1573
1523,1587
1524,1588
1524,1534
1526,1589
1527,1590
1527,1591
1529,2172
1529,3052
1530,2282
1531,1636
1531,2283
1531,2284
1534,3072
1537,2650
1538,2694
1538,1993
1541,1548
1541,1578
1541,1600
1541,1601
1542,1598
1543,1618
1545,1623
1545,1563
1547,2783
1548,1600
1548,1601
1549,1898
1549,1899
1550,1597
1551,1941
1551,1584
1552,1699
1552,1867
1553,1556
1553,1609
1554,1610
1554,1556
1554,1611
1554,1612
1554,1613
1555,1557
1555,1614
1555,1615
1555,1616
1556,1617
1556,1559
1558,1750
1559,2741
1559,3153
1560,1942
1561,1945
1561,1946
1562,1564
1564,1565
1565,2843
1565,2419
1565,1725
1565,1831
1565,2468
1566,2634
1566,1993
1567,1948
1570,1949
1570,1950
1571,1622
1572,2283
1572,2286
1573,1901
1573,1574
1573,1898
1573,1902
1573,1575
1573,1903
1573,1576
1573,1671
1573,1580
1573,1904
1575,1576
1575,1580
1576,1577
1576,1903
1576,1578
1580,3033
1580,2003
1581,2940
1582,1583
1584,1941
1586,1912
1587,2257
1590,2982
1590,2983
1590,2984
1592,1633
1592,1634
1592,1635
1594,2902
1595,1599
1596,1914
1599,1634
1602,3091
1603,2300
1603,2301
1603,1604
1603,1873
1603,2117
1603,2299
1603,1643
1604,2304
1605,3027
1606,1720
1608,1780
1608,1786
1609,2971
1609,2551
1610,1611
1611,2438
1611,1613
1612,3032
1613,2438
1613,2485
1617,3088
1620,1959
1620,1960
1622,1952
1622,1953
1625,2619
1626,2620
1629,1915
1629,1916
1629,1917
1629,1918
1629,1919
1629,1632
1629,1920
1629,1921
1629,1922
1629,1923
1629,1924
1629,1925
1629,1926
1629,1724
1629,1676
1630,1631
1630,1916
1630,1927
1631,1916
1631,2624
1631,2625
1631,2626
1631,2627
1631,2628
1631,1927
1632,1916
1633,1635
1633,1910
1633,1911
1634,1635
1636,2283
1638,2368
1641,3024
1641,2428
1642,1643
1643,2121
1643,2117
1644,1645
1644,1646
1645,1650
1645,1647
1645,1646
1645,1649
1646,1649
1647,1651
1649,1650
1651,2505
1654,1655
1654,1657
1655,1657
1656,1664
1656,1665
1656,1657
1656,1658
1656,1659
1657,2072
1657,1831
1657,1659
1658,1664
1658,2831
1658,1665
1658,2915
1658,1659
1659,1664
1659,2831
1659,1904
1659,1665
1659,2915
1661,1666
1664,1669
1666,1671
1669,3071
1673,1990
1673,1991
1673,1992
1674,1675
1674,1676
1675,3121
1676,2519
1678,1679
1678,1680
1678,1681
1680,2020
1680,2018
1682,1683
1682,1684
1682,1685
1683,1685
1684,1686
1684,1685
1685,1687
1688,1694
1689,1690
1689,1691
1689,1692
1693,1694
1693,1695
1693,1696
1693,1697
1693,1698
1694,1695
1695,1696
1695,1698
1697,1876
1697,1698
1698,1876
1700,1701
1700,2215
1700,2216
1702,2289
1704,1706
1706,1870
1706,1954
1706,2690
1706,1955
1707,1708
1708,2920
1708,2849
1709,1731
1710,1711
1710,1712
1711,1713
1711,1714
1711,1712
1712,2005
1712,2006
1712,2319
1712,2061
1712,1731
1712,1732
1712,1729
1712,2389
1713,1715
1715,2726
1716,1717
1717,2273
1717,2274
1717,2275
1717,2276
1717,2277
1718,1719
1718,1720
1718,1721
1718,1722
1719,1966
1719,1720
1719,1721
1720,1721
1720,1722
1726,1727
1727,2408
1727,1989
1727,2409
1727,2394
1730,1732
1730,1733
1730,1734
1730,1745
1730,1738
1731,1746
1731,1740
1731,1733
1731,1742
1731,1735
1731,1736
1732,1734
1732,1741
1732,1754
1732,1743
1732,1735
1733,1763
1733,1740
1733,1741
1733,1742
1733,1754
1733,1736
1733,1755
1735,1743
1736,1746
1736,1740
1736,1742
1739,1750
1739,1751
1739,1752
1740,1753
1740,1741
1740,1742
1740,1754
1740,1755
1742,1746
1742,1763
1742,1748
1744,3086
1746,1747
1746,1748
1746,1749
1748,1763
1748,2713
1750,1751
1750,1758
1750,1759
1750,1760
1750,1761
1750,1762
1752,2557
1752,2475
1752,2527
1754,2073
1754,1757
1754,2509
1755,2710
1756,1880
1757,2073
1757,2075
1757,2108
1757,2076
1757,2509
1757,2362
1757,1788
1758,1759
1758,2710
1759,2710
1760,2632
1760,2549
1763,2111
1764,2594
1766,2789
1766,2790
1767,1768
1768,2257
1768,1887
1768,2113
1768,2752
1768,1884
1768,1891
1768,2753
1768,1890
1768,1889
1768,1883
1768,3087
1771,2215
1771,1835
1771,2216
1773,2831
1776,1851
1776,1853
1776,1778
1777,3017
1778,2120
1778,1853
1778,2293
1779,1780
1780,1781
1780,1782
1780,1783
1780,1784
1780,1785
1780,1786
1782,1783
1782,2715
1784,2162
1784,2163
1787,1788
1788,2073
1788,1966
1788,2357
1788,2077
1788,2362
1789,1790
1789,1792
1789,1794
1789,1795
1789,1796
1789,1797
1789,1798
1789,1799
1789,1800
1789,1801
1790,1792
1790,1793
1790,1794
1790,1795
1790,1798
1791,2539
1791,2524
1791,2533
1791,2174
1791,2540
1791,2530
1791,2541
1791,2475
1791,2531
1791,2537
1791,2542
1791,2543
1791,2538
1791,2544
1791,2545
1791,2546
1791,2547
1791,2548
1791,1801
1791,2549
1792,2519
1792,2475
1792,2527
1792,2854
1792,2528
1793,1794
1793,2420
1794,1795
1796,2659
1796,2236
1796,2239
1799,1800
1802,2338
1802,2339
1802,2340
1802,2261
1802,2341
1803,1807
1808,1809
1809,1811
1809,1812
1810,1814
1810,1815
1811,2000
1816,2665
1816,2697
1818,1819
1818,1820
1818,1821
1818,1822
1819,1820
1819,1821
1819,1823
1820,1824
1820,1825
1820,1821
1820,1823
1820,1826
1822,1830
1822,1833
1822,1823
1822,1834
1822,1835
1824,1825
1824,1828
1826,2925
1827,1839
1827,1836
1827,1837
1827,1838
1829,1841
1830,1842
1830,1846
1830,1831
1830,1844
1830,1847
1831,1842
1831,1848
1831,1846
1831,1849
1831,1844
1832,1833
1832,1835
1833,1849
1833,1835
1835,3000
1835,2215
1835,1849
1836,1837
1839,1898
1839,1852
1840,1851
1840,1852
1840,1853
1842,1846
1842,1844
1842,1854
1843,1855
1844,1846
1844,1849
1844,1847
1845,1846
1845,1847
1846,1847
1848,1856
1848,1857
1849,1859
1849,1860
1849,1861
1849,1862
1850,2058
1851,2177
1851,1853
1859,2070
1859,2009
1859,3000
1859,2072
1859,3001
1859,1860
1859,1862
1859,3107
1860,2070
1860,2009
1860,2072
1860,1862
1860,3107
1861,2939
1862,3107
1863,1864
1864,1865
1864,1866
1865,2605
1865,3012
1867,3127
1868,1869
1869,2877
1869,1870
1869,1954
1869,2690
1869,2972
1869,1955
1870,2877
1870,2876
1870,1955
1871,2642
1872,1875
1872,1877
1872,1878
1874,2290
1874,2128
1874,2130
1874,2129
1874,2293
1874,2294
1874,2298
1874,2296
1879,1880
1883,2257
1883,1887
1883,2590
1883,1884
1883,3075
1884,1888
1884,1889
1884,1890
1884,1891
1884,1892
1884,1893
1885,1886
1887,2053
1887,2257
1887,2021
1887,2236
1887,2243
1887,2258
1887,2259
1887,2260
1887,2261
1888,2257
1888,2685
1888,2141
1888,2024
1888,2143
1888,2594
1889,2259
1889,2752
1889,2753
1890,1893
1892,2615
1894,1895
1895,2005
1895,2006
1895,2786
1895,2061
1895,2064
1896,1897
1899,1900
1901,1903
1903,2425
1903,2426
1905,2154
1910,2650
1915,2605
1915,2606
1915,2607
1916,2624
1916,1927
1917,1918
1917,2270
1919,2932
1919,2933
1920,2200
1920,1923
1924,3139
1924,1927
1924,2200
1927,2625
1927,2626
1928,1929
1929,2217
1930,1931
1931,1932
1931,1933
1931,1934
1931,1935
1932,1936
1933,1935
1935,2729
1938,2039
1939,1956
1948,2828
1948,2826
1949,1950
1950,2317
1953,2288
1954,2655
1954,2690
1954,2691
1954,1955
1954,2692
1954,2693
1955,2692
1955,2693
1956,2715
1958,2015
1958,3003
1958,3060
1961,1962
1962,1963
1962,1964
1962,1965
1963,1964
1963,1966
1963,1967
1963,1968
1963,1969
1963,1970
1963,1971
1964,1966
1965,1972
1965,1973
1966,2356
1966,2343
1966,2357
1966,2358
1966,2359
1966,2360
1966,2361
1966,2362
1966,1968
1966,1969
1966,1970
1966,2363
1966,2364
1966,2365
1966,2088
1966,2089
1966,2366
1966,2367
1966,2352
1967,2687
1967,2644
1968,2212
1968,2348
1968,2935
1968,2362
1969,2212
1969,2348
1969,2935
1969,2944
1970,2399
1970,2858
1971,3064
1972,2856
1972,2855
1973,2343
1974,1975
1976,1989
1977,1994
1977,1995
1978,1988
1981,1999
1981,2000
1981,1989
1981,2001
1981,2002
1984,2008
1985,2009
1985,2010
1986,2005
1986,2006
1986,2011
1988,2013
1989,2001
1990,2015
1990,1992
1991,2016
1992,2086
1993,2634
1994,2024
1994,2025
1994,2026
1994,2027
1994,2028
1995,2031
1996,2002
1996,3111
1998,2056
1998,2057
1999,2073
1999,2110
1999,2074
2000,2374
2000,2376
2001,2410
2002,2580
2002,3111
2005,2006
2005,2011
2005,2060
2005,2061
2005,2062
2005,2063
2005,2064
2006,2061
2006,2062
2006,2063
2006,2064
2008,2067
2008,2049
2008,2068
2009,2069
2009,2070
2009,2071
2009,2072
2010,2791
2011,2060
2011,2078
2011,2079
2012,2080
2013,2387
2013,2388
2013,2389
2013,2390
2015,2085
2018,2020
2018,2034
2019,2579
2020,2033
2021,2035
2021,2036
2021,2037
2021,2038
2024,2025
2024,2045
2024,2027
2024,2046
2024,2047
2024,2048
2024,2049
2024,2050
2024,2051
2025,2052
2026,2585
2026,2584
2026,2586
2026,2587
2026,2588
2027,2683
2027,2113
2027,2045
2027,2046
2027,2052
2027,2592
2027,2596
2027,2047
2027,2114
2027,2594
2027,2051
2029,2281
2029,2275
2029,2280
2030,2788
2030,2584
2030,2878
2031,2053
2031,2054
2031,2055
2032,2591
2033,2830
2035,2489
2035,2036
2035,2479
2035,2483
2035,2484
2035,2038
2035,2490
2036,2489
2036,2493
2036,2038
2036,2490
2037,2257
2037,2264
2037,2265
2037,2807
2037,2894
2038,2489
2039,2066
2041,2320
2045,2594
2045,2592
2045,2047
2045,2598
2045,2050
2045,2051
2046,2594
2047,2052
2047,2598
2047,2051
2048,2594
2048,2049
2050,2683
2050,2052
2050,2598
2051,2113
2051,2598
2051,2592
2051,3087
2052,2683
2052,2684
2053,2262
2053,2248
2053,2263
2056,2065
2060,3035
2060,2078
2061,2064
2062,2297
2062,2063
2069,2071
2069,2618
2070,2072
2073,2108
2073,2074
2073,2075
2073,2076
2074,2108
2074,2076
2075,2076
2075,2077
2076,2513
2076,2623
2076,2080
2076,2077
2077,2081
2077,2357
2078,2745
2078,3035
2079,3035
2080,2510
2080,2514
2080,2515
2080,2724
2081,2725
2082,2083
2082,2084
2083,2084
2085,3129
2087,2088
2087,2089
2088,2089
2090,2091
2090,2092
2090,2093
2092,2714
2094,2095
2096,2097
2097,2334
2098,2099
2098,2100
2098,2101
2099,2780
2101,2191
2102,2811
2104,2811
2108,2307
2109,3120
2109,3050
2109,2821
2109,3076
2112,2559
2112,2560
2113,2114
2113,2115
2113,2116
2115,3087
2117,2120
2117,2121
2118,3145
2122,2124
2122,2127
2123,2177
2123,2181
2124,2128
2125,2567
2125,2126
2128,2130
2128,2129
2129,2290
2129,2130
2129,2294
2129,2296
2133,2134
2135,2136
2135,2137
2135,2138
2136,2139
2136,2140
2136,2141
2136,2142
2136,2143
2136,2144
2136,2145
2136,2146
2136,2147
2136,2148
2136,2149
2136,2150
2136,2151
2136,2152
2136,2153
2137,2143
2137,2145
2138,3106
2139,2141
2139,2140
2139,2322
2140,2323
2140,2142
2140,2145
2140,2146
2140,2147
2140,2150
2140,2326
2141,2327
2141,2142
2141,2143
2141,2145
2141,2146
2141,2147
2141,2148
2141,2328
2141,2324
2141,2150
2141,2329
2141,2330
2141,2331
2142,2143
2142,2144
2142,2145
2142,2146
2143,2144
2143,2145
2143,2146
2143,2150
2143,2330
2143,2151
2143,2787
2143,2153
2144,2147
2144,2788
2144,2787
2145,2330
2145,2787
2146,2788
2146,2150
2147,2273
2147,2789
2147,2323
2147,2324
2147,2325
2148,2328
2148,2150
2149,2988
2150,3045
2150,2327
2150,2584
2150,2328
2151,2772
2156,2157
2160,2162
2160,2163
2164,2165
2166,2167
2166,2168
2166,2169
2166,2170
2169,2170
2172,2799
2172,2803
2172,2800
2173,2174
2174,2537
2174,2538
2174,2544
2174,2545
2174,2548
2174,2549
2177,2181
2179,2180
2179,2182
2179,2183
2179,2184
2179,2185
2179,2186
2180,2182
2180,2183
2180,2187
2180,2184
2180,2185
2180,2188
2180,2186
2182,2183
2182,2187
2182,2184
2182,2185
2182,2188
2182,2186
2184,2185
2185,2913
2187,2188
2187,2771
2188,2889
2189,2190
2189,2192
2189,2193
2189,2194
2190,2192
2190,2195
2190,2194
2192,2299
2197,2198
2198,2352
2199,2200
2199,2201
2199,2202
2200,3040
2205,2951
2207,2208
2208,2706
2208,2705
2208,2703
2209,2850
2211,2212
2215,2216
2216,2617
2217,2223
2218,2895
2219,2223
2219,2610
2220,2862
2221,2223
2221,2354
2221,2363
2224,2228
2224,2225
2224,2229
2225,2228
2225,2706
2225,2708
2225,2705
2225,2700
2225,2702
2225,2703
2226,2229
2226,2709
2228,2704
2228,2705
2228,2700
2228,2703
2228,2706
2228,2707
2229,2700
2230,2231
2230,2232
2233,2234
2233,2235
2233,2236
2233,2237
2233,2238
2233,2239
2233,2240
2233,2241
2234,2235
2234,2236
2234,2242
2234,2243
2234,2244
2234,2245
2234,2246
2234,2247
2234,2248
2234,2249
2234,2250
2234,2239
2234,2251
2234,2252
2234,2241
2235,2253
2235,2237
2235,2254
2235,2238
2235,2239
2236,2244
2236,2247
2236,2248
2237,2254
2237,2238
2237,2239
2238,3031
2238,2254
2238,2240
2239,2659
2239,2339
2239,2251
2239,2260
2239,2248
2239,2243
2240,2463
2240,2248
2240,2675
2240,2486
2242,2659
2242,2660
2242,2243
2242,2244
2243,2662
2243,2246
2243,2659
2243,2258
2243,2247
2243,2660
2243,2244
2243,2663
2244,2664
2246,2662
2246,2258
2246,2666
2246,2667
2246,2668
2249,2451
2249,2674
2250,2261
2251,2261
2252,2659
2252,2442
2252,2664
2253,2256
2257,2264
2257,2265
2257,2266
2257,2267
2258,2662
2258,2666
2258,2668
2259,2265
2259,2749
2260,2659
2260,2660
2260,2661
2261,2659
2261,2963
2261,2338
2262,2322
2264,2336
2266,3002
2267,3062
2267,2502
2268,2269
2268,2270
2268,2271
2268,2272
2273,2276
2273,2278
2273,2279
2275,2276
2275,2277
2275,2280
2276,2277
2277,2280
2278,2279
2279,3045
2279,3113
2280,2363
2280,2872
2285,2287
2286,2288
2286,2289
2287,2562
2290,2293
2290,2294
2290,2295
2290,2296
2293,2294
2293,2298
2293,2296
2294,2794
2294,2295
2294,2298
2294,2296
2295,2296
2296,2794
2296,2298
2301,2303
2303,2996
2305,2306
2306,2307
2306,2308
2306,2309
2307,2315
2307,2309
2307,2316
2311,2317
2314,2714
2316,2648
2317,3066
2319,2321
2320,2422
2320,2423
2320,2424
2322,2323
2323,2324
2323,2325
2324,2327
2324,2328
2325,2789
2325,2326
2326,2825
2327,2395
2327,2328
2327,2331
2328,2395
2328,2331
2329,2685
2329,3090
2330,2584
2332,2333
2332,2334
2333,2335
2333,2336
2333,2337
2334,2806
2334,2807
2334,2808
2335,2392
2335,2393
2336,3103
2337,2898
2337,2946
2337,3144
2337,2561
2339,2574
2341,3093
2341,3137
2342,2343
2342,2344
2342,2345
2343,2346
2343,2347
2343,2348
2343,2349
2343,2350
2343,2351
2343,2345
2343,2352
2343,2353
2344,2345
2346,2348
2347,2354
2347,2355
2348,2350
2348,2353
2349,2353
2350,2357
2350,2362
2355,2855
2357,2576
2357,2577
2357,2362
2359,2835
2360,2400
2360,2858
2360,2361
2360,2401
2361,2929
2361,2928
2362,2580
2362,2366
2362,2934
2363,2871
2363,2868
2363,2873
2364,2858
2364,2935
2366,2580
2366,2934
2370,2371
2371,2372
2371,2373
2374,2375
2377,2378
2377,2379
2378,2380
2378,2379
2379,2380
2379,3150
2379,2549
2381,2382
2381,2383
2381,2384
2381,2385
2381,2386
2382,2383
2382,2385
2383,2882
2383,2384
2383,2385
2385,2882
2385,2711
2388,2389
2388,2390
2389,2391
2392,2393
2393,2995
2396,2397
2397,2398
2398,2503
2399,2400
2399,2401
2400,2402
2400,2403
2400,2404
2402,2403
2402,3114
2402,2653
2410,2780
2410,3122
2411,2412
2411,2413
2414,2415
2414,2416
2415,2416
2418,2419
2420,2966
2420,2967
2422,2782
2423,2831
2425,2426
2429,2430
2430,2431
2430,2432
2430,2433
2430,2434
2431,2432
2431,2433
2431,2653
2432,2433
2433,2434
2433,2654
2434,2653
2434,2654
2434,2853
2434,2657
2434,3037
2434,3038
2434,2658
2435,3097
2436,2437
2439,2440
2441,2442
2441,2443
2442,2444
2442,2445
2442,2446
2442,2447
2442,2448
2442,2449
2442,2450
2442,2451
2442,2452
2442,2453
2442,2454
2442,2455
2442,2456
2442,2457
2442,2458
2442,2459
2442,2460
2443,2461
2443,2462
2443,2463
2443,2464
2443,2465
2444,2451
2444,2452
2445,2450
2445,2452
2446,2865
2446,2447
2446,2448
2446,2457
2447,2865
2447,2448
2447,2449
2447,2457
2448,2865
2448,2449
2448,2457
2449,2457
2451,2452
2453,2454
2453,2458
2456,3054
2460,3118
2460,2672
2460,2673
2461,2466
2461,2467
2461,2464
2461,2465
2462,2672
2462,2673
2462,2463
2463,2674
2463,2675
2465,2673
2467,3102
2468,2843
2474,2475
2474,2476
2474,2477
2475,2557
2475,2527
2475,2546
2477,2557
2477,2527
2478,2479
2478,2480
2478,2481
2478,2482
2479,2483
2479,2480
2479,2481
2479,2484
2479,2482
2479,2485
2480,2486
2481,2487
2481,2482
2481,2488
2482,2483
2482,2484
2483,2484
2483,2490
2486,2862
2486,2859
2486,2863
2486,2864
2486,2861
2487,2491
2488,2535
2489,2492
2489,2493
2489,2490
2490,2492
2492,2678
2492,2680
2494,2496
2496,2497
2500,2501
2501,3154
2505,2506
2506,2945
2506,2946
2507,2508
2510,2512
2510,2513
2510,2514
2510,2515
2510,2516
2514,2515
2514,2516
2517,2518
2517,2519
2517,2520
2517,2521
2517,2522
2518,2523
2518,2520
2518,2521
2518,2524
2518,2522
2518,2525
2518,2526
2519,2527
2519,2528
2520,2524
2520,2529
2520,2521
2520,2522
2520,2530
2520,2531
2521,2522
2522,2524
2522,2530
2524,2532
2524,2533
2524,2530
2524,2534
2524,2535
2524,2536
2525,2534
2525,2551
2525,2839
2525,2840
2525,2552
2525,2841
2527,2854
2527,2528
2528,3058
2529,2537
2529,2538
2530,2539
2530,2540
2530,2541
2530,2533
2530,2531
2531,2539
2531,2540
2531,2533
2531,2537
2533,2539
2533,2540
2533,2541
2535,2536
2537,2542
2537,2743
2537,2543
2537,2538
2537,2544
2537,3004
2539,2540
2539,2541
2540,2557
2541,2613
2541,2543
2541,2546
2542,2544
2542,3004
2543,2743
2543,3004
2544,3004
2545,3008
2548,2732
2549,2732
2550,2551
2550,2552
2552,2839
2552,2840
2553,2554
2553,2555
2553,2556
2554,2605
2554,2608
2561,2562
2561,2563
2562,2564
2562,2565
2566,2875
2566,2876
2566,2747
2567,2568
2569,2570
2571,2572
2573,2574
2576,2578
2576,2577
2577,2578
2577,2579
2579,2580
2579,2581
2579,2582
2580,2936
2580,2581
2580,2934
2583,2584
2585,2589
2585,2587
2592,2593
2592,2594
2592,2595
2592,2596
2592,2597
2593,2599
2593,2594
2594,2596
2600,2601
2601,2602
2601,2603
2602,2604
2605,2606
2605,2608
2605,2609
2606,2608
2608,2609
2609,2978
2610,2611
2610,2612
2612,3070
2614,2615
2614,2616
2615,2617
2621,2622
2622,3125
2629,2633
2634,2635
2634,2636
2634,2637
2635,2636
2635,2638
2635,2637
2636,2638
2637,3094
2637,2638
2641,2642
2642,2643
2642,2644
2644,2972
2644,2973
2646,2647
2646,2648
2647,2648
2647,2649
2650,2651
2651,2652
2653,2655
2653,2656
2653,2657
2653,2654
2653,2658
2654,3036
2654,3037
2654,2658
2655,2687
2655,2688
2657,3036
2658,2834
2659,2661
2662,2666
2662,2667
2667,2954
2669,2670
2672,2673
2673,2674
2674,2904
2676,2851
2677,2678
2677,2679
2678,2679
2678,2680
2678,2681
2678,2682
2680,2979
2683,2684
2685,2818
2686,2784
2687,2689
2688,2692
2688,2693
2690,2877
2690,2876
2690,2878
2692,2693
2695,2696
2695,2697
2696,2698
2697,2699
2700,2701
2700,2702
2700,2703
2701,2703
2702,2703
2703,2706
2703,2705
2704,2705
2705,2706
2705,2707
2717,2813
2717,2814
2717,2718
2717,2815
2718,2815
2718,2817
2718,2723
2720,2900
2725,2726
2728,2729
2728,2730
2728,2731
2730,2981
2731,2759
2732,2733
2732,2734
2732,2735
2732,2736
2733,2734
2733,2737
2734,2735
2734,3049
2734,2737
2735,2736
2735,2737
2737,3136
2738,2739
2742,2743
2743,2744
2744,3059
2745,2748
2752,2753
2755,2921
2755,2922
2755,2923
2755,2924
2755,2925
2758,2759
2761,2762
2761,2763
2762,2765
2763,2766
2763,2764
2764,2768
2766,2767
2773,2774
2773,2775
2773,2776
2774,2775
2777,2778
2780,2781
2789,2790
2791,2792
2792,2812
2793,2794
2793,2795
2794,2795
2794,2796
2794,2797
2795,2889
2795,2797
2797,2889
2797,2887
2797,3053
2797,2890
2798,2799
2798,2800
2798,2801
2799,2802
2800,2804
2801,2804
2801,3052
2802,2804
2803,2844
2804,3052
2809,2810
2813,2814
2813,2816
2814,2816
2820,2821
2821,2822
2826,2827
2831,2832
2833,2834
2836,2860
2836,2918
2839,2840
2839,2841
2840,3078
2841,3021
2845,2846
2845,2847
2846,2847
2849,3085
2851,2852
2859,2861
2866,2867
2866,2868
2866,2869
2867,2868
2867,2869
2867,2870
2868,2871
2868,2869
2868,2872
2868,2873
2869,2871
2870,2942
2871,2874
2872,2873
2876,2877
2879,2880
2879,2881
2879,2882
2879,2883
2879,2884
2879,2885
2881,2883
2882,3067
2882,2883
2883,2884
2883,3067
2884,2885
2886,2887
2886,2888
2887,2889
2887,2888
2887,2890
2888,2889
2889,2890
2891,2892
2892,2893
2892,2894
2897,2898
2898,2899
2901,2902
2902,3011
2902,3112
2904,2909
2904,2910
2904,2911
2905,2906
2909,2910
2909,2911
2909,3006
2910,3006
2912,2913
2912,2914
2913,2914
2915,2953
2920,3025
2921,2925
2922,2923
2922,2926
2923,2926
2928,2929
2929,2930
2929,2931
2931,3141
2933,2994
2940,2941
2945,2946
2947,2948
2947,2949
2947,2950
2948,2949
2948,3083
2948,2950
2949,3083
2950,3083
2951,2952
2954,2955
2962,3098
2962,3099
2963,2965
2968,2969
2968,2970
2972,2973
2973,2974
2976,2977
2985,2987
2986,2987
2990,2993
2991,2992
2993,3056
2997,2998
2998,2999
3000,3001
3005,3043
3005,3044
3006,3007
3007,3008
3007,3009
3007,3010
3013,3014
3014,3015
3014,3016
3019,3020
3022,3023
3027,3028
3037,3068
3040,3041
3041,3042
3043,3044
3045,3046
3050,3051
3064,3065
3074,3119
3078,3079
3082,3084
3084,3108
3094,3095
3098,3105
3100,3101
3117,3118
3124,3125
3130,3131
3134,3135
3146,3147
