source,target
0,1
0,2
0,3
0,4
0,5
0,6
0,7
1,8
1,9
1,10
1,11
1,12
2,3
2,6
2,13
2,14
2,15
2,16
2,17
2,18
2,19
2,20
2,21
2,22
2,23
2,24
2,25
2,26
3,6
3,7
3,15
3,19
3,23
3,25
3,27
3,28
5,29
5,30
5,7
5,31
6,9
6,32
6,13
6,33
6,27
7,34
7,35
7,36
7,37
7,38
7,39
7,30
7,40
7,41
7,42
7,31
8,32
8,43
8,15
8,44
8,19
8,45
8,46
8,47
8,48
8,49
8,50
8,51
8,52
8,25
8,53
8,54
8,26
8,55
9,32
9,15
9,56
9,57
9,26
10,1362
11,32
11,1240
11,48
11,1724
11,408
11,2001
12,261
12,2584
13,61
13,62
13,34
13,33
13,63
13,19
13,64
13,65
13,25
13,53
13,66
13,67
13,68
14,43
14,138
14,179
14,180
14,181
14,182
14,183
14,184
14,185
14,186
14,187
14,188
14,189
15,759
15,760
15,512
15,431
15,761
15,762
15,763
15,729
15,700
15,764
15,32
15,765
15,766
15,767
15,135
15,136
15,725
15,59
15,513
15,75
15,768
15,203
15,145
15,769
15,376
15,377
15,206
15,585
15,41
15,467
15,770
15,771
15,106
15,47
15,22
15,84
15,49
15,88
15,772
15,52
15,773
15,548
15,93
15,774
15,775
15,776
15,777
15,55
17,510
17,761
17,41
17,698
17,401
17,1808
17,52
17,1809
18,510
18,1848
18,1850
18,627
19,61
19,62
19,32
19,367
19,75
19,33
19,79
19,1915
20,212
20,650
20,578
20,834
21,1397
21,1108
21,24
21,2107
21,26
21,1255
22,766
22,725
22,75
22,41
22,203
22,206
22,48
22,1393
22,552
23,2574
23,49
23,52
23,519
24,1296
24,950
24,650
24,578
24,609
24,575
24,300
24,1162
24,292
24,954
24,1893
24,297
24,1211
24,623
24,125
25,32
25,53
25,51
25,26
26,438
27,135
27,136
27,148
27,147
27,137
27,138
27,69
27,139
28,39
28,30
28,40
29,31
30,37
30,38
30,39
30,42
30,31
30,58
31,512
31,766
31,1819
31,1822
32,59
32,47
32,48
32,53
32,60
32,57
32,55
33,61
33,69
33,70
33,71
33,65
33,72
33,67
33,68
34,73
34,74
34,63
34,75
34,76
34,77
34,78
34,79
34,80
34,65
34,81
34,82
34,83
34,84
34,85
34,86
34,87
34,88
34,89
34,90
34,91
34,92
34,93
34,94
34,95
35,96
35,97
35,98
35,99
35,100
35,101
35,102
35,103
36,104
36,105
36,41
36,106
37,42
38,107
38,108
38,109
39,40
39,110
41,300
41,42
41,140
41,49
41,102
41,772
41,52
41,58
41,777
42,2365
43,260
43,261
43,222
43,224
43,262
44,760
44,1257
44,367
44,1256
44,769
44,771
44,1259
44,46
44,338
44,1263
44,1258
44,53
44,1055
44,54
45,73
45,1995
45,725
45,546
45,292
45,770
45,1529
45,125
45,550
45,1820
45,552
45,549
45,1996
45,1997
45,118
46,760
46,2229
46,1257
46,1259
46,53
47,75
47,402
47,338
47,48
48,1724
49,511
49,217
49,2574
49,2575
49,167
49,667
49,106
50,135
50,136
50,75
50,145
50,147
50,137
50,138
50,69
50,139
50,140
51,2297
51,203
51,275
51,2520
52,512
52,161
52,511
52,765
52,766
52,406
52,725
52,1819
52,514
52,1398
52,2332
52,1822
52,269
52,552
54,367
55,75
55,1216
56,1703
56,648
56,493
57,136
57,139
58,1626
58,1171
58,2570
58,295
58,99
58,59
58,1389
58,2571
58,300
58,1615
58,292
58,303
58,2569
58,1821
58,297
58,1815
58,2228
58,1810
58,671
58,2921
59,759
59,431
59,1821
59,1724
59,1533
59,1826
61,65
61,94
62,111
62,63
62,112
62,113
62,65
62,114
62,81
62,115
62,66
62,116
62,68
62,94
62,117
63,385
63,386
63,387
63,112
63,365
63,367
63,75
63,368
63,76
63,113
63,376
63,377
63,362
63,352
63,353
63,354
63,74
65,399
65,386
65,410
65,112
65,2523
65,75
65,2524
65,114
65,113
65,81
65,1456
65,362
65,79
65,353
65,338
66,722
66,514
66,113
66,2862
66,68
67,203
67,70
67,2889
68,111
68,112
68,113
68,2915
69,135
69,136
69,137
69,138
69,139
69,140
69,141
71,381
72,2137
73,118
74,351
74,352
74,353
74,354
74,355
74,356
74,357
74,358
74,359
74,360
75,399
75,354
75,356
75,362
75,376
75,377
75,378
75,77
75,379
75,400
75,401
75,79
75,125
75,338
75,402
75,84
75,88
75,371
75,92
75,93
75,372
75,403
75,373
75,380
75,95
76,365
76,354
76,358
76,360
76,383
76,384
76,338
76,394
76,392
76,95
77,405
77,406
77,367
77,378
77,356
77,87
77,88
77,407
78,1457
78,1455
78,1456
78,366
79,338
79,1258
79,403
82,1457
82,114
82,1461
83,284
83,2360
84,759
84,431
84,376
84,377
84,1724
84,2649
84,1399
85,386
85,421
86,2616
86,2743
86,391
86,91
86,2744
87,88
88,352
88,378
88,380
89,2470
89,90
90,1291
90,2470
91,2743
91,2744
92,386
92,351
92,365
92,376
92,377
92,362
92,352
92,353
92,354
92,355
92,412
92,358
92,1455
93,376
93,377
93,402
93,356
95,365
95,394
95,390
95,380
97,281
98,1745
98,151
98,1746
98,1747
99,2136
99,1900
99,2137
100,1163
100,230
100,217
100,232
100,173
100,233
100,167
100,2591
100,1250
100,2188
100,1498
100,236
100,164
100,556
100,252
102,512
102,1819
102,730
102,2711
104,119
104,120
104,121
104,122
104,123
104,124
104,125
104,126
104,127
104,128
104,129
104,130
104,131
104,132
105,699
105,728
105,735
105,736
105,729
105,700
105,725
105,546
105,701
105,737
105,585
105,738
105,739
105,106
105,740
105,311
105,721
105,199
106,699
106,728
106,729
106,700
106,953
106,587
106,740
106,585
106,571
106,731
106,2365
106,548
107,1368
107,108
108,1379
109,1379
110,592
111,114
111,115
111,116
113,117
114,386
114,2523
118,725
118,1397
118,1211
118,796
118,2004
118,1212
118,299
118,550
118,552
118,549
118,555
118,556
119,345
120,581
120,724
120,274
120,650
120,609
120,576
120,698
120,582
120,568
120,570
120,664
120,587
120,584
120,778
120,585
120,655
120,592
120,703
120,280
121,1474
121,1402
121,1396
121,904
121,134
121,1470
121,797
121,1484
121,947
121,127
121,1485
121,672
121,1486
122,1381
122,1803
122,126
122,130
123,670
123,1858
123,300
123,292
123,297
123,1503
123,1860
123,299
123,124
123,125
123,128
123,129
123,1506
123,790
123,131
123,703
124,1891
124,662
124,1858
124,1892
124,336
124,1893
124,301
124,1503
124,1860
124,299
124,316
124,128
125,725
125,300
125,292
125,297
125,1529
126,675
126,2410
126,130
127,1474
127,1396
127,1405
127,1861
128,211
128,213
128,1723
128,226
128,1503
129,336
129,300
129,292
129,297
129,1503
130,675
130,2410
131,670
131,345
131,300
131,292
131,297
131,1399
132,1488
132,1503
132,299
133,134
134,1474
134,1475
134,1471
134,1472
134,1466
134,931
134,1476
134,649
134,256
134,1477
134,1467
134,739
134,1478
134,904
134,1479
134,1480
134,1469
134,1481
134,1470
134,1465
134,1468
134,1482
135,142
135,143
135,136
135,137
135,138
135,144
135,145
135,146
135,147
135,148
135,149
135,150
135,151
135,139
135,140
135,152
135,141
136,142
136,137
136,138
136,143
136,144
136,145
136,146
136,147
136,148
136,149
136,139
136,140
136,141
137,153
137,142
137,143
137,154
137,144
137,145
137,146
137,155
137,156
137,147
137,138
137,139
137,140
137,141
137,157
138,142
138,143
138,158
138,145
138,159
138,139
138,140
138,141
139,142
139,145
139,147
139,140
139,141
140,142
140,143
140,145
140,206
140,147
141,2876
141,2877
141,2878
142,143
142,145
142,146
142,147
142,148
142,151
143,160
143,144
143,145
143,146
143,147
143,148
144,146
144,166
145,146
145,147
145,148
146,153
146,163
146,154
146,167
146,155
146,156
146,164
146,168
146,165
147,148
147,149
147,178
148,197
150,1292
150,227
151,1675
151,697
151,281
152,1602
152,835
152,1142
152,951
152,952
152,574
152,914
152,840
152,838
152,614
152,869
152,816
152,916
152,630
152,633
153,161
153,162
154,163
154,155
154,164
154,165
155,163
155,169
155,170
155,164
155,165
156,171
156,172
156,173
156,174
156,175
156,176
156,177
156,168
157,172
157,894
157,2224
157,596
157,1548
157,619
157,1258
157,159
157,311
157,2322
158,190
158,191
158,192
158,193
158,194
158,195
158,196
158,197
158,198
158,199
159,200
159,201
159,202
159,203
159,204
159,205
159,206
160,207
160,208
160,209
160,210
162,230
162,2417
162,594
162,1794
163,169
163,211
163,212
163,213
163,214
163,215
163,216
163,217
163,218
163,219
163,220
163,221
163,222
163,223
163,224
163,225
163,226
163,227
163,228
163,165
163,229
164,230
164,173
164,174
164,177
164,165
165,2860
165,170
165,242
166,2479
166,2478
167,230
167,172
167,231
167,217
167,232
167,173
167,233
167,174
167,175
167,234
167,235
167,236
167,237
167,238
167,239
167,240
167,241
168,1786
168,1164
168,230
168,248
168,1787
168,1165
168,254
168,1248
168,1334
168,177
168,251
168,176
168,252
169,212
169,211
169,242
169,218
169,220
169,223
169,243
169,228
169,244
169,238
170,245
171,246
171,172
171,174
171,175
171,231
171,220
171,247
172,245
172,230
172,248
172,175
172,249
172,250
172,220
172,247
172,251
172,252
173,253
173,230
173,254
173,250
173,247
173,177
173,251
174,200
174,231
174,203
174,254
174,177
174,251
174,255
175,248
175,256
175,257
175,250
175,258
175,251
175,259
176,1786
176,1164
176,230
176,1787
176,1165
176,254
176,1248
176,177
176,1167
177,230
178,292
179,460
179,461
179,186
180,181
180,1450
181,1451
181,1452
181,1453
182,1277
182,1454
182,1450
183,665
183,1795
183,1796
183,1794
183,189
184,446
184,449
184,459
185,2828
185,635
188,1277
188,1280
188,1268
189,440
189,1273
189,441
189,442
189,444
189,445
189,1268
189,2555
189,450
189,1281
190,203
190,263
190,192
190,264
190,265
190,266
190,197
190,267
191,192
192,263
192,193
192,1332
192,267
193,194
193,197
194,1968
194,1332
194,195
194,196
194,197
195,264
195,2778
195,1001
195,292
195,297
195,2779
196,2779
197,266
198,1001
198,292
198,297
198,320
198,551
199,736
200,203
200,268
200,269
200,270
201,203
201,271
201,272
201,273
202,274
202,275
202,276
202,277
202,278
202,279
202,280
203,206
203,263
203,281
203,282
203,262
203,283
204,205
204,206
204,263
204,275
204,284
205,285
205,286
205,206
205,263
205,284
206,265
206,286
206,275
206,263
206,287
206,288
206,289
207,1296
207,1292
207,1294
207,209
207,1210
207,210
208,233
208,2498
208,350
209,2578
209,1210
209,210
210,2695
210,2303
210,1248
210,1210
211,212
211,1874
211,213
211,1875
211,221
211,222
211,223
211,224
211,225
211,226
211,1876
211,1791
211,1794
211,672
211,229
212,213
212,558
212,732
212,214
212,215
212,216
212,220
212,222
212,223
212,224
212,225
212,226
212,228
212,229
213,1623
213,221
213,222
213,223
213,224
213,225
213,226
213,461
213,1791
213,672
213,229
214,215
215,221
216,1623
216,221
217,232
217,233
217,220
217,236
217,247
217,228
217,244
217,1510
217,238
217,2498
218,2526
218,1027
218,249
218,228
219,2527
219,2567
219,2566
219,1143
220,1163
220,1164
220,230
220,2134
220,232
220,228
221,1646
221,223
221,493
221,224
221,225
221,1555
221,1875
221,222
222,2757
222,433
222,523
222,582
222,492
222,584
222,226
222,1874
222,223
222,1623
222,243
222,571
222,493
222,242
222,224
222,504
222,692
222,694
222,225
222,1555
222,1875
223,226
223,224
223,225
223,229
224,226
224,1623
224,225
224,2758
224,229
225,226
225,229
226,1488
226,1487
226,229
227,2422
228,2030
228,2526
228,244
228,240
230,1163
230,253
230,1164
230,1248
230,254
230,1249
230,1250
230,250
230,721
230,251
230,1251
230,1252
232,233
232,236
232,238
233,236
233,238
233,350
235,547
235,556
236,2526
236,247
236,244
236,1510
236,238
237,253
237,1849
237,1850
237,905
237,1077
238,244
238,475
238,1210
238,240
239,2030
240,2526
240,244
240,475
244,2526
244,263
245,247
245,478
246,1479
246,1511
247,1164
247,1167
247,2629
248,606
248,2143
248,2144
249,2527
249,1757
249,1758
249,1687
249,452
249,628
249,2350
250,1163
250,253
251,922
251,2591
251,254
251,1114
252,1757
252,1145
252,920
252,2591
252,254
252,1168
252,1173
253,1237
253,1253
254,1248
254,1513
255,755
256,1490
256,1491
256,1478
256,1479
256,1480
256,1492
256,257
256,258
256,933
256,1493
257,1481
257,1483
258,645
258,932
258,931
258,649
258,945
258,944
258,2504
258,1480
258,946
258,808
258,809
258,810
258,851
258,852
258,853
258,855
259,739
261,2030
261,1496
262,1277
262,435
262,2575
262,2791
262,263
262,776
263,1001
263,275
263,915
264,275
264,1334
264,267
265,275
265,1209
267,1195
267,2817
267,1310
268,2717
268,1109
268,748
268,2716
269,340
271,295
271,292
271,297
271,2572
271,323
272,2857
272,273
274,572
274,573
274,574
274,575
274,576
274,566
274,568
274,306
274,577
274,280
275,286
275,287
276,2642
276,2541
276,2834
277,1695
280,2755
280,576
280,568
280,668
280,577
281,481
281,1323
281,1648
281,1649
281,1650
281,1651
281,415
281,1652
281,494
281,961
281,1653
281,1654
281,1655
281,1656
281,710
281,505
281,1657
281,1658
281,1346
281,1659
281,1660
281,1661
281,1662
281,691
281,743
281,746
282,1811
284,2732
285,1333
286,289
287,1238
287,2420
287,2816
287,1973
287,2745
287,2485
287,1974
287,2435
287,1972
289,852
290,291
290,292
290,293
291,294
292,295
292,296
292,297
292,298
292,299
292,300
292,301
292,302
292,303
292,304
292,305
292,306
292,307
292,308
292,309
292,310
292,311
292,312
292,313
292,314
292,315
292,316
292,317
292,318
292,319
292,320
292,321
292,322
292,323
292,324
292,325
292,326
292,327
292,328
292,329
292,330
292,331
293,511
293,2909
294,296
294,2901
295,297
295,300
295,303
295,306
295,332
295,333
295,323
295,334
296,303
296,305
296,306
296,307
296,315
296,318
296,323
297,335
297,298
297,336
297,301
297,302
297,337
297,306
297,308
297,338
297,312
297,316
297,319
297,321
297,323
297,339
297,340
297,324
297,325
297,326
297,329
297,330
297,331
298,664
298,702
299,1877
299,1878
299,1488
299,1299
299,725
299,546
299,547
299,1397
299,1879
299,1880
299,1503
299,796
299,549
299,555
299,556
299,1399
300,335
300,755
300,1615
300,331
301,755
301,756
301,336
301,1899
301,702
301,303
301,337
301,309
301,313
301,314
301,1900
302,725
302,797
302,790
303,1104
303,338
303,311
303,588
303,315
303,318
303,331
304,724
304,664
304,702
304,590
305,2132
305,2131
305,338
306,606
306,2110
306,332
306,2111
306,307
306,2081
306,308
306,619
308,335
308,2228
308,338
309,1626
309,578
309,609
309,580
309,755
309,666
309,671
310,2450
311,792
311,338
311,318
312,662
312,664
312,2228
312,556
312,790
313,670
313,1789
313,466
313,556
313,548
314,670
314,1858
314,547
314,788
314,556
315,974
315,327
316,1401
316,1878
316,1503
316,337
317,2750
317,321
319,582
319,664
319,571
319,2838
320,1001
320,2854
320,2601
321,2750
321,2749
321,322
321,327
321,328
322,2750
322,2749
322,2477
324,922
324,2134
324,1499
324,471
324,623
325,599
325,615
325,326
325,1502
326,755
326,756
326,702
327,328
327,329
329,2549
332,523
332,689
333,1104
333,1105
334,1104
334,990
334,1105
335,337
336,1859
336,1858
336,345
336,755
336,702
336,683
336,1624
336,1625
336,1407
337,1878
337,1402
337,662
337,1126
338,410
338,365
338,367
338,368
338,2521
338,402
338,362
338,381
338,384
338,382
338,397
338,356
338,390
339,792
339,348
339,574
339,663
339,657
339,957
340,1361
340,1362
340,748
340,2716
340,489
341,342
341,343
341,344
342,2293
343,990
343,2488
344,990
344,1977
346,347
347,348
347,349
347,350
348,603
348,604
348,606
348,615
348,935
348,1000
348,1141
348,837
348,839
348,1166
348,626
348,720
348,657
348,1266
348,898
348,907
348,350
349,646
349,840
349,841
349,615
349,814
349,644
350,1140
350,603
350,604
350,606
350,607
350,647
350,837
350,610
350,2224
350,1137
350,838
350,615
350,1114
350,470
350,808
350,809
350,810
350,852
352,361
352,362
352,353
352,359
352,363
352,364
353,365
353,362
353,354
353,358
353,360
353,366
353,364
354,365
354,367
354,368
354,362
354,369
354,370
354,371
354,372
354,373
355,374
355,375
356,367
356,376
356,377
356,378
356,379
356,380
357,369
357,381
357,382
357,380
358,365
358,383
358,384
359,362
359,388
359,360
359,389
360,365
360,368
360,390
360,380
361,362
362,388
362,363
362,391
362,364
362,372
362,392
364,2906
365,368
365,369
365,370
365,383
365,384
365,393
365,394
365,371
365,395
365,372
365,392
365,396
366,1460
366,1455
367,385
367,397
367,371
367,398
367,395
367,372
367,373
368,369
368,397
369,404
369,370
369,395
370,404
370,371
370,373
371,384
371,394
373,759
373,384
374,1889
374,2513
374,1781
374,2514
375,2232
375,2233
376,377
376,379
376,400
376,402
376,380
377,379
377,400
377,380
378,398
379,400
379,380
381,382
381,397
381,408
381,409
382,410
382,411
382,408
383,384
386,412
386,413
386,414
386,415
386,416
386,417
386,418
386,419
386,420
386,421
386,422
386,423
386,424
386,425
386,426
386,427
386,428
387,429
387,430
389,2180
390,394
391,1643
391,2742
391,1644
391,1973
391,421
391,2360
393,1783
395,1311
395,1312
396,1643
396,1456
397,1311
397,1312
397,1313
397,408
400,438
401,1810
403,2333
406,431
406,432
406,433
406,434
406,435
406,417
406,416
406,436
406,423
406,437
407,1239
407,1240
408,1313
408,1999
408,2001
409,1999
409,2003
409,2001
411,2538
412,414
413,1463
413,532
413,1464
413,534
415,433
415,434
415,416
415,1680
415,417
415,508
415,1681
416,432
416,433
416,417
416,508
417,432
417,433
417,434
417,508
417,437
417,428
418,963
419,2656
419,420
419,1952
420,2658
420,2659
420,2660
420,2470
421,1643
421,1644
421,422
421,2741
423,432
423,433
423,436
423,1186
424,2160
424,2169
424,2174
424,2173
425,2656
425,2598
425,2787
426,2897
427,1033
427,2922
427,804
427,2291
428,432
428,433
429,2524
429,1665
429,2888
431,1724
431,1681
431,1810
432,433
432,434
433,434
433,508
433,437
434,494
434,437
434,687
434,1700
435,759
436,963
438,511
438,1824
439,440
439,441
439,442
439,443
439,444
439,445
439,446
439,447
439,448
439,449
439,450
439,451
440,441
440,452
440,442
440,453
440,445
440,446
440,449
440,450
440,454
440,455
440,456
441,453
441,445
441,446
441,447
441,449
441,457
441,458
441,459
441,454
441,455
441,456
442,1267
442,1273
442,1274
442,453
442,452
442,443
442,1269
442,444
442,445
442,446
442,448
442,449
442,1275
442,457
442,1270
442,459
442,1271
442,1272
443,453
443,444
443,1276
443,445
443,452
443,1269
443,446
443,448
443,1275
443,1271
443,1272
444,1267
444,1277
444,447
444,445
445,1267
445,1277
445,1274
445,1280
445,453
445,447
445,1276
445,448
445,449
445,450
445,1270
446,1115
446,1274
446,1177
446,850
446,1269
446,452
446,453
446,449
446,450
446,1275
446,457
446,1271
446,1283
446,455
446,1272
447,1267
447,1277
447,453
447,448
447,1270
447,1184
448,1277
448,1276
448,449
448,452
448,1563
448,450
448,1271
448,1281
449,1115
449,1274
449,1562
449,1177
449,1276
449,850
449,1907
449,1269
449,1122
449,452
449,1563
449,450
449,1908
449,797
449,1909
449,1271
449,1187
449,1272
450,1267
450,1269
450,452
450,1271
450,454
450,1272
450,1910
451,1611
451,2839
451,917
452,1267
452,1268
452,1269
452,1270
452,1271
452,454
452,1272
453,1267
453,1273
453,1280
453,457
453,1281
453,455
454,1267
454,1273
454,1269
454,2644
454,2646
454,531
454,532
454,1270
454,1272
455,1267
455,1273
455,1177
455,2200
455,1270
455,1281
456,1910
458,892
458,1284
458,2361
459,2141
459,1559
459,2158
462,463
462,464
462,465
463,465
463,466
463,467
463,468
463,469
463,470
463,471
463,472
464,465
464,473
464,474
464,475
464,476
464,477
465,478
465,474
465,477
466,546
466,547
466,548
467,469
467,470
468,2219
468,540
468,2223
468,2217
468,2224
468,539
468,543
469,1250
470,1140
470,600
470,811
470,1171
470,574
470,843
470,894
470,837
470,914
470,1137
470,846
470,615
470,817
470,618
470,619
470,878
472,1609
472,2835
474,2821
474,477
474,1080
475,2299
476,2009
477,478
477,708
479,480
479,481
479,482
479,483
479,484
479,485
479,486
479,487
479,488
479,489
480,490
480,491
480,481
480,492
480,493
480,494
480,483
480,484
480,485
480,486
480,487
480,488
480,495
480,496
480,497
480,498
480,499
480,500
481,503
481,490
481,504
481,505
481,483
481,484
481,485
481,486
481,487
481,506
481,488
481,507
481,502
481,498
481,499
481,500
482,713
482,714
482,697
482,492
482,715
483,490
483,491
483,492
483,1698
483,493
484,491
484,1645
484,1698
484,494
484,1699
484,493
484,499
485,1761
485,1353
485,1676
485,505
485,743
485,486
485,487
485,506
485,787
485,1663
485,1762
485,1375
485,1763
485,746
485,1764
485,1765
485,499
486,1761
486,487
486,743
486,1676
486,506
486,1762
486,1375
486,1763
486,746
486,1764
486,1765
486,499
487,1761
487,743
487,1676
487,506
487,488
487,1678
487,1762
487,1375
487,746
487,497
487,1800
487,498
487,499
487,500
488,491
488,1645
488,1100
488,1723
488,717
488,741
488,1691
488,596
488,706
488,742
488,707
488,2019
488,744
488,745
488,2012
488,495
488,496
488,497
488,498
488,703
488,500
489,752
489,1361
489,1362
489,687
490,501
490,502
491,493
491,501
491,497
491,498
491,499
492,689
492,690
492,570
492,571
492,586
492,596
492,691
492,493
492,692
492,693
492,501
492,694
492,695
492,696
492,500
493,581
493,523
493,689
493,690
493,1645
493,1535
493,582
493,1651
493,570
493,583
493,494
493,717
493,741
493,786
493,706
493,742
493,584
493,585
493,1667
493,586
493,1668
493,571
493,676
493,691
493,715
493,1663
493,495
493,1669
493,695
493,496
494,1645
494,1337
494,1535
494,495
494,501
494,496
494,1679
494,497
494,498
494,500
495,690
495,1698
495,537
495,596
495,2321
495,1716
495,693
495,500
496,2847
496,690
496,1698
496,596
496,2321
496,1716
496,693
496,2691
496,500
497,506
497,1678
497,1800
498,1645
498,1100
498,1723
498,717
498,741
498,1691
498,596
498,706
498,742
498,707
498,2019
498,744
498,745
499,1099
499,1698
499,500
500,582
500,1698
500,537
500,596
500,1716
500,693
500,1555
500,719
500,691
500,708
501,1651
501,506
501,2085
501,2565
502,2151
502,1710
502,1557
502,2152
502,693
502,588
504,689
504,704
504,1362
504,1363
504,691
504,692
504,507
504,708
504,694
504,680
504,703
505,1689
505,746
506,1651
506,1676
506,1801
506,746
507,717
507,741
507,596
507,706
507,742
507,707
507,718
507,669
507,590
507,787
508,2010
509,510
509,511
510,512
510,513
510,514
510,515
510,516
510,517
510,518
510,519
511,520
511,521
512,766
512,1819
512,514
512,1529
512,1820
512,730
512,1821
512,515
512,1822
512,1815
512,1823
512,519
513,722
513,1813
513,514
513,1815
514,722
514,1813
514,1819
514,766
514,1815
514,519
515,1819
515,1821
515,1529
515,519
517,722
519,766
519,1819
519,1815
519,1822
520,2698
522,523
523,692
523,783
523,1697
524,525
524,526
525,526
525,527
525,528
525,529
525,530
525,531
525,532
525,533
525,534
525,535
525,536
526,532
527,2395
527,2400
527,530
527,1463
527,531
527,532
527,1045
527,534
528,529
528,533
528,534
528,2682
529,534
529,2682
531,1463
531,532
531,2402
531,2645
531,534
532,2394
532,1464
532,2670
532,2434
532,1463
533,534
534,1947
534,1017
534,2645
535,2859
536,1703
538,539
538,540
538,541
538,542
538,543
538,544
538,545
539,1164
539,540
539,2217
539,1165
539,1114
539,1248
539,2218
540,2219
540,2217
540,2220
540,541
540,542
540,543
540,544
540,862
540,2221
541,542
541,543
541,544
542,2219
542,2217
542,543
542,544
542,2222
542,2499
542,2500
543,2219
543,2222
543,862
543,544
545,2219
546,549
546,550
546,551
546,552
546,553
547,554
547,555
547,556
548,670
548,699
548,700
548,732
548,664
548,587
548,1789
548,727
549,725
549,1397
549,550
549,555
550,725
550,551
550,552
551,699
551,725
552,725
552,1527
552,1529
552,1996
553,2592
553,662
554,557
554,558
554,559
554,560
555,1877
555,725
555,1397
555,2008
555,1211
555,571
555,556
556,670
556,1878
556,605
556,922
556,662
556,664
556,2590
557,561
557,562
557,563
557,558
557,564
557,559
557,565
558,562
558,2009
558,1211
558,2004
559,1526
559,765
559,2007
559,562
559,1108
559,565
559,560
559,1399
559,1255
561,1522
561,562
562,765
562,1212
562,564
562,565
563,1522
563,629
563,1524
563,1525
563,1523
564,765
564,2007
564,565
564,1527
564,1212
564,1255
566,567
566,568
566,569
566,570
566,571
568,578
568,576
568,579
568,580
568,577
570,581
570,582
570,583
570,571
570,584
570,585
570,586
570,587
570,588
570,589
571,581
571,582
571,583
571,584
571,585
571,586
571,587
571,590
571,591
571,592
572,593
572,594
573,595
573,596
573,597
573,598
574,599
574,600
574,601
574,602
574,603
574,604
574,605
574,606
574,607
574,608
574,575
574,609
574,610
574,611
574,612
574,613
574,614
574,615
574,616
574,617
574,618
574,619
574,620
574,621
574,622
574,623
574,624
574,625
574,626
574,627
574,628
574,629
574,630
574,631
574,632
574,633
574,634
574,635
574,636
574,637
574,638
574,639
574,640
574,641
574,642
574,643
574,644
575,645
575,603
575,604
575,606
575,646
575,647
575,648
575,649
575,650
575,651
575,609
575,610
575,652
575,653
575,654
575,625
575,626
575,655
575,656
575,657
575,658
575,659
575,660
575,661
576,581
576,662
576,650
576,663
576,664
576,665
576,666
576,667
576,668
576,669
576,577
577,2917
577,2918
577,1137
577,580
577,1627
578,670
578,650
578,580
578,666
578,671
578,672
579,603
579,606
579,647
579,673
579,665
579,666
579,667
579,637
580,674
581,675
581,595
581,582
581,583
581,584
581,664
581,676
581,677
581,590
581,678
581,679
581,680
581,592
581,681
581,682
582,675
582,584
582,585
582,586
582,596
582,683
582,684
582,685
582,588
582,686
582,680
582,589
582,687
582,688
583,584
583,676
584,697
584,698
584,664
584,586
584,590
584,592
584,682
585,699
585,700
585,701
585,698
585,664
585,596
585,702
585,587
585,590
585,588
585,592
585,703
586,704
586,705
586,706
586,707
586,669
586,708
586,703
587,699
587,700
587,757
587,698
587,664
587,702
587,677
587,727
587,590
587,758
588,752
588,1727
588,1675
588,2151
588,1534
588,1536
588,1337
588,684
588,683
588,1742
588,1554
588,686
588,1555
588,747
588,1730
589,698
590,753
590,724
590,717
590,741
590,664
590,596
590,706
590,742
590,702
590,707
590,744
590,718
590,669
590,719
590,708
591,675
592,1695
592,1664
593,2296
593,2297
596,697
596,597
596,706
596,707
596,741
596,742
596,692
596,743
596,744
596,745
596,718
596,669
596,708
596,746
596,747
596,748
596,749
596,680
596,750
596,751
598,716
598,2078
598,839
598,1249
599,911
599,873
599,631
599,912
599,878
600,820
600,828
600,843
600,913
600,914
600,846
600,915
600,916
600,885
601,901
601,639
601,643
602,639
602,917
603,801
603,650
603,606
603,647
603,673
603,604
603,608
603,646
603,648
603,651
603,609
603,610
603,802
603,803
603,804
603,805
603,806
603,807
603,612
603,613
603,808
603,809
603,810
603,811
603,812
603,813
603,614
603,814
603,815
603,816
603,817
603,618
603,619
603,818
603,620
603,819
603,820
603,821
603,822
603,823
603,824
603,825
603,826
603,827
603,828
603,829
603,621
603,830
603,831
603,832
603,833
603,834
603,835
603,836
603,837
603,838
603,839
603,840
603,841
603,794
603,842
603,622
603,843
603,844
603,845
603,778
603,665
603,667
603,846
603,847
603,848
603,849
603,850
603,851
603,852
603,853
603,854
603,624
603,855
603,856
603,857
603,655
603,858
603,859
603,860
603,861
603,862
603,628
603,863
603,864
603,865
603,866
603,867
603,868
603,630
603,869
603,870
603,871
603,872
603,873
603,874
603,875
603,876
603,877
603,878
603,879
603,880
603,881
603,882
603,883
603,639
603,641
603,884
603,885
603,886
604,918
604,650
604,606
604,647
604,673
604,646
604,651
604,609
604,802
604,803
604,804
604,805
604,806
604,613
604,809
604,810
604,813
604,614
604,814
604,815
604,816
604,817
604,618
604,619
604,818
604,620
604,820
604,821
604,822
604,823
604,825
604,826
604,828
604,621
604,830
604,831
604,832
604,833
604,835
604,838
604,889
604,840
604,841
604,794
604,842
604,622
604,844
604,778
604,665
604,667
604,846
604,847
604,848
604,849
604,851
604,852
604,853
604,854
604,624
604,855
604,856
604,857
604,655
604,895
604,861
604,628
604,863
604,864
604,866
604,868
604,869
604,874
604,919
604,876
604,880
604,881
604,882
604,883
604,900
604,885
604,886
605,610
605,807
605,812
605,920
605,921
605,867
605,922
605,631
605,923
605,924
605,925
605,639
605,917
605,926
606,801
606,650
606,663
606,647
606,673
606,608
606,646
606,651
606,609
606,610
606,802
606,803
606,804
606,805
606,806
606,887
606,807
606,612
606,613
606,809
606,810
606,812
606,813
606,614
606,814
606,815
606,816
606,618
606,619
606,818
606,820
606,821
606,822
606,823
606,824
606,825
606,888
606,826
606,828
606,829
606,621
606,830
606,831
606,832
606,833
606,834
606,835
606,837
606,838
606,889
606,839
606,840
606,890
606,841
606,794
606,652
606,842
606,622
606,843
606,778
606,665
606,667
606,846
606,891
606,623
606,847
606,848
606,849
606,892
606,850
606,851
606,852
606,853
606,854
606,624
606,855
606,856
606,893
606,857
606,655
606,858
606,894
606,860
606,895
606,861
606,628
606,863
606,864
606,865
606,866
606,868
606,630
606,869
606,873
606,896
606,874
606,897
606,875
606,876
606,632
606,877
606,878
606,634
606,635
606,898
606,899
606,879
606,880
606,881
606,882
606,883
606,672
606,900
606,884
606,885
606,886
607,829
607,621
607,822
607,830
607,647
607,804
607,806
607,813
607,614
607,815
607,816
607,618
607,619
607,818
607,823
607,828
607,833
607,839
607,840
607,841
607,622
607,848
607,851
607,624
607,855
607,856
607,927
607,655
607,863
607,864
607,865
607,868
607,876
607,882
607,886
607,928
608,812
608,867
608,929
608,930
609,646
609,647
609,648
609,649
609,650
609,663
609,651
609,610
609,793
609,794
609,652
609,954
609,653
609,625
609,626
609,955
609,655
609,656
609,956
609,795
609,659
609,660
609,661
609,957
609,703
610,911
610,958
610,807
610,647
610,649
610,793
610,617
610,653
610,955
610,660
610,661
611,958
611,807
611,612
611,613
611,808
611,809
611,810
611,1096
611,855
611,1103
611,873
611,878
611,882
612,811
612,1111
612,807
612,1112
612,647
612,812
612,813
612,614
612,615
612,1062
612,814
612,1063
612,815
612,816
612,817
612,1113
612,995
612,793
612,1114
612,616
612,617
612,618
612,619
612,902
612,818
613,1115
613,1116
613,646
613,1117
613,1118
613,1119
613,647
613,803
613,648
613,1120
613,673
613,1121
613,1122
613,802
613,936
613,620
613,1028
613,615
613,819
613,820
613,944
613,821
613,1123
613,808
613,1067
613,916
613,1124
613,800
613,1125
614,811
614,1110
614,1111
614,807
614,835
614,836
614,1142
614,647
614,803
614,673
614,1121
614,804
614,814
614,665
614,624
614,916
614,630
614,1135
615,1145
615,646
615,951
615,837
615,838
615,889
615,839
615,626
615,1030
615,640
615,1131
616,1169
616,842
616,642
617,807
617,816
617,995
617,873
617,1170
617,878
617,644
618,1171
618,803
618,622
618,620
618,624
618,1172
618,1173
618,1131
619,901
619,801
619,908
619,646
619,647
619,1174
619,673
619,888
619,834
619,804
619,805
619,1175
619,1176
620,647
620,803
620,1199
620,673
620,822
620,809
620,816
620,819
620,823
620,824
620,826
620,842
620,778
620,851
620,861
620,865
620,873
620,1135
620,896
620,660
620,1173
620,1078
620,878
620,879
620,1200
620,884
620,886
621,1237
621,1149
621,646
621,844
621,829
621,1151
621,647
621,803
621,822
621,830
621,622
621,624
621,855
621,927
621,1030
621,882
621,928
622,1149
622,646
622,844
622,697
622,647
622,1141
622,1137
622,1173
623,1231
623,950
623,1061
623,908
623,832
623,650
623,834
623,1870
623,1138
623,847
623,857
623,1065
623,1103
623,1571
623,919
623,1130
624,1237
624,1149
624,646
624,829
624,1151
624,647
624,803
624,1990
624,822
624,830
624,819
624,927
624,903
624,853
624,855
624,882
625,649
625,944
625,626
626,913
626,1111
626,649
626,794
626,652
626,834
626,653
626,1162
626,954
626,955
626,820
626,720
626,969
626,655
626,656
626,671
626,793
626,1103
626,956
626,657
626,1135
626,658
626,795
626,660
626,661
627,2119
627,2122
627,1852
627,1849
627,1850
627,1075
627,781
628,1786
628,647
628,803
628,1787
628,673
628,1759
628,804
628,1791
629,1171
629,647
629,894
630,1602
630,835
630,1142
630,951
630,647
630,952
630,843
630,914
630,840
630,838
630,869
630,816
630,916
630,633
631,911
631,2805
631,1137
631,817
631,912
631,868
631,873
631,878
632,1139
632,1570
632,951
632,912
633,1602
633,835
633,1142
633,951
633,952
633,902
633,808
633,809
633,851
633,852
633,916
633,856
633,634
633,1994
633,1067
633,1078
634,673
634,914
634,1137
634,902
634,665
634,810
634,851
634,852
634,916
635,2831
635,646
635,647
635,858
635,651
635,2832
635,866
635,655
635,903
635,1124
635,1143
636,931
636,697
636,1477
637,650
637,663
637,905
637,2870
637,1079
638,1937
638,1033
638,1948
638,2899
638,2661
638,1936
638,1026
638,2886
639,1144
639,647
639,1137
640,869
640,839
640,720
640,2591
640,1250
641,1115
641,827
641,1061
641,934
641,646
641,1024
641,951
641,648
641,952
641,663
641,651
643,1231
643,1570
643,1993
644,958
644,778
644,816
644,808
645,811
645,931
645,652
645,932
645,933
646,827
646,934
646,935
646,648
646,651
646,807
646,813
646,936
646,819
646,822
646,830
646,835
646,837
646,841
646,778
646,852
646,855
646,937
646,861
646,864
646,865
646,938
646,659
646,898
646,882
646,939
646,940
647,901
647,801
647,803
647,673
647,651
647,802
647,804
647,805
647,806
647,809
647,810
647,813
647,815
647,816
647,902
647,818
647,820
647,822
647,903
647,823
647,825
647,826
647,830
647,904
647,831
647,832
647,833
647,838
647,839
647,840
647,841
647,794
647,842
647,843
647,778
647,665
647,667
647,846
647,905
647,847
647,848
647,849
647,851
647,852
647,853
647,854
647,855
647,856
647,893
647,655
647,861
647,863
647,864
647,865
647,866
647,868
647,869
647,874
647,906
647,880
647,881
647,882
647,907
647,883
647,885
647,886
648,827
648,651
648,936
648,819
648,794
648,665
648,937
648,861
648,938
648,941
648,658
648,942
648,943
649,828
649,944
649,654
649,655
649,945
649,946
649,921
649,795
649,947
649,948
649,949
650,792
650,697
650,663
650,793
650,794
650,665
650,666
650,667
650,668
650,655
650,656
650,795
650,659
650,660
650,703
651,827
651,811
651,950
651,908
651,829
651,951
651,952
651,953
651,832
651,833
651,819
651,861
651,865
651,800
651,898
652,1611
652,913
652,1161
652,908
652,794
652,793
652,653
652,654
652,655
652,657
652,660
652,661
652,1612
653,913
653,794
653,1162
653,954
653,655
653,656
653,660
653,661
653,1613
654,1916
654,1307
654,1483
654,1917
655,1161
655,908
655,803
655,673
655,794
655,1162
655,954
655,1103
655,956
655,658
655,660
656,2192
656,794
656,1162
656,954
656,1614
657,794
657,1162
657,839
657,954
657,1614
657,864
657,956
657,658
657,660
658,1231
658,794
658,838
658,1162
658,954
658,819
658,2693
658,942
658,1135
658,659
658,660
658,2379
659,827
659,921
659,819
659,799
659,865
659,809
659,795
660,827
660,913
660,1161
660,794
660,1162
660,954
660,819
660,874
660,661
660,809
660,795
661,913
661,782
661,1107
661,929
661,794
661,738
661,1063
661,727
661,748
662,670
662,664
662,725
662,796
662,797
662,672
663,666
663,667
663,798
663,799
663,800
664,675
664,724
664,698
664,679
664,681
664,682
665,1786
665,811
665,1111
665,1161
665,697
665,1142
665,1787
665,843
665,812
665,1788
665,1137
665,838
665,804
665,814
665,819
665,666
665,1789
665,667
665,902
665,1482
666,697
666,843
666,914
666,846
666,839
666,668
666,667
666,957
666,1606
667,697
667,1429
667,947
668,792
669,697
669,780
669,785
669,717
669,2118
669,741
669,706
669,742
669,707
669,744
669,718
669,719
669,708
670,788
670,789
670,790
670,791
672,1474
672,1115
672,931
672,1178
672,850
672,794
672,1484
672,1063
672,944
673,901
673,801
673,908
673,909
673,803
673,802
673,804
673,805
673,806
673,809
673,810
673,813
673,815
673,816
673,818
673,819
673,823
673,824
673,825
673,826
673,831
673,840
673,841
673,794
673,842
673,778
673,848
673,849
673,851
673,852
673,853
673,854
673,856
673,863
673,864
673,865
673,868
673,896
673,876
673,881
673,910
673,886
674,726
674,737
674,1075
674,727
675,698
675,709
677,724
677,679
677,681
677,682
678,2151
678,2145
679,724
679,698
680,2785
680,691
681,724
681,698
682,709
682,724
682,698
682,683
683,752
683,1132
684,1675
684,745
684,1742
684,686
684,1753
684,1744
684,688
684,1366
686,1675
686,1742
686,688
687,752
687,1536
687,1535
688,2016
688,2449
688,1361
688,1362
688,1381
688,1742
688,1354
688,1345
688,1357
688,1132
689,710
690,711
690,712
691,1645
691,1646
691,1286
691,1555
691,1647
691,711
692,1645
692,1694
692,1555
692,694
692,1670
692,1366
693,2321
693,1716
694,752
694,1645
694,745
695,2589
695,2029
695,2031
695,2015
697,716
697,706
697,717
697,718
697,719
697,708
697,720
697,721
698,722
698,723
698,724
698,725
699,726
699,700
699,727
699,728
699,729
699,730
699,731
699,732
699,733
699,734
700,727
700,732
702,752
702,753
702,754
702,724
702,755
702,756
703,717
703,741
703,742
703,707
704,779
704,745
704,780
704,781
705,782
705,738
705,718
705,715
705,708
705,783
705,784
706,785
706,717
706,741
706,786
706,707
706,744
706,718
706,787
706,708
707,717
707,741
707,742
707,787
708,785
708,717
708,786
708,718
708,719
709,783
711,1673
712,1645
713,1285
713,1286
713,714
714,1286
714,748
715,782
715,718
716,1797
717,741
717,742
717,1699
717,744
717,718
717,787
717,719
717,1700
718,785
718,741
718,742
718,744
718,787
718,719
719,1645
719,741
719,742
719,744
720,1145
720,945
720,955
720,1614
720,2188
720,1168
720,2189
721,736
721,920
721,1612
722,1813
722,1814
722,1815
722,1816
722,1817
722,1818
723,1808
725,1396
725,1397
725,771
725,1398
725,1399
726,737
726,1212
726,1213
726,1108
726,734
727,728
727,1106
727,1107
727,737
727,738
727,887
727,1108
727,731
728,953
728,732
729,731
729,1393
729,1394
729,1395
729,734
730,1995
730,953
730,1819
730,1821
730,1529
730,1820
730,733
731,2367
732,2374
732,1106
732,987
732,737
732,2368
735,1107
735,740
735,1391
736,1107
736,738
736,739
736,953
736,740
736,1391
736,1392
737,1211
737,1212
737,1213
737,1108
738,782
738,739
738,917
739,1389
739,1388
739,1390
739,917
740,2366
741,1701
741,1702
741,742
741,744
741,787
741,1663
742,1097
742,744
742,787
742,1697
743,1651
743,1354
743,1345
743,1799
743,1375
743,746
743,1372
744,1726
744,787
745,752
745,2016
745,1742
746,1761
746,2236
746,1651
746,1342
746,786
746,1763
746,1346
746,2085
746,2237
746,1375
746,1764
746,1409
746,986
747,1727
747,1534
747,1536
747,2673
747,1535
747,1698
747,1691
747,1346
747,1646
747,1667
747,980
747,1716
747,1344
747,1339
747,1555
747,1358
747,1801
747,1348
748,2715
748,2716
750,990
750,1105
751,924
752,1132
752,1362
752,1363
752,1723
752,1726
752,1727
752,1728
752,1729
752,1730
753,755
753,1814
753,1857
754,931
754,1501
754,1502
755,1858
755,756
755,1857
755,758
756,1814
756,1857
757,1911
758,1892
758,2904
758,1893
759,1724
760,1256
760,1257
760,769
760,1259
760,1258
760,1260
760,1261
762,764
762,771
762,775
763,953
763,1824
764,1825
765,1526
765,1522
765,1527
765,1528
765,1529
765,1212
765,1530
765,1531
766,1819
766,1815
768,1827
768,1828
769,1257
769,1259
769,1258
769,1055
770,2002
770,1529
770,1996
770,1883
771,1529
771,1820
771,1999
771,2000
771,2003
771,2001
773,2296
773,2298
774,2911
774,971
776,2296
778,803
778,802
778,842
778,1066
778,884
780,2120
780,783
780,2121
781,2119
781,2122
781,1852
781,891
781,1850
781,2287
782,1107
782,1172
782,783
782,1912
782,784
783,2712
785,787
787,2119
787,1646
787,1663
787,1801
789,1811
789,1397
789,2786
790,1858
790,1624
790,2590
791,1811
792,1626
792,1151
792,1627
793,1110
793,1111
793,1161
793,807
793,794
793,1162
793,954
793,814
793,1103
793,795
794,803
794,954
794,955
794,969
794,795
795,913
795,954
795,969
795,944
795,1789
795,942
795,852
797,1474
797,1178
797,850
797,1484
799,800
800,1115
800,951
800,952
800,1122
800,889
800,944
800,821
800,1180
800,864
800,865
800,878
801,804
801,816
801,903
801,852
801,854
801,864
801,866
801,896
801,1060
801,886
802,1061
802,803
802,804
802,1062
802,1063
802,1028
802,903
802,826
802,1064
802,854
802,893
802,1065
802,1066
802,1067
802,1068
802,866
802,876
802,912
802,877
802,1069
802,906
802,1070
802,900
802,1071
802,886
803,804
803,805
803,806
803,809
803,813
803,815
803,816
803,818
803,823
803,824
803,826
803,830
803,840
803,841
803,842
803,848
803,851
803,852
803,854
803,855
803,856
803,863
803,866
803,868
803,881
803,882
803,1074
803,886
804,805
804,806
804,887
804,809
804,810
804,1063
804,815
804,816
804,818
804,1028
804,903
804,823
804,825
804,826
804,1064
804,1075
804,831
804,839
804,1076
804,848
804,849
804,851
804,852
804,853
804,854
804,856
804,1065
804,861
804,863
804,864
804,1068
804,866
804,868
804,1077
804,873
804,1078
804,878
804,880
804,1079
804,1070
804,900
804,1080
804,886
805,826
805,806
805,810
805,1063
805,816
805,825
805,1065
805,886
806,1081
806,888
806,830
806,826
806,852
806,882
806,1082
807,811
807,958
807,1109
807,1110
807,1111
807,935
807,898
808,1126
808,853
808,1127
808,855
808,856
808,1065
808,861
808,865
808,873
808,1128
808,896
808,919
808,1129
808,1124
808,878
808,881
808,882
808,886
808,1130
808,1131
809,908
809,822
809,816
809,903
809,823
809,824
809,1132
809,1126
809,853
809,855
809,856
809,1133
809,1134
809,1065
809,861
809,873
809,1135
809,1128
809,896
809,919
809,1129
809,1078
809,878
809,882
809,886
809,1136
809,1130
809,1131
810,1137
810,1063
810,825
810,1138
810,853
810,855
810,1134
810,1065
810,861
810,1077
810,873
810,1135
810,1128
810,896
810,919
810,1129
810,1078
810,1124
810,878
810,882
810,886
810,1130
810,1131
811,1139
811,1140
811,901
811,1115
811,817
811,935
811,1000
811,1141
811,951
811,1142
811,837
811,869
811,870
811,898
811,1073
811,1143
812,952
812,867
813,1144
813,835
813,951
813,1137
813,841
813,868
813,873
813,878
813,879
814,1111
814,902
815,950
815,832
815,833
815,834
815,822
815,831
815,1147
815,1148
815,847
815,849
816,901
816,888
816,826
816,821
816,824
816,857
816,940
816,1082
817,1139
817,911
817,1149
817,1110
817,1111
817,840
817,838
817,890
817,841
817,1150
819,827
819,822
819,861
819,865
819,938
819,941
819,1135
820,1202
820,1116
820,1203
820,950
820,908
820,832
820,833
820,843
820,834
820,1123
820,924
821,1115
821,1121
821,1122
821,889
821,857
822,1149
822,829
822,823
822,830
822,1207
822,851
822,852
822,855
822,927
822,865
822,882
822,928
823,1127
823,854
823,851
823,852
823,865
824,876
825,918
825,1065
826,1081
826,1063
826,852
826,1065
827,934
827,935
827,951
827,835
827,861
827,865
827,898
827,1073
828,913
828,837
828,921
828,1236
829,830
829,855
829,927
829,882
829,928
830,1149
830,852
830,855
830,927
830,882
831,1242
831,908
831,1199
831,832
831,833
831,834
831,847
831,849
831,1243
831,896
831,1571
832,1202
832,1242
832,1573
832,908
832,1192
832,1199
832,834
832,1138
832,1206
832,847
832,848
832,1207
832,849
832,1243
832,1133
832,874
832,1571
832,1574
833,950
833,908
833,1199
833,834
833,1147
833,847
833,848
833,1243
833,1133
833,874
833,1571
834,1242
834,908
834,1199
834,1147
834,1138
834,1206
834,847
834,848
834,1207
834,1243
834,1133
834,874
834,1571
834,1575
835,1602
835,916
835,869
836,845
836,1247
836,1136
837,1140
837,838
837,1166
837,1604
838,1142
838,843
838,956
838,869
839,1065
839,957
839,1606
840,842
840,1608
841,1144
841,951
841,1137
842,1142
843,902
843,914
843,846
843,916
843,1608
843,885
844,1618
845,892
845,1621
845,907
845,1622
845,1136
845,1130
846,1602
846,914
846,916
846,885
847,1202
847,1116
847,950
847,908
847,1147
847,1148
847,1205
847,848
847,1207
847,849
847,1138
847,1133
847,865
847,1571
848,950
848,908
848,1147
848,865
848,1571
849,1202
849,1244
849,1243
849,1133
849,1571
849,919
850,1474
850,1177
850,1484
850,1504
850,1485
851,1127
851,854
851,1126
851,853
851,855
851,856
851,1065
851,861
851,873
851,896
851,919
851,878
851,882
851,900
851,886
851,1130
851,1131
852,1246
852,903
852,1126
852,853
852,1987
852,855
852,856
852,1134
852,1065
852,861
852,873
852,1135
852,1128
852,896
852,919
852,1129
852,1078
852,1124
852,878
852,882
852,886
852,1136
852,1130
852,1131
853,1126
853,1987
853,856
853,1065
853,861
853,1066
853,873
853,896
853,919
853,1129
853,878
853,886
853,1136
853,1130
854,918
854,865
854,919
854,900
855,1149
855,927
855,1991
855,1987
855,856
855,1065
855,873
855,896
855,919
855,878
855,882
855,886
855,1130
856,1987
856,1228
856,1134
856,1065
856,873
856,896
856,919
856,1129
856,878
856,1176
856,886
856,1136
856,1130
857,1118
857,1064
857,1179
857,1560
857,1564
857,1908
857,1988
857,1176
858,952
858,1759
858,898
858,2128
858,2138
861,2467
861,1065
862,2217
863,901
864,1174
864,1066
864,1030
865,938
865,2566
865,1143
866,1071
868,1144
868,951
868,1137
868,916
868,1080
869,1142
870,1230
870,1115
870,1231
870,913
870,1570
870,1233
870,934
870,935
870,951
870,1184
870,1137
870,871
871,1230
871,1115
871,1231
871,913
871,1570
871,1233
871,934
871,935
871,951
871,1184
871,1137
871,1310
872,1149
872,2692
873,911
873,941
873,1132
873,1706
873,1135
873,1128
873,1065
873,896
873,878
874,1116
874,1203
874,908
875,879
876,1245
876,1246
876,1127
877,2380
878,911
878,941
878,1132
878,1706
878,1135
878,1128
878,1065
878,896
878,956
878,1134
878,1078
879,1209
879,884
879,1131
880,1848
881,1168
882,2885
882,1149
882,888
882,907
882,927
882,1991
883,951
883,952
884,1131
886,888
886,896
887,1096
889,951
889,1605
889,940
891,1852
891,1849
891,1029
891,1853
892,908
892,1871
892,1207
893,1178
893,1068
893,903
895,1065
896,1191
896,919
896,1129
898,1139
898,1229
898,1230
898,1115
898,1231
898,1232
898,913
898,1233
898,934
898,1234
898,1235
898,1161
898,935
898,951
898,952
898,1137
898,2833
899,2155
900,1191
900,1117
901,1217
902,916
903,1142
904,1466
904,1467
904,1064
904,1465
904,969
904,947
905,1139
905,1850
905,1566
905,1851
906,1149
906,1069
907,1231
907,1242
908,1202
908,1116
908,1203
908,950
908,1123
908,1205
908,1138
908,1206
908,1207
908,1133
909,1238
909,1239
909,1240
909,1241
910,1205
910,1574
910,1206
912,1244
913,935
913,946
913,921
913,1628
913,1629
914,916
914,1798
916,1112
916,2671
916,1137
917,1611
917,2884
918,1127
919,1127
920,1480
921,933
922,1878
922,1168
923,2842
926,2224
926,2375
926,2904
926,2903
929,2713
929,2714
929,1107
931,1488
931,1477
931,1489
931,933
932,2504
933,1477
933,945
934,935
934,1228
934,1073
935,1139
935,1229
935,1230
935,1115
935,1231
935,1232
935,1233
935,1234
935,1235
935,1161
937,1144
937,1137
938,1605
940,951
940,1121
940,1122
941,1125
943,1144
943,1137
944,1162
944,1180
944,956
944,946
944,949
946,1115
947,1466
947,969
947,1470
949,1195
950,1147
951,1569
951,1230
951,1115
951,1231
951,1570
951,1233
951,1137
951,952
951,1124
952,1124
953,1824
954,1162
954,1614
954,956
955,1612
956,1162
957,1606
958,1062
959,960
960,961
960,962
960,963
960,964
960,965
961,1682
961,1683
961,1658
961,965
961,1684
961,1319
962,2100
962,2101
962,2099
962,1692
962,2102
964,2104
964,1319
965,973
965,1684
965,2767
965,1319
966,967
967,968
967,969
967,970
967,971
968,1864
969,2190
969,2191
970,971
971,2480
972,973
972,974
972,975
972,976
973,977
973,978
973,979
973,980
973,981
973,982
973,983
973,984
973,985
974,986
975,987
975,976
975,988
975,989
975,990
975,991
975,984
975,992
975,993
975,994
976,987
976,995
976,996
976,997
976,998
976,999
976,992
977,1901
977,978
978,1320
978,1901
978,2028
978,1318
978,1323
978,2014
978,979
978,1902
979,2020
979,2021
979,2022
979,2013
979,2029
979,2023
979,2014
979,2015
979,2024
980,1667
980,1668
980,1706
980,983
980,985
981,2005
981,2002
981,1690
981,1319
982,983
983,1001
983,984
983,1704
983,2530
983,1667
984,1682
984,1683
984,1001
984,1319
984,2769
984,2853
985,1668
986,1698
986,1704
986,1373
987,1000
987,1001
987,1002
987,1003
990,2601
992,1154
992,1156
992,2724
992,995
992,997
993,2816
994,1739
994,1967
995,1153
995,1154
995,1155
995,1156
995,1157
995,1158
995,1159
995,1160
996,1876
997,1158
997,1458
998,1771
999,2787
1000,1264
1000,1232
1000,1141
1002,2148
1004,1005
1004,1006
1004,1007
1005,1008
1005,1007
1005,1009
1005,1010
1005,1011
1005,1012
1005,1013
1006,1007
1006,1009
1006,1014
1006,1010
1006,1012
1006,1013
1006,1015
1006,1016
1006,1017
1007,1018
1007,1013
1008,1019
1008,1010
1008,1011
1008,1013
1009,1010
1009,1019
1009,1014
1009,1012
1009,1543
1010,1547
1012,1969
1012,1013
1012,2322
1013,1085
1014,1539
1014,1544
1014,1019
1015,2394
1015,1547
1015,1948
1015,1038
1015,1945
1015,1946
1015,1043
1015,1964
1015,1942
1015,1053
1015,1965
1015,1059
1016,2529
1018,1020
1018,1021
1018,1022
1019,1539
1019,1540
1019,1093
1019,1541
1019,1538
1019,1095
1020,1021
1020,1919
1020,1593
1020,1925
1021,1927
1021,1918
1021,1928
1021,1929
1021,1930
1021,1867
1021,1022
1021,1688
1021,1922
1022,2342
1022,2613
1022,2829
1023,1024
1023,1025
1023,1026
1023,1027
1024,1027
1024,1028
1024,1029
1024,1030
1024,1031
1025,1032
1025,1027
1026,1033
1026,1034
1026,1035
1027,1036
1028,1195
1028,1121
1028,1201
1030,2373
1030,2375
1030,2368
1031,1060
1032,1037
1033,1038
1033,1039
1033,1040
1033,1041
1033,1042
1033,1043
1033,1044
1033,1045
1033,1046
1033,1035
1033,1047
1033,1048
1033,1049
1033,1050
1033,1051
1033,1052
1033,1053
1033,1054
1033,1055
1033,1056
1033,1057
1033,1058
1033,1059
1034,1957
1034,2455
1034,2505
1034,2508
1034,1046
1034,2462
1035,2302
1035,2581
1035,2582
1035,1239
1035,1578
1035,1241
1035,2788
1035,2661
1035,2164
1035,2357
1035,2583
1035,2175
1038,1937
1038,1939
1038,1040
1038,1045
1039,1938
1039,1936
1039,1940
1039,1958
1039,1040
1039,2580
1040,1937
1040,2581
1040,2582
1040,1936
1040,1951
1040,2580
1040,1056
1041,2160
1041,2610
1041,2164
1041,2208
1041,2171
1041,2611
1041,1049
1041,2612
1041,2209
1042,2208
1042,2614
1042,1049
1042,1054
1042,2209
1043,2394
1043,1416
1043,1936
1043,1964
1043,1438
1043,1059
1044,2596
1044,2661
1044,2183
1044,2171
1044,1047
1045,1937
1045,2718
1045,2160
1045,1938
1045,1939
1045,2719
1045,2436
1045,1955
1046,2737
1046,2738
1046,2739
1047,2160
1047,2171
1049,2160
1049,2613
1049,2610
1049,2164
1049,2554
1049,1936
1049,2614
1049,2208
1050,1547
1050,1955
1052,2394
1052,2395
1052,1942
1052,1438
1053,1937
1053,2394
1053,1938
1053,1939
1053,1950
1053,1936
1053,1954
1053,1964
1053,1951
1053,1946
1053,2399
1053,1942
1053,1947
1053,1941
1053,1438
1053,1059
1054,1949
1054,2394
1054,1383
1054,1938
1054,1939
1054,1951
1054,1946
1054,2399
1054,1942
1055,2867
1055,1942
1056,1937
1056,1939
1056,1951
1056,2399
1056,1947
1058,2468
1058,1448
1058,2049
1059,1937
1059,2394
1059,1939
1059,1948
1059,1964
1059,1951
1059,1947
1059,1284
1060,1870
1060,1070
1061,1062
1061,1072
1061,1073
1063,1137
1063,1075
1063,1146
1063,1082
1064,1195
1064,1117
1064,1119
1064,1065
1065,1245
1065,1246
1065,1127
1065,1137
1065,1075
1065,1988
1065,1989
1065,1991
1065,1077
1065,1129
1065,1080
1066,2289
1066,1504
1067,1121
1067,1605
1067,1068
1067,1991
1067,1994
1067,1124
1067,1310
1068,1994
1069,1195
1071,1119
1071,2157
1073,1230
1073,1231
1073,1232
1073,1233
1073,1234
1075,1566
1075,1076
1075,1077
1075,1567
1075,1568
1075,1079
1076,1566
1076,1077
1076,1568
1077,1850
1077,1566
1078,1994
1078,1124
1078,1183
1078,1228
1080,1137
1081,1245
1081,1246
1081,1127
1081,1247
1082,1561
1082,2289
1082,1177
1082,1560
1082,2913
1082,1146
1082,1247
1082,1988
1083,1084
1083,1085
1083,1086
1083,1087
1083,1088
1083,1089
1083,1090
1084,1086
1084,1088
1084,1089
1084,1090
1085,1091
1085,1087
1085,1089
1085,1090
1086,1087
1086,1088
1086,1089
1086,1090
1087,1088
1087,1089
1088,1092
1088,1089
1090,2328
1091,1093
1091,1094
1091,1095
1093,1539
1093,1095
1094,1647
1094,1713
1094,1714
1095,1539
1095,1548
1096,1097
1096,1098
1096,1099
1097,1099
1099,1100
1099,1101
1099,1102
1100,1104
1100,1105
1101,1102
1103,1111
1103,1162
1104,1214
1104,1215
1105,1214
1106,1210
1108,1211
1108,1895
1108,1808
1108,1255
1110,1111
1113,1151
1113,1152
1114,1163
1114,1164
1114,1141
1114,1165
1114,1166
1114,1167
1114,1168
1115,1121
1115,1177
1115,1178
1115,1179
1115,1180
1115,1181
1115,1182
1115,1183
1115,1184
1115,1185
1115,1186
1115,1124
1115,1187
1115,1188
1115,1189
1116,1148
1116,1190
1117,1191
1117,1119
1117,1192
1118,1177
1118,1193
1119,1194
1119,1130
1121,1195
1121,1196
1122,1197
1122,1198
1123,1204
1124,1195
1124,1994
1124,1310
1125,1871
1125,2810
1126,1987
1127,1245
1127,1246
1127,1988
1127,1989
1130,2832
1133,2385
1134,2431
1134,1669
1137,1144
1137,1183
1137,1208
1137,1209
1138,1206
1139,1227
1141,1232
1141,1166
1143,2527
1144,1208
1144,1209
1145,1163
1145,1164
1145,1250
1145,1603
1146,1559
1146,1560
1147,1205
1148,1607
1148,1190
1149,1306
1149,1521
1150,2303
1151,1228
1151,1609
1152,1610
1153,1156
1153,1218
1154,1219
1154,1156
1154,1220
1154,1221
1154,1222
1155,1157
1155,1223
1155,1224
1155,1225
1156,1226
1156,1160
1158,1368
1159,1636
1159,2727
1159,2728
1159,2379
1160,2481
1160,2923
1161,1608
1162,1612
1162,1613
1163,1250
1163,1252
1164,1165
1164,1248
1164,1167
1164,1168
1165,1248
1165,1167
1167,1248
1167,1168
1168,2592
1168,2134
1168,1334
1168,1479
1168,2188
1170,2368
1170,1669
1171,1615
1174,1616
1174,1617
1175,1231
1176,1246
1176,1988
1176,1991
1177,1562
1177,1178
1177,1559
1177,1563
1177,1179
1177,1564
1177,1180
1177,1504
1177,1284
1177,1186
1177,1565
1179,1180
1179,1186
1180,1181
1180,1564
1180,1183
1186,2790
1186,1680
1187,2695
1188,1189
1189,1195
1190,1607
1192,1573
1193,1961
1195,1306
1195,1307
1195,1308
1195,1309
1195,1310
1197,2734
1197,2735
1197,2736
1199,1242
1199,1243
1199,1244
1201,2655
1202,1207
1203,1576
1204,1415
1204,1421
1204,1417
1204,1413
1204,1439
1204,1420
1204,1431
1207,1243
1210,2856
1210,2578
1211,1212
1211,1254
1211,1255
1212,2006
1212,2007
1212,1213
1212,1527
1212,1808
1212,2004
1212,1255
1213,2011
1214,2783
1215,1329
1217,1401
1217,1407
1218,2723
1218,2277
1219,1220
1220,2156
1220,1222
1221,2789
1222,2890
1222,2156
1222,2207
1226,2852
1229,1628
1229,1629
1231,1619
1231,1620
1234,2351
1235,2352
1238,1577
1238,1578
1238,1425
1238,1579
1238,1580
1238,1581
1238,1582
1238,1583
1238,1241
1238,1584
1238,1585
1238,1586
1238,1587
1238,1588
1238,1589
1238,1590
1238,1333
1238,1290
1239,1240
1239,1578
1239,1591
1240,1578
1240,2357
1240,2358
1240,2359
1240,2360
1240,2361
1240,1591
1241,1578
1242,1244
1242,1571
1242,1572
1243,1244
1245,1246
1245,1988
1246,1988
1246,1989
1248,1786
1248,1787
1249,2079
1253,2780
1253,2144
1254,1255
1255,1812
1255,1808
1256,1257
1256,1258
1257,1262
1257,1259
1257,1258
1257,1261
1258,1261
1259,1263
1261,1262
1263,2230
1264,1265
1267,1268
1267,1270
1268,1270
1269,1277
1269,1278
1269,1270
1269,1271
1269,1272
1270,1760
1270,1479
1270,1272
1271,1277
1271,2574
1271,1278
1271,2670
1271,1272
1272,1277
1272,2574
1272,1565
1272,1278
1272,2670
1274,1279
1277,1282
1279,1284
1282,2831
1286,1664
1286,1665
1286,1666
1287,1288
1287,1289
1287,1290
1288,2892
1288,2894
1289,2892
1290,2245
1292,1293
1292,1294
1292,1295
1293,1295
1294,1297
1294,1295
1295,1298
1296,1299
1299,1301
1300,1301
1300,1302
1300,1303
1300,1304
1300,1305
1301,1302
1302,1303
1302,1305
1304,1531
1304,1305
1305,1531
1307,1308
1307,1916
1307,1917
1310,1994
1312,1314
1314,1524
1314,1621
1314,2427
1314,1622
1315,1316
1316,1343
1317,1318
1317,1319
1318,1320
1318,1321
1318,1319
1318,1322
1319,1682
1319,2005
1319,1683
1319,2029
1319,1749
1319,1343
1319,1344
1319,1339
1319,1335
1319,2101
1320,1323
1320,1324
1320,1322
1321,1323
1322,1914
1322,1635
1322,1324
1322,1323
1322,1637
1323,1674
1324,2466
1325,1326
1326,1978
1326,1979
1326,1980
1326,1981
1326,1982
1327,1328
1327,1329
1327,1330
1327,1331
1328,1635
1328,1329
1328,1330
1329,1330
1329,1331
1335,1336
1335,1337
1335,1338
1335,1339
1336,1337
1336,1339
1336,1340
1336,1341
1336,1342
1336,1343
1336,1344
1336,1345
1336,1346
1336,1347
1336,1348
1336,1349
1336,1350
1336,1351
1336,1352
1337,1340
1337,1338
1337,1339
1337,1342
1337,1353
1337,1354
1337,1343
1337,1344
1337,1345
1337,1346
1337,1347
1337,1355
1337,1356
1337,1357
1337,1358
1337,1348
1337,1359
1337,1360
1338,1341
1338,1361
1338,1339
1339,1340
1339,1341
1339,1342
1339,1353
1339,1354
1339,1343
1339,1344
1339,1356
1339,1358
1339,1348
1340,1341
1340,1346
1340,1352
1341,1342
1341,1344
1341,1345
1341,1346
1341,1347
1341,1360
1341,1352
1342,1367
1343,1361
1343,1354
1343,1345
1343,1356
1343,1348
1343,1349
1344,1347
1344,1355
1344,1372
1344,1358
1344,1348
1345,1381
1345,1354
1345,1355
1345,1356
1345,1372
1345,1349
1345,1373
1346,1691
1346,1353
1348,1358
1349,1361
1349,1354
1349,1356
1351,1534
1351,1536
1353,1368
1353,1369
1353,1370
1354,1371
1354,1355
1354,1356
1354,1372
1354,1373
1356,1361
1356,1381
1356,1364
1357,2647
1357,2016
1357,2013
1357,1698
1357,2025
1359,2850
1361,1362
1361,1363
1361,1364
1361,1365
1361,1366
1362,1363
1362,1365
1362,1366
1364,1381
1364,2451
1366,2695
1366,2782
1366,1743
1366,2607
1366,2696
1366,2848
1366,2814
1366,1694
1366,1654
1366,1753
1367,1374
1367,1375
1368,1369
1368,1376
1368,1377
1368,1378
1368,1379
1368,1380
1370,2283
1370,2197
1370,2253
1372,1761
1372,1375
1372,2235
1373,2449
1374,1645
1374,1537
1375,1761
1375,1763
1375,1799
1375,1764
1375,2235
1375,2072
1375,1409
1376,1377
1376,2449
1377,2449
1378,2366
1378,2275
1381,1802
1382,1383
1382,1384
1382,1385
1383,2324
1385,2533
1385,2534
1386,1387
1387,1961
1387,1547
1387,1804
1387,2496
1387,1544
1387,1551
1387,2497
1387,1550
1387,1549
1387,1543
1387,2851
1390,1916
1390,1483
1390,1917
1391,2373
1391,2368
1393,2574
1397,1503
1397,1506
1397,1399
1398,2770
1399,1811
1399,1506
1399,1998
1400,1401
1401,1402
1401,1403
1401,1404
1401,1405
1401,1406
1401,1407
1402,1498
1402,1499
1402,1500
1403,1404
1403,2453
1405,1862
1405,1863
1407,1624
1408,1409
1409,1761
1409,1635
1409,2067
1409,1765
1409,2072
1410,1411
1411,1412
1411,1413
1411,1414
1412,1413
1412,1414
1412,1415
1412,1416
1412,1417
1412,1418
1412,1419
1412,1420
1412,1421
1412,1422
1412,1423
1412,1424
1412,1425
1412,1426
1412,1427
1412,1428
1412,1429
1412,1430
1412,1431
1412,1432
1412,1433
1412,1434
1412,1435
1412,1436
1412,1437
1412,1438
1412,1439
1412,1440
1412,1441
1412,1442
1412,1443
1412,1444
1412,1445
1412,1446
1413,1415
1413,1416
1413,1417
1413,1420
1413,1422
1413,1426
1413,1428
1413,1429
1413,1430
1413,1431
1413,1435
1413,1438
1413,1439
1413,1441
1413,1442
1413,1443
1413,1444
1413,1446
1414,1415
1414,1447
1415,1416
1415,1417
1415,1420
1415,1422
1415,1425
1415,1427
1415,1428
1415,1429
1415,1430
1415,1431
1415,1434
1415,1435
1415,1437
1415,1438
1415,1439
1415,1440
1415,1441
1415,1442
1415,1443
1415,1444
1415,1446
1416,1448
1416,1417
1416,1427
1416,1435
1416,1442
1417,1420
1417,1425
1417,1427
1417,1428
1417,1432
1417,1434
1417,1435
1417,1437
1417,1439
1417,1440
1417,1442
1418,2135
1419,2265
1419,2250
1419,2259
1419,1873
1419,2266
1419,2196
1419,2256
1419,2267
1419,1426
1419,2197
1419,2257
1419,2263
1419,2268
1419,2269
1419,2264
1419,2270
1419,2271
1419,2272
1419,2273
1419,2274
1419,1446
1419,2275
1420,1421
1420,1422
1420,1429
1421,1423
1421,1440
1422,1429
1422,1431
1423,2404
1423,2405
1423,1440
1424,2483
1424,1429
1424,1431
1424,1432
1424,1433
1424,1434
1424,1437
1424,2484
1424,1443
1424,1444
1425,2494
1425,2495
1426,2195
1426,1873
1426,2196
1426,2272
1426,1446
1427,1933
1428,2245
1428,2197
1428,2253
1428,2605
1428,2254
1430,2135
1431,2135
1432,1434
1432,2135
1433,2135
1434,1437
1435,1438
1436,1904
1438,2394
1438,1939
1438,1942
1439,2772
1443,1444
1446,2196
1447,1449
1448,2048
1448,2049
1448,2050
1448,1965
1448,2051
1449,2772
1449,2773
1450,1454
1455,1456
1456,1458
1456,1459
1457,1461
1457,1462
1458,1677
1463,2400
1463,2434
1465,1466
1465,1467
1465,1468
1465,1469
1466,1467
1466,1468
1466,1470
1467,1471
1467,1472
1467,1468
1467,1470
1467,1473
1469,1478
1469,1481
1469,1470
1469,1482
1469,1483
1471,1472
1471,1476
1473,2680
1474,1487
1474,1484
1474,1485
1474,1486
1477,1489
1478,1490
1478,1494
1478,1479
1478,1492
1478,1495
1479,1490
1479,1496
1479,1494
1479,1497
1479,1492
1480,1481
1480,1483
1481,1497
1481,1483
1483,2752
1483,1916
1483,1497
1484,1485
1487,1559
1487,1505
1488,1503
1488,1504
1488,1505
1488,1506
1490,1494
1490,1492
1490,1507
1491,1508
1492,1494
1492,1497
1492,1495
1493,1494
1493,1495
1494,1495
1496,1509
1496,1510
1497,1512
1497,1513
1497,1514
1497,1515
1501,2080
1501,1814
1501,1881
1502,1746
1503,1877
1503,1506
1504,2291
1512,1758
1512,1687
1512,2752
1512,1760
1512,2753
1512,1513
1512,1515
1512,2874
1513,1758
1513,1687
1513,1760
1513,1515
1513,2874
1514,2694
1515,2874
1516,1517
1517,1518
1517,1519
1517,1520
1518,2222
1519,2336
1519,2765
1521,2898
1522,1523
1523,2628
1523,1524
1523,1621
1523,2427
1523,2724
1523,1622
1524,2628
1524,2627
1524,1622
1525,2377
1525,2871
1526,1530
1526,1532
1526,1533
1527,1528
1529,1995
1529,1819
1529,1821
1529,1820
1529,1998
1529,1999
1529,2003
1529,2001
1533,2285
1533,1855
1534,1535
1534,1536
1534,1537
1535,1536
1535,1537
1536,1537
1540,1542
1540,1541
1541,1542
1542,1545
1542,1546
1543,1961
1543,1547
1543,2320
1543,1544
1543,2836
1544,1548
1544,1549
1544,1550
1544,1551
1544,1552
1544,1553
1545,1546
1547,1739
1547,1961
1547,1703
1547,1939
1547,1946
1547,1962
1547,1963
1547,1964
1547,1965
1548,1961
1548,2421
1548,1835
1548,1708
1548,1837
1548,2324
1549,1963
1549,2496
1549,2497
1549,2493
1550,1553
1552,2347
1554,1555
1554,1556
1555,1645
1555,1670
1556,1682
1556,1683
1556,2530
1556,1749
1556,1752
1557,1558
1560,1561
1562,1564
1564,2141
1564,2142
1566,1848
1566,1849
1571,2385
1575,2797
1577,2336
1577,2337
1577,2338
1578,2357
1578,1591
1579,1580
1579,1975
1581,2687
1581,1582
1581,2688
1581,2405
1582,2687
1582,2688
1582,2405
1583,1590
1584,1904
1584,1587
1588,2910
1588,1591
1588,1904
1591,2358
1591,2359
1592,1593
1593,1918
1593,1919
1594,1595
1595,1596
1595,1597
1595,1598
1595,1599
1595,1600
1596,1601
1596,1597
1597,2796
1597,1598
1598,1600
1600,2469
1603,1723
1604,2578
1605,1623
1605,1624
1605,1625
1609,2835
1615,2571
1615,2569
1616,1617
1617,2027
1620,1993
1621,2390
1621,2427
1621,2428
1621,1729
1621,1622
1621,2429
1621,2430
1622,2429
1622,2430
1623,2453
1624,2879
1624,1858
1625,2879
1625,1858
1627,1695
1627,2755
1627,2820
1630,1631
1631,1632
1631,1633
1631,1634
1632,1633
1632,1635
1632,1636
1632,1637
1632,1638
1632,1639
1632,1640
1633,1635
1634,1641
1634,1642
1635,2066
1635,2053
1635,2067
1635,2068
1635,2069
1635,2070
1635,2071
1635,2072
1635,1637
1635,1638
1635,1639
1635,2073
1635,2074
1635,2075
1635,1776
1635,1777
1635,2076
1635,2077
1635,2062
1636,2424
1636,2379
1637,1914
1637,2058
1637,2690
1637,2072
1638,1914
1638,2058
1638,2690
1638,2699
1639,2112
1639,2609
1640,2823
1641,2607
1641,2606
1642,2053
1643,1644
1646,1663
1647,1671
1647,1672
1648,1659
1651,1676
1651,1677
1651,1663
1651,1678
1651,1679
1654,1685
1655,1686
1656,1687
1656,1688
1657,1682
1657,1683
1657,1690
1659,1692
1660,1693
1661,1694
1663,2119
1663,1678
1664,1695
1664,1666
1665,1696
1666,1774
1667,1689
1667,1704
1667,1705
1668,1706
1668,1707
1669,2368
1670,2814
1671,1708
1671,1709
1671,1710
1671,1711
1671,1712
1672,1715
1673,1698
1673,1679
1673,2880
1675,1742
1675,1743
1675,1744
1676,1761
1676,1801
1676,1762
1677,2085
1677,2087
1678,2124
1679,2310
1679,2880
1682,1683
1682,1690
1682,1748
1682,1749
1682,1750
1682,1751
1682,1752
1683,1749
1683,1750
1683,1751
1683,1752
1685,1753
1685,1754
1686,1755
1686,1735
1686,1756
1687,1757
1687,1758
1687,1759
1687,1760
1688,2535
1689,1704
1689,1723
1690,1748
1690,1766
1690,1767
1691,1768
1692,2099
1692,2100
1692,2101
1692,2103
1692,2102
1694,1769
1694,1770
1694,1771
1694,1772
1695,1773
1698,1699
1698,1716
1699,1701
1699,1718
1699,1702
1700,2309
1701,1702
1701,1717
1703,1719
1703,1720
1703,1721
1703,1722
1704,1724
1704,1725
1708,1709
1708,1731
1708,1711
1708,1732
1708,1733
1708,1734
1708,1735
1708,1736
1708,1737
1709,1738
1710,2315
1710,2314
1710,2316
1710,2317
1710,2318
1711,2418
1711,1804
1711,1731
1711,1732
1711,1738
1711,2322
1711,2326
1711,1733
1711,1805
1711,2324
1711,1737
1713,1986
1713,1980
1713,1985
1714,2532
1714,2314
1714,2630
1715,1739
1715,1740
1715,1741
1716,2321
1717,2573
1719,2212
1719,1720
1719,2201
1719,2205
1719,2206
1719,1722
1719,2213
1720,2212
1720,2216
1720,1722
1720,2213
1721,1961
1721,1968
1721,1969
1721,2551
1721,2646
1722,2212
1723,1754
1724,1790
1726,2030
1729,2146
1729,2149
1729,2388
1729,2424
1729,2390
1731,2324
1731,2322
1731,1733
1731,2329
1731,1736
1731,1737
1732,2324
1733,1738
1733,2329
1733,1737
1734,2420
1734,2324
1734,1735
1736,2418
1736,1738
1736,2329
1737,1804
1737,2329
1737,2322
1737,2851
1738,2418
1738,2419
1739,1966
1739,1951
1739,1967
1743,1753
1745,1747
1748,2792
1748,1766
1749,1752
1750,2002
1750,1751
1751,1824
1757,1759
1757,2350
1758,1760
1761,1799
1761,1762
1761,1763
1761,1764
1762,1799
1762,1764
1763,1764
1763,1765
1764,2354
1764,2239
1764,2356
1764,1768
1764,1765
1765,1769
1765,2067
1766,2420
1766,2486
1766,2792
1766,2489
1766,2491
1767,2792
1768,2236
1768,2240
1768,2241
1768,2464
1769,2465
1770,1771
1770,1772
1771,1772
1773,2900
1775,1776
1775,1777
1776,1777
1778,1779
1778,1780
1778,1781
1780,2452
1782,1783
1784,1785
1785,2044
1786,1787
1786,1790
1786,1791
1786,1792
1787,1793
1787,1791
1787,1794
1790,2524
1792,2757
1792,1891
1792,1894
1794,2555
1796,2555
1799,2016
1800,2891
1800,2807
1800,2564
1800,2837
1803,2286
1803,2287
1804,1805
1804,1806
1804,1807
1806,2851
1808,1811
1808,1812
1809,2916
1810,2298
1813,1815
1813,1818
1814,1877
1814,1881
1815,1819
1815,1822
1816,2294
1816,1817
1819,1821
1819,1820
1820,1995
1820,1821
1820,1999
1820,2001
1824,2333
1824,2775
1824,2776
1824,2774
1827,1828
1829,1830
1829,1831
1829,1832
1830,1833
1830,1834
1830,1835
1830,1836
1830,1837
1830,1838
1830,1839
1830,1840
1830,1841
1830,1842
1830,1843
1830,1844
1830,1845
1830,1846
1830,1847
1831,1837
1831,1839
1832,2873
1833,1835
1833,1834
1833,2032
1834,2033
1834,1836
1834,1839
1834,1840
1834,1841
1834,1844
1834,2036
1835,2037
1835,1836
1835,1837
1835,1839
1835,1840
1835,1841
1835,1842
1835,2038
1835,2034
1835,1844
1835,2039
1835,2040
1835,2041
1836,1837
1836,1838
1836,1839
1836,1840
1837,1838
1837,1839
1837,1840
1837,1844
1837,2040
1837,1845
1837,2531
1837,1847
1838,1841
1838,2532
1838,2531
1839,2040
1839,2531
1840,2532
1840,1844
1841,1978
1841,2533
1841,2033
1841,2034
1841,2035
1842,2038
1842,1844
1843,2740
1844,2803
1844,2037
1844,2314
1844,2038
1845,2516
1848,1849
1849,1850
1850,1854
1850,1855
1850,1856
1852,1853
1854,1855
1855,2285
1858,1859
1858,1860
1858,1861
1859,1862
1859,1863
1864,1865
1866,1867
1866,1868
1866,1869
1868,1869
1871,2543
1871,2547
1871,2544
1872,1873
1873,2196
1873,2263
1873,2264
1873,2270
1873,2271
1873,2274
1873,2275
1877,1881
1879,1880
1879,1882
1879,1883
1879,1884
1879,1885
1879,1886
1879,1887
1879,1888
1880,1882
1880,1883
1880,1884
1880,1889
1880,1885
1880,1886
1880,1890
1880,1887
1880,1888
1882,1883
1882,1884
1882,1889
1882,1885
1882,1886
1882,1890
1882,1887
1882,1888
1883,1884
1883,1996
1885,1886
1886,2666
1889,1890
1889,2515
1890,2641
1891,1893
1891,1894
1892,1893
1892,1895
1892,1896
1892,1897
1893,1895
1893,1898
1893,1897
1895,2004
1899,1900
1900,2858
1901,1902
1902,2062
1903,1904
1903,1905
1903,1906
1904,2798
1909,2706
1911,2600
1913,1914
1916,1917
1917,2349
1918,1920
1918,1921
1918,1922
1918,1923
1918,1924
1919,1926
1921,2648
1922,1926
1922,2342
1923,2613
1924,1926
1924,2064
1924,2073
1927,1931
1927,1928
1927,1932
1928,1931
1928,2443
1928,2445
1928,2442
1928,2437
1928,2439
1928,2440
1928,2446
1929,1932
1929,2448
1931,2441
1931,2442
1931,2437
1931,2440
1931,2443
1931,2444
1932,2437
1933,1934
1933,1935
1936,1937
1936,1938
1936,1939
1936,1940
1936,1941
1936,1942
1936,1943
1936,1944
1937,1938
1937,1939
1937,1945
1937,1946
1937,1947
1937,1948
1937,1949
1937,1950
1937,1951
1937,1952
1937,1953
1937,1942
1937,1954
1937,1955
1937,1944
1938,1956
1938,1957
1938,1940
1938,1958
1938,1941
1938,1942
1939,1947
1939,1950
1939,1951
1940,1958
1940,1941
1940,1942
1941,2788
1941,1958
1941,1943
1942,2394
1942,2049
1942,1954
1942,1964
1942,1951
1942,1946
1943,2183
1943,1951
1943,2409
1943,2208
1945,2394
1945,2395
1945,1946
1945,1947
1946,2397
1946,1949
1946,2394
1946,1962
1946,1950
1946,2395
1946,1947
1946,2398
1947,2399
1949,2397
1949,1962
1949,2401
1949,2402
1949,2403
1952,2596
1952,2171
1952,2408
1953,1965
1954,1965
1955,2394
1955,2160
1955,2399
1956,1959
1957,1960
1961,1968
1961,1969
1961,1970
1961,1971
1962,2397
1962,2401
1962,2403
1963,1969
1963,2492
1963,2493
1964,2394
1964,2395
1964,2396
1965,2394
1965,2718
1965,2048
1966,2032
1968,2046
1970,2754
1971,2822
1971,2226
1972,1973
1972,1974
1973,1974
1973,1975
1973,1976
1973,1977
1978,1981
1978,1983
1978,1984
1980,1981
1980,1982
1980,1985
1981,1982
1982,1985
1983,1984
1984,2803
1984,2882
1985,2073
1985,2623
1990,1992
1991,1993
1991,1994
1992,2289
1995,1998
1995,1999
1995,2000
1995,2001
1998,1999
1998,2003
1998,2001
1999,2538
1999,2000
1999,2003
1999,2001
2000,2001
2001,2538
2001,2003
2002,2005
2007,2010
2010,2748
2012,2013
2012,2014
2012,2015
2013,2016
2013,2014
2013,2017
2013,2018
2014,2020
2014,2021
2014,2022
2014,2023
2014,2015
2014,2024
2015,2028
2016,2025
2016,2018
2016,2026
2020,2021
2020,2023
2021,2027
2024,2452
2026,2383
2027,2825
2029,2031
2030,2138
2030,2139
2030,2140
2032,2033
2033,2034
2033,2035
2034,2037
2034,2038
2035,2533
2035,2036
2036,2568
2037,2108
2037,2038
2037,2041
2038,2108
2038,2041
2039,2421
2039,2855
2040,2314
2042,2043
2042,2044
2043,2045
2043,2046
2043,2047
2044,2550
2044,2551
2044,2552
2045,2105
2045,2106
2046,2869
2047,2651
2047,2701
2047,2914
2047,2288
2049,2305
2051,2859
2051,2908
2052,2053
2052,2054
2052,2055
2053,2056
2053,2057
2053,2058
2053,2059
2053,2060
2053,2061
2053,2055
2053,2062
2053,2063
2054,2055
2056,2058
2057,2064
2057,2065
2058,2060
2058,2063
2059,2063
2060,2067
2060,2072
2061,2813
2065,2606
2067,2306
2067,2307
2067,2072
2069,2579
2070,2113
2070,2609
2070,2071
2070,2114
2071,2684
2071,2683
2072,2310
2072,2076
2072,2689
2073,2622
2073,2619
2073,2624
2074,2609
2074,2690
2076,2310
2076,2689
2078,2079
2081,2082
2082,2083
2082,2084
2085,2086
2088,2089
2088,2090
2089,2091
2089,2090
2090,2091
2090,2920
2090,2275
2092,2093
2092,2094
2092,2095
2092,2096
2092,2097
2092,2098
2093,2608
2094,2095
2094,2097
2095,2634
2095,2096
2095,2097
2097,2634
2097,2450
2100,2101
2100,2102
2101,2104
2103,2232
2103,2364
2105,2106
2106,2747
2107,2119
2109,2110
2110,2111
2111,2227
2112,2113
2112,2114
2113,2115
2113,2116
2113,2117
2115,2116
2115,2883
2115,2388
2119,2122
2119,2123
2124,2524
2124,2893
2125,2126
2126,2127
2126,2128
2129,2130
2129,2131
2130,2131
2133,2134
2135,2721
2135,2722
2138,2526
2139,2574
2141,2142
2145,2146
2146,2147
2146,2148
2146,2149
2146,2150
2147,2148
2147,2149
2147,2388
2148,2149
2149,2150
2149,2389
2150,2388
2150,2389
2150,2604
2150,2392
2150,2794
2150,2795
2150,2393
2151,2152
2151,2153
2153,2863
2154,2155
2157,2158
2159,2160
2159,2161
2160,2162
2160,2163
2160,2164
2160,2165
2160,2166
2160,2167
2160,2168
2160,2169
2160,2170
2160,2171
2160,2172
2160,2173
2160,2174
2160,2175
2160,2176
2160,2177
2160,2178
2160,2179
2160,2180
2161,2181
2161,2182
2161,2183
2161,2184
2161,2185
2162,2171
2162,2172
2163,2164
2164,2170
2164,2172
2165,2616
2165,2166
2165,2167
2165,2168
2165,2177
2166,2616
2166,2167
2166,2168
2166,2169
2166,2177
2167,2616
2167,2168
2167,2169
2167,2177
2168,2169
2168,2177
2169,2177
2171,2172
2173,2174
2173,2178
2176,2812
2180,2887
2180,2406
2180,2407
2181,2186
2181,2187
2181,2184
2181,2185
2182,2406
2182,2407
2182,2183
2183,2408
2183,2409
2185,2407
2187,2868
2188,2592
2190,2193
2190,2194
2195,2196
2195,2197
2195,2198
2195,2199
2196,2259
2196,2265
2196,2256
2196,2267
2196,2257
2196,2269
2196,2273
2196,2284
2197,2283
2197,2253
2197,2272
2199,2283
2199,2253
2200,2201
2200,2202
2200,2203
2200,2204
2201,2205
2201,2202
2201,2203
2201,2206
2201,2204
2201,2207
2202,2208
2202,2209
2203,2210
2203,2204
2203,2211
2204,2205
2204,2206
2205,2206
2205,2213
2207,2890
2208,2613
2208,2610
2208,2614
2208,2615
2208,2612
2208,2209
2209,2613
2209,2610
2209,2614
2209,2612
2210,2214
2211,2261
2212,2215
2212,2216
2212,2213
2213,2215
2215,2412
2215,2414
2217,2219
2217,2222
2219,2220
2219,2222
2222,2501
2224,2225
2225,2924
2229,2230
2230,2231
2231,2700
2231,2701
2232,2233
2232,2234
2234,2364
2236,2238
2236,2239
2236,2240
2236,2241
2236,2242
2240,2241
2240,2242
2243,2244
2243,2245
2243,2246
2243,2247
2243,2248
2244,2249
2244,2246
2244,2247
2244,2250
2244,2248
2244,2251
2244,2252
2245,2253
2245,2254
2246,2250
2246,2255
2246,2247
2246,2248
2246,2256
2246,2257
2247,2248
2248,2250
2248,2256
2250,2258
2250,2259
2250,2256
2250,2260
2250,2261
2250,2262
2251,2260
2251,2277
2251,2585
2251,2586
2251,2278
2251,2587
2253,2605
2253,2254
2254,2818
2255,2263
2255,2264
2256,2265
2256,2266
2256,2267
2256,2259
2256,2257
2257,2265
2257,2266
2257,2259
2257,2263
2259,2265
2259,2266
2259,2267
2261,2262
2263,2268
2263,2483
2263,2269
2263,2264
2263,2270
2263,2756
2265,2266
2265,2267
2266,2283
2267,2345
2267,2269
2267,2272
2268,2270
2268,2756
2269,2483
2269,2756
2270,2756
2271,2761
2274,2472
2275,2472
2276,2277
2276,2278
2278,2585
2278,2586
2279,2280
2279,2281
2279,2282
2280,2336
2280,2339
2288,2289
2288,2290
2289,2291
2289,2292
2293,2626
2293,2627
2293,2488
2293,2489
2294,2295
2296,2298
2299,2300
2301,2302
2304,2305
2306,2308
2306,2307
2307,2308
2307,2309
2309,2310
2309,2311
2309,2312
2310,2691
2310,2311
2310,2689
2313,2314
2315,2319
2315,2317
2322,2323
2322,2324
2322,2325
2322,2326
2322,2327
2322,2328
2323,2330
2323,2324
2324,2326
2324,2327
2327,2422
2327,2423
2331,2332
2332,2333
2332,2334
2333,2335
2336,2337
2336,2339
2336,2340
2336,2341
2337,2339
2339,2340
2340,2730
2341,2844
2341,2843
2341,2845
2342,2343
2342,2344
2344,2830
2346,2347
2346,2348
2347,2349
2353,2354
2353,2355
2354,2356
2354,2355
2355,2896
2362,2363
2363,2367
2368,2369
2368,2370
2368,2371
2369,2370
2369,2372
2369,2371
2370,2372
2371,2860
2371,2372
2373,2375
2376,2377
2377,2378
2377,2379
2379,2724
2379,2725
2381,2382
2381,2383
2382,2383
2382,2384
2385,2386
2386,2387
2388,2390
2388,2391
2388,2392
2388,2389
2388,2393
2389,2793
2389,2794
2389,2393
2390,2424
2390,2425
2392,2793
2393,2577
2394,2396
2397,2401
2397,2402
2402,2709
2406,2407
2407,2408
2408,2657
2410,2602
2411,2412
2411,2413
2412,2413
2412,2414
2412,2415
2412,2416
2414,2731
2418,2419
2420,2485
2420,2486
2420,2488
2420,2489
2421,2562
2422,2423
2422,2528
2424,2426
2425,2429
2425,2430
2427,2628
2427,2627
2427,2630
2429,2430
2432,2433
2432,2434
2433,2435
2434,2436
2437,2438
2437,2439
2437,2440
2438,2440
2439,2440
2440,2443
2440,2442
2440,2447
2441,2442
2442,2443
2442,2447
2442,2444
2443,2447
2443,2446
2454,2455
2455,2456
2455,2457
2455,2458
2455,2459
2455,2460
2455,2461
2455,2462
2455,2463
2457,2557
2457,2558
2457,2458
2457,2559
2458,2559
2458,2561
2458,2463
2460,2653
2462,2915
2465,2466
2468,2469
2468,2470
2468,2471
2470,2733
2471,2503
2472,2473
2472,2474
2472,2475
2472,2476
2473,2474
2473,2477
2474,2475
2474,2806
2474,2477
2475,2476
2475,2477
2477,2907
2478,2479
2480,2839
2482,2483
2483,2484
2484,2819
2485,2486
2485,2487
2486,2490
2486,2491
2491,2792
2493,2496
2493,2497
2496,2497
2499,2676
2499,2677
2499,2678
2499,2679
2499,2680
2502,2503
2505,2506
2505,2507
2506,2509
2507,2510
2507,2508
2508,2512
2510,2511
2517,2518
2517,2519
2517,2520
2518,2519
2521,2522
2524,2525
2533,2534
2535,2536
2536,2556
2537,2538
2537,2539
2538,2539
2538,2540
2538,2541
2539,2641
2539,2541
2541,2641
2541,2639
2541,2811
2541,2642
2542,2543
2542,2544
2542,2545
2543,2546
2544,2548
2545,2548
2545,2810
2546,2548
2547,2593
2548,2810
2553,2554
2557,2558
2557,2560
2558,2560
2563,2564
2564,2565
2569,2570
2574,2575
2576,2577
2578,2815
2580,2611
2580,2672
2581,2582
2581,2583
2582,2583
2585,2586
2585,2587
2586,2840
2587,2777
2588,2589
2594,2595
2594,2596
2594,2597
2595,2597
2596,2598
2596,2597
2596,2599
2599,2849
2599,2674
2602,2603
2610,2612
2617,2618
2617,2619
2617,2620
2618,2619
2618,2620
2618,2621
2619,2622
2619,2620
2619,2623
2619,2624
2620,2622
2621,2697
2622,2625
2623,2624
2627,2628
2627,2629
2631,2632
2631,2633
2631,2634
2631,2635
2631,2636
2631,2637
2633,2635
2634,2826
2634,2635
2635,2636
2635,2826
2636,2637
2638,2639
2638,2640
2639,2641
2639,2640
2639,2642
2640,2641
2641,2642
2643,2644
2644,2645
2644,2646
2650,2651
2651,2652
2654,2655
2655,2764
2655,2881
2657,2662
2657,2663
2657,2664
2658,2659
2662,2663
2662,2664
2662,2759
2663,2759
2665,2666
2665,2667
2666,2667
2668,2669
2668,2670
2669,2670
2670,2708
2674,2675
2675,2781
2676,2680
2677,2678
2677,2681
2678,2681
2683,2684
2684,2685
2684,2686
2686,2912
2688,2746
2691,2848
2695,2696
2700,2701
2702,2703
2702,2704
2702,2705
2703,2704
2703,2845
2703,2705
2704,2845
2705,2845
2706,2707
2709,2710
2717,2864
2717,2865
2718,2720
2724,2725
2725,2726
2728,2729
2737,2739
2738,2739
2742,2745
2743,2744
2745,2816
2749,2750
2750,2751
2752,2753
2758,2801
2758,2802
2759,2760
2760,2761
2760,2762
2760,2763
2766,2767
2767,2768
2767,2769
2771,2772
2771,2773
2774,2775
2774,2776
2775,2776
2778,2779
2783,2784
2783,2785
2784,2809
2794,2827
2798,2799
2799,2800
2801,2802
2803,2804
2807,2808
2823,2824
2834,2889
2835,2919
2840,2841
2844,2846
2846,2875
2860,2861
2864,2872
2866,2867
2886,2887
2895,2896
2901,2902
2905,2906
2917,2918
