source,target
0,1
0,2
0,3
0,4
0,5
0,6
0,7
1,8
1,9
1,10
1,11
1,12
2,3
2,6
2,13
2,14
2,15
2,16
2,17
2,18
2,19
2,20
2,21
2,22
2,23
2,24
2,25
2,26
3,27
3,6
3,7
3,15
3,19
3,23
3,25
3,28
3,29
5,30
5,31
5,7
5,32
6,9
6,33
6,13
6,34
6,27
6,28
7,35
7,36
7,37
7,38
7,39
7,40
7,31
7,41
7,42
7,43
7,32
8,33
8,44
8,15
8,45
8,19
8,46
8,47
8,48
8,49
8,50
8,51
8,52
8,53
8,25
8,54
8,55
8,26
8,56
9,33
9,15
9,57
9,58
9,26
10,1384
11,33
11,1260
11,49
11,62
11,427
11,2022
12,279
12,2601
13,65
13,66
13,35
13,34
13,67
13,19
13,68
13,69
13,25
13,54
13,70
13,71
13,72
14,44
14,158
14,199
14,200
14,201
14,202
14,203
14,204
14,205
14,206
14,207
14,208
14,209
15,780
15,781
15,529
15,60
15,782
15,783
15,784
15,750
15,721
15,785
15,33
15,786
15,787
15,788
15,155
15,156
15,746
15,61
15,530
15,79
15,789
15,223
15,165
15,790
15,396
15,397
15,226
15,606
15,42
15,484
15,791
15,792
15,110
15,48
15,22
15,88
15,50
15,92
15,793
15,53
15,794
15,569
15,97
15,795
15,796
15,797
15,798
15,56
17,527
17,782
17,42
17,719
17,59
17,1829
17,53
17,1830
18,527
18,1869
18,1871
18,648
19,65
19,66
19,33
19,387
19,79
19,34
19,83
19,1936
20,231
20,671
20,599
20,855
21,1419
21,1128
21,24
21,2127
21,26
21,1275
22,787
22,746
22,79
22,42
22,223
22,226
22,49
22,1415
22,573
23,2592
23,50
23,53
23,536
24,1316
24,971
24,671
24,599
24,630
24,596
24,320
24,1182
24,312
24,975
24,1914
24,317
24,1231
24,644
24,133
25,33
25,54
25,52
25,26
26,455
27,59
27,60
27,61
27,62
28,155
28,156
28,168
28,167
28,157
28,158
28,73
28,159
29,40
29,31
29,41
30,32
31,38
31,39
31,40
31,43
31,32
31,63
32,529
32,787
32,1840
32,1843
33,61
33,48
33,49
33,54
33,64
33,58
33,56
34,65
34,73
34,74
34,75
34,69
34,76
34,71
34,72
35,77
35,78
35,67
35,79
35,80
35,81
35,82
35,83
35,84
35,69
35,85
35,86
35,87
35,88
35,89
35,90
35,91
35,92
35,93
35,94
35,95
35,96
35,97
35,98
35,99
36,100
36,101
36,102
36,103
36,104
36,105
36,106
36,107
37,108
37,109
37,42
37,110
38,43
39,111
39,112
39,113
40,41
40,114
42,320
42,43
42,160
42,50
42,106
42,793
42,53
42,63
42,798
43,2384
44,278
44,279
44,240
44,242
44,280
45,781
45,1277
45,387
45,1276
45,790
45,792
45,1279
45,47
45,358
45,1283
45,1278
45,54
45,1075
45,55
46,77
46,2016
46,746
46,567
46,312
46,791
46,1551
46,133
46,571
46,1841
46,573
46,570
46,2017
46,2018
46,126
47,781
47,2248
47,1277
47,1279
47,54
48,79
48,421
48,358
48,49
49,62
50,528
50,236
50,2592
50,2593
50,187
50,688
50,110
51,155
51,156
51,79
51,165
51,167
51,157
51,158
51,73
51,159
51,160
52,2316
52,223
52,292
52,2538
53,529
53,181
53,528
53,786
53,787
53,425
53,746
53,1840
53,531
53,1420
53,2351
53,1843
53,287
53,573
55,387
56,79
56,1236
57,1725
57,669
57,510
58,156
58,159
59,79
59,1831
60,425
60,61
60,62
60,88
60,1703
60,1831
61,780
61,1842
61,62
61,1555
61,63
61,1847
62,780
62,1811
62,1726
62,88
63,1648
63,1191
63,2588
63,315
63,103
63,1411
63,2589
63,320
63,1637
63,312
63,323
63,2587
63,1842
63,317
63,1836
63,2247
63,1831
63,692
63,2936
65,69
65,98
66,119
66,67
66,120
66,121
66,69
66,122
66,85
66,123
66,70
66,124
66,72
66,98
66,125
67,405
67,406
67,407
67,120
67,385
67,387
67,79
67,388
67,80
67,121
67,396
67,397
67,382
67,372
67,373
67,374
67,78
69,419
69,406
69,429
69,120
69,2541
69,79
69,2542
69,122
69,121
69,85
69,1478
69,382
69,83
69,373
69,358
70,743
70,531
70,121
70,2878
70,72
71,223
71,74
71,2905
72,119
72,120
72,121
72,2930
73,155
73,156
73,157
73,158
73,159
73,160
73,161
75,401
76,2156
77,126
78,371
78,372
78,373
78,374
78,375
78,376
78,377
78,378
78,379
78,380
79,419
79,374
79,376
79,382
79,396
79,397
79,398
79,81
79,399
79,420
79,83
79,133
79,358
79,421
79,88
79,92
79,391
79,96
79,97
79,392
79,422
79,393
79,400
79,99
80,385
80,374
80,378
80,380
80,403
80,404
80,358
80,414
80,412
80,99
81,424
81,425
81,387
81,398
81,376
81,91
81,92
81,426
82,1479
82,1477
82,1478
82,386
83,358
83,1278
83,422
86,1479
86,122
86,1483
87,301
87,2379
88,780
88,396
88,397
88,2665
88,1421
89,406
89,308
90,2633
90,2759
90,411
90,95
90,2760
91,92
92,372
92,398
92,400
93,2488
93,94
94,1311
94,2488
95,2759
95,2760
96,406
96,371
96,385
96,396
96,397
96,382
96,372
96,373
96,374
96,375
96,431
96,378
96,1477
97,396
97,397
97,421
97,376
99,385
99,414
99,410
99,400
101,298
102,1766
102,171
102,1767
102,1768
103,2155
103,1921
103,2156
104,1183
104,248
104,236
104,250
104,193
104,251
104,187
104,2608
104,1270
104,2207
104,1520
104,254
104,184
104,577
104,270
106,529
106,1840
106,751
106,2727
108,127
108,128
108,129
108,130
108,131
108,132
108,133
108,134
108,135
108,136
108,137
108,138
108,139
108,140
109,720
109,749
109,756
109,757
109,750
109,721
109,746
109,567
109,722
109,758
109,606
109,759
109,760
109,110
109,761
109,331
109,742
109,219
110,720
110,749
110,750
110,721
110,974
110,608
110,761
110,606
110,592
110,752
110,2384
110,569
111,1390
111,112
112,1401
113,1401
114,613
115,116
115,117
115,118
116,593
116,222
116,594
116,595
116,596
116,597
116,587
116,589
116,128
116,326
116,598
116,297
118,2644
118,265
119,122
119,123
119,124
121,125
122,406
122,2541
126,746
126,1419
126,1231
126,817
126,2025
126,1232
126,319
126,571
126,573
126,570
126,576
126,577
127,365
128,602
128,745
128,671
128,630
128,597
128,719
128,603
128,589
128,591
128,685
128,608
128,605
128,799
128,606
128,676
128,613
128,724
128,297
129,1496
129,1424
129,1418
129,925
129,142
129,1492
129,818
129,1506
129,968
129,135
129,1507
129,693
129,1508
130,1403
130,1824
130,134
130,138
131,691
131,1879
131,320
131,312
131,317
131,1525
131,1881
131,319
131,132
131,133
131,136
131,137
131,1528
131,811
131,139
131,724
132,1912
132,683
132,1879
132,1913
132,356
132,1914
132,321
132,1525
132,1881
132,319
132,336
132,136
133,746
133,320
133,312
133,317
133,1551
134,696
134,2429
134,138
135,1496
135,1418
135,1427
135,1882
136,230
136,232
136,1745
136,244
136,1525
137,356
137,320
137,312
137,317
137,1525
138,696
138,2429
139,691
139,365
139,320
139,312
139,317
139,1421
140,1510
140,1525
140,319
141,142
142,1496
142,1497
142,1493
142,1494
142,1488
142,952
142,1498
142,670
142,274
142,1499
142,1489
142,760
142,1500
142,925
142,1501
142,1502
142,1491
142,1503
142,1492
142,154
142,1487
142,1490
142,1504
143,144
143,145
144,1284
144,832
144,1252
144,368
144,1008
144,1161
145,2545
145,183
145,2585
145,2584
145,1163
146,147
146,148
147,576
149,150
149,151
149,152
149,153
150,2831
150,229
150,1626
150,1230
151,2711
151,180
151,227
151,2322
151,229
151,1268
151,1230
155,162
155,163
155,156
155,157
155,158
155,164
155,165
155,166
155,167
155,168
155,169
155,170
155,171
155,159
155,160
155,172
155,161
156,162
156,157
156,158
156,163
156,164
156,165
156,166
156,167
156,168
156,169
156,159
156,160
156,161
157,173
157,162
157,163
157,174
157,164
157,165
157,166
157,175
157,176
157,167
157,158
157,159
157,160
157,161
157,177
158,162
158,163
158,178
158,165
158,179
158,159
158,160
158,161
159,162
159,165
159,167
159,160
159,161
160,162
160,163
160,165
160,226
160,167
161,2892
161,2893
161,2894
162,163
162,165
162,166
162,167
162,168
162,171
163,180
163,164
163,165
163,166
163,167
163,168
164,166
164,186
165,166
165,167
165,168
166,173
166,183
166,174
166,187
166,175
166,176
166,184
166,188
166,185
167,168
167,169
167,198
168,217
170,1312
170,245
171,1697
171,718
171,298
172,1624
172,856
172,1162
172,972
172,973
172,595
172,935
172,861
172,859
172,635
172,890
172,837
172,937
172,651
172,654
173,181
173,182
174,183
174,175
174,184
174,185
175,183
175,189
175,190
175,184
175,185
176,191
176,192
176,193
176,194
176,195
176,196
176,197
176,188
177,192
177,915
177,2243
177,617
177,1570
177,640
177,1278
177,179
177,331
177,2341
178,210
178,211
178,212
178,213
178,214
178,215
178,216
178,217
178,218
178,219
179,220
179,221
179,222
179,223
179,224
179,225
179,226
180,227
180,228
180,229
182,248
182,2436
182,615
182,1815
183,189
183,230
183,231
183,232
183,233
183,234
183,235
183,236
183,237
183,238
183,239
183,240
183,241
183,242
183,243
183,244
183,245
183,246
183,185
183,247
184,248
184,193
184,194
184,197
184,185
185,2876
185,190
185,260
186,2497
186,2496
187,248
187,192
187,249
187,236
187,250
187,193
187,251
187,194
187,195
187,252
187,253
187,254
187,255
187,256
187,257
187,258
187,259
188,1807
188,1184
188,248
188,266
188,1808
188,1185
188,272
188,1268
188,1354
188,197
188,269
188,196
188,270
189,231
189,230
189,260
189,237
189,238
189,241
189,261
189,246
189,262
189,256
190,263
191,264
191,192
191,194
191,195
191,249
191,238
191,265
192,263
192,248
192,266
192,195
192,267
192,268
192,238
192,265
192,269
192,270
193,271
193,248
193,272
193,268
193,265
193,197
193,269
194,220
194,249
194,223
194,272
194,197
194,269
194,273
195,266
195,274
195,275
195,268
195,276
195,269
195,277
196,1807
196,1184
196,248
196,1808
196,1185
196,272
196,1268
196,197
196,1187
197,248
198,312
199,477
199,478
199,206
200,201
200,1472
201,1473
201,1474
201,1475
202,1297
202,1476
202,1472
203,686
203,1816
203,1817
203,1815
203,209
204,463
204,466
204,476
205,2844
205,656
208,1297
208,1300
208,1288
209,457
209,1293
209,458
209,459
209,461
209,462
209,1288
209,2573
209,467
209,1301
210,223
210,281
210,212
210,282
210,283
210,284
210,217
210,285
211,212
212,281
212,213
212,1352
212,285
213,214
213,217
214,1989
214,1352
214,215
214,216
214,217
215,282
215,2794
215,1021
215,312
215,317
215,2795
216,2795
217,284
218,1021
218,312
218,317
218,340
218,572
219,757
220,223
220,286
220,287
220,288
221,223
221,289
221,290
221,291
222,292
222,293
222,294
222,295
222,296
222,297
223,226
223,281
223,298
223,299
223,280
223,300
224,225
224,226
224,281
224,292
224,301
225,302
225,303
225,226
225,281
225,301
226,283
226,303
226,292
226,281
226,304
226,305
226,306
227,1316
227,1312
227,1314
227,229
227,1230
228,251
228,2516
228,370
229,1230
230,231
230,1895
230,232
230,1896
230,239
230,240
230,241
230,242
230,243
230,244
230,1897
230,1812
230,1815
230,693
230,247
231,232
231,579
231,753
231,233
231,234
231,235
231,238
231,240
231,241
231,242
231,243
231,244
231,246
231,247
232,1645
232,239
232,240
232,241
232,242
232,243
232,244
232,478
232,1812
232,693
232,247
233,234
234,239
235,1645
235,239
236,250
236,251
236,238
236,254
236,265
236,246
236,262
236,1532
236,256
236,2516
237,2544
237,1047
237,267
237,246
238,1183
238,1184
238,248
238,2153
238,250
238,246
239,1668
239,241
239,510
239,242
239,243
239,1577
239,1896
239,240
240,2773
240,450
240,540
240,603
240,509
240,605
240,244
240,1895
240,241
240,1645
240,261
240,592
240,510
240,260
240,242
240,521
240,713
240,715
240,243
240,1577
240,1896
241,244
241,242
241,243
241,247
242,244
242,1645
242,243
242,2774
242,247
243,244
243,247
244,1510
244,1509
244,247
245,2441
246,2050
246,2544
246,262
246,258
248,1183
248,271
248,1184
248,1268
248,272
248,1269
248,1270
248,268
248,742
248,269
248,1271
248,1272
250,251
250,254
250,256
251,254
251,256
251,370
253,568
253,577
254,2544
254,265
254,262
254,1532
254,256
255,271
255,1870
255,1871
255,926
255,1097
256,262
256,492
256,1230
256,258
257,2050
258,2544
258,262
258,492
262,2544
262,281
263,265
263,495
264,1501
264,1533
265,1184
265,1187
266,627
266,2162
266,2163
267,2545
267,1778
267,1779
267,1709
267,469
267,649
267,2369
268,1183
268,271
269,943
269,2608
269,272
269,1134
270,1778
270,1165
270,941
270,2608
270,272
270,1188
270,1193
271,1257
271,1273
272,1268
272,1535
273,776
274,1512
274,1513
274,1500
274,1501
274,1502
274,1514
274,275
274,276
274,954
274,1515
275,1503
275,1505
276,666
276,953
276,952
276,670
276,966
276,965
276,2522
276,1502
276,967
276,829
276,830
276,831
276,872
276,873
276,874
276,876
277,760
279,2050
279,1518
280,1297
280,452
280,2593
280,2807
280,281
280,797
281,1021
281,292
281,936
282,292
282,1354
282,285
283,292
283,1229
285,1215
285,2833
285,1330
286,2733
286,1129
286,769
286,2732
287,360
289,315
289,312
289,317
289,2590
289,343
290,2873
290,291
292,303
292,304
293,2658
293,2559
293,2850
294,1717
297,2771
297,597
297,589
297,689
297,598
298,498
298,1343
298,1670
298,1671
298,1672
298,1673
298,434
298,1674
298,511
298,982
298,1675
298,1676
298,1677
298,1678
298,731
298,522
298,1679
298,1680
298,1368
298,1681
298,1682
298,1683
298,1684
298,712
298,764
298,767
299,1832
301,2748
302,1353
303,306
304,1258
304,2439
304,2832
304,1994
304,2761
304,2503
304,1995
304,2454
304,1993
306,873
307,308
307,309
308,1665
308,406
308,1666
308,440
308,411
308,2757
309,2226
309,1242
310,311
310,312
310,313
311,314
312,315
312,316
312,317
312,318
312,319
312,320
312,321
312,322
312,323
312,324
312,325
312,326
312,327
312,328
312,329
312,330
312,331
312,332
312,333
312,334
312,335
312,336
312,337
312,338
312,339
312,340
312,341
312,342
312,343
312,344
312,345
312,346
312,347
312,348
312,349
312,350
312,351
313,528
313,2924
314,316
314,2916
315,317
315,320
315,323
315,326
315,352
315,353
315,343
315,354
316,323
316,325
316,326
316,327
316,335
316,338
316,343
317,355
317,318
317,356
317,321
317,322
317,357
317,326
317,328
317,358
317,332
317,336
317,339
317,341
317,343
317,359
317,360
317,344
317,345
317,346
317,349
317,350
317,351
318,685
318,723
319,1898
319,1899
319,1510
319,1319
319,746
319,567
319,568
319,1419
319,1900
319,1901
319,1525
319,817
319,570
319,576
319,577
319,1421
320,355
320,776
320,1637
320,351
321,776
321,777
321,356
321,1920
321,723
321,323
321,357
321,329
321,333
321,334
321,1921
322,746
322,818
322,811
323,1124
323,358
323,331
323,609
323,335
323,338
323,351
324,745
324,685
324,723
324,611
325,2151
325,2150
325,358
326,627
326,2130
326,352
326,2131
326,327
326,2101
326,328
326,640
328,355
328,2247
328,358
329,1648
329,599
329,630
329,601
329,776
329,687
329,692
330,2468
331,813
331,358
331,338
332,683
332,685
332,2247
332,577
332,811
333,691
333,1810
333,483
333,577
333,569
334,691
334,1879
334,568
334,809
334,577
335,995
335,347
336,1423
336,1899
336,1525
336,357
337,2766
337,341
339,603
339,685
339,592
339,2854
340,1021
340,2870
340,2618
341,2766
341,2765
341,342
341,347
341,348
342,2766
342,2765
342,2495
344,943
344,2153
344,1521
344,488
344,644
345,620
345,636
345,346
345,1524
346,776
346,777
346,723
347,348
347,349
349,2567
352,540
352,710
353,1124
353,1125
354,1124
354,1011
354,1125
355,357
356,1880
356,1879
356,365
356,776
356,723
356,704
356,1646
356,1647
356,1429
357,1899
357,1424
357,683
357,1146
358,429
358,385
358,387
358,388
358,2539
358,421
358,382
358,401
358,404
358,402
358,417
358,376
358,410
359,813
359,368
359,595
359,684
359,678
359,978
360,1383
360,1384
360,769
360,2732
360,506
361,362
361,363
361,364
362,2312
363,1011
363,2506
364,1011
364,1998
366,367
367,368
367,369
367,370
368,624
368,625
368,627
368,636
368,956
368,1161
368,858
368,860
368,1186
368,647
368,741
368,678
368,1286
368,919
368,928
368,370
369,667
369,861
369,862
369,636
369,835
369,665
370,1160
370,624
370,625
370,627
370,628
370,668
370,858
370,631
370,2243
370,1157
370,859
370,636
370,1134
370,487
370,829
370,830
370,831
370,873
372,381
372,382
372,373
372,379
372,383
372,384
373,385
373,382
373,374
373,378
373,380
373,386
373,384
374,385
374,387
374,388
374,382
374,389
374,390
374,391
374,392
374,393
375,394
375,395
376,387
376,396
376,397
376,398
376,399
376,400
377,389
377,401
377,402
377,400
378,385
378,403
378,404
379,382
379,408
379,380
379,409
380,385
380,388
380,410
380,400
381,382
382,408
382,383
382,411
382,384
382,392
382,412
384,2921
385,388
385,389
385,390
385,403
385,404
385,413
385,414
385,391
385,415
385,392
385,412
385,416
386,1482
386,1477
387,405
387,417
387,391
387,418
387,415
387,392
387,393
388,389
388,417
389,423
389,390
389,415
390,423
390,391
390,393
391,404
391,414
393,780
393,404
394,1910
394,2531
394,1802
394,2532
395,2251
395,2252
396,397
396,399
396,420
396,421
396,400
397,399
397,420
397,400
398,418
399,420
399,400
401,402
401,417
401,427
401,428
402,429
402,430
402,427
403,404
406,431
406,432
406,433
406,434
406,435
406,436
406,437
406,438
406,439
406,440
406,441
406,442
406,443
406,444
406,445
406,446
407,447
407,448
409,2199
410,414
411,1665
411,2758
411,1666
411,1994
411,2379
413,1804
415,1331
415,1332
416,1665
416,1478
417,1331
417,1332
417,1333
417,427
420,455
422,2352
425,449
425,450
425,451
425,452
425,436
425,435
425,453
425,441
425,454
426,1259
426,1260
427,1333
427,2020
427,2022
428,2020
428,2024
428,2022
430,2556
431,433
432,1485
432,549
432,1486
432,551
434,450
434,451
434,435
434,1702
434,436
434,525
434,1703
435,449
435,450
435,436
435,525
436,449
436,450
436,451
436,525
436,454
436,446
437,984
438,2672
438,439
438,1973
439,2674
439,2675
439,2676
439,2488
441,449
441,450
441,453
441,1206
442,2179
442,2188
442,2193
442,2192
443,2672
443,2615
443,2803
444,2912
445,1053
445,2937
445,825
445,2310
446,449
446,450
447,2542
447,1687
447,2904
449,450
449,451
450,451
450,525
450,454
451,511
451,454
451,708
451,1722
452,780
453,984
455,528
455,1845
456,457
456,458
456,459
456,460
456,461
456,462
456,463
456,464
456,465
456,466
456,467
456,468
457,458
457,469
457,459
457,470
457,462
457,463
457,466
457,467
457,471
457,472
457,473
458,470
458,462
458,463
458,464
458,466
458,474
458,475
458,476
458,471
458,472
458,473
459,1287
459,1293
459,1294
459,470
459,469
459,460
459,1289
459,461
459,462
459,463
459,465
459,466
459,1295
459,474
459,1290
459,476
459,1291
459,1292
460,470
460,461
460,1296
460,462
460,469
460,1289
460,463
460,465
460,1295
460,1291
460,1292
461,1287
461,1297
461,464
461,462
462,1287
462,1297
462,1294
462,1300
462,470
462,464
462,1296
462,465
462,466
462,467
462,1290
463,1135
463,1294
463,1197
463,871
463,1289
463,469
463,470
463,466
463,467
463,1295
463,474
463,1291
463,1303
463,472
463,1292
464,1287
464,1297
464,470
464,465
464,1290
464,1204
465,1297
465,1296
465,466
465,469
465,1585
465,467
465,1291
465,1301
466,1135
466,1294
466,1584
466,1197
466,1296
466,871
466,1928
466,1289
466,1142
466,469
466,1585
466,467
466,1929
466,818
466,1930
466,1291
466,1207
466,1292
467,1287
467,1289
467,469
467,1291
467,471
467,1292
467,1931
468,1633
468,2855
468,938
469,1287
469,1288
469,1289
469,1290
469,1291
469,471
469,1292
470,1287
470,1293
470,1300
470,474
470,1301
470,472
471,1287
471,1293
471,1289
471,2660
471,2662
471,548
471,549
471,1290
471,1292
472,1287
472,1293
472,1197
472,2219
472,1290
472,1301
473,1931
475,913
475,1304
475,2380
476,2160
476,1581
476,2177
479,480
479,481
479,482
480,482
480,483
480,484
480,485
480,486
480,487
480,488
480,489
481,482
481,490
481,491
481,492
481,493
481,494
482,495
482,491
482,494
483,567
483,568
483,569
484,486
484,487
485,2238
485,561
485,2242
485,2236
485,2243
485,560
485,564
486,1270
487,1160
487,621
487,832
487,1191
487,595
487,864
487,915
487,858
487,935
487,1157
487,867
487,636
487,838
487,639
487,640
487,899
489,1631
489,2851
491,2837
491,494
491,1100
492,2318
493,2029
494,495
494,729
496,497
496,498
496,499
496,500
496,501
496,502
496,503
496,504
496,505
496,506
497,507
497,508
497,498
497,509
497,510
497,511
497,500
497,501
497,502
497,503
497,504
497,505
497,512
497,513
497,514
497,515
497,516
497,517
498,520
498,507
498,521
498,522
498,500
498,501
498,502
498,503
498,504
498,523
498,505
498,524
498,519
498,515
498,516
498,517
499,734
499,735
499,718
499,509
499,736
500,507
500,508
500,509
500,1720
500,510
501,508
501,1667
501,1720
501,511
501,1721
501,510
501,516
502,1782
502,1375
502,1698
502,522
502,764
502,503
502,504
502,523
502,808
502,1685
502,1783
502,1397
502,1784
502,767
502,1785
502,1786
502,516
503,1782
503,504
503,764
503,1698
503,523
503,1783
503,1397
503,1784
503,767
503,1785
503,1786
503,516
504,1782
504,764
504,1698
504,523
504,505
504,1700
504,1783
504,1397
504,767
504,514
504,1821
504,515
504,516
504,517
505,508
505,1667
505,1120
505,1745
505,738
505,762
505,1713
505,617
505,727
505,763
505,728
505,2039
505,765
505,766
505,2032
505,512
505,513
505,514
505,515
505,724
505,517
506,773
506,1383
506,1384
506,708
507,518
507,519
508,510
508,518
508,514
508,515
508,516
509,710
509,711
509,591
509,592
509,607
509,617
509,712
509,510
509,713
509,714
509,518
509,715
509,716
509,717
509,517
510,602
510,540
510,710
510,711
510,1667
510,1557
510,603
510,1673
510,591
510,604
510,511
510,738
510,762
510,807
510,727
510,763
510,605
510,606
510,1689
510,607
510,1690
510,592
510,697
510,712
510,736
510,1685
510,512
510,1691
510,716
510,513
511,1667
511,1359
511,1557
511,512
511,518
511,513
511,1701
511,514
511,515
511,517
512,711
512,1720
512,558
512,617
512,2340
512,1738
512,714
512,517
513,2863
513,711
513,1720
513,617
513,2340
513,1738
513,714
513,2707
513,517
514,523
514,1700
514,1821
515,1667
515,1120
515,1745
515,738
515,762
515,1713
515,617
515,727
515,763
515,728
515,2039
515,765
515,766
516,1119
516,1720
516,517
517,603
517,1720
517,558
517,617
517,1738
517,714
517,1577
517,740
517,712
517,729
518,1673
518,523
518,2105
518,2583
519,2170
519,1732
519,1579
519,2171
519,714
519,609
521,710
521,725
521,1384
521,1385
521,712
521,713
521,524
521,729
521,715
521,701
521,724
522,1711
522,767
523,1673
523,1698
523,1822
523,767
524,738
524,762
524,617
524,727
524,763
524,728
524,739
524,690
524,611
524,808
525,2030
526,527
526,528
527,529
527,530
527,531
527,532
527,533
527,534
527,535
527,536
528,537
528,538
529,787
529,1840
529,531
529,1551
529,1841
529,751
529,1842
529,532
529,1843
529,1836
529,1844
529,536
530,743
530,1834
530,531
530,1836
531,743
531,1834
531,1840
531,787
531,1836
531,536
532,1840
532,1842
532,1551
532,536
534,743
536,787
536,1840
536,1836
536,1843
537,2714
539,540
540,713
540,804
540,1719
541,542
541,543
542,543
542,544
542,545
542,546
542,547
542,548
542,549
542,550
542,551
542,552
542,553
543,549
544,2414
544,2419
544,547
544,1485
544,548
544,549
544,1065
544,551
545,546
545,550
545,551
545,2698
546,551
546,2698
548,1485
548,549
548,2421
548,2661
548,551
549,2413
549,1486
549,2686
549,2453
549,1485
550,551
551,1968
551,1037
551,2661
552,2875
553,1725
554,555
554,556
554,557
556,2462
556,1949
559,560
559,561
559,562
559,563
559,564
559,565
559,566
560,1184
560,561
560,2236
560,1185
560,1134
560,1268
560,2237
561,2238
561,2236
561,2239
561,562
561,563
561,564
561,565
561,883
561,2240
562,563
562,564
562,565
563,2238
563,2236
563,564
563,565
563,2241
563,2517
563,2518
564,2238
564,2241
564,883
564,565
566,2238
567,570
567,571
567,572
567,573
567,574
568,575
568,576
568,577
569,691
569,720
569,721
569,753
569,685
569,608
569,1810
569,748
570,746
570,1419
570,571
570,576
571,746
571,572
571,573
572,720
572,746
573,746
573,1549
573,1551
573,2017
574,2609
574,683
575,578
575,579
575,580
575,581
576,1898
576,746
576,1419
576,1231
576,592
576,577
577,691
577,1899
577,626
577,943
577,683
577,685
577,2607
578,582
578,583
578,584
578,579
578,585
578,580
578,586
579,583
579,2029
579,1231
579,2025
580,1548
580,786
580,2028
580,583
580,1128
580,586
580,581
580,1421
580,1275
582,1544
582,583
583,786
583,1232
583,585
583,586
584,1544
584,650
584,1546
584,1547
584,1545
585,786
585,2028
585,586
585,1549
585,1232
585,1275
587,588
587,589
587,590
587,591
587,592
589,599
589,597
589,600
589,601
589,598
591,602
591,603
591,604
591,592
591,605
591,606
591,607
591,608
591,609
591,610
592,602
592,603
592,604
592,605
592,606
592,607
592,608
592,611
592,612
592,613
593,614
593,615
594,616
594,617
594,618
594,619
595,620
595,621
595,622
595,623
595,624
595,625
595,626
595,627
595,628
595,629
595,596
595,630
595,631
595,632
595,633
595,634
595,635
595,636
595,637
595,638
595,639
595,640
595,641
595,642
595,643
595,644
595,645
595,646
595,647
595,648
595,649
595,650
595,651
595,652
595,653
595,654
595,655
595,656
595,657
595,658
595,659
595,660
595,661
595,662
595,663
595,664
595,665
596,666
596,624
596,625
596,627
596,667
596,668
596,669
596,670
596,671
596,672
596,630
596,631
596,673
596,674
596,675
596,646
596,647
596,676
596,677
596,678
596,679
596,680
596,681
596,682
597,602
597,683
597,671
597,684
597,685
597,686
597,687
597,688
597,689
597,690
597,598
598,2932
598,2933
598,1157
598,601
598,1649
599,691
599,671
599,601
599,687
599,692
599,693
600,624
600,627
600,668
600,694
600,686
600,687
600,688
600,658
601,695
602,696
602,616
602,603
602,604
602,605
602,685
602,697
602,698
602,611
602,699
602,700
602,701
602,613
602,702
602,703
603,696
603,605
603,606
603,607
603,617
603,704
603,705
603,706
603,609
603,707
603,701
603,610
603,708
603,709
604,605
604,697
605,718
605,719
605,685
605,607
605,611
605,613
605,703
606,720
606,721
606,722
606,719
606,685
606,617
606,723
606,608
606,611
606,609
606,613
606,724
607,725
607,726
607,727
607,728
607,690
607,729
607,724
608,720
608,721
608,778
608,719
608,685
608,723
608,698
608,748
608,611
608,779
609,773
609,1748
609,1697
609,2170
609,1556
609,1558
609,1359
609,705
609,704
609,1763
609,1576
609,707
609,1577
609,768
609,1751
610,719
611,774
611,745
611,738
611,762
611,685
611,617
611,727
611,763
611,723
611,728
611,765
611,739
611,690
611,740
611,729
612,696
613,1717
613,1686
614,2315
614,2316
617,718
617,618
617,727
617,728
617,762
617,763
617,713
617,764
617,765
617,766
617,739
617,690
617,729
617,767
617,768
617,769
617,770
617,701
617,771
617,772
619,737
619,2098
619,860
619,1269
620,932
620,894
620,652
620,933
620,899
621,841
621,849
621,864
621,934
621,935
621,867
621,936
621,937
621,906
622,922
622,660
622,664
623,660
623,938
624,822
624,671
624,627
624,668
624,694
624,625
624,629
624,667
624,669
624,672
624,630
624,631
624,823
624,824
624,825
624,826
624,827
624,828
624,633
624,634
624,829
624,830
624,831
624,832
624,833
624,834
624,635
624,835
624,836
624,837
624,838
624,639
624,640
624,839
624,641
624,840
624,841
624,842
624,843
624,844
624,845
624,846
624,847
624,848
624,849
624,850
624,642
624,851
624,852
624,853
624,854
624,855
624,856
624,857
624,858
624,859
624,860
624,861
624,862
624,815
624,863
624,643
624,864
624,865
624,866
624,799
624,686
624,688
624,867
624,868
624,869
624,870
624,871
624,872
624,873
624,874
624,875
624,645
624,876
624,877
624,878
624,676
624,879
624,880
624,881
624,882
624,883
624,649
624,884
624,885
624,886
624,887
624,888
624,889
624,651
624,890
624,891
624,892
624,893
624,894
624,895
624,896
624,897
624,898
624,899
624,900
624,901
624,902
624,903
624,904
624,660
624,662
624,905
624,906
624,907
625,939
625,671
625,627
625,668
625,694
625,667
625,672
625,630
625,823
625,824
625,825
625,826
625,827
625,634
625,830
625,831
625,834
625,635
625,835
625,836
625,837
625,838
625,639
625,640
625,839
625,641
625,841
625,842
625,843
625,844
625,846
625,847
625,849
625,642
625,851
625,852
625,853
625,854
625,856
625,859
625,910
625,861
625,862
625,815
625,863
625,643
625,865
625,799
625,686
625,688
625,867
625,868
625,869
625,870
625,872
625,873
625,874
625,875
625,645
625,876
625,877
625,878
625,676
625,916
625,882
625,649
625,884
625,885
625,887
625,889
625,890
625,895
625,940
625,897
625,901
625,902
625,903
625,904
625,921
625,906
625,907
626,631
626,828
626,833
626,941
626,942
626,888
626,943
626,652
626,944
626,945
626,946
626,660
626,938
626,947
627,822
627,671
627,684
627,668
627,694
627,629
627,667
627,672
627,630
627,631
627,823
627,824
627,825
627,826
627,827
627,908
627,828
627,633
627,634
627,830
627,831
627,833
627,834
627,635
627,835
627,836
627,837
627,639
627,640
627,839
627,841
627,842
627,843
627,844
627,845
627,846
627,909
627,847
627,849
627,850
627,642
627,851
627,852
627,853
627,854
627,855
627,856
627,858
627,859
627,910
627,860
627,861
627,911
627,862
627,815
627,673
627,863
627,643
627,864
627,799
627,686
627,688
627,867
627,912
627,644
627,868
627,869
627,870
627,913
627,871
627,872
627,873
627,874
627,875
627,645
627,876
627,877
627,914
627,878
627,676
627,879
627,915
627,881
627,916
627,882
627,649
627,884
627,885
627,886
627,887
627,889
627,651
627,890
627,894
627,917
627,895
627,918
627,896
627,897
627,653
627,898
627,899
627,655
627,656
627,919
627,920
627,900
627,901
627,902
627,903
627,904
627,693
627,921
627,905
627,906
627,907
628,850
628,642
628,843
628,851
628,668
628,825
628,827
628,834
628,635
628,836
628,837
628,639
628,640
628,839
628,844
628,849
628,854
628,860
628,861
628,862
628,643
628,869
628,872
628,645
628,876
628,877
628,948
628,676
628,884
628,885
628,886
628,889
628,897
628,903
628,907
628,949
629,833
629,888
629,950
629,951
630,667
630,668
630,669
630,670
630,671
630,684
630,672
630,631
630,814
630,815
630,673
630,975
630,674
630,646
630,647
630,976
630,676
630,677
630,977
630,816
630,680
630,681
630,682
630,978
630,724
631,932
631,979
631,828
631,668
631,670
631,814
631,638
631,674
631,976
631,681
631,682
632,979
632,828
632,633
632,634
632,829
632,830
632,831
632,1116
632,876
632,1123
632,894
632,899
632,903
633,832
633,1131
633,828
633,1132
633,668
633,833
633,834
633,635
633,636
633,1082
633,835
633,1083
633,836
633,837
633,838
633,1133
633,1016
633,814
633,1134
633,637
633,638
633,639
633,640
633,923
633,839
634,1135
634,1136
634,667
634,1137
634,1138
634,1139
634,668
634,824
634,669
634,1140
634,694
634,1141
634,1142
634,823
634,957
634,641
634,1048
634,636
634,840
634,841
634,965
634,842
634,1143
634,829
634,1087
634,937
634,1144
634,821
634,1145
635,832
635,1130
635,1131
635,828
635,856
635,857
635,1162
635,668
635,824
635,694
635,1141
635,825
635,835
635,686
635,645
635,937
635,651
635,1155
636,1165
636,667
636,972
636,858
636,859
636,910
636,860
636,647
636,1050
636,661
636,1151
637,1189
637,863
637,663
638,828
638,837
638,1016
638,894
638,1190
638,899
638,665
639,1191
639,824
639,643
639,641
639,645
639,1192
639,1193
639,1151
640,922
640,822
640,929
640,667
640,668
640,1194
640,694
640,909
640,855
640,825
640,826
640,1195
640,1196
641,668
641,824
641,1219
641,694
641,843
641,830
641,837
641,840
641,844
641,845
641,847
641,863
641,799
641,872
641,882
641,886
641,894
641,1155
641,917
641,681
641,1193
641,1098
641,899
641,900
641,1220
641,905
641,907
642,1257
642,1169
642,667
642,865
642,850
642,1171
642,668
642,824
642,843
642,851
642,643
642,645
642,876
642,948
642,1050
642,903
642,949
643,1169
643,667
643,865
643,718
643,668
643,1161
643,1157
643,1193
644,1251
644,971
644,1081
644,929
644,853
644,671
644,855
644,1891
644,1158
644,868
644,878
644,1085
644,1123
644,1593
644,940
644,1150
645,1257
645,1169
645,667
645,850
645,1171
645,668
645,824
645,2011
645,843
645,851
645,840
645,948
645,924
645,874
645,876
645,903
646,670
646,965
646,647
647,934
647,1131
647,670
647,815
647,673
647,855
647,674
647,1182
647,975
647,976
647,841
647,741
647,990
647,676
647,677
647,692
647,814
647,1123
647,977
647,678
647,1155
647,679
647,816
647,681
647,682
648,1356
648,2141
648,1873
648,1870
648,1871
648,1095
648,802
649,1807
649,668
649,824
649,1808
649,694
649,1780
649,825
649,1812
650,1191
650,668
650,915
651,1624
651,856
651,1162
651,972
651,668
651,973
651,864
651,935
651,861
651,859
651,890
651,837
651,937
651,654
652,932
652,2821
652,1157
652,838
652,933
652,889
652,894
652,899
653,1159
653,1592
653,972
653,933
654,1624
654,856
654,1162
654,972
654,973
654,923
654,829
654,830
654,872
654,873
654,937
654,877
654,655
654,2015
654,1087
654,1098
655,694
655,935
655,1157
655,923
655,686
655,831
655,872
655,873
655,937
656,2847
656,667
656,668
656,879
656,672
656,2848
656,887
656,676
656,924
656,1144
656,1163
657,952
657,718
657,1499
658,671
658,684
658,926
658,2886
658,1099
659,1958
659,1053
659,1969
659,2914
659,2677
659,1957
659,1046
659,2902
660,1164
660,668
660,1157
661,890
661,860
661,741
661,2608
661,1270
662,1135
662,848
662,1081
662,955
662,667
662,1044
662,972
662,669
662,973
662,684
662,672
664,1251
664,1592
664,2014
665,979
665,799
665,837
665,829
666,832
666,952
666,673
666,953
666,954
667,848
667,955
667,956
667,669
667,672
667,828
667,834
667,957
667,840
667,843
667,851
667,856
667,858
667,862
667,799
667,873
667,876
667,958
667,882
667,885
667,886
667,959
667,680
667,919
667,903
667,960
667,961
668,922
668,822
668,824
668,694
668,672
668,823
668,825
668,826
668,827
668,830
668,831
668,834
668,836
668,837
668,923
668,839
668,841
668,843
668,924
668,844
668,846
668,847
668,851
668,925
668,852
668,853
668,854
668,859
668,860
668,861
668,862
668,815
668,863
668,864
668,799
668,686
668,688
668,867
668,926
668,868
668,869
668,870
668,872
668,873
668,874
668,875
668,876
668,877
668,914
668,676
668,882
668,884
668,885
668,886
668,887
668,889
668,890
668,895
668,927
668,901
668,902
668,903
668,928
668,904
668,906
668,907
669,848
669,672
669,957
669,840
669,815
669,686
669,958
669,882
669,959
669,962
669,679
669,963
669,964
670,849
670,965
670,675
670,676
670,966
670,967
670,942
670,816
670,968
670,969
670,970
671,813
671,718
671,684
671,814
671,815
671,686
671,687
671,688
671,689
671,676
671,677
671,816
671,680
671,681
671,724
672,848
672,832
672,971
672,929
672,850
672,972
672,973
672,974
672,853
672,854
672,840
672,882
672,886
672,821
672,919
673,1633
673,934
673,1181
673,929
673,815
673,814
673,674
673,675
673,676
673,678
673,681
673,682
673,1634
674,934
674,815
674,1182
674,975
674,676
674,677
674,681
674,682
674,1635
675,1937
675,1327
675,1505
675,1938
676,1181
676,929
676,824
676,694
676,815
676,1182
676,975
676,1123
676,977
676,679
676,681
677,2211
677,815
677,1182
677,975
677,1636
678,815
678,1182
678,860
678,975
678,1636
678,885
678,977
678,679
678,681
679,1251
679,815
679,859
679,1182
679,975
679,840
679,2709
679,963
679,1155
679,680
679,681
679,2398
680,848
680,942
680,840
680,820
680,886
680,830
680,816
681,848
681,934
681,1181
681,815
681,1182
681,975
681,840
681,895
681,682
681,830
681,816
682,934
682,803
682,1127
682,950
682,815
682,759
682,1083
682,748
682,769
683,691
683,685
683,746
683,817
683,818
683,693
684,687
684,688
684,819
684,820
684,821
685,696
685,745
685,719
685,700
685,702
685,703
686,1807
686,832
686,1131
686,1181
686,718
686,1162
686,1808
686,864
686,833
686,1809
686,1157
686,859
686,825
686,835
686,840
686,687
686,1810
686,688
686,923
686,1504
687,718
687,864
687,935
687,867
687,860
687,689
687,688
687,978
687,1628
688,718
688,1451
688,968
689,813
690,718
690,801
690,806
690,738
690,2138
690,762
690,727
690,763
690,728
690,765
690,739
690,740
690,729
691,809
691,810
691,811
691,812
693,1496
693,1135
693,952
693,1198
693,871
693,815
693,1506
693,1083
693,965
694,922
694,822
694,929
694,930
694,824
694,823
694,825
694,826
694,827
694,830
694,831
694,834
694,836
694,837
694,839
694,840
694,844
694,845
694,846
694,847
694,852
694,861
694,862
694,815
694,863
694,799
694,869
694,870
694,872
694,873
694,874
694,875
694,877
694,884
694,885
694,886
694,889
694,917
694,897
694,902
694,931
694,907
695,747
695,758
695,1095
695,748
696,719
696,730
698,745
698,700
698,702
698,703
699,2170
699,2164
700,745
700,719
701,2801
701,712
702,745
702,719
703,730
703,745
703,719
703,704
704,773
704,1152
705,1697
705,766
705,1763
705,707
705,1774
705,1765
705,709
705,1388
707,1697
707,1763
707,709
708,773
708,1558
708,1557
709,2036
709,2467
709,1383
709,1384
709,1403
709,1763
709,1376
709,1367
709,1379
709,1152
710,731
711,732
711,733
712,1667
712,1668
712,1306
712,1577
712,1669
712,732
713,1667
713,1716
713,1577
713,715
713,1692
713,1388
714,2340
714,1738
715,773
715,1667
715,766
716,2606
716,2049
716,2051
716,2035
718,737
718,727
718,738
718,739
718,740
718,729
718,741
718,742
719,743
719,744
719,745
719,746
720,747
720,721
720,748
720,749
720,750
720,751
720,752
720,753
720,754
720,755
721,748
721,753
723,773
723,774
723,775
723,745
723,776
723,777
724,738
724,762
724,763
724,728
725,800
725,766
725,801
725,802
726,803
726,759
726,739
726,736
726,729
726,804
726,805
727,806
727,738
727,762
727,807
727,728
727,765
727,739
727,808
727,729
728,738
728,762
728,763
728,808
729,806
729,738
729,807
729,739
729,740
730,804
732,1695
733,1667
734,1305
734,1306
734,735
735,1306
735,769
736,803
736,739
737,1818
738,762
738,763
738,1721
738,765
738,739
738,808
738,740
738,1722
739,806
739,762
739,763
739,765
739,808
739,740
740,1667
740,762
740,763
740,765
741,1165
741,966
741,976
741,1636
741,2207
741,1188
741,2208
742,757
742,941
742,1634
743,1834
743,1835
743,1836
743,1837
743,1838
743,1839
744,1829
746,1418
746,1419
746,792
746,1420
746,1421
747,758
747,1232
747,1233
747,1128
747,755
748,749
748,1126
748,1127
748,758
748,759
748,908
748,1128
748,752
749,974
749,753
750,752
750,1415
750,1416
750,1417
750,755
751,2016
751,974
751,1840
751,1842
751,1551
751,1841
751,754
752,2386
753,2393
753,1126
753,1008
753,758
753,2387
756,1127
756,761
756,1413
757,1127
757,759
757,760
757,974
757,761
757,1413
757,1414
758,1231
758,1232
758,1233
758,1128
759,803
759,760
759,938
760,1411
760,1410
760,1412
760,938
761,2385
762,1723
762,1724
762,763
762,765
762,808
762,1685
763,1117
763,765
763,808
763,1719
764,1673
764,1376
764,1367
764,1820
764,1397
764,767
764,1394
765,1747
765,808
766,773
766,2036
766,1763
767,1782
767,2255
767,1673
767,1364
767,807
767,1784
767,1368
767,2105
767,2256
767,1397
767,1785
767,1431
767,1007
768,1748
768,1556
768,1558
768,2689
768,1557
768,1720
768,1713
768,1368
768,1668
768,1689
768,1001
768,1738
768,1366
768,1361
768,1577
768,1380
768,1822
768,1370
769,2731
769,2732
771,1011
771,1125
772,945
773,1152
773,1384
773,1385
773,1745
773,1747
773,1748
773,1749
773,1750
773,1751
774,776
774,1835
774,1878
775,952
775,1523
775,1524
776,1879
776,777
776,1878
776,779
777,1835
777,1878
778,1932
779,1913
779,2919
779,1914
781,1276
781,1277
781,790
781,1279
781,1278
781,1280
781,1281
783,785
783,792
783,796
784,974
784,1845
785,1846
786,1548
786,1544
786,1549
786,1550
786,1551
786,1232
786,1552
786,1553
787,1840
787,1836
789,1848
789,1849
790,1277
790,1279
790,1278
790,1075
791,2023
791,1551
791,2017
791,1904
792,1551
792,1841
792,2020
792,2021
792,2024
792,2022
794,2315
794,2317
795,2926
795,992
797,2315
799,824
799,823
799,863
799,1086
799,905
801,2139
801,804
801,2140
802,1356
802,2141
802,1873
802,912
802,1871
802,2306
803,1127
803,1192
803,804
803,1933
803,805
804,2728
806,808
808,1356
808,1668
808,1685
808,1822
810,1832
810,1419
810,2802
811,1879
811,1646
811,2607
812,1832
813,1648
813,1171
813,1649
814,1130
814,1131
814,1181
814,828
814,815
814,1182
814,975
814,835
814,1123
814,816
815,824
815,975
815,976
815,990
815,816
816,934
816,975
816,990
816,965
816,1810
816,963
816,873
818,1496
818,1198
818,871
818,1506
820,821
821,1135
821,972
821,973
821,1142
821,910
821,965
821,842
821,1200
821,885
821,886
821,899
822,825
822,837
822,924
822,873
822,875
822,885
822,887
822,917
822,1080
822,907
823,1081
823,824
823,825
823,1082
823,1083
823,1048
823,924
823,847
823,1084
823,875
823,914
823,1085
823,1086
823,1087
823,1088
823,887
823,897
823,933
823,898
823,1089
823,927
823,1090
823,921
823,1091
823,907
824,825
824,826
824,827
824,830
824,834
824,836
824,837
824,839
824,844
824,845
824,847
824,851
824,861
824,862
824,863
824,869
824,872
824,873
824,875
824,876
824,877
824,884
824,887
824,889
824,902
824,903
824,1094
824,907
825,826
825,827
825,908
825,830
825,831
825,1083
825,836
825,837
825,839
825,1048
825,924
825,844
825,846
825,847
825,1084
825,1095
825,852
825,860
825,1096
825,869
825,870
825,872
825,873
825,874
825,875
825,877
825,1085
825,882
825,884
825,885
825,1088
825,887
825,889
825,1097
825,894
825,1098
825,899
825,901
825,1099
825,1090
825,921
825,1100
825,907
826,847
826,827
826,831
826,1083
826,837
826,846
826,1085
826,907
827,1101
827,909
827,851
827,847
827,873
827,903
827,1102
828,832
828,979
828,1129
828,1130
828,1131
828,956
828,919
829,1146
829,874
829,1147
829,876
829,877
829,1085
829,882
829,886
829,894
829,1148
829,917
829,940
829,1149
829,1144
829,899
829,902
829,903
829,907
829,1150
829,1151
830,929
830,843
830,837
830,924
830,844
830,845
830,1152
830,1146
830,874
830,876
830,877
830,1153
830,1154
830,1085
830,882
830,894
830,1155
830,1148
830,917
830,940
830,1149
830,1098
830,899
830,903
830,907
830,1156
830,1150
830,1151
831,1157
831,1083
831,846
831,1158
831,874
831,876
831,1154
831,1085
831,882
831,1097
831,894
831,1155
831,1148
831,917
831,940
831,1149
831,1098
831,1144
831,899
831,903
831,907
831,1150
831,1151
832,1159
832,1160
832,922
832,1135
832,838
832,956
832,1161
832,972
832,1162
832,858
832,890
832,891
832,919
832,1093
832,1163
833,973
833,888
834,1164
834,856
834,972
834,1157
834,862
834,889
834,894
834,899
834,900
835,1131
835,923
836,971
836,853
836,854
836,855
836,843
836,852
836,1167
836,1168
836,868
836,870
837,922
837,909
837,847
837,842
837,845
837,878
837,961
837,1102
838,1159
838,932
838,1169
838,1130
838,1131
838,861
838,859
838,911
838,862
838,1170
840,848
840,843
840,882
840,886
840,959
840,962
840,1155
841,1222
841,1136
841,1223
841,971
841,929
841,853
841,854
841,864
841,855
841,1143
841,945
842,1135
842,1141
842,1142
842,910
842,878
843,1169
843,850
843,844
843,851
843,1227
843,872
843,873
843,876
843,948
843,886
843,903
843,949
844,1147
844,875
844,872
844,873
844,886
845,897
846,939
846,1085
847,1101
847,1083
847,873
847,1085
848,955
848,956
848,972
848,856
848,882
848,886
848,919
848,1093
849,934
849,858
849,942
849,1256
850,851
850,876
850,948
850,903
850,949
851,1169
851,873
851,876
851,948
851,903
852,1262
852,929
852,1219
852,853
852,854
852,855
852,868
852,870
852,1263
852,917
852,1593
853,1222
853,1262
853,1595
853,929
853,1212
853,1219
853,855
853,1158
853,1226
853,868
853,869
853,1227
853,870
853,1263
853,1153
853,895
853,1593
853,1596
854,971
854,929
854,1219
854,855
854,1167
854,868
854,869
854,1263
854,1153
854,895
854,1593
855,1262
855,929
855,1219
855,1167
855,1158
855,1226
855,868
855,869
855,1227
855,1263
855,1153
855,895
855,1593
855,1597
856,1624
856,937
856,890
857,866
857,1267
857,1156
858,1160
858,859
858,1186
858,1626
859,1162
859,864
859,977
859,890
860,1085
860,978
860,1628
861,863
861,1630
862,1164
862,972
862,1157
863,1162
864,923
864,935
864,867
864,937
864,1630
864,906
865,1640
866,913
866,1643
866,928
866,1644
866,1156
866,1150
867,1624
867,935
867,937
867,906
868,1222
868,1136
868,971
868,929
868,1167
868,1168
868,1225
868,869
868,1227
868,870
868,1158
868,1153
868,886
868,1593
869,971
869,929
869,1167
869,886
869,1593
870,1222
870,1264
870,1263
870,1153
870,1593
870,940
871,1496
871,1197
871,1506
871,1526
871,1507
872,1147
872,875
872,1146
872,874
872,876
872,877
872,1085
872,882
872,894
872,917
872,940
872,899
872,903
872,921
872,907
872,1150
872,1151
873,1266
873,924
873,1146
873,874
873,2008
873,876
873,877
873,1154
873,1085
873,882
873,894
873,1155
873,1148
873,917
873,940
873,1149
873,1098
873,1144
873,899
873,903
873,907
873,1156
873,1150
873,1151
874,1146
874,2008
874,877
874,1085
874,882
874,1086
874,894
874,917
874,940
874,1149
874,899
874,907
874,1156
874,1150
875,939
875,886
875,940
875,921
876,1169
876,948
876,2012
876,2008
876,877
876,1085
876,894
876,917
876,940
876,899
876,903
876,907
876,1150
877,2008
877,1248
877,1154
877,1085
877,894
877,917
877,940
877,1149
877,899
877,1196
877,907
877,1156
877,1150
878,1138
878,1084
878,1199
878,1582
878,1586
878,1929
878,2009
878,1196
879,973
879,1780
879,919
879,2147
879,2157
882,2485
882,1085
883,2236
884,922
885,1194
885,1086
885,1050
886,959
886,2584
886,1163
887,1091
889,1164
889,972
889,1157
889,937
889,1100
890,1162
891,1250
891,1135
891,1251
891,934
891,1592
891,1253
891,955
891,956
891,972
891,1204
891,1157
891,892
892,1250
892,1135
892,1251
892,934
892,1592
892,1253
892,955
892,956
892,972
892,1204
892,1157
892,1330
893,1169
893,2708
894,932
894,962
894,1152
894,1728
894,1155
894,1148
894,1085
894,917
894,899
895,1136
895,1223
895,929
896,900
897,1265
897,1266
897,1147
898,2399
899,932
899,962
899,1152
899,1728
899,1155
899,1148
899,1085
899,917
899,977
899,1154
899,1098
900,1229
900,905
900,1151
901,1869
902,1188
903,2901
903,1169
903,909
903,928
903,948
903,2012
904,972
904,973
905,1151
907,909
907,917
908,1116
910,972
910,1627
910,961
912,1873
912,1870
912,1049
912,1874
913,929
913,1892
913,1227
914,1198
914,1088
914,924
916,1085
917,1211
917,940
917,1149
919,1159
919,1249
919,1250
919,1135
919,1251
919,1252
919,934
919,1253
919,955
919,1254
919,1255
919,1181
919,956
919,972
919,973
919,1157
919,2849
920,2174
921,1211
921,1137
922,1237
923,937
924,1162
925,1488
925,1489
925,1084
925,1487
925,990
925,968
926,1159
926,1871
926,1588
926,1872
927,1169
927,1089
928,1251
928,1262
929,1222
929,1136
929,1223
929,971
929,1143
929,1225
929,1158
929,1226
929,1227
929,1153
930,1258
930,1259
930,1260
930,1261
931,1225
931,1596
931,1226
933,1264
934,956
934,967
934,942
934,1650
934,1651
935,937
935,1819
937,1132
937,2687
937,1157
938,1633
938,2900
939,1147
940,1147
941,1502
942,954
943,1899
943,1188
944,2858
947,2243
947,2394
947,2919
947,2918
950,2729
950,2730
950,1127
952,1510
952,1499
952,1511
952,954
953,2522
954,1499
954,966
955,956
955,1248
955,1093
956,1159
956,1249
956,1250
956,1135
956,1251
956,1252
956,1253
956,1254
956,1255
956,1181
958,1164
958,1157
959,1627
961,972
961,1141
961,1142
962,1145
964,1164
964,1157
965,1182
965,1200
965,977
965,967
965,970
967,1135
968,1488
968,990
968,1492
970,1215
971,1167
972,1591
972,1250
972,1135
972,1251
972,1592
972,1253
972,1157
972,973
972,1144
973,1144
974,1845
975,1182
975,1636
975,977
976,1634
977,1182
978,1628
979,1082
980,981
981,982
981,983
981,984
981,985
981,986
982,1704
982,1705
982,1680
982,986
982,1706
982,1339
983,2120
983,2121
983,2119
983,1714
983,2122
985,2124
985,1339
986,994
986,1706
986,2783
986,1339
987,988
988,989
988,990
988,991
988,992
989,1885
990,2209
990,2210
991,992
992,2498
993,994
993,995
993,996
993,997
994,998
994,999
994,1000
994,1001
994,1002
994,1003
994,1004
994,1005
994,1006
995,1007
996,1008
996,997
996,1009
996,1010
996,1011
996,1012
996,1005
996,1013
996,1014
996,1015
997,1008
997,1016
997,1017
997,1018
997,1019
997,1020
997,1013
998,1922
998,999
999,1340
999,1922
999,2048
999,1338
999,1343
999,2034
999,1000
999,1923
1000,2040
1000,2041
1000,2042
1000,2033
1000,2049
1000,2043
1000,2034
1000,2035
1000,2044
1001,1689
1001,1690
1001,1728
1001,1004
1001,1006
1002,2026
1002,2023
1002,1712
1002,1339
1003,1004
1004,1021
1004,1005
1004,1726
1004,2548
1004,1689
1005,1704
1005,1705
1005,1021
1005,1339
1005,2785
1005,2869
1006,1690
1007,1720
1007,1726
1007,1395
1008,1021
1008,1022
1008,1023
1011,2618
1013,1174
1013,1176
1013,2740
1013,1016
1013,1018
1014,2832
1015,1760
1015,1988
1016,1173
1016,1174
1016,1175
1016,1176
1016,1177
1016,1178
1016,1179
1016,1180
1017,1897
1018,1178
1018,1480
1019,1792
1020,2803
1022,2167
1024,1025
1024,1026
1024,1027
1025,1028
1025,1027
1025,1029
1025,1030
1025,1031
1025,1032
1025,1033
1026,1027
1026,1029
1026,1034
1026,1030
1026,1032
1026,1033
1026,1035
1026,1036
1026,1037
1027,1038
1027,1033
1028,1039
1028,1030
1028,1031
1028,1033
1029,1030
1029,1039
1029,1034
1029,1032
1029,1565
1030,1569
1032,1990
1032,1033
1032,2341
1033,1105
1034,1561
1034,1566
1034,1039
1035,2413
1035,1569
1035,1969
1035,1058
1035,1966
1035,1967
1035,1063
1035,1985
1035,1963
1035,1073
1035,1986
1035,1079
1036,2547
1038,1040
1038,1041
1038,1042
1039,1561
1039,1562
1039,1113
1039,1563
1039,1560
1039,1115
1040,1041
1040,1940
1040,1615
1040,1946
1041,1948
1041,1939
1041,1949
1041,1950
1041,1951
1041,1888
1041,1042
1041,1710
1041,1943
1042,2361
1042,2630
1042,2845
1043,1044
1043,1045
1043,1046
1043,1047
1044,1047
1044,1048
1044,1049
1044,1050
1044,1051
1045,1052
1045,1047
1046,1053
1046,1054
1046,1055
1047,1056
1048,1215
1048,1141
1048,1221
1050,2392
1050,2394
1050,2387
1051,1080
1052,1057
1053,1058
1053,1059
1053,1060
1053,1061
1053,1062
1053,1063
1053,1064
1053,1065
1053,1066
1053,1055
1053,1067
1053,1068
1053,1069
1053,1070
1053,1071
1053,1072
1053,1073
1053,1074
1053,1075
1053,1076
1053,1077
1053,1078
1053,1079
1054,1978
1054,2473
1054,2523
1054,2526
1054,1066
1054,2480
1055,2321
1055,2598
1055,2599
1055,1259
1055,1600
1055,1261
1055,2804
1055,2677
1055,2183
1055,2376
1055,2600
1055,2194
1058,1958
1058,1960
1058,1060
1058,1065
1059,1959
1059,1957
1059,1961
1059,1979
1059,1060
1059,2597
1060,1958
1060,2598
1060,2599
1060,1957
1060,1972
1060,2597
1060,1076
1061,2179
1061,2627
1061,2183
1061,2227
1061,2190
1061,2628
1061,1069
1061,2629
1061,2228
1062,2227
1062,2631
1062,1069
1062,1074
1062,2228
1063,2413
1063,1438
1063,1957
1063,1985
1063,1460
1063,1079
1064,2613
1064,2677
1064,2202
1064,2190
1064,1067
1065,1958
1065,2734
1065,2179
1065,1959
1065,1960
1065,2735
1065,2455
1065,1976
1066,2753
1066,2754
1066,2755
1067,2179
1067,2190
1069,2179
1069,2630
1069,2627
1069,2183
1069,2572
1069,1957
1069,2631
1069,2227
1070,1569
1070,1976
1072,2413
1072,2414
1072,1963
1072,1460
1073,1958
1073,2413
1073,1959
1073,1960
1073,1971
1073,1957
1073,1975
1073,1985
1073,1972
1073,1967
1073,2418
1073,1963
1073,1968
1073,1962
1073,1460
1073,1079
1074,1970
1074,2413
1074,1405
1074,1959
1074,1960
1074,1972
1074,1967
1074,2418
1074,1963
1075,2883
1075,1963
1076,1958
1076,1960
1076,1972
1076,2418
1076,1968
1078,2486
1078,1470
1078,2069
1079,1958
1079,2413
1079,1960
1079,1969
1079,1985
1079,1972
1079,1968
1079,1304
1080,1891
1080,1090
1081,1082
1081,1092
1081,1093
1083,1157
1083,1095
1083,1166
1083,1102
1084,1215
1084,1137
1084,1139
1084,1085
1085,1265
1085,1266
1085,1147
1085,1157
1085,1095
1085,2009
1085,2010
1085,2012
1085,1097
1085,1149
1085,1100
1086,2308
1086,1526
1087,1141
1087,1627
1087,1088
1087,2012
1087,2015
1087,1144
1087,1330
1088,2015
1089,1215
1091,1139
1091,2176
1093,1250
1093,1251
1093,1252
1093,1253
1093,1254
1095,1588
1095,1096
1095,1097
1095,1589
1095,1590
1095,1099
1096,1588
1096,1097
1096,1590
1097,1871
1097,1588
1098,2015
1098,1144
1098,1203
1098,1248
1100,1157
1101,1265
1101,1266
1101,1147
1101,1267
1102,1583
1102,2308
1102,1197
1102,1582
1102,2928
1102,1166
1102,1267
1102,2009
1103,1104
1103,1105
1103,1106
1103,1107
1103,1108
1103,1109
1103,1110
1104,1106
1104,1108
1104,1109
1104,1110
1105,1111
1105,1107
1105,1109
1105,1110
1106,1107
1106,1108
1106,1109
1106,1110
1107,1108
1107,1109
1108,1112
1108,1109
1110,2347
1111,1113
1111,1114
1111,1115
1113,1561
1113,1115
1114,1669
1114,1735
1114,1736
1115,1561
1115,1570
1116,1117
1116,1118
1116,1119
1117,1119
1119,1120
1119,1121
1119,1122
1120,1124
1120,1125
1121,1122
1123,1131
1123,1182
1124,1234
1124,1235
1125,1234
1126,1230
1128,1231
1128,1916
1128,1829
1128,1275
1130,1131
1133,1171
1133,1172
1134,1183
1134,1184
1134,1161
1134,1185
1134,1186
1134,1187
1134,1188
1135,1141
1135,1197
1135,1198
1135,1199
1135,1200
1135,1201
1135,1202
1135,1203
1135,1204
1135,1205
1135,1206
1135,1144
1135,1207
1135,1208
1135,1209
1136,1168
1136,1210
1137,1211
1137,1139
1137,1212
1138,1197
1138,1213
1139,1214
1139,1150
1141,1215
1141,1216
1142,1217
1142,1218
1143,1224
1144,1215
1144,2015
1144,1330
1145,1892
1145,2826
1146,2008
1147,1265
1147,1266
1147,2009
1147,2010
1150,2848
1153,2404
1154,2450
1154,1691
1157,1164
1157,1203
1157,1228
1157,1229
1158,1226
1159,1247
1161,1252
1161,1186
1163,2545
1164,1228
1164,1229
1165,1183
1165,1184
1165,1270
1165,1625
1166,1581
1166,1582
1167,1225
1168,1629
1168,1210
1169,1326
1169,1543
1170,2322
1171,1248
1171,1631
1172,1632
1173,1176
1173,1238
1174,1239
1174,1176
1174,1240
1174,1241
1174,1242
1175,1177
1175,1243
1175,1244
1175,1245
1176,1246
1176,1180
1178,1390
1179,1658
1179,2743
1179,2744
1179,2398
1180,2499
1180,2938
1181,1630
1182,1634
1182,1635
1183,1270
1183,1272
1184,1185
1184,1268
1184,1187
1184,1188
1185,1268
1185,1187
1187,1268
1187,1188
1188,2609
1188,2153
1188,1354
1188,1501
1188,2207
1190,2387
1190,1691
1191,1637
1194,1638
1194,1639
1195,1251
1196,1266
1196,2009
1196,2012
1197,1584
1197,1198
1197,1581
1197,1585
1197,1199
1197,1586
1197,1200
1197,1526
1197,1304
1197,1206
1197,1587
1199,1200
1199,1206
1200,1201
1200,1586
1200,1203
1206,2806
1206,1702
1207,2711
1208,1209
1209,1215
1210,1629
1212,1595
1213,1982
1215,1326
1215,1327
1215,1328
1215,1329
1215,1330
1217,2750
1217,2751
1217,2752
1219,1262
1219,1263
1219,1264
1221,2671
1222,1227
1223,1598
1224,1437
1224,1443
1224,1439
1224,1435
1224,1461
1224,1442
1224,1453
1227,1263
1230,2872
1231,1232
1231,1274
1231,1275
1232,2027
1232,2028
1232,1233
1232,1549
1232,1829
1232,2025
1232,1275
1233,2031
1234,2799
1235,1349
1237,1423
1237,1429
1238,2739
1238,2296
1239,1240
1240,2175
1240,1242
1241,2805
1242,2175
1242,2226
1246,2868
1249,1650
1249,1651
1251,1641
1251,1642
1254,2370
1255,2371
1258,1599
1258,1600
1258,1447
1258,1601
1258,1602
1258,1603
1258,1604
1258,1605
1258,1261
1258,1606
1258,1607
1258,1608
1258,1609
1258,1610
1258,1611
1258,1612
1258,1353
1258,1310
1259,1260
1259,1600
1259,1613
1260,1600
1260,2376
1260,2377
1260,2378
1260,2379
1260,2380
1260,1613
1261,1600
1262,1264
1262,1593
1262,1594
1263,1264
1265,1266
1265,2009
1266,2009
1266,2010
1268,1807
1268,1808
1269,2099
1273,2796
1273,2163
1274,1275
1275,1833
1275,1829
1276,1277
1276,1278
1277,1282
1277,1279
1277,1278
1277,1281
1278,1281
1279,1283
1281,1282
1283,2249
1284,1285
1287,1288
1287,1290
1288,1290
1289,1297
1289,1298
1289,1290
1289,1291
1289,1292
1290,1781
1290,1501
1290,1292
1291,1297
1291,2592
1291,1298
1291,2686
1291,1292
1292,1297
1292,2592
1292,1587
1292,1298
1292,2686
1294,1299
1297,1302
1299,1304
1302,2847
1306,1686
1306,1687
1306,1688
1307,1308
1307,1309
1307,1310
1308,2907
1308,2909
1309,2907
1310,2264
1312,1313
1312,1314
1312,1315
1313,1315
1314,1317
1314,1315
1315,1318
1316,1319
1319,1321
1320,1321
1320,1322
1320,1323
1320,1324
1320,1325
1321,1322
1322,1323
1322,1325
1324,1553
1324,1325
1325,1553
1327,1328
1327,1937
1327,1938
1330,2015
1332,1334
1334,1546
1334,1643
1334,2446
1334,1644
1335,1336
1336,1365
1337,1338
1337,1339
1338,1340
1338,1341
1338,1339
1338,1342
1339,1704
1339,2026
1339,1705
1339,2049
1339,1770
1339,1365
1339,1366
1339,1361
1339,1357
1339,2121
1340,1343
1340,1344
1340,1342
1341,1343
1342,1935
1342,1657
1342,1344
1342,1343
1342,1659
1343,1696
1344,2484
1345,1346
1346,1999
1346,2000
1346,2001
1346,2002
1346,2003
1347,1348
1347,1349
1347,1350
1347,1351
1348,1657
1348,1349
1348,1350
1349,1350
1349,1351
1355,1356
1356,2141
1356,1685
1356,2142
1356,2127
1357,1358
1357,1359
1357,1360
1357,1361
1358,1359
1358,1361
1358,1362
1358,1363
1358,1364
1358,1365
1358,1366
1358,1367
1358,1368
1358,1369
1358,1370
1358,1371
1358,1372
1358,1373
1358,1374
1359,1362
1359,1360
1359,1361
1359,1364
1359,1375
1359,1376
1359,1365
1359,1366
1359,1367
1359,1368
1359,1369
1359,1377
1359,1378
1359,1379
1359,1380
1359,1370
1359,1381
1359,1382
1360,1363
1360,1383
1360,1361
1361,1362
1361,1363
1361,1364
1361,1375
1361,1376
1361,1365
1361,1366
1361,1378
1361,1380
1361,1370
1362,1363
1362,1368
1362,1374
1363,1364
1363,1366
1363,1367
1363,1368
1363,1369
1363,1382
1363,1374
1364,1389
1365,1383
1365,1376
1365,1367
1365,1378
1365,1370
1365,1371
1366,1369
1366,1377
1366,1394
1366,1380
1366,1370
1367,1403
1367,1376
1367,1377
1367,1378
1367,1394
1367,1371
1367,1395
1368,1713
1368,1375
1370,1380
1371,1383
1371,1376
1371,1378
1373,1556
1373,1558
1375,1390
1375,1391
1375,1392
1376,1393
1376,1377
1376,1378
1376,1394
1376,1395
1378,1383
1378,1403
1378,1386
1379,2663
1379,2036
1379,2033
1379,1720
1379,2045
1381,2866
1383,1384
1383,1385
1383,1386
1383,1387
1383,1388
1384,1385
1384,1387
1384,1388
1386,1403
1386,2469
1388,2711
1388,2798
1388,1764
1388,2624
1388,2712
1388,2864
1388,2830
1388,1716
1388,1676
1388,1774
1389,1396
1389,1397
1390,1391
1390,1398
1390,1399
1390,1400
1390,1401
1390,1402
1392,2302
1392,2216
1392,2272
1394,1782
1394,1397
1394,2254
1395,2467
1396,1667
1396,1559
1397,1782
1397,1784
1397,1820
1397,1785
1397,2254
1397,2092
1397,1431
1398,1399
1398,2467
1399,2467
1400,2385
1400,2294
1403,1823
1404,1405
1404,1406
1404,1407
1405,2343
1407,2551
1407,2552
1408,1409
1409,1982
1409,1569
1409,1825
1409,2514
1409,1566
1409,1573
1409,2515
1409,1572
1409,1571
1409,1565
1409,2867
1412,1937
1412,1505
1412,1938
1413,2392
1413,2387
1415,2592
1419,1525
1419,1528
1419,1421
1420,2786
1421,1832
1421,1528
1421,2019
1422,1423
1423,1424
1423,1425
1423,1426
1423,1427
1423,1428
1423,1429
1424,1520
1424,1521
1424,1522
1425,1426
1425,2471
1427,1883
1427,1884
1429,1646
1430,1431
1431,1782
1431,1657
1431,2087
1431,1786
1431,2092
1432,1433
1433,1434
1433,1435
1433,1436
1434,1435
1434,1436
1434,1437
1434,1438
1434,1439
1434,1440
1434,1441
1434,1442
1434,1443
1434,1444
1434,1445
1434,1446
1434,1447
1434,1448
1434,1449
1434,1450
1434,1451
1434,1452
1434,1453
1434,1454
1434,1455
1434,1456
1434,1457
1434,1458
1434,1459
1434,1460
1434,1461
1434,1462
1434,1463
1434,1464
1434,1465
1434,1466
1434,1467
1434,1468
1435,1437
1435,1438
1435,1439
1435,1442
1435,1444
1435,1448
1435,1450
1435,1451
1435,1452
1435,1453
1435,1457
1435,1460
1435,1461
1435,1463
1435,1464
1435,1465
1435,1466
1435,1468
1436,1437
1436,1469
1437,1438
1437,1439
1437,1442
1437,1444
1437,1447
1437,1449
1437,1450
1437,1451
1437,1452
1437,1453
1437,1456
1437,1457
1437,1459
1437,1460
1437,1461
1437,1462
1437,1463
1437,1464
1437,1465
1437,1466
1437,1468
1438,1470
1438,1439
1438,1449
1438,1457
1438,1464
1439,1442
1439,1447
1439,1449
1439,1450
1439,1454
1439,1456
1439,1457
1439,1459
1439,1461
1439,1462
1439,1464
1440,2154
1441,2284
1441,2269
1441,2278
1441,1894
1441,2285
1441,2215
1441,2275
1441,2286
1441,1448
1441,2216
1441,2276
1441,2282
1441,2287
1441,2288
1441,2283
1441,2289
1441,2290
1441,2291
1441,2292
1441,2293
1441,1468
1441,2294
1442,1443
1442,1444
1442,1451
1443,1445
1443,1462
1444,1451
1444,1453
1445,2423
1445,2424
1445,1462
1446,2501
1446,1451
1446,1453
1446,1454
1446,1455
1446,1456
1446,1459
1446,2502
1446,1465
1446,1466
1447,2512
1447,2513
1448,2214
1448,1894
1448,2215
1448,2291
1448,1468
1449,1954
1450,2264
1450,2216
1450,2272
1450,2622
1450,2273
1452,2154
1453,2154
1454,1456
1454,2154
1455,2154
1456,1459
1457,1460
1458,1925
1460,2413
1460,1960
1460,1963
1461,2788
1465,1466
1468,2215
1469,1471
1470,2068
1470,2069
1470,2070
1470,1986
1470,2071
1471,2788
1471,2789
1472,1476
1477,1478
1478,1480
1478,1481
1479,1483
1479,1484
1480,1699
1485,2419
1485,2453
1487,1488
1487,1489
1487,1490
1487,1491
1488,1489
1488,1490
1488,1492
1489,1493
1489,1494
1489,1490
1489,1492
1489,1495
1491,1500
1491,1503
1491,1492
1491,1504
1491,1505
1493,1494
1493,1498
1495,2696
1496,1509
1496,1506
1496,1507
1496,1508
1499,1511
1500,1512
1500,1516
1500,1501
1500,1514
1500,1517
1501,1512
1501,1518
1501,1516
1501,1519
1501,1514
1502,1503
1502,1505
1503,1519
1503,1505
1505,2768
1505,1937
1505,1519
1506,1507
1509,1581
1509,1527
1510,1525
1510,1526
1510,1527
1510,1528
1512,1516
1512,1514
1512,1529
1513,1530
1514,1516
1514,1519
1514,1517
1515,1516
1515,1517
1516,1517
1518,1531
1518,1532
1519,1534
1519,1535
1519,1536
1519,1537
1523,2100
1523,1835
1523,1902
1524,1767
1525,1898
1525,1528
1526,2310
1534,1779
1534,1709
1534,2768
1534,1781
1534,2769
1534,1535
1534,1537
1534,2890
1535,1779
1535,1709
1535,1781
1535,1537
1535,2890
1536,2710
1537,2890
1538,1539
1539,1540
1539,1541
1539,1542
1540,2241
1541,2355
1541,2781
1543,2913
1544,1545
1545,2645
1545,1546
1545,1643
1545,2446
1545,2740
1545,1644
1546,2645
1546,2644
1546,1644
1547,2396
1547,2887
1548,1552
1548,1554
1548,1555
1549,1550
1551,2016
1551,1840
1551,1842
1551,1841
1551,2019
1551,2020
1551,2024
1551,2022
1555,2304
1555,1876
1556,1557
1556,1558
1556,1559
1557,1558
1557,1559
1558,1559
1562,1564
1562,1563
1563,1564
1564,1567
1564,1568
1565,1982
1565,1569
1565,2339
1565,1566
1565,2852
1566,1570
1566,1571
1566,1572
1566,1573
1566,1574
1566,1575
1567,1568
1569,1760
1569,1982
1569,1725
1569,1960
1569,1967
1569,1983
1569,1984
1569,1985
1569,1986
1570,1982
1570,2440
1570,1856
1570,1730
1570,1858
1570,2343
1571,1984
1571,2514
1571,2515
1571,2511
1572,1575
1574,2366
1576,1577
1576,1578
1577,1667
1577,1692
1578,1704
1578,1705
1578,2548
1578,1770
1578,1773
1579,1580
1582,1583
1584,1586
1586,2160
1586,2161
1588,1869
1588,1870
1593,2404
1597,2813
1599,2355
1599,2356
1599,2357
1600,2376
1600,1613
1601,1602
1601,1996
1603,2703
1603,1604
1603,2704
1603,2424
1604,2703
1604,2704
1604,2424
1605,1612
1606,1925
1606,1609
1610,2925
1610,1613
1610,1925
1613,2377
1613,2378
1614,1615
1615,1939
1615,1940
1616,1617
1617,1618
1617,1619
1617,1620
1617,1621
1617,1622
1618,1623
1618,1619
1619,2812
1619,1620
1620,1622
1622,2487
1625,1745
1627,1645
1627,1646
1627,1647
1631,2851
1637,2589
1637,2587
1638,1639
1639,2047
1642,2014
1643,2409
1643,2446
1643,2447
1643,1750
1643,1644
1643,2448
1643,2449
1644,2448
1644,2449
1645,2471
1646,2895
1646,1879
1647,2895
1647,1879
1649,1717
1649,2771
1649,2836
1652,1653
1653,1654
1653,1655
1653,1656
1654,1655
1654,1657
1654,1658
1654,1659
1654,1660
1654,1661
1654,1662
1655,1657
1656,1663
1656,1664
1657,2086
1657,2073
1657,2087
1657,2088
1657,2089
1657,2090
1657,2091
1657,2092
1657,1659
1657,1660
1657,1661
1657,2093
1657,2094
1657,2095
1657,1797
1657,1798
1657,2096
1657,2097
1657,2082
1658,2443
1658,2398
1659,1935
1659,2078
1659,2706
1659,2092
1660,1935
1660,2078
1660,2706
1660,2715
1661,2132
1661,2626
1662,2839
1663,2624
1663,2623
1664,2073
1665,1666
1668,1685
1669,1693
1669,1694
1670,1681
1673,1698
1673,1699
1673,1685
1673,1700
1673,1701
1676,1707
1677,1708
1678,1709
1678,1710
1679,1704
1679,1705
1679,1712
1681,1714
1682,1715
1683,1716
1685,1700
1686,1717
1686,1688
1687,1718
1688,1795
1689,1711
1689,1726
1689,1727
1690,1728
1690,1729
1691,2387
1692,2830
1693,1730
1693,1731
1693,1732
1693,1733
1693,1734
1694,1737
1695,1720
1695,1701
1695,2896
1697,1763
1697,1764
1697,1765
1698,1782
1698,1822
1698,1783
1699,2105
1699,2107
1700,2143
1701,2329
1701,2896
1704,1705
1704,1712
1704,1769
1704,1770
1704,1771
1704,1772
1704,1773
1705,1770
1705,1771
1705,1772
1705,1773
1707,1774
1707,1775
1708,1776
1708,1756
1708,1777
1709,1778
1709,1779
1709,1780
1709,1781
1710,2553
1711,1726
1711,1745
1712,1769
1712,1787
1712,1788
1713,1789
1714,2119
1714,2120
1714,2121
1714,2123
1714,2122
1716,1790
1716,1791
1716,1792
1716,1793
1717,1794
1720,1721
1720,1738
1721,1723
1721,1740
1721,1724
1722,2328
1723,1724
1723,1739
1725,1741
1725,1742
1725,1743
1725,1744
1726,1746
1730,1731
1730,1752
1730,1733
1730,1753
1730,1754
1730,1755
1730,1756
1730,1757
1730,1758
1731,1759
1732,2334
1732,2333
1732,2335
1732,2336
1732,2337
1733,2437
1733,1825
1733,1752
1733,1753
1733,1759
1733,2341
1733,2345
1733,1754
1733,1826
1733,2343
1733,1758
1735,2007
1735,2001
1735,2006
1736,2550
1736,2333
1736,2646
1737,1760
1737,1761
1737,1762
1738,2340
1739,2591
1741,2231
1741,1742
1741,2220
1741,2224
1741,2225
1741,1744
1741,2232
1742,2231
1742,2235
1742,1744
1742,2232
1743,1982
1743,1989
1743,1990
1743,2569
1743,2662
1744,2231
1745,1775
1747,2050
1750,2165
1750,2168
1750,2407
1750,2443
1750,2409
1752,2343
1752,2341
1752,1754
1752,2348
1752,1757
1752,1758
1753,2343
1754,1759
1754,2348
1754,1758
1755,2439
1755,2343
1755,1756
1757,2437
1757,1759
1757,2348
1758,1825
1758,2348
1758,2341
1758,2867
1759,2437
1759,2438
1760,1987
1760,1972
1760,1988
1764,1774
1766,1768
1769,2808
1769,1787
1770,1773
1771,2023
1771,1772
1772,1845
1778,1780
1778,2369
1779,1781
1782,1820
1782,1783
1782,1784
1782,1785
1783,1820
1783,1785
1784,1785
1784,1786
1785,2373
1785,2258
1785,2375
1785,1789
1785,1786
1786,1790
1786,2087
1787,2439
1787,2504
1787,2808
1787,2507
1787,2509
1788,2808
1789,2255
1789,2259
1789,2260
1789,2482
1790,2483
1791,1792
1791,1793
1792,1793
1794,2915
1796,1797
1796,1798
1797,1798
1799,1800
1799,1801
1799,1802
1801,2470
1803,1804
1805,1806
1806,2064
1807,1808
1807,1811
1807,1812
1807,1813
1808,1814
1808,1812
1808,1815
1811,2542
1813,2773
1813,1912
1813,1915
1815,2573
1817,2573
1820,2036
1821,2906
1821,2823
1821,2582
1821,2853
1824,2305
1824,2306
1825,1826
1825,1827
1825,1828
1827,2867
1829,1832
1829,1833
1830,2931
1831,2317
1834,1836
1834,1839
1835,1898
1835,1902
1836,1840
1836,1843
1837,2313
1837,1838
1840,1842
1840,1841
1841,2016
1841,1842
1841,2020
1841,2022
1845,2352
1845,2791
1845,2792
1845,2790
1848,1849
1850,1851
1850,1852
1850,1853
1851,1854
1851,1855
1851,1856
1851,1857
1851,1858
1851,1859
1851,1860
1851,1861
1851,1862
1851,1863
1851,1864
1851,1865
1851,1866
1851,1867
1851,1868
1852,1858
1852,1860
1853,2889
1854,1856
1854,1855
1854,2052
1855,2053
1855,1857
1855,1860
1855,1861
1855,1862
1855,1865
1855,2056
1856,2057
1856,1857
1856,1858
1856,1860
1856,1861
1856,1862
1856,1863
1856,2058
1856,2054
1856,1865
1856,2059
1856,2060
1856,2061
1857,1858
1857,1859
1857,1860
1857,1861
1858,1859
1858,1860
1858,1861
1858,1865
1858,2060
1858,1866
1858,2549
1858,1868
1859,1862
1859,2550
1859,2549
1860,2060
1860,2549
1861,2550
1861,1865
1862,1999
1862,2551
1862,2053
1862,2054
1862,2055
1863,2058
1863,1865
1864,2756
1865,2819
1865,2057
1865,2333
1865,2058
1866,2534
1869,1870
1870,1871
1871,1875
1871,1876
1871,1877
1873,1874
1875,1876
1876,2304
1879,1880
1879,1881
1879,1882
1880,1883
1880,1884
1885,1886
1887,1888
1887,1889
1887,1890
1889,1890
1892,2561
1892,2565
1892,2562
1893,1894
1894,2215
1894,2282
1894,2283
1894,2289
1894,2290
1894,2293
1894,2294
1898,1902
1900,1901
1900,1903
1900,1904
1900,1905
1900,1906
1900,1907
1900,1908
1900,1909
1901,1903
1901,1904
1901,1905
1901,1910
1901,1906
1901,1907
1901,1911
1901,1908
1901,1909
1903,1904
1903,1905
1903,1910
1903,1906
1903,1907
1903,1911
1903,1908
1903,1909
1904,1905
1904,2017
1906,1907
1907,2682
1910,1911
1910,2533
1911,2657
1912,1914
1912,1915
1913,1914
1913,1916
1913,1917
1913,1918
1914,1916
1914,1919
1914,1918
1916,2025
1920,1921
1921,2874
1922,1923
1923,2082
1924,1925
1924,1926
1924,1927
1925,2814
1930,2722
1932,2617
1934,1935
1937,1938
1938,2368
1939,1941
1939,1942
1939,1943
1939,1944
1939,1945
1940,1947
1942,2664
1943,1947
1943,2361
1944,2630
1945,1947
1945,2084
1945,2093
1948,1952
1948,1949
1948,1953
1949,1952
1949,2462
1949,2464
1949,2461
1949,2456
1949,2458
1949,2459
1950,1953
1950,2466
1952,2460
1952,2461
1952,2456
1952,2459
1952,2462
1952,2463
1953,2456
1954,1955
1954,1956
1957,1958
1957,1959
1957,1960
1957,1961
1957,1962
1957,1963
1957,1964
1957,1965
1958,1959
1958,1960
1958,1966
1958,1967
1958,1968
1958,1969
1958,1970
1958,1971
1958,1972
1958,1973
1958,1974
1958,1963
1958,1975
1958,1976
1958,1965
1959,1977
1959,1978
1959,1961
1959,1979
1959,1962
1959,1963
1960,1968
1960,1971
1960,1972
1961,1979
1961,1962
1961,1963
1962,2804
1962,1979
1962,1964
1963,2413
1963,2069
1963,1975
1963,1985
1963,1972
1963,1967
1964,2202
1964,1972
1964,2428
1964,2227
1966,2413
1966,2414
1966,1967
1966,1968
1967,2416
1967,1970
1967,2413
1967,1983
1967,1971
1967,2414
1967,1968
1967,2417
1968,2418
1970,2416
1970,1983
1970,2420
1970,2421
1970,2422
1973,2613
1973,2190
1973,2427
1974,1986
1975,1986
1976,2413
1976,2179
1976,2418
1977,1980
1978,1981
1982,1989
1982,1990
1982,1991
1982,1992
1983,2416
1983,2420
1983,2422
1984,1990
1984,2510
1984,2511
1985,2413
1985,2414
1985,2415
1986,2413
1986,2734
1986,2068
1987,2052
1989,2066
1991,2770
1992,2838
1992,2245
1993,1994
1993,1995
1994,1995
1994,1996
1994,1997
1994,1998
1999,2002
1999,2004
1999,2005
2001,2002
2001,2003
2001,2006
2002,2003
2003,2006
2004,2005
2005,2819
2005,2898
2006,2093
2006,2640
2011,2013
2012,2014
2012,2015
2013,2308
2016,2019
2016,2020
2016,2021
2016,2022
2019,2020
2019,2024
2019,2022
2020,2556
2020,2021
2020,2024
2020,2022
2021,2022
2022,2556
2022,2024
2023,2026
2028,2030
2030,2764
2032,2033
2032,2034
2032,2035
2033,2036
2033,2034
2033,2037
2033,2038
2034,2040
2034,2041
2034,2042
2034,2043
2034,2035
2034,2044
2035,2048
2036,2045
2036,2038
2036,2046
2040,2041
2040,2043
2041,2047
2044,2470
2046,2402
2047,2841
2049,2051
2050,2157
2050,2158
2050,2159
2052,2053
2053,2054
2053,2055
2054,2057
2054,2058
2055,2551
2055,2056
2056,2586
2057,2128
2057,2058
2057,2061
2058,2128
2058,2061
2059,2440
2059,2871
2060,2333
2062,2063
2062,2064
2063,2065
2063,2066
2063,2067
2064,2568
2064,2569
2064,2570
2065,2125
2065,2126
2066,2885
2067,2667
2067,2717
2067,2929
2067,2307
2069,2324
2071,2875
2071,2923
2072,2073
2072,2074
2072,2075
2073,2076
2073,2077
2073,2078
2073,2079
2073,2080
2073,2081
2073,2075
2073,2082
2073,2083
2074,2075
2076,2078
2077,2084
2077,2085
2078,2080
2078,2083
2079,2083
2080,2087
2080,2092
2081,2829
2085,2623
2087,2325
2087,2326
2087,2092
2089,2596
2090,2133
2090,2626
2090,2091
2090,2134
2091,2700
2091,2699
2092,2329
2092,2096
2092,2705
2093,2639
2093,2636
2093,2641
2094,2626
2094,2706
2096,2329
2096,2705
2098,2099
2101,2102
2102,2103
2102,2104
2105,2106
2108,2109
2108,2110
2109,2111
2109,2110
2110,2111
2110,2935
2110,2294
2112,2113
2112,2114
2112,2115
2112,2116
2112,2117
2112,2118
2113,2625
2114,2115
2114,2117
2115,2650
2115,2116
2115,2117
2117,2650
2117,2468
2120,2121
2120,2122
2121,2124
2123,2251
2123,2383
2125,2126
2126,2763
2129,2130
2130,2131
2131,2246
2132,2133
2132,2134
2133,2135
2133,2136
2133,2137
2135,2136
2135,2899
2135,2407
2143,2542
2143,2908
2144,2145
2145,2146
2145,2147
2148,2149
2148,2150
2149,2150
2152,2153
2154,2737
2154,2738
2157,2544
2158,2592
2160,2161
2164,2165
2165,2166
2165,2167
2165,2168
2165,2169
2166,2167
2166,2168
2166,2407
2167,2168
2168,2169
2168,2408
2169,2407
2169,2408
2169,2621
2169,2411
2169,2810
2169,2811
2169,2412
2170,2171
2170,2172
2172,2879
2173,2174
2176,2177
2178,2179
2178,2180
2179,2181
2179,2182
2179,2183
2179,2184
2179,2185
2179,2186
2179,2187
2179,2188
2179,2189
2179,2190
2179,2191
2179,2192
2179,2193
2179,2194
2179,2195
2179,2196
2179,2197
2179,2198
2179,2199
2180,2200
2180,2201
2180,2202
2180,2203
2180,2204
2181,2190
2181,2191
2182,2183
2183,2189
2183,2191
2184,2633
2184,2185
2184,2186
2184,2187
2184,2196
2185,2633
2185,2186
2185,2187
2185,2188
2185,2196
2186,2633
2186,2187
2186,2188
2186,2196
2187,2188
2187,2196
2188,2196
2190,2191
2192,2193
2192,2197
2195,2828
2199,2903
2199,2425
2199,2426
2200,2205
2200,2206
2200,2203
2200,2204
2201,2425
2201,2426
2201,2202
2202,2427
2202,2428
2204,2426
2206,2884
2207,2609
2209,2212
2209,2213
2214,2215
2214,2216
2214,2217
2214,2218
2215,2278
2215,2284
2215,2275
2215,2286
2215,2276
2215,2288
2215,2292
2215,2303
2216,2302
2216,2272
2216,2291
2218,2302
2218,2272
2219,2220
2219,2221
2219,2222
2219,2223
2220,2224
2220,2221
2220,2222
2220,2225
2220,2223
2220,2226
2221,2227
2221,2228
2222,2229
2222,2223
2222,2230
2223,2224
2223,2225
2224,2225
2224,2232
2227,2630
2227,2627
2227,2631
2227,2632
2227,2629
2227,2228
2228,2630
2228,2627
2228,2631
2228,2629
2229,2233
2230,2280
2231,2234
2231,2235
2231,2232
2232,2234
2234,2431
2234,2433
2236,2238
2236,2241
2238,2239
2238,2241
2241,2519
2243,2244
2244,2939
2248,2249
2249,2250
2250,2716
2250,2717
2251,2252
2251,2253
2253,2383
2255,2257
2255,2258
2255,2259
2255,2260
2255,2261
2259,2260
2259,2261
2262,2263
2262,2264
2262,2265
2262,2266
2262,2267
2263,2268
2263,2265
2263,2266
2263,2269
2263,2267
2263,2270
2263,2271
2264,2272
2264,2273
2265,2269
2265,2274
2265,2266
2265,2267
2265,2275
2265,2276
2266,2267
2267,2269
2267,2275
2269,2277
2269,2278
2269,2275
2269,2279
2269,2280
2269,2281
2270,2279
2270,2296
2270,2602
2270,2603
2270,2297
2270,2604
2272,2622
2272,2273
2273,2834
2274,2282
2274,2283
2275,2284
2275,2285
2275,2286
2275,2278
2275,2276
2276,2284
2276,2285
2276,2278
2276,2282
2278,2284
2278,2285
2278,2286
2280,2281
2282,2287
2282,2501
2282,2288
2282,2283
2282,2289
2282,2772
2284,2285
2284,2286
2285,2302
2286,2364
2286,2288
2286,2291
2287,2289
2287,2772
2288,2501
2288,2772
2289,2772
2290,2777
2293,2490
2294,2490
2295,2296
2295,2297
2297,2602
2297,2603
2298,2299
2298,2300
2298,2301
2299,2355
2299,2358
2307,2308
2307,2309
2308,2310
2308,2311
2312,2643
2312,2644
2312,2506
2312,2507
2313,2314
2315,2317
2318,2319
2320,2321
2323,2324
2325,2327
2325,2326
2326,2327
2326,2328
2328,2329
2328,2330
2328,2331
2329,2707
2329,2330
2329,2705
2332,2333
2334,2338
2334,2336
2341,2342
2341,2343
2341,2344
2341,2345
2341,2346
2341,2347
2342,2349
2342,2343
2343,2345
2343,2346
2346,2441
2346,2442
2350,2351
2351,2352
2351,2353
2352,2354
2355,2356
2355,2358
2355,2359
2355,2360
2356,2358
2358,2359
2359,2746
2360,2860
2360,2859
2360,2861
2361,2362
2361,2363
2363,2846
2365,2366
2365,2367
2366,2368
2372,2373
2372,2374
2373,2375
2373,2374
2374,2911
2381,2382
2382,2386
2387,2388
2387,2389
2387,2390
2388,2389
2388,2391
2388,2390
2389,2391
2390,2876
2390,2391
2392,2394
2395,2396
2396,2397
2396,2398
2398,2740
2398,2741
2400,2401
2400,2402
2401,2402
2401,2403
2404,2405
2405,2406
2407,2409
2407,2410
2407,2411
2407,2408
2407,2412
2408,2809
2408,2810
2408,2412
2409,2443
2409,2444
2411,2809
2412,2595
2413,2415
2416,2420
2416,2421
2421,2725
2425,2426
2426,2427
2427,2673
2429,2619
2430,2431
2430,2432
2431,2432
2431,2433
2431,2434
2431,2435
2433,2747
2437,2438
2439,2503
2439,2504
2439,2506
2439,2507
2440,2580
2441,2442
2441,2546
2443,2445
2444,2448
2444,2449
2446,2645
2446,2644
2446,2646
2448,2449
2451,2452
2451,2453
2452,2454
2453,2455
2456,2457
2456,2458
2456,2459
2457,2459
2458,2459
2459,2462
2459,2461
2459,2465
2460,2461
2461,2462
2461,2465
2461,2463
2462,2465
2472,2473
2473,2474
2473,2475
2473,2476
2473,2477
2473,2478
2473,2479
2473,2480
2473,2481
2475,2575
2475,2576
2475,2476
2475,2577
2476,2577
2476,2579
2476,2481
2478,2669
2480,2930
2483,2484
2486,2487
2486,2488
2486,2489
2488,2749
2489,2521
2490,2491
2490,2492
2490,2493
2490,2494
2491,2492
2491,2495
2492,2493
2492,2822
2492,2495
2493,2494
2493,2495
2495,2922
2496,2497
2498,2855
2500,2501
2501,2502
2502,2835
2503,2504
2503,2505
2504,2508
2504,2509
2509,2808
2511,2514
2511,2515
2514,2515
2517,2692
2517,2693
2517,2694
2517,2695
2517,2696
2520,2521
2523,2524
2523,2525
2524,2527
2525,2528
2525,2526
2526,2530
2528,2529
2535,2536
2535,2537
2535,2538
2536,2537
2539,2540
2542,2543
2551,2552
2553,2554
2554,2574
2555,2556
2555,2557
2556,2557
2556,2558
2556,2559
2557,2657
2557,2559
2559,2657
2559,2655
2559,2827
2559,2658
2560,2561
2560,2562
2560,2563
2561,2564
2562,2566
2563,2566
2563,2826
2564,2566
2565,2610
2566,2826
2571,2572
2575,2576
2575,2578
2576,2578
2581,2582
2582,2583
2587,2588
2592,2593
2594,2595
2597,2628
2597,2688
2598,2599
2598,2600
2599,2600
2602,2603
2602,2604
2603,2856
2604,2793
2605,2606
2611,2612
2611,2613
2611,2614
2612,2614
2613,2615
2613,2614
2613,2616
2616,2865
2616,2690
2619,2620
2627,2629
2634,2635
2634,2636
2634,2637
2635,2636
2635,2637
2635,2638
2636,2639
2636,2637
2636,2640
2636,2641
2637,2639
2638,2713
2639,2642
2640,2641
2644,2645
2647,2648
2647,2649
2647,2650
2647,2651
2647,2652
2647,2653
2649,2651
2650,2842
2650,2651
2651,2652
2651,2842
2652,2653
2654,2655
2654,2656
2655,2657
2655,2656
2655,2658
2656,2657
2657,2658
2659,2660
2660,2661
2660,2662
2666,2667
2667,2668
2670,2671
2671,2780
2671,2897
2673,2678
2673,2679
2673,2680
2674,2675
2678,2679
2678,2680
2678,2775
2679,2775
2681,2682
2681,2683
2682,2683
2684,2685
2684,2686
2685,2686
2686,2724
2690,2691
2691,2797
2692,2696
2693,2694
2693,2697
2694,2697
2699,2700
2700,2701
2700,2702
2702,2927
2704,2762
2707,2864
2711,2712
2716,2717
2718,2719
2718,2720
2718,2721
2719,2720
2719,2861
2719,2721
2720,2861
2721,2861
2722,2723
2725,2726
2733,2880
2733,2881
2734,2736
2740,2741
2741,2742
2744,2745
2753,2755
2754,2755
2758,2761
2759,2760
2761,2832
2765,2766
2766,2767
2768,2769
2774,2817
2774,2818
2775,2776
2776,2777
2776,2778
2776,2779
2782,2783
2783,2784
2783,2785
2787,2788
2787,2789
2790,2791
2790,2792
2791,2792
2794,2795
2799,2800
2799,2801
2800,2825
2810,2843
2814,2815
2815,2816
2817,2818
2819,2820
2823,2824
2839,2840
2850,2905
2851,2934
2856,2857
2860,2862
2862,2891
2876,2877
2880,2888
2882,2883
2902,2903
2910,2911
2916,2917
2920,2921
2932,2933
