source,target
0,1
0,2
0,3
0,4
0,5
0,6
0,7
1,8
1,9
1,10
1,11
1,12
2,13
2,3
2,6
2,14
2,15
2,16
2,17
2,18
2,19
2,20
2,21
2,22
2,23
2,24
2,25
2,26
2,27
3,28
3,6
3,7
3,16
3,20
3,24
3,26
3,29
3,30
5,31
5,32
5,7
5,33
6,9
6,34
6,14
6,35
6,28
6,29
7,36
7,37
7,38
7,39
7,40
7,41
7,32
7,42
7,43
7,44
7,33
8,34
8,45
8,16
8,46
8,20
8,47
8,48
8,49
8,50
8,51
8,52
8,53
8,54
8,26
8,55
8,56
8,27
8,57
9,34
9,16
9,58
9,59
9,27
10,222
11,34
11,1345
11,50
11,65
11,531
11,2086
12,384
12,2655
13,60
13,61
14,68
14,69
14,36
14,35
14,70
14,20
14,71
14,72
14,26
14,55
14,73
14,74
14,75
15,45
15,265
15,306
15,307
15,308
15,309
15,310
15,311
15,312
15,313
15,314
15,315
15,316
16,877
16,878
16,634
16,63
16,879
16,880
16,210
16,848
16,208
16,881
16,34
16,882
16,883
16,884
16,262
16,263
16,844
16,64
16,635
16,83
16,885
16,328
16,272
16,886
16,500
16,501
16,331
16,709
16,43
16,587
16,887
16,888
16,114
16,49
16,23
16,92
16,51
16,96
16,889
16,54
16,890
16,674
16,101
16,891
16,892
16,893
16,894
16,57
18,632
18,879
18,43
18,819
18,62
18,1896
18,54
18,1897
19,632
19,1936
19,1938
19,750
20,68
20,69
20,34
20,491
20,83
20,35
20,87
20,2000
21,336
21,773
21,703
21,951
22,1497
22,1216
22,25
22,2188
22,27
22,1360
23,883
23,844
23,83
23,43
23,328
23,331
23,50
23,1493
23,678
24,2646
24,51
24,54
24,641
25,1401
25,1065
25,773
25,703
25,732
25,700
25,426
25,1268
25,418
25,1069
25,1978
25,423
25,181
25,746
25,140
26,34
26,55
26,53
26,27
27,558
28,62
28,63
28,64
28,65
29,262
29,263
29,275
29,274
29,264
29,265
29,76
29,266
30,41
30,32
30,42
31,33
32,39
32,40
32,41
32,44
32,33
32,66
33,634
33,883
33,1907
33,1910
34,64
34,49
34,50
34,55
34,67
34,59
34,57
35,68
35,76
35,77
35,78
35,72
35,79
35,74
35,75
36,80
36,81
36,82
36,70
36,83
36,84
36,85
36,86
36,87
36,88
36,72
36,89
36,90
36,91
36,92
36,93
36,94
36,95
36,96
36,97
36,98
36,99
36,100
36,101
36,102
36,103
37,104
37,105
37,106
37,107
37,108
37,109
37,110
37,111
38,112
38,113
38,43
38,114
39,44
40,115
40,116
40,117
41,42
41,118
43,426
43,44
43,267
43,51
43,110
43,889
43,54
43,66
43,894
44,2441
45,383
45,384
45,345
45,347
45,385
46,878
46,1362
46,491
46,1361
46,886
46,888
46,1364
46,48
46,463
46,1368
46,1363
46,55
46,1166
46,56
47,80
47,2080
47,844
47,672
47,418
47,887
47,1627
47,140
47,676
47,1908
47,678
47,675
47,2081
47,2082
47,130
48,878
48,2307
48,1362
48,1364
48,55
49,83
49,525
49,463
49,50
50,65
51,633
51,341
51,2646
51,2647
51,294
51,789
51,114
52,262
52,263
52,83
52,272
52,274
52,264
52,265
52,76
52,266
52,267
53,2375
53,328
53,397
53,2591
54,634
54,288
54,633
54,882
54,883
54,529
54,844
54,1907
54,636
54,1498
54,2409
54,1910
54,392
54,678
56,491
57,83
57,1321
58,1793
58,771
58,203
58,613
59,263
59,266
60,1623
61,328
62,83
62,1898
63,529
63,64
63,65
63,92
63,1773
63,1898
64,877
64,1909
64,65
64,1631
64,66
64,1914
65,877
65,1877
65,243
65,92
66,1720
66,1277
66,2642
66,421
66,107
66,1490
66,2643
66,426
66,1709
66,418
66,429
66,2641
66,1909
66,423
66,1903
66,2306
66,1898
66,793
66,2983
68,72
68,102
69,123
69,70
69,124
69,125
69,72
69,126
69,89
69,127
69,73
69,128
69,75
69,102
69,129
70,509
70,510
70,511
70,124
70,489
70,491
70,83
70,492
70,84
70,125
70,500
70,501
70,486
70,476
70,477
70,478
70,82
72,523
72,510
72,533
72,124
72,2594
72,83
72,2595
72,126
72,125
72,89
72,1556
72,486
72,87
72,477
72,463
73,841
73,636
73,125
73,2928
73,75
74,328
74,77
74,2952
75,123
75,124
75,125
75,2977
76,262
76,263
76,264
76,265
76,266
76,267
76,268
78,505
79,2216
80,130
81,131
81,132
81,133
82,475
82,476
82,477
82,478
82,479
82,480
82,481
82,482
82,483
82,484
83,523
83,478
83,480
83,486
83,500
83,501
83,502
83,85
83,503
83,524
83,87
83,140
83,463
83,525
83,92
83,96
83,495
83,100
83,101
83,496
83,526
83,497
83,504
83,103
84,489
84,478
84,482
84,484
84,507
84,508
84,463
84,518
84,516
84,103
85,528
85,529
85,491
85,502
85,480
85,95
85,96
85,530
86,1557
86,1555
86,1556
86,490
87,463
87,1363
87,526
90,1557
90,126
90,1561
91,404
91,2436
92,877
92,500
92,501
92,2719
92,1499
93,510
93,411
94,2687
94,2810
94,515
94,99
94,2811
95,96
96,476
96,502
96,504
97,2543
97,98
98,1396
98,2543
99,2810
99,2811
100,510
100,475
100,489
100,500
100,501
100,486
100,476
100,477
100,478
100,479
100,535
100,482
100,1555
101,500
101,501
101,525
101,480
103,489
103,518
103,514
103,504
105,402
106,414
106,413
106,278
106,1833
106,1834
107,211
107,1985
107,2216
108,1269
108,353
108,341
108,355
108,300
108,356
108,294
108,2662
108,1355
108,2267
108,1597
108,359
108,291
108,198
108,375
110,634
110,1907
110,849
110,2778
112,134
112,135
112,136
112,137
112,138
112,139
112,140
112,141
112,142
112,143
112,144
112,145
112,146
112,147
113,820
113,847
113,854
113,855
113,848
113,208
113,844
113,672
113,209
113,856
113,202
113,709
113,857
113,858
113,114
113,859
113,437
113,840
113,325
114,820
114,847
114,848
114,208
114,1068
114,711
114,859
114,709
114,696
114,850
114,2441
114,674
115,1470
115,116
116,1481
117,1481
118,715
119,120
119,121
119,122
120,697
120,327
120,698
120,699
120,700
120,701
120,691
120,693
120,135
120,432
120,702
120,401
122,2698
122,370
123,126
123,127
123,128
125,129
126,510
126,2594
130,844
130,1497
130,181
130,913
130,2089
130,1317
130,425
130,676
130,678
130,675
130,681
130,198
131,1688
131,1133
131,132
131,2006
131,2007
131,2008
131,2009
134,470
135,705
135,843
135,773
135,732
135,701
135,819
135,706
135,693
135,695
135,787
135,711
135,708
135,895
135,709
135,778
135,715
135,822
135,401
136,1574
136,1502
136,1496
136,1019
136,175
136,1570
136,914
136,1583
136,1062
136,142
136,1584
136,794
136,1585
137,1483
137,1891
137,141
137,145
138,792
138,1946
138,426
138,418
138,423
138,1601
138,1948
138,425
138,139
138,140
138,143
138,144
138,1604
138,907
138,146
138,822
139,1976
139,785
139,1946
139,1977
139,461
139,1978
139,427
139,1601
139,1948
139,425
139,442
139,143
140,844
140,426
140,418
140,423
140,1627
141,797
141,2485
141,145
142,1574
142,1496
142,1505
142,1407
143,335
143,337
143,1812
143,349
143,1601
144,461
144,426
144,418
144,423
144,1601
145,797
145,2485
146,792
146,470
146,426
146,418
146,423
146,1499
147,1587
147,1601
147,425
148,149
148,150
150,327
150,2712
150,2612
150,2901
151,152
152,819
152,706
152,695
153,154
154,1747
154,1840
154,1841
155,156
155,157
155,158
155,159
155,160
156,286
156,328
156,394
156,395
156,396
157,1966
157,1969
157,1967
157,887
157,1970
157,2081
158,335
158,344
158,345
159,387
159,2845
159,285
159,1113
159,418
159,321
159,423
159,2846
160,1966
160,1969
160,1967
161,162
161,163
161,164
161,165
161,166
161,167
161,168
161,169
162,170
162,171
162,172
162,173
163,726
163,729
163,770
163,795
163,693
163,166
163,788
163,789
163,760
164,175
165,726
165,727
165,729
165,1250
165,770
165,959
165,954
165,738
165,934
165,166
165,1071
165,279
165,753
165,985
165,781
165,474
166,1873
166,928
166,726
166,727
166,1219
166,729
166,1267
166,818
166,1250
166,770
166,771
166,1874
166,959
166,929
166,773
166,1875
166,1245
166,701
166,921
166,737
166,931
166,936
166,788
166,310
166,1876
166,789
166,1017
166,1581
166,757
167,729
167,1284
167,770
167,919
167,1179
167,1018
168,2271
168,1083
168,2272
169,583
169,1703
169,2902
170,2882
170,334
170,179
170,190
170,1316
171,2762
171,287
171,332
171,2381
171,334
171,1353
171,1316
174,175
175,1574
175,1571
175,1572
175,1566
175,1046
175,1575
175,772
175,379
175,1576
175,1567
175,858
175,1577
175,1019
175,1578
175,1579
175,1569
175,1580
175,1570
175,228
175,1565
175,1568
175,1581
176,177
176,178
176,179
177,472
177,471
177,473
177,474
178,846
178,851
178,1316
179,954
180,181
180,182
180,183
181,856
181,1317
181,681
181,683
181,1216
181,1359
181,1360
182,1369
182,928
182,1337
182,472
182,1100
182,1249
182,192
183,1221
183,1704
184,185
185,1641
185,1637
185,1638
185,1642
186,187
186,188
186,189
187,909
187,1221
187,744
187,747
187,1333
187,1703
188,268
189,194
190,191
192,193
193,2598
193,290
193,2639
193,2638
193,1251
194,195
194,196
195,1037
195,2214
195,1598
195,196
195,418
195,423
195,746
196,583
197,198
198,792
198,1965
198,728
198,1037
198,785
198,673
198,787
198,438
198,2661
198,425
198,358
198,439
198,440
198,681
199,200
199,201
200,681
203,204
203,205
203,206
204,899
204,854
204,855
204,846
204,784
204,1044
205,206
205,854
205,855
205,2444
206,1141
206,2450
207,208
207,209
207,210
207,211
208,820
208,709
208,711
208,846
208,851
208,674
209,709
210,1068
210,1912
212,213
212,214
212,215
212,216
212,217
212,218
212,219
212,220
213,813
213,613
213,214
213,614
213,604
213,215
213,608
213,1476
213,838
213,831
213,815
213,618
214,1650
214,215
214,813
214,712
214,218
214,344
214,345
214,219
214,620
215,645
215,1785
215,612
215,719
215,624
215,345
215,815
215,219
215,220
216,603
216,604
216,1789
216,615
216,1805
216,1461
216,218
216,1099
216,616
216,1765
216,619
216,620
217,261
217,2634
218,1815
218,1632
218,242
218,2741
218,1633
218,1782
218,719
218,241
218,1739
218,1760
218,1093
218,1805
218,1450
218,237
218,712
218,1462
218,1889
218,1453
219,2881
220,2762
220,2849
220,1831
220,2678
220,2763
220,227
220,2881
220,1785
220,806
220,1747
220,1465
220,222
220,1840
220,221
221,222
221,223
221,224
221,225
221,226
221,227
222,870
222,1465
222,624
222,1466
222,465
222,609
222,1468
222,810
223,2101
223,2102
223,2103
223,2096
223,2104
223,1092
223,224
223,2095
223,226
223,2105
224,2101
224,1087
224,2102
224,2103
224,2096
224,2110
224,2104
224,1092
224,261
224,226
224,2105
226,2109
226,816
226,2095
227,2758
229,230
230,510
230,553
230,554
230,538
230,402
230,1772
230,539
230,628
230,1773
231,232
232,872
232,2161
232,1902
232,415
232,1968
233,234
233,235
233,236
233,237
233,238
233,239
233,240
233,241
233,242
233,243
233,244
233,245
233,246
233,247
234,1447
234,235
234,237
234,238
234,1448
234,239
234,1449
234,1450
234,1451
234,241
234,1452
234,1453
234,1454
234,1455
234,246
234,1456
235,238
235,1447
235,236
235,237
235,239
235,1457
235,1458
235,1449
235,1450
235,1451
235,614
235,241
235,1452
235,1459
235,1460
235,712
235,1461
235,1462
235,1453
235,1463
235,1464
236,1448
236,1465
236,1447
236,237
237,238
237,1448
237,239
237,1457
237,1458
237,1449
237,1450
237,1447
237,1460
237,1462
237,1453
237,1429
238,248
238,1448
238,241
238,1456
239,1448
239,1469
239,865
240,1774
240,1775
240,1075
240,402
240,1751
240,1079
240,1776
240,1429
241,1448
241,1782
241,1457
241,402
241,865
242,1632
242,1633
242,712
242,1634
242,809
242,246
243,1780
243,248
243,1760
243,1099
243,1096
243,1813
244,2087
244,1094
244,1429
245,2413
245,2911
245,2910
245,2912
246,1632
248,249
249,1426
250,251
250,252
251,252
251,2738
252,2738
253,254
253,255
253,256
254,1196
254,1203
254,1204
254,1205
255,2048
255,2567
255,2568
255,1645
257,258
257,259
257,260
258,1484
258,1485
258,1486
259,2497
259,2400
259,2402
259,260
260,2497
262,269
262,270
262,263
262,264
262,265
262,271
262,272
262,273
262,274
262,275
262,276
262,277
262,278
262,266
262,267
262,279
262,268
263,269
263,264
263,265
263,270
263,271
263,272
263,273
263,274
263,275
263,276
263,266
263,267
263,268
264,280
264,269
264,270
264,281
264,271
264,272
264,273
264,282
264,283
264,274
264,265
264,266
264,267
264,268
264,284
265,269
265,270
265,285
265,272
265,286
265,266
265,267
265,268
266,269
266,272
266,274
266,267
266,268
267,269
267,270
267,272
267,331
267,274
268,2941
268,2942
269,270
269,272
269,273
269,274
269,275
269,278
270,287
270,271
270,272
270,273
270,274
270,275
271,273
271,293
272,273
272,274
272,275
273,280
273,290
273,281
273,294
273,282
273,283
273,291
273,295
273,292
274,275
274,276
274,305
275,323
277,1397
277,350
278,1767
278,818
278,402
279,1697
279,952
279,1250
279,1066
279,1067
279,699
279,1029
279,956
279,737
279,985
279,933
279,1031
279,753
279,756
280,288
280,289
281,290
281,282
281,291
281,292
282,290
282,296
282,297
282,291
282,292
283,298
283,299
283,300
283,301
283,302
283,303
283,304
283,295
284,299
284,1009
284,2302
284,719
284,1644
284,742
284,1363
284,286
284,437
284,2400
285,317
285,318
285,319
285,320
285,321
285,322
285,323
285,324
285,325
286,326
286,327
286,328
286,329
286,330
286,331
287,332
287,333
287,334
289,353
289,2492
289,717
289,1881
290,296
290,335
290,336
290,337
290,338
290,339
290,340
290,341
290,342
290,343
290,344
290,345
290,346
290,347
290,348
290,349
290,350
290,351
290,292
290,352
291,353
291,300
291,301
291,304
291,292
292,2926
292,297
292,365
293,2552
293,2551
294,353
294,299
294,354
294,341
294,355
294,300
294,356
294,301
294,302
294,357
294,358
294,359
294,360
294,361
294,362
294,363
294,364
295,1873
295,1270
295,353
295,371
295,1874
295,1271
295,377
295,1353
295,1444
295,304
295,374
295,303
295,375
296,336
296,335
296,365
296,342
296,343
296,346
296,366
296,351
296,367
296,361
297,368
298,369
298,299
298,301
298,302
298,354
298,343
298,370
299,368
299,353
299,371
299,302
299,372
299,373
299,343
299,370
299,374
299,375
300,376
300,353
300,377
300,373
300,370
300,304
300,374
301,326
301,354
301,328
301,377
301,304
301,374
301,378
302,371
302,379
302,380
302,373
302,381
302,374
302,382
303,1873
303,1270
303,353
303,1874
303,1271
303,377
303,1353
303,304
303,1273
304,353
305,418
306,580
306,581
306,313
307,308
307,1550
308,1551
308,1552
308,1553
309,1382
309,1554
309,1550
310,1882
310,1883
310,1881
310,316
311,566
311,569
311,579
312,2895
312,758
315,1382
315,1385
315,1373
316,560
316,1378
316,561
316,562
316,564
316,565
316,1373
316,2626
316,570
316,1386
317,328
317,386
317,319
317,387
317,388
317,389
317,323
317,390
318,319
319,386
319,320
319,1442
319,390
320,321
320,323
321,2053
321,1442
321,322
321,323
322,2846
323,389
324,1113
324,418
324,423
324,446
324,677
325,855
326,328
326,391
326,392
326,393
327,397
327,398
327,399
327,400
327,401
328,331
328,386
328,402
328,403
328,385
329,330
329,331
329,386
329,397
329,404
330,405
330,406
330,331
330,386
330,404
331,388
331,406
331,397
331,386
331,407
331,408
331,409
332,1401
332,1397
332,1399
332,334
332,1316
333,356
333,2569
333,474
334,1316
335,336
335,1962
335,337
335,344
335,345
335,346
335,347
335,348
335,349
335,1963
335,1878
335,1881
335,794
335,352
336,337
336,683
336,851
336,338
336,339
336,340
336,343
336,345
336,346
336,347
336,348
336,349
336,351
336,352
337,1717
337,344
337,345
337,346
337,347
337,348
337,349
337,581
337,1878
337,794
337,352
338,339
339,344
340,1717
340,344
341,355
341,356
341,343
341,359
341,370
341,351
341,367
341,1608
341,361
341,2569
342,2597
342,1138
342,372
342,351
343,1269
343,1270
343,353
343,2214
343,355
343,351
344,1739
344,346
344,613
344,347
344,348
344,345
345,2824
345,553
345,645
345,706
345,612
345,708
345,349
345,1962
345,346
345,1717
345,366
345,696
345,613
345,365
345,347
345,624
345,815
345,348
346,349
346,347
346,348
346,352
347,349
347,1717
347,348
347,2825
347,352
348,349
348,352
349,1587
349,1586
349,352
350,2497
351,2111
351,2597
351,367
351,363
353,1269
353,376
353,1270
353,1353
353,377
353,1354
353,1355
353,373
353,840
353,374
353,1356
353,1357
355,356
355,359
355,361
356,359
356,361
356,474
358,673
359,2597
359,370
359,367
359,1608
359,361
360,376
360,1937
360,1938
360,1020
360,1188
361,367
361,593
361,1316
361,363
362,2111
363,2597
363,367
363,593
367,2597
367,386
368,370
368,596
369,1578
369,1609
370,1270
370,1273
371,729
371,2222
371,2223
372,2598
372,1844
372,1845
372,1778
372,572
372,751
372,2426
373,1269
373,376
374,1037
374,2662
374,377
374,1222
375,1844
375,1253
375,1035
375,2662
375,377
375,1274
375,1279
376,1342
376,1358
377,1353
377,1611
378,873
379,1589
379,1590
379,1577
379,1578
379,1579
379,1591
379,380
379,381
379,1048
379,1592
380,1580
380,1582
381,768
381,1047
381,1046
381,772
381,1060
381,1059
381,2575
381,1579
381,1061
381,925
381,926
381,927
381,967
381,968
381,969
381,971
382,858
384,2111
384,1595
385,1382
385,555
385,2647
385,2858
385,386
385,893
386,1113
386,397
386,1030
387,397
387,1444
387,390
388,397
388,1315
390,1301
390,2884
390,1419
391,2784
391,1217
391,866
391,2783
392,465
394,421
394,418
394,423
394,2644
394,449
395,2923
395,396
397,406
397,407
398,1786
401,2822
401,701
401,693
401,790
401,702
402,601
402,1433
402,1741
402,1742
402,1743
402,1744
402,1745
402,614
402,1746
402,1747
402,1748
402,1749
402,829
402,625
402,1750
402,1751
402,1752
402,1753
402,1754
402,1755
402,813
402,862
402,865
403,1899
404,2799
405,1443
406,409
407,1343
407,2495
407,2883
407,2058
407,2812
407,2558
407,2059
407,2509
407,2057
409,968
410,411
410,412
411,1737
411,510
411,1738
411,543
411,515
411,2808
412,2285
412,1327
413,414
414,1834
416,417
416,418
416,419
417,420
418,421
418,422
418,423
418,424
418,425
418,426
418,427
418,428
418,429
418,430
418,431
418,432
418,433
418,434
418,435
418,436
418,437
418,438
418,439
418,440
418,441
418,442
418,443
418,444
418,445
418,446
418,447
418,448
418,449
418,450
418,451
418,452
418,453
418,454
418,455
418,456
419,633
419,2971
420,422
420,2963
421,423
421,426
421,429
421,432
421,457
421,458
421,449
421,459
422,429
422,431
422,432
422,433
422,441
422,444
422,449
423,460
423,424
423,461
423,427
423,428
423,462
423,432
423,434
423,463
423,438
423,442
423,445
423,447
423,449
423,464
423,465
423,450
423,451
423,454
423,455
423,456
424,787
424,821
425,1964
425,1965
425,1587
425,1404
425,844
425,672
425,673
425,1497
425,1966
425,1967
425,1601
425,913
425,675
425,681
425,1499
426,460
426,873
426,1709
426,456
427,873
427,874
427,461
427,1984
427,821
427,429
427,462
427,435
427,439
427,440
427,1985
428,844
428,914
428,907
429,1214
429,463
429,437
429,712
429,441
429,444
429,456
430,843
430,787
430,821
430,713
431,2212
431,2211
431,463
432,729
432,2191
432,457
432,2192
432,433
432,2162
432,434
432,742
434,460
434,2306
434,463
435,1720
435,703
435,732
435,704
435,873
435,788
435,793
436,2523
437,909
437,463
437,444
438,785
438,787
438,2306
438,907
439,792
439,1876
439,586
439,674
440,792
440,1946
440,673
440,905
441,1088
441,452
442,1501
442,1965
442,1601
442,462
443,2817
443,447
445,706
445,787
445,696
445,2905
446,1113
446,2920
446,2672
447,2817
447,2816
447,448
447,452
447,453
448,2817
448,2816
448,2550
450,722
450,738
450,451
450,1600
451,873
451,874
451,821
452,453
452,454
454,2620
457,645
457,811
458,1214
458,1215
459,1214
459,1103
459,1215
460,462
461,1947
461,1946
461,470
461,873
461,821
461,805
461,1718
461,1719
461,1507
462,1965
462,1502
462,785
462,1234
463,533
463,489
463,491
463,492
463,2592
463,525
463,486
463,505
463,508
463,506
463,521
463,480
463,514
464,909
464,472
464,699
464,786
464,780
464,1072
465,1465
465,866
465,2783
465,609
466,467
466,468
466,469
467,2371
468,1103
468,2561
469,1103
469,2062
472,726
472,727
472,729
472,738
472,1050
472,1249
472,954
472,955
472,1272
472,749
472,839
472,780
472,1371
472,1013
472,1022
472,474
473,769
473,956
473,957
473,738
473,931
473,767
474,1248
474,726
474,727
474,729
474,730
474,770
474,954
474,733
474,2302
474,1245
474,738
474,1222
474,590
474,925
474,926
474,927
474,968
476,485
476,486
476,477
476,483
476,487
476,488
477,489
477,486
477,478
477,482
477,484
477,490
477,488
478,489
478,491
478,492
478,486
478,493
478,494
478,495
478,496
478,497
479,498
479,499
480,491
480,500
480,501
480,502
480,503
480,504
481,493
481,505
481,506
481,504
482,489
482,507
482,508
483,486
483,512
483,484
483,513
484,489
484,492
484,514
484,504
485,486
486,512
486,487
486,515
486,488
486,496
486,516
488,2968
489,492
489,493
489,494
489,507
489,508
489,517
489,518
489,495
489,519
489,496
489,516
489,520
490,1560
490,1555
491,509
491,521
491,495
491,522
491,519
491,496
491,497
492,493
492,521
493,527
493,494
493,519
494,527
494,495
494,497
495,508
495,518
497,877
497,508
498,1974
498,2584
498,1868
498,2585
499,2310
499,2311
500,501
500,503
500,524
500,525
500,504
501,503
501,524
501,504
502,522
503,524
503,504
505,506
505,521
505,531
505,532
506,533
506,534
506,531
507,508
510,535
510,536
510,537
510,538
510,539
510,540
510,541
510,542
510,543
510,544
510,545
510,546
510,547
510,548
510,549
511,550
511,551
513,2259
514,518
515,1737
515,2809
515,1738
515,2058
515,2436
517,1870
519,1420
519,1421
520,1737
520,1556
521,1420
521,1421
521,1422
521,531
524,558
526,2410
529,552
529,553
529,554
529,555
529,539
529,538
529,556
529,544
529,557
530,1344
530,1345
531,1422
531,2084
531,2086
532,2084
532,2088
532,2086
534,2609
535,537
536,1563
536,654
536,1564
536,656
538,552
538,553
538,539
538,628
539,552
539,553
539,554
539,628
539,557
539,549
540,1077
541,2726
541,542
541,2037
542,2728
542,2729
542,2730
542,2543
544,552
544,553
544,556
544,1292
545,2239
545,2248
545,2253
545,2252
546,2726
546,2669
546,2854
547,2959
548,1144
548,2984
548,921
548,2369
549,552
549,553
550,2595
550,1758
550,2002
552,553
552,554
553,554
553,628
553,557
554,614
554,557
554,809
554,1790
555,877
556,1077
558,633
558,1912
559,560
559,561
559,562
559,563
559,564
559,565
559,566
559,567
559,568
559,569
559,570
559,571
560,561
560,572
560,562
560,573
560,565
560,566
560,569
560,570
560,574
560,575
560,576
561,573
561,565
561,566
561,567
561,569
561,577
561,578
561,579
561,574
561,575
561,576
562,1372
562,1378
562,1379
562,573
562,572
562,563
562,1374
562,564
562,565
562,566
562,568
562,569
562,1380
562,577
562,1375
562,579
562,1376
562,1377
563,573
563,564
563,1381
563,565
563,572
563,1374
563,566
563,568
563,1380
563,1376
563,1377
564,1372
564,1382
564,567
564,565
565,1372
565,1382
565,1379
565,1385
565,573
565,567
565,1381
565,568
565,569
565,570
565,1375
566,1223
566,1379
566,1283
566,966
566,1374
566,572
566,573
566,569
566,570
566,1380
566,577
566,1376
566,1388
566,575
566,1377
567,1372
567,1382
567,573
567,568
567,1375
567,1290
568,1382
568,1381
568,569
568,572
568,1658
568,570
568,1376
568,1386
569,1223
569,1379
569,1657
569,1283
569,1381
569,966
569,1992
569,1374
569,1230
569,572
569,1658
569,570
569,1993
569,914
569,1994
569,1376
569,1293
569,1377
570,1372
570,1374
570,572
570,1376
570,574
570,1377
570,1995
571,1705
571,2906
571,1032
572,1372
572,1373
572,1374
572,1375
572,1376
572,574
572,1377
573,1372
573,1378
573,1385
573,577
573,1386
573,575
574,1372
574,1378
574,1374
574,2714
574,2716
574,653
574,654
574,1375
574,1377
575,1372
575,1378
575,1283
575,2278
575,1375
575,1386
576,1995
578,1008
578,1389
578,2437
579,2220
579,1654
579,2237
582,583
582,584
582,585
583,585
583,586
583,587
583,588
583,589
583,590
584,585
584,591
584,592
584,593
584,594
584,595
585,596
585,592
585,595
586,672
586,673
586,674
587,589
587,590
588,2297
588,666
588,2301
588,2295
588,2302
588,665
588,669
589,1355
590,1248
590,723
590,928
590,1277
590,699
590,959
590,1009
590,954
590,1029
590,1245
590,962
590,738
590,934
590,741
590,742
590,994
592,2888
592,595
592,1191
593,2377
594,2092
595,596
595,827
597,598
598,1135
598,1138
598,1139
598,1140
598,1141
598,764
598,1142
599,600
599,601
599,602
599,603
599,604
599,605
599,606
599,607
599,608
599,609
600,610
600,611
600,601
600,612
600,613
600,614
600,603
600,604
600,605
600,606
600,607
600,608
600,615
600,616
600,617
600,618
600,619
600,620
601,623
601,610
601,624
601,625
601,603
601,604
601,605
601,606
601,607
601,626
601,608
601,627
601,622
601,618
601,619
601,620
602,832
602,833
602,818
602,612
602,834
603,610
603,611
603,612
603,613
604,611
604,614
604,1789
604,613
604,619
605,1848
605,1457
605,1768
605,625
605,862
605,606
605,607
605,626
605,904
605,1756
605,1849
605,1477
605,1850
605,865
605,1851
605,1852
605,619
606,1848
606,607
606,862
606,1768
606,626
606,1849
606,1477
606,1850
606,865
606,1851
606,1852
606,619
607,1848
607,862
607,1768
607,626
607,608
607,1770
607,1849
607,1477
607,865
607,617
607,1888
607,618
607,619
607,620
608,611
608,1210
608,1812
608,836
608,860
608,1782
608,719
608,825
608,861
608,826
608,2100
608,863
608,864
608,2095
608,615
608,616
608,617
608,618
608,822
608,620
609,870
609,1465
609,809
610,621
610,622
611,613
611,621
611,617
611,618
611,619
612,811
612,812
612,695
612,696
612,710
612,719
612,813
612,613
612,814
612,621
612,815
612,816
612,817
612,620
613,705
613,645
613,811
613,812
613,1633
613,706
613,1744
613,695
613,707
613,614
613,836
613,860
613,903
613,825
613,861
613,708
613,709
613,1760
613,710
613,1761
613,696
613,798
613,813
613,834
613,1756
613,615
613,1762
613,816
613,616
614,1633
614,615
614,621
614,616
614,1771
614,617
614,618
614,620
615,812
615,663
615,719
615,2399
615,1805
615,814
615,620
616,2914
616,812
616,719
616,2399
616,1805
616,814
616,2758
616,620
617,626
617,1770
617,1888
618,1210
618,1812
618,836
618,860
618,1782
618,719
618,825
618,861
618,826
618,2100
618,863
618,864
619,1209
619,620
620,706
620,663
620,719
620,1805
620,814
620,838
620,813
620,827
621,1744
621,626
621,2166
621,2637
622,2230
622,1799
622,1652
622,2231
622,814
622,712
624,811
624,823
624,1466
624,813
624,627
624,827
624,815
624,802
624,822
625,1780
625,865
626,1744
626,1768
626,1889
626,865
627,836
627,860
627,719
627,825
627,861
627,826
627,837
627,791
627,713
627,904
628,2093
629,630
630,2495
630,1853
630,2371
631,632
631,633
632,634
632,635
632,636
632,637
632,638
632,639
632,640
632,641
633,642
633,643
634,883
634,1907
634,636
634,1627
634,1908
634,849
634,1909
634,637
634,1910
634,1903
634,1911
634,641
635,841
635,1901
635,636
635,1903
636,841
636,1901
636,1907
636,883
636,1903
636,641
637,1907
637,1909
637,1627
637,641
639,841
641,883
641,1907
641,1903
641,1910
642,2765
644,645
645,900
645,1788
646,647
646,648
647,648
647,649
647,650
647,651
647,652
647,653
647,654
647,655
647,656
647,657
647,658
648,654
649,2470
649,2475
649,652
649,1563
649,653
649,654
649,1156
649,656
650,651
650,655
650,656
650,2749
651,656
651,2749
653,1563
653,654
653,2477
653,2715
653,656
654,2469
654,1564
654,2738
654,2508
654,1563
655,656
656,2032
656,1129
656,2715
657,2925
658,1793
659,660
659,661
659,662
661,2517
661,2013
664,665
664,666
664,667
664,668
664,669
664,670
664,671
665,1270
665,666
665,2295
665,1271
665,1222
665,1353
665,2296
666,2297
666,2295
666,2298
666,667
666,668
666,669
666,670
666,978
666,2299
667,668
667,669
667,670
668,2297
668,2295
668,669
668,670
668,2300
668,2570
668,2571
669,2297
669,2300
669,978
669,670
671,2297
672,675
672,676
672,677
672,678
672,679
673,680
673,681
674,792
674,820
674,851
674,787
674,711
674,1876
674,846
675,844
675,1497
675,676
675,681
676,844
676,677
676,678
677,820
677,844
678,844
678,1625
678,1627
678,2081
679,2663
679,785
680,682
680,683
680,684
680,685
681,1964
681,844
681,1497
681,696
682,686
682,687
682,688
682,683
682,689
682,684
682,690
683,687
683,2092
683,2089
684,1624
684,882
684,2091
684,687
684,1216
684,690
684,685
684,1499
684,1360
686,1620
686,687
687,882
687,1317
687,689
687,690
688,1620
688,752
688,1622
688,1623
688,1621
689,882
689,2091
689,690
689,1625
689,1317
689,1360
691,692
691,693
691,694
691,695
691,696
693,703
693,701
693,704
693,702
695,705
695,706
695,707
695,696
695,708
695,709
695,710
695,711
695,712
696,705
696,706
696,707
696,708
696,709
696,710
696,711
696,713
696,714
696,715
697,716
697,717
698,718
698,719
698,720
698,721
699,722
699,723
699,724
699,725
699,726
699,727
699,728
699,729
699,730
699,731
699,700
699,732
699,733
699,734
699,735
699,736
699,737
699,738
699,739
699,740
699,741
699,742
699,743
699,744
699,745
699,746
699,747
699,748
699,749
699,750
699,751
699,752
699,753
699,754
699,755
699,756
699,757
699,758
699,759
699,760
699,761
699,762
699,763
699,764
699,765
699,766
699,767
700,768
700,726
700,727
700,729
700,769
700,770
700,771
700,772
700,773
700,774
700,732
700,733
700,775
700,776
700,777
700,748
700,749
700,778
700,779
700,780
700,781
700,782
700,783
700,784
701,705
701,785
701,773
701,786
701,787
701,788
701,789
701,790
701,791
701,702
702,2979
702,2980
702,1245
702,704
702,1721
703,792
703,773
703,704
703,788
703,793
703,794
704,796
705,797
705,718
705,706
705,707
705,708
705,787
705,798
705,799
705,713
705,800
705,801
705,802
705,715
705,803
705,804
706,797
706,708
706,709
706,710
706,719
706,805
706,806
706,807
706,712
706,808
706,802
706,809
706,810
707,708
707,798
708,818
708,819
708,787
708,710
708,713
708,715
708,804
709,820
709,819
709,787
709,719
709,821
709,711
709,713
709,712
709,715
709,822
710,823
710,824
710,825
710,826
710,791
710,827
710,822
711,820
711,875
711,819
711,787
711,821
711,799
711,846
711,713
711,876
712,870
712,1815
712,1767
712,2230
712,1632
712,806
712,805
712,1830
712,1650
712,808
712,1818
713,871
713,843
713,836
713,860
713,787
713,719
713,825
713,861
713,821
713,826
713,863
713,837
713,791
713,838
713,827
714,797
715,1786
715,1757
716,2374
716,2375
719,818
719,720
719,825
719,826
719,860
719,861
719,862
719,863
719,864
719,837
719,791
719,827
719,865
719,866
719,867
719,802
719,868
719,869
721,835
721,2159
721,955
721,1354
722,1026
722,989
722,754
722,1027
722,994
723,937
723,945
723,959
723,1028
723,1029
723,962
723,1030
723,1031
723,1001
724,1016
724,762
724,766
725,762
725,1032
726,918
726,773
726,729
726,770
726,795
726,727
726,731
726,769
726,771
726,774
726,732
726,733
726,919
726,920
726,921
726,922
726,923
726,924
726,735
726,736
726,925
726,926
726,927
726,928
726,929
726,930
726,737
726,931
726,932
726,933
726,934
726,741
726,742
726,935
726,743
726,936
726,937
726,938
726,939
726,940
726,941
726,942
726,943
726,944
726,945
726,946
726,744
726,947
726,948
726,949
726,950
726,951
726,952
726,953
726,954
726,955
726,956
726,957
726,911
726,958
726,745
726,959
726,960
726,961
726,895
726,789
726,962
726,963
726,964
726,965
726,966
726,967
726,968
726,969
726,970
726,747
726,971
726,972
726,973
726,778
726,974
726,975
726,976
726,977
726,978
726,751
726,979
726,980
726,981
726,982
726,983
726,984
726,753
726,985
726,986
726,987
726,988
726,989
726,990
726,991
726,992
726,993
726,994
726,995
726,996
726,997
726,998
726,999
726,762
726,764
726,1000
726,1001
726,1002
727,1033
727,773
727,729
727,770
727,795
727,769
727,774
727,732
727,919
727,920
727,921
727,922
727,923
727,736
727,926
727,927
727,930
727,737
727,931
727,932
727,933
727,934
727,741
727,742
727,935
727,743
727,937
727,938
727,939
727,940
727,942
727,943
727,945
727,744
727,947
727,948
727,949
727,950
727,952
727,1005
727,956
727,957
727,911
727,958
727,745
727,960
727,895
727,789
727,962
727,963
727,964
727,965
727,967
727,968
727,969
727,970
727,747
727,971
727,972
727,973
727,778
727,1010
727,977
727,751
727,979
727,980
727,982
727,984
727,985
727,990
727,1034
727,992
727,996
727,997
727,998
727,999
727,1015
727,1001
727,1002
728,733
728,924
728,929
728,1035
728,1036
728,983
728,1037
728,754
728,1038
728,1039
728,1040
728,762
728,1032
728,1041
729,918
729,773
729,786
729,770
729,795
729,731
729,769
729,774
729,732
729,733
729,919
729,920
729,921
729,922
729,923
729,1003
729,924
729,735
729,736
729,926
729,927
729,929
729,930
729,737
729,931
729,932
729,933
729,741
729,742
729,935
729,937
729,938
729,939
729,940
729,941
729,942
729,1004
729,943
729,945
729,946
729,744
729,947
729,948
729,949
729,950
729,951
729,952
729,954
729,1005
729,955
729,956
729,1006
729,957
729,911
729,775
729,958
729,745
729,959
729,895
729,789
729,962
729,1007
729,746
729,963
729,964
729,965
729,1008
729,966
729,967
729,968
729,969
729,970
729,747
729,971
729,972
729,973
729,778
729,974
729,1009
729,976
729,1010
729,977
729,751
729,979
729,980
729,981
729,982
729,984
729,753
729,985
729,989
729,1011
729,990
729,1012
729,991
729,992
729,755
729,993
729,994
729,757
729,758
729,1013
729,1014
729,995
729,996
729,997
729,998
729,999
729,794
729,1015
729,1000
729,1001
729,1002
730,946
730,744
730,939
730,947
730,770
730,921
730,923
730,930
730,737
730,932
730,933
730,741
730,742
730,935
730,940
730,945
730,950
730,955
730,956
730,957
730,745
730,964
730,967
730,747
730,971
730,972
730,1042
730,778
730,979
730,980
730,981
730,984
730,992
730,998
730,1002
730,1043
731,929
731,983
731,1044
731,1045
732,769
732,770
732,771
732,772
732,773
732,786
732,774
732,733
732,910
732,911
732,775
732,1069
732,776
732,748
732,749
732,1070
732,778
732,779
732,1071
732,912
732,782
732,783
732,784
732,1072
732,822
733,1026
733,1073
733,924
733,770
733,772
733,910
733,740
733,776
733,1070
733,783
733,784
734,1073
734,924
734,735
734,736
734,925
734,926
734,927
734,1206
734,971
734,1213
734,989
734,994
734,998
735,928
735,1219
735,924
735,1220
735,770
735,929
735,930
735,737
735,738
735,1173
735,931
735,1174
735,932
735,933
735,934
735,1221
735,1108
735,910
735,1222
735,739
735,740
735,741
735,742
735,1017
735,935
736,1223
736,1224
736,769
736,1225
736,1226
736,1227
736,770
736,920
736,771
736,1228
736,795
736,1229
736,1230
736,919
736,1051
736,743
736,1139
736,738
736,936
736,937
736,1059
736,938
736,1231
736,925
736,1178
736,1031
736,1232
736,917
736,1233
737,928
737,1218
737,1219
737,924
737,952
737,953
737,1250
737,770
737,920
737,795
737,1229
737,921
737,931
737,747
737,1031
737,753
737,1243
738,1253
738,769
738,1066
738,954
738,1005
738,955
738,749
738,1141
738,763
738,1239
739,1275
739,958
739,765
740,924
740,933
740,1108
740,989
740,1276
740,994
740,767
741,1277
741,920
741,745
741,743
741,747
741,1278
741,1279
741,1239
742,1016
742,918
742,1023
742,769
742,770
742,1280
742,795
742,1004
742,951
742,921
742,922
742,1281
742,1282
743,770
743,920
743,1305
743,795
743,939
743,926
743,933
743,936
743,940
743,941
743,943
743,958
743,895
743,967
743,977
743,981
743,989
743,1243
743,1011
743,783
743,1279
743,1189
743,994
743,995
743,1306
743,1000
743,1002
744,1342
744,1257
744,769
744,960
744,946
744,770
744,920
744,939
744,947
744,745
744,747
744,971
744,1042
744,1141
744,998
744,1043
745,1257
745,769
745,960
745,818
745,770
745,1249
745,1245
745,1279
746,1336
746,1065
746,1172
746,1023
746,949
746,773
746,951
746,1958
746,1246
746,963
746,973
746,1176
746,1213
746,1666
746,1034
746,1238
747,1342
747,1257
747,769
747,946
747,770
747,920
747,2075
747,939
747,947
747,936
747,1042
747,1018
747,969
747,971
747,998
748,772
748,1059
748,749
749,1028
749,1219
749,772
749,911
749,775
749,951
749,776
749,1268
749,1069
749,1070
749,937
749,839
749,1083
749,778
749,779
749,793
749,910
749,1213
749,1071
749,780
749,1243
749,781
749,912
749,783
749,784
750,1446
750,2202
750,1940
750,1937
750,1938
750,1186
750,898
751,1873
751,770
751,920
751,1874
751,795
751,1846
751,921
751,1878
752,1277
752,770
752,1009
753,1697
753,952
753,1250
753,1066
753,770
753,1067
753,959
753,1029
753,956
753,985
753,933
753,1031
753,756
754,1026
754,2872
754,1245
754,934
754,1027
754,984
754,989
754,994
755,1247
755,1665
755,1066
755,1027
756,1697
756,952
756,1250
756,1066
756,1067
756,1017
756,925
756,926
756,967
756,968
756,1031
756,972
756,757
756,2079
756,1178
756,1189
757,795
757,1029
757,1245
757,1017
757,927
757,967
757,968
757,1031
758,2898
758,769
758,770
758,974
758,774
758,2899
758,982
758,778
758,1018
758,1232
758,1251
759,1046
759,818
759,1576
760,773
760,786
760,1020
760,2936
760,1190
761,2022
761,1144
761,2033
761,2961
761,2731
761,2021
761,1137
761,2950
762,1252
762,770
762,1245
763,985
763,955
763,839
763,2662
763,1355
764,1223
764,944
764,1172
764,1049
764,769
764,1066
764,771
764,1067
764,786
764,774
766,1336
766,1665
766,2078
767,1073
767,895
767,933
767,925
768,928
768,1046
768,775
768,1047
768,1048
769,944
769,1049
769,1050
769,771
769,774
769,924
769,930
769,1051
769,936
769,939
769,947
769,952
769,954
769,957
769,895
769,968
769,971
769,1052
769,977
769,980
769,981
769,1053
769,782
769,1013
769,998
769,1054
769,1055
770,1016
770,918
770,920
770,795
770,774
770,919
770,921
770,922
770,923
770,926
770,927
770,930
770,932
770,933
770,1017
770,935
770,937
770,939
770,1018
770,940
770,942
770,943
770,947
770,1019
770,948
770,949
770,950
770,955
770,956
770,957
770,911
770,958
770,959
770,895
770,789
770,962
770,1020
770,963
770,964
770,965
770,967
770,968
770,969
770,970
770,971
770,972
770,778
770,977
770,979
770,980
770,981
770,982
770,984
770,985
770,990
770,1021
770,996
770,997
770,998
770,1022
770,999
770,1001
770,1002
771,944
771,774
771,1051
771,936
771,911
771,1052
771,977
771,1053
771,1056
771,781
771,1057
771,1058
772,945
772,1059
772,777
772,778
772,1060
772,1061
772,1036
772,912
772,1062
772,1063
772,1064
773,909
773,818
773,786
773,910
773,911
773,788
773,789
773,790
773,778
773,779
773,912
773,782
773,783
773,822
774,944
774,928
774,1065
774,1023
774,946
774,1066
774,1067
774,1068
774,949
774,950
774,936
774,977
774,981
774,917
774,1013
775,1705
775,1028
775,1267
775,1023
775,911
775,910
775,776
775,777
775,778
775,780
775,783
775,784
775,1706
776,1028
776,911
776,1268
776,1069
776,778
776,779
776,783
776,784
776,1707
777,2003
777,1416
777,1582
777,2004
778,1267
778,1023
778,920
778,795
778,911
778,1268
778,1069
778,1213
778,1071
778,781
778,783
779,2270
779,911
779,1268
779,1069
779,1708
780,911
780,1268
780,955
780,1069
780,1708
780,980
780,1071
780,781
780,783
781,1336
781,911
781,1268
781,1069
781,936
781,2760
781,1057
781,1243
781,782
781,783
781,2454
782,944
782,1036
782,936
782,916
782,981
782,926
782,912
783,944
783,1028
783,1267
783,911
783,1268
783,1069
783,936
783,990
783,784
783,926
783,912
784,1028
784,899
784,1044
784,911
784,857
784,1174
784,846
784,866
785,792
785,787
785,844
785,913
785,914
785,794
786,788
786,789
786,915
786,916
786,917
787,797
787,843
787,819
787,801
787,803
787,804
788,818
788,959
788,1029
788,962
788,955
788,790
788,789
788,1072
788,1700
789,818
789,1529
789,1062
790,909
791,818
791,897
791,902
791,836
791,2199
791,860
791,825
791,861
791,826
791,863
791,837
791,838
791,827
792,905
792,906
792,907
792,908
794,1574
794,1223
794,1046
794,1284
794,966
794,911
794,1583
794,1174
794,1059
795,1016
795,918
795,1023
795,1024
795,920
795,919
795,921
795,922
795,923
795,926
795,927
795,930
795,932
795,933
795,935
795,936
795,940
795,941
795,942
795,943
795,948
795,956
795,957
795,911
795,958
795,895
795,964
795,965
795,967
795,968
795,969
795,970
795,972
795,979
795,980
795,981
795,984
795,1011
795,992
795,997
795,1025
795,1002
796,845
796,856
796,1186
796,846
797,819
797,828
799,843
799,801
799,803
799,804
800,2230
800,2224
801,843
801,819
802,2852
802,813
803,843
803,819
804,828
804,843
804,819
804,805
805,870
805,1240
806,1767
806,864
806,1830
806,808
806,1840
806,1832
806,810
808,1767
808,1830
808,810
809,870
809,1633
810,2097
810,2522
810,1465
810,1483
810,1830
810,1458
810,1451
810,1461
810,1240
811,829
812,830
812,831
813,1739
813,1391
813,1740
813,830
814,2399
814,1805
815,870
815,864
816,2660
816,2110
816,2112
818,835
818,825
818,836
818,837
818,838
818,827
818,839
818,840
819,841
819,842
819,843
819,844
820,845
820,846
820,847
820,848
820,849
820,850
820,851
820,852
820,853
821,870
821,871
821,872
821,843
821,873
821,874
822,836
822,860
822,861
822,826
823,896
823,864
823,897
823,898
824,899
824,857
824,837
824,834
824,827
824,900
824,901
825,902
825,836
825,860
825,903
825,826
825,863
825,837
825,904
825,827
826,836
826,860
826,861
826,904
827,902
827,836
827,903
827,837
827,838
828,900
830,1765
832,1390
832,1391
832,833
833,1391
833,866
834,899
834,837
835,1884
836,860
836,861
836,1789
836,863
836,837
836,904
836,838
836,1790
837,902
837,860
837,861
837,863
837,904
837,838
838,860
838,861
838,863
839,1253
839,1060
839,1070
839,1708
839,2267
839,1274
839,2268
840,855
840,1035
840,1706
841,1901
841,1902
841,1903
841,1904
841,1905
841,1906
842,1896
844,1496
844,1497
844,888
844,1498
844,1499
845,856
845,1317
845,1318
845,1216
845,853
846,847
846,856
846,857
846,1003
846,1216
846,850
847,1068
847,851
848,850
848,1493
848,1494
848,1495
848,853
849,2080
849,1068
849,1907
849,1909
849,1627
849,1908
849,852
850,2443
851,2449
851,1100
851,856
851,2444
854,859
855,857
855,858
855,1068
855,859
855,1492
856,1317
856,1318
856,1216
857,899
857,858
857,1032
858,1490
858,1489
858,1491
858,1032
859,2442
860,1791
860,1792
860,861
860,863
860,904
860,1756
861,1207
861,863
861,904
861,1788
862,1744
862,1458
862,1451
862,1887
862,1477
862,865
862,1474
863,1814
863,904
864,870
864,2097
864,1830
865,1848
865,2314
865,1744
865,903
865,1850
865,2166
865,2315
865,1477
865,1851
865,1509
865,1099
866,2782
866,2783
868,1103
868,1215
869,1039
870,1240
870,1466
870,1812
870,1814
870,1815
870,1816
870,1817
870,1818
871,873
871,1902
871,1945
872,1046
872,1600
873,1946
873,874
873,1945
873,876
874,1902
874,1945
875,1996
876,1977
876,2966
876,1978
878,1361
878,1362
878,886
878,1364
878,1363
878,1365
878,1366
880,881
880,888
880,892
881,1913
882,1624
882,1620
882,1625
882,1626
882,1627
882,1317
882,1628
882,1629
883,1907
883,1903
885,1915
885,1916
886,1362
886,1364
886,1363
886,1166
887,2087
887,1627
887,2081
888,1627
888,1908
888,2084
888,2085
888,2088
888,2086
890,2374
890,2376
891,2973
891,1085
893,2374
895,920
895,919
895,958
895,1177
895,1000
897,2200
897,900
897,2201
898,1446
898,2202
898,1940
898,1007
898,1938
898,2365
899,1278
899,900
899,1997
899,901
900,2779
902,904
904,1446
904,1739
904,1756
904,1889
906,1899
906,1497
906,2853
907,1946
907,1718
907,2661
908,1899
909,1720
909,1721
910,1218
910,1219
910,1267
910,924
910,911
910,1268
910,1069
910,931
910,1213
910,912
911,920
911,1069
911,1070
911,1083
911,912
912,1028
912,1069
912,1083
912,1059
912,1876
912,1057
912,968
914,1574
914,1284
914,966
914,1583
916,917
917,1223
917,1066
917,1067
917,1230
917,1005
917,1059
917,938
917,1286
917,980
917,981
917,994
918,921
918,933
918,1018
918,968
918,970
918,980
918,982
918,1011
918,1171
918,1002
919,1172
919,920
919,921
919,1173
919,1174
919,1139
919,1018
919,943
919,1175
919,970
919,1176
919,1177
919,1178
919,1179
919,982
919,992
919,1027
919,993
919,1180
919,1021
919,1181
919,1015
919,1182
919,1002
920,921
920,922
920,923
920,926
920,930
920,932
920,933
920,935
920,940
920,941
920,943
920,947
920,956
920,957
920,958
920,964
920,967
920,968
920,970
920,971
920,972
920,979
920,982
920,984
920,997
920,998
920,1185
920,1002
921,922
921,923
921,1003
921,926
921,927
921,1174
921,932
921,933
921,935
921,1139
921,1018
921,940
921,942
921,943
921,1175
921,1186
921,948
921,955
921,1187
921,964
921,965
921,967
921,968
921,969
921,970
921,972
921,1176
921,977
921,979
921,980
921,1179
921,982
921,984
921,1188
921,989
921,1189
921,994
921,996
921,1190
921,1181
921,1015
921,1191
921,1002
922,943
922,923
922,927
922,1174
922,933
922,942
922,1176
922,1002
923,1192
923,1004
923,947
923,943
923,968
923,998
923,1193
924,928
924,1073
924,1217
924,1218
924,1219
924,1050
924,1013
925,1234
925,969
925,1235
925,971
925,972
925,1176
925,977
925,981
925,989
925,1236
925,1011
925,1034
925,1237
925,1232
925,994
925,997
925,998
925,1002
925,1238
925,1239
926,1023
926,939
926,933
926,1018
926,940
926,941
926,1240
926,1234
926,969
926,971
926,972
926,1241
926,1242
926,1176
926,977
926,989
926,1243
926,1236
926,1011
926,1034
926,1237
926,1189
926,994
926,998
926,1002
926,1244
926,1238
926,1239
927,1245
927,1174
927,942
927,1246
927,969
927,971
927,1242
927,1176
927,977
927,1188
927,989
927,1243
927,1236
927,1011
927,1034
927,1237
927,1189
927,1232
927,994
927,998
927,1002
927,1238
927,1239
928,1247
928,1248
928,1016
928,1223
928,934
928,1050
928,1249
928,1066
928,1250
928,954
928,985
928,986
928,1013
928,1184
928,1251
929,1067
929,983
930,1252
930,952
930,1066
930,1245
930,957
930,984
930,989
930,994
930,995
931,1219
931,1017
932,1065
932,949
932,950
932,951
932,939
932,948
932,1255
932,1256
932,963
932,965
933,1016
933,1004
933,943
933,938
933,941
933,973
933,1055
933,1193
934,1247
934,1026
934,1257
934,1218
934,1219
934,956
934,1006
934,957
934,1258
936,944
936,939
936,977
936,981
936,1053
936,1056
936,1243
937,1308
937,1224
937,1309
937,1065
937,1023
937,949
937,950
937,959
937,951
937,1231
937,1039
938,1223
938,1229
938,1230
938,1005
938,973
939,1257
939,946
939,940
939,947
939,1313
939,967
939,968
939,971
939,1042
939,981
939,998
939,1043
940,1235
940,970
940,967
940,968
940,981
941,992
942,1033
942,1176
943,1192
943,1174
943,968
943,1176
944,1049
944,1050
944,1066
944,952
944,977
944,981
944,1013
944,1184
945,1028
945,954
945,1036
945,1341
946,947
946,971
946,1042
946,998
946,1043
947,1257
947,968
947,971
947,1042
947,998
948,1347
948,1023
948,1305
948,949
948,950
948,951
948,963
948,965
948,1348
948,1011
948,1666
949,1308
949,1347
949,1668
949,1023
949,1298
949,1305
949,951
949,1246
949,1312
949,963
949,964
949,1313
949,965
949,1348
949,1241
949,990
949,1666
949,1669
950,1065
950,1023
950,1305
950,951
950,1255
950,963
950,964
950,1348
950,1241
950,990
950,1666
951,1347
951,1023
951,1305
951,1255
951,1246
951,1312
951,963
951,964
951,1313
951,1348
951,1241
951,990
951,1666
951,1670
952,1697
952,1031
952,985
953,961
953,1352
953,1244
954,1248
954,1272
955,1176
955,1072
955,1700
956,958
956,1702
957,1252
957,1066
957,1245
958,1250
959,1017
959,1029
959,962
959,1031
959,1702
959,1001
960,1712
961,1008
961,1715
961,1022
961,1716
961,1244
961,1238
962,1697
962,1029
962,1031
962,1001
963,1308
963,1224
963,1065
963,1023
963,1255
963,1256
963,1311
963,964
963,1313
963,965
963,1246
963,1241
963,981
963,1666
964,1065
964,1023
964,1255
964,981
964,1666
965,1308
965,1349
965,1348
965,1241
965,1666
965,1034
966,1574
966,1283
966,1583
966,1602
966,1584
967,1235
967,970
967,1234
967,969
967,971
967,972
967,1176
967,977
967,989
967,1011
967,1034
967,994
967,998
967,1015
967,1002
967,1238
967,1239
968,1351
968,1018
968,1234
968,969
968,2072
968,971
968,972
968,1242
968,1176
968,977
968,989
968,1243
968,1236
968,1011
968,1034
968,1237
968,1189
968,1232
968,994
968,998
968,1002
968,1244
968,1238
968,1239
969,1234
969,2072
969,972
969,1176
969,977
969,1177
969,989
969,1011
969,1034
969,1237
969,994
969,1002
969,1244
969,1238
970,1033
970,981
970,1034
970,1015
971,1257
971,1042
971,2076
971,2072
971,972
971,1176
971,989
971,1011
971,1034
971,994
971,998
971,1002
971,1238
972,2072
972,1333
972,1242
972,1176
972,989
972,1011
972,1034
972,1237
972,994
972,1282
972,1002
972,1244
972,1238
973,1226
973,1175
973,1285
973,1655
973,1659
973,1993
973,2073
973,1282
974,1067
974,1846
974,1013
974,2208
974,2217
977,2540
977,1176
978,2295
979,1016
980,1280
980,1177
980,1141
981,1053
981,2638
981,1251
982,1182
984,1252
984,1066
984,1245
984,1031
984,1191
985,1250
986,1335
986,1223
986,1336
986,1028
986,1665
986,1338
986,1049
986,1050
986,1066
986,1290
986,1245
986,987
987,1335
987,1223
987,1336
987,1028
987,1665
987,1338
987,1049
987,1050
987,1066
987,1290
987,1245
987,1419
988,1257
988,2759
989,1026
989,1056
989,1240
989,1795
989,1243
989,1236
989,1176
989,1011
989,994
990,1224
990,1309
990,1023
991,995
992,1350
992,1351
992,1235
993,2455
994,1026
994,1056
994,1240
994,1795
994,1243
994,1236
994,1176
994,1011
994,1071
994,1242
994,1189
995,1315
995,1000
995,1239
996,1936
997,1274
998,2949
998,1257
998,1004
998,1022
998,1042
998,2076
999,1066
999,1067
1000,1239
1002,1004
1002,1011
1003,1206
1005,1066
1005,1699
1005,1055
1007,1940
1007,1937
1007,1140
1007,1941
1008,1023
1008,1959
1008,1313
1010,1176
1011,1297
1011,1034
1011,1237
1013,1247
1013,1334
1013,1335
1013,1223
1013,1336
1013,1337
1013,1028
1013,1338
1013,1049
1013,1339
1013,1340
1013,1267
1013,1050
1013,1066
1013,1067
1013,1245
1013,2900
1014,2234
1015,1297
1015,1225
1016,1322
1017,1031
1018,1250
1019,1566
1019,1567
1019,1175
1019,1565
1019,1083
1019,1062
1020,1247
1020,1938
1020,1661
1020,1939
1021,1257
1021,1180
1022,1336
1022,1347
1023,1308
1023,1224
1023,1309
1023,1065
1023,1231
1023,1311
1023,1246
1023,1312
1023,1313
1023,1241
1024,1343
1024,1344
1024,1345
1024,1346
1025,1311
1025,1669
1025,1312
1027,1349
1028,1050
1028,1061
1028,1036
1028,1722
1028,1723
1029,1031
1029,1886
1031,1220
1031,2739
1031,1245
1032,1705
1032,2948
1033,1235
1034,1235
1035,1579
1036,1048
1037,1965
1037,1274
1038,2909
1041,2302
1041,2450
1041,2966
1041,2965
1044,2780
1044,2781
1046,1587
1046,1576
1046,1588
1046,1048
1047,2575
1048,1576
1048,1060
1049,1050
1049,1333
1049,1184
1050,1247
1050,1334
1050,1335
1050,1223
1050,1336
1050,1337
1050,1338
1050,1339
1050,1340
1050,1267
1052,1252
1052,1245
1053,1699
1055,1066
1055,1229
1055,1230
1056,1233
1058,1252
1058,1245
1059,1268
1059,1286
1059,1071
1059,1061
1059,1064
1061,1223
1062,1566
1062,1083
1062,1570
1064,1301
1065,1255
1066,1664
1066,1335
1066,1223
1066,1336
1066,1665
1066,1338
1066,1245
1066,1067
1066,1232
1067,1232
1068,1912
1069,1268
1069,1708
1069,1071
1070,1706
1071,1268
1072,1700
1073,1173
1074,1075
1075,1076
1075,1077
1075,1078
1075,1079
1076,2181
1076,2182
1076,2180
1076,1783
1076,2183
1078,2185
1078,1429
1079,1087
1079,1776
1079,2834
1079,1429
1080,1081
1081,1082
1081,1083
1081,1084
1081,1085
1082,1951
1083,2269
1084,1085
1085,2553
1086,1087
1086,1088
1086,1089
1086,1090
1087,1091
1087,1092
1087,1093
1087,1094
1087,1095
1087,1096
1087,1097
1087,1098
1088,1099
1089,1100
1089,1090
1089,1101
1089,1102
1089,1103
1089,1104
1089,1097
1089,1105
1089,1106
1089,1107
1090,1100
1090,1108
1090,1109
1090,1110
1090,1111
1090,1112
1090,1105
1091,1986
1091,1092
1092,1430
1092,1986
1092,2109
1092,1428
1092,1433
1092,1987
1093,1760
1093,1761
1093,1795
1093,1096
1093,1098
1094,2087
1094,1781
1094,1429
1095,1096
1096,1113
1096,1097
1096,2601
1096,1760
1097,1774
1097,1775
1097,1113
1097,1429
1097,2836
1097,2919
1098,1761
1099,1475
1100,1113
1100,1114
1100,1115
1103,2672
1105,1260
1105,1262
1105,2791
1105,1108
1105,1110
1106,2883
1107,1827
1107,2052
1108,1259
1108,1260
1108,1261
1108,1262
1108,1263
1108,1264
1108,1265
1108,1266
1109,1963
1110,1264
1110,1558
1111,1858
1112,2854
1114,2227
1116,1117
1116,1118
1116,1119
1117,1120
1117,1119
1117,1121
1117,1122
1117,1123
1117,1124
1117,1125
1118,1119
1118,1121
1118,1126
1118,1122
1118,1124
1118,1125
1118,1127
1118,1128
1118,1129
1119,1130
1119,1125
1120,1131
1120,1122
1120,1123
1120,1125
1121,1122
1121,1131
1121,1126
1121,1124
1121,1639
1122,1643
1124,2054
1124,1125
1124,2400
1125,1196
1126,1636
1126,1640
1126,1131
1127,2469
1127,1643
1127,2033
1127,1149
1127,2030
1127,2031
1127,1154
1127,2049
1127,2027
1127,1164
1127,2050
1127,1170
1128,2600
1130,1132
1130,1133
1130,1134
1131,1636
1131,1637
1131,1203
1131,1638
1131,1635
1131,1205
1132,1133
1132,2005
1132,1688
1132,2010
1133,2012
1133,2013
1133,2014
1133,2015
1133,1955
1133,1134
1133,1779
1133,2007
1134,2418
1134,2684
1134,2896
1135,1136
1135,1137
1135,1138
1136,1143
1136,1138
1137,1144
1137,1145
1137,1146
1138,1147
1139,1301
1139,1229
1139,1307
1141,2450
1141,2444
1142,1171
1143,1148
1144,1149
1144,1150
1144,1151
1144,1152
1144,1153
1144,1154
1144,1155
1144,1156
1144,1157
1144,1146
1144,1158
1144,1159
1144,1160
1144,1161
1144,1162
1144,1163
1144,1164
1144,1165
1144,1166
1144,1167
1144,1168
1144,1169
1144,1170
1145,2042
1145,2528
1145,2576
1145,2579
1145,1157
1145,2535
1146,2380
1146,2652
1146,2653
1146,1344
1146,1673
1146,1346
1146,2855
1146,2731
1146,2243
1146,2433
1146,2654
1146,2254
1149,2022
1149,2024
1149,1151
1149,1156
1150,2023
1150,2021
1150,2025
1150,2043
1150,1151
1150,2651
1151,2022
1151,2652
1151,2653
1151,2021
1151,2036
1151,2651
1151,1167
1152,2239
1152,2681
1152,2243
1152,2286
1152,2250
1152,2682
1152,1160
1152,2683
1152,2287
1153,2286
1153,2685
1153,1160
1153,1165
1153,2287
1154,2469
1154,1516
1154,2021
1154,2049
1154,1538
1154,1170
1155,2667
1155,2731
1155,2262
1155,2250
1155,1158
1156,2022
1156,2785
1156,2239
1156,2023
1156,2024
1156,2786
1156,2510
1156,2040
1157,2804
1157,2805
1157,2806
1158,2239
1158,2250
1160,2239
1160,2684
1160,2681
1160,2243
1160,2625
1160,2021
1160,2685
1160,2286
1161,1643
1161,2040
1163,2469
1163,2470
1163,2027
1163,1538
1164,2022
1164,2469
1164,2023
1164,2024
1164,2035
1164,2021
1164,2039
1164,2049
1164,2036
1164,2031
1164,2474
1164,2027
1164,2032
1164,2026
1164,1538
1164,1170
1165,2034
1165,2469
1165,1484
1165,2023
1165,2024
1165,2036
1165,2031
1165,2474
1165,2027
1166,2933
1166,2027
1167,2022
1167,2024
1167,2036
1167,2474
1167,2032
1169,2541
1169,1548
1169,2130
1170,2022
1170,2469
1170,2024
1170,2033
1170,2049
1170,2036
1170,2032
1170,1389
1171,1958
1171,1181
1172,1173
1172,1183
1172,1184
1174,1245
1174,1186
1174,1254
1174,1193
1175,1301
1175,1225
1175,1227
1175,1176
1176,1350
1176,1351
1176,1235
1176,1245
1176,1186
1176,2073
1176,2074
1176,2076
1176,1188
1176,1237
1176,1191
1177,2367
1177,1602
1178,1229
1178,1699
1178,1179
1178,2076
1178,2079
1178,1232
1178,1419
1179,2079
1180,1301
1182,1227
1182,2236
1184,1335
1184,1336
1184,1337
1184,1338
1184,1339
1186,1661
1186,1187
1186,1188
1186,1662
1186,1663
1186,1190
1187,1661
1187,1188
1187,1663
1188,1938
1188,1661
1189,2079
1189,1232
1189,1289
1189,1333
1191,1245
1192,1350
1192,1351
1192,1235
1192,1352
1193,1656
1193,2367
1193,1283
1193,1655
1193,2975
1193,1254
1193,1352
1193,2073
1194,1195
1194,1196
1194,1197
1194,1198
1194,1199
1194,1200
1194,1201
1195,1197
1195,1199
1195,1200
1195,1201
1196,1198
1196,1200
1196,1201
1197,1198
1197,1199
1197,1200
1197,1201
1198,1199
1198,1200
1199,1202
1199,1200
1201,2405
1203,1636
1203,1205
1204,1740
1204,1802
1204,1803
1205,1636
1205,1644
1206,1207
1206,1208
1206,1209
1207,1209
1209,1210
1209,1211
1209,1212
1210,1214
1210,1215
1211,1212
1213,1219
1213,1268
1214,1319
1214,1320
1215,1319
1216,1980
1216,1896
1216,1360
1218,1219
1222,1269
1222,1270
1222,1249
1222,1271
1222,1272
1222,1273
1222,1274
1223,1229
1223,1283
1223,1284
1223,1285
1223,1286
1223,1287
1223,1288
1223,1289
1223,1290
1223,1291
1223,1292
1223,1232
1223,1293
1223,1294
1223,1295
1224,1256
1224,1296
1225,1297
1225,1227
1225,1298
1226,1283
1226,1299
1227,1300
1227,1238
1229,1301
1229,1302
1230,1303
1230,1304
1231,1310
1232,1301
1232,2079
1232,1419
1233,1959
1233,2877
1234,2072
1235,1350
1235,1351
1235,2073
1235,2074
1238,2899
1241,2460
1242,2505
1242,1762
1245,1252
1245,1289
1245,1314
1245,1315
1246,1312
1247,1332
1249,1337
1249,1272
1251,2598
1252,1314
1252,1315
1253,1269
1253,1270
1253,1355
1253,1698
1254,1654
1254,1655
1255,1311
1256,1701
1256,1296
1257,1415
1257,1619
1258,2381
1259,1262
1259,1323
1260,1324
1260,1262
1260,1325
1260,1326
1260,1327
1261,1263
1261,1328
1261,1329
1261,1330
1262,1331
1262,1266
1264,1470
1265,1730
1265,2794
1265,2795
1265,2454
1266,2554
1266,2985
1267,1702
1268,1706
1268,1707
1269,1355
1269,1357
1270,1271
1270,1353
1270,1273
1270,1274
1271,1353
1271,1273
1273,1353
1273,1274
1274,2663
1274,2214
1274,1444
1274,1578
1274,2267
1276,2444
1276,1762
1277,1709
1280,1710
1280,1711
1281,1336
1282,1351
1282,2073
1282,2076
1283,1657
1283,1284
1283,1654
1283,1658
1283,1285
1283,1659
1283,1286
1283,1602
1283,1389
1283,1292
1283,1660
1285,1286
1285,1292
1286,1287
1286,1659
1286,1289
1292,2857
1292,1772
1293,2762
1294,1295
1295,1301
1296,1701
1298,1668
1299,2046
1301,1415
1301,1416
1301,1417
1301,1418
1301,1419
1303,2801
1303,2802
1303,2803
1305,1347
1305,1348
1305,1349
1307,2725
1308,1313
1309,1671
1310,1515
1310,1521
1310,1517
1310,1513
1310,1539
1310,1520
1310,1531
1313,1348
1316,2922
1317,2090
1317,2091
1317,1318
1317,1625
1317,1896
1317,2089
1317,1360
1318,2094
1319,2850
1320,1439
1322,1501
1322,1507
1323,2790
1323,2355
1324,1325
1325,2235
1325,1327
1326,2856
1327,2235
1327,2285
1331,2918
1334,1722
1334,1723
1336,1713
1336,1714
1339,2427
1340,2428
1343,1672
1343,1673
1343,1525
1343,1674
1343,1675
1343,1676
1343,1677
1343,1678
1343,1346
1343,1679
1343,1680
1343,1681
1343,1682
1343,1683
1343,1684
1343,1685
1343,1443
1343,1395
1344,1345
1344,1673
1344,1686
1345,1673
1345,2433
1345,2434
1345,2435
1345,2436
1345,2437
1345,1686
1346,1673
1347,1349
1347,1666
1347,1667
1348,1349
1350,1351
1350,2073
1351,2073
1351,2074
1353,1873
1353,1874
1354,2160
1358,2847
1358,2223
1359,1360
1360,1900
1360,1896
1361,1362
1361,1363
1362,1367
1362,1364
1362,1363
1362,1366
1363,1366
1364,1368
1366,1367
1368,2308
1369,1370
1372,1373
1372,1375
1373,1375
1374,1382
1374,1383
1374,1375
1374,1376
1374,1377
1375,1847
1375,1578
1375,1377
1376,1382
1376,2646
1376,1383
1376,2738
1376,1377
1377,1382
1377,2646
1377,1660
1377,1383
1377,2738
1379,1384
1382,1387
1384,1389
1387,2898
1391,1757
1391,1758
1391,1759
1392,1393
1392,1394
1392,1395
1393,2954
1393,2956
1394,2954
1395,2323
1397,1398
1397,1399
1397,1400
1398,1400
1399,1402
1399,1400
1400,1403
1401,1404
1404,1410
1405,1406
1405,1407
1405,1408
1407,1946
1409,1410
1409,1411
1409,1412
1409,1413
1409,1414
1410,1411
1411,1412
1411,1414
1413,1629
1413,1414
1414,1629
1416,1417
1416,2003
1416,2004
1419,2079
1421,1423
1423,1622
1423,1715
1423,2501
1423,1716
1424,1425
1425,2742
1425,2670
1426,1449
1427,1428
1427,1429
1428,1430
1428,1431
1428,1429
1428,1432
1429,1774
1429,1775
1429,2110
1429,1836
1429,1449
1429,1450
1429,1447
1429,2182
1430,1433
1430,1434
1430,1432
1431,1433
1432,1999
1432,1729
1432,1434
1432,1433
1432,1731
1433,1766
1434,2539
1435,1436
1436,2063
1436,2064
1436,2065
1436,2066
1436,2067
1437,1438
1437,1439
1437,1440
1437,1441
1438,1729
1438,1439
1438,1440
1439,1440
1439,1441
1445,1446
1446,2202
1446,1756
1446,2203
1446,2188
1448,1450
1448,1451
1448,1452
1448,1464
1448,1456
1449,1465
1449,1458
1449,1451
1449,1460
1449,1453
1449,1454
1450,1452
1450,1459
1450,1474
1450,1462
1450,1453
1451,1483
1451,1458
1451,1459
1451,1460
1451,1474
1451,1454
1451,1475
1453,1462
1454,1465
1454,1458
1454,1460
1457,1470
1457,1471
1457,1472
1458,1473
1458,1459
1458,1460
1458,1474
1458,1475
1460,1465
1460,1483
1460,1467
1461,2717
1461,2097
1461,2096
1461,2106
1463,2916
1465,1466
1465,1467
1465,1468
1467,1483
1467,2524
1469,1476
1469,1477
1470,1471
1470,1478
1470,1479
1470,1480
1470,1481
1470,1482
1472,2361
1472,2275
1472,2331
1474,1848
1474,1477
1474,2313
1475,2522
1476,1634
1477,1848
1477,1850
1477,1887
1477,1851
1477,2313
1477,2153
1477,1509
1478,1479
1478,2522
1479,2522
1480,2442
1480,2353
1483,1890
1484,2402
1486,2604
1486,2605
1487,1488
1488,2046
1488,1643
1488,1892
1488,2567
1488,1640
1488,1647
1488,2568
1488,1646
1488,1645
1488,1639
1488,2917
1491,2003
1491,1582
1491,2004
1493,2646
1497,1601
1497,1604
1497,1499
1498,2837
1499,1899
1499,1604
1499,2083
1500,1501
1501,1502
1501,1503
1501,1504
1501,1505
1501,1506
1501,1507
1502,1597
1502,1598
1502,1599
1503,1504
1503,2526
1505,1949
1505,1950
1507,1718
1508,1509
1509,1848
1509,1729
1509,2148
1509,1852
1509,2153
1510,1511
1511,1512
1511,1513
1511,1514
1512,1513
1512,1514
1512,1515
1512,1516
1512,1517
1512,1518
1512,1519
1512,1520
1512,1521
1512,1522
1512,1523
1512,1524
1512,1525
1512,1526
1512,1527
1512,1528
1512,1529
1512,1530
1512,1531
1512,1532
1512,1533
1512,1534
1512,1535
1512,1536
1512,1537
1512,1538
1512,1539
1512,1540
1512,1541
1512,1542
1512,1543
1512,1544
1512,1545
1512,1546
1513,1515
1513,1516
1513,1517
1513,1520
1513,1522
1513,1526
1513,1528
1513,1529
1513,1530
1513,1531
1513,1535
1513,1538
1513,1539
1513,1541
1513,1542
1513,1543
1513,1544
1513,1546
1514,1515
1514,1547
1515,1516
1515,1517
1515,1520
1515,1522
1515,1525
1515,1527
1515,1528
1515,1529
1515,1530
1515,1531
1515,1534
1515,1535
1515,1537
1515,1538
1515,1539
1515,1540
1515,1541
1515,1542
1515,1543
1515,1544
1515,1546
1516,1548
1516,1517
1516,1527
1516,1535
1516,1542
1517,1520
1517,1525
1517,1527
1517,1528
1517,1532
1517,1534
1517,1535
1517,1537
1517,1539
1517,1540
1517,1542
1518,2215
1519,2343
1519,2328
1519,2337
1519,1961
1519,2344
1519,2274
1519,2334
1519,2345
1519,1526
1519,2275
1519,2335
1519,2341
1519,2346
1519,2347
1519,2342
1519,2348
1519,2349
1519,2350
1519,2351
1519,2352
1519,1546
1519,2353
1520,1521
1520,1522
1520,1529
1521,1523
1521,1540
1522,1529
1522,1531
1523,2479
1523,2480
1523,1540
1524,2556
1524,1529
1524,1531
1524,1532
1524,1533
1524,1534
1524,1537
1524,2557
1524,1543
1524,1544
1525,2565
1525,2566
1526,2273
1526,1961
1526,2274
1526,2350
1526,1546
1527,2018
1528,2323
1528,2275
1528,2331
1528,2676
1528,2332
1530,2215
1531,2215
1532,1534
1532,2215
1533,2215
1534,1537
1535,1538
1536,1989
1538,2469
1538,2024
1538,2027
1539,2839
1543,1544
1546,2274
1547,1549
1548,2129
1548,2130
1548,2131
1548,2050
1548,2132
1549,2839
1549,2840
1550,1554
1555,1556
1556,1558
1556,1559
1557,1561
1557,1562
1558,1769
1563,2475
1563,2508
1565,1566
1565,1567
1565,1568
1565,1569
1566,1567
1566,1568
1566,1570
1567,1571
1567,1572
1567,1568
1567,1570
1567,1573
1569,1577
1569,1580
1569,1570
1569,1581
1569,1582
1571,1572
1571,1575
1573,2747
1574,1586
1574,1583
1574,1584
1574,1585
1576,1588
1577,1589
1577,1593
1577,1578
1577,1591
1577,1594
1578,1589
1578,1595
1578,1593
1578,1596
1578,1591
1579,1580
1579,1582
1580,1596
1580,1582
1582,2819
1582,2003
1582,1596
1583,1584
1586,1654
1586,1603
1587,1601
1587,1602
1587,1603
1587,1604
1589,1593
1589,1591
1589,1605
1590,1606
1591,1593
1591,1596
1591,1594
1592,1593
1592,1594
1593,1594
1595,1607
1595,1608
1596,1610
1596,1611
1596,1612
1596,1613
1600,1833
1601,1964
1601,1604
1602,2369
1610,1845
1610,1778
1610,2819
1610,1847
1610,2820
1610,1611
1610,1613
1610,2939
1611,1845
1611,1778
1611,1847
1611,1613
1611,2939
1612,2761
1613,2939
1614,1615
1615,1616
1615,1617
1615,1618
1616,2300
1617,2413
1617,2832
1619,2960
1620,1621
1621,2699
1621,1622
1621,1715
1621,2501
1621,2791
1621,1716
1622,2699
1622,2698
1622,1716
1623,2452
1624,1628
1624,1630
1624,1631
1625,1626
1627,2080
1627,1907
1627,1909
1627,1908
1627,2083
1627,2084
1627,2088
1627,2086
1631,2363
1631,1943
1632,1633
1632,1634
1633,1634
1637,1638
1639,2046
1639,1643
1639,2398
1639,1640
1639,2903
1640,1644
1640,1645
1640,1646
1640,1647
1640,1648
1640,1649
1641,1642
1643,1827
1643,2046
1643,1793
1643,2024
1643,2031
1643,2047
1643,2048
1643,2049
1643,2050
1644,2046
1644,2496
1644,1923
1644,1797
1644,1925
1644,2402
1645,2048
1645,2567
1645,2568
1646,1649
1648,2423
1650,1651
1651,1774
1651,1775
1651,2601
1651,1836
1651,1839
1652,1653
1655,1656
1657,1659
1659,2220
1659,2221
1661,1936
1661,1937
1666,2460
1670,2864
1672,2413
1672,2414
1672,2415
1673,2433
1673,1686
1674,1675
1674,2060
1676,2754
1676,1677
1676,2755
1676,2480
1677,2754
1677,2755
1677,2480
1678,1685
1679,1989
1679,1682
1683,2972
1683,1686
1683,1989
1686,2434
1686,2435
1687,1688
1688,2005
1689,1690
1690,1691
1690,1692
1690,1693
1690,1694
1690,1695
1691,1696
1691,1692
1692,2863
1692,1693
1693,1695
1695,2542
1698,1812
1699,1717
1699,1718
1699,1719
1703,2902
1709,2643
1709,2641
1710,1711
1711,2108
1714,2078
1715,2465
1715,2501
1715,2502
1715,1817
1715,1716
1715,2503
1715,2504
1716,2503
1716,2504
1717,2526
1718,2943
1718,1946
1719,2943
1719,1946
1721,1786
1721,2822
1721,2887
1724,1725
1725,1726
1725,1727
1725,1728
1726,1727
1726,1729
1726,1730
1726,1731
1726,1732
1726,1733
1726,1734
1727,1729
1728,1735
1728,1736
1729,2147
1729,2134
1729,2148
1729,2149
1729,2150
1729,2151
1729,2152
1729,2153
1729,1731
1729,1732
1729,1733
1729,2154
1729,2155
1729,2156
1729,1863
1729,1864
1729,2157
1729,2158
1729,2143
1730,2498
1730,2454
1731,1999
1731,2139
1731,2757
1731,2153
1732,1999
1732,2139
1732,2757
1732,2766
1733,2193
1733,2680
1734,2890
1735,2678
1735,2677
1736,2134
1737,1738
1739,1756
1740,1763
1740,1764
1741,1752
1744,1768
1744,1769
1744,1756
1744,1770
1744,1771
1748,1777
1749,1778
1749,1779
1750,1774
1750,1775
1750,1781
1752,1783
1753,1784
1754,1785
1756,1770
1757,1786
1757,1759
1758,1787
1759,1861
1760,1780
1760,1794
1761,1795
1761,1796
1762,2444
1763,1797
1763,1798
1763,1799
1763,1800
1763,1801
1764,1804
1765,1771
1765,2944
1767,1830
1767,1831
1767,1832
1768,1848
1768,1889
1768,1849
1769,2166
1769,2168
1770,2204
1771,2388
1771,2944
1774,1775
1774,1781
1774,1835
1774,1836
1774,1837
1774,1838
1774,1839
1775,1836
1775,1837
1775,1838
1775,1839
1777,1842
1777,1823
1777,1843
1778,1844
1778,1845
1778,1846
1778,1847
1779,2606
1780,1812
1781,1835
1781,1853
1781,1854
1782,1855
1783,2180
1783,2181
1783,2182
1783,2184
1783,2183
1785,1856
1785,1857
1785,1858
1785,1859
1786,1860
1789,1791
1789,1807
1789,1792
1790,2387
1791,1792
1791,1806
1793,1808
1793,1809
1793,1810
1793,1811
1797,1798
1797,1819
1797,1800
1797,1820
1797,1821
1797,1822
1797,1823
1797,1824
1797,1825
1798,1826
1799,2393
1799,2392
1799,2394
1799,2395
1799,2396
1800,2493
1800,1892
1800,1819
1800,1820
1800,1826
1800,2400
1800,2404
1800,1821
1800,1893
1800,2402
1800,1825
1802,2071
1802,2065
1802,2070
1803,2603
1803,2392
1803,2700
1804,1827
1804,1828
1804,1829
1805,2399
1806,2645
1808,2290
1808,1809
1808,2279
1808,2283
1808,2284
1808,1811
1808,2291
1809,2290
1809,2294
1809,1811
1809,2291
1810,2046
1810,2053
1810,2054
1810,2622
1810,2716
1811,2290
1812,1841
1814,2111
1817,2225
1817,2228
1817,2463
1817,2498
1817,2465
1819,2402
1819,2400
1819,1821
1819,2406
1819,1824
1819,1825
1820,2402
1821,1826
1821,2406
1821,1825
1822,2495
1822,2402
1822,1823
1824,2493
1824,1826
1824,2406
1825,1892
1825,2406
1825,2400
1825,2917
1826,2493
1826,2494
1827,2051
1827,2036
1827,2052
1831,1840
1835,2859
1835,1853
1836,1839
1837,2087
1837,1838
1838,1912
1844,1846
1844,2426
1845,1847
1848,1887
1848,1849
1848,1850
1848,1851
1849,1887
1849,1851
1850,1851
1850,1852
1851,2430
1851,2317
1851,2432
1851,1855
1851,1852
1852,1856
1852,2148
1853,2495
1853,2559
1853,2859
1853,2563
1854,2859
1855,2314
1855,2318
1855,2319
1855,2537
1856,2538
1857,1858
1857,1859
1858,1859
1860,2962
1862,1863
1862,1864
1863,1864
1865,1866
1865,1867
1865,1868
1867,2525
1869,1870
1871,1872
1872,2125
1873,1874
1873,1877
1873,1878
1873,1879
1874,1880
1874,1878
1874,1881
1877,2595
1879,2824
1879,1976
1879,1979
1880,1885
1881,2626
1883,2626
1887,2097
1888,2953
1888,2874
1888,2636
1888,2904
1891,2364
1891,2365
1892,1893
1892,1894
1892,1895
1894,2917
1896,1899
1896,1900
1897,2978
1898,2376
1901,1903
1901,1906
1902,1964
1902,1968
1903,1907
1903,1910
1904,2372
1904,1905
1907,1909
1907,1908
1908,2080
1908,1909
1908,2084
1908,2086
1912,2410
1912,2842
1912,2843
1912,2841
1915,1916
1917,1918
1917,1919
1917,1920
1918,1921
1918,1922
1918,1923
1918,1924
1918,1925
1918,1926
1918,1927
1918,1928
1918,1929
1918,1930
1918,1931
1918,1932
1918,1933
1918,1934
1918,1935
1919,1925
1919,1927
1920,2938
1921,1923
1921,1922
1921,2113
1922,2114
1922,1924
1922,1927
1922,1928
1922,1929
1922,1932
1922,2117
1923,2118
1923,1924
1923,1925
1923,1927
1923,1928
1923,1929
1923,1930
1923,2119
1923,2115
1923,1932
1923,2120
1923,2121
1923,2122
1924,1925
1924,1926
1924,1927
1924,1928
1925,1926
1925,1927
1925,1928
1925,1932
1925,2121
1925,1933
1925,2602
1925,1935
1926,1929
1926,2603
1926,2602
1927,2121
1927,2602
1928,2603
1928,1932
1929,2063
1929,2604
1929,2114
1929,2115
1929,2116
1930,2119
1930,1932
1931,2807
1932,2870
1932,2118
1932,2392
1932,2119
1933,2587
1936,1937
1937,1938
1938,1942
1938,1943
1938,1944
1940,1941
1942,1943
1943,2363
1946,1947
1946,1948
1947,1949
1947,1950
1951,1952
1953,1954
1953,1955
1953,1956
1953,1957
1956,1957
1959,2614
1959,2618
1959,2615
1960,1961
1961,2274
1961,2341
1961,2342
1961,2348
1961,2349
1961,2352
1961,2353
1964,1968
1966,1967
1966,1969
1966,1970
1966,1971
1966,1972
1966,1973
1967,1969
1967,1970
1967,1974
1967,1971
1967,1972
1967,1975
1967,1973
1969,1970
1969,1974
1969,1971
1969,1972
1969,1975
1969,1973
1971,1972
1972,2736
1974,1975
1974,2586
1975,2711
1976,1978
1976,1979
1977,1978
1977,1980
1977,1981
1977,1982
1978,1980
1978,1983
1978,1982
1980,2089
1984,1985
1985,2924
1986,1987
1987,2143
1988,1989
1988,1990
1988,1991
1989,2865
1994,2773
1996,2671
1998,1999
2001,2002
2003,2004
2004,2425
2005,2011
2006,2718
2007,2011
2007,2418
2008,2684
2009,2011
2009,2145
2009,2154
2012,2016
2012,2013
2012,2017
2013,2016
2013,2517
2013,2519
2013,2516
2013,2511
2013,2513
2013,2514
2014,2017
2014,2521
2016,2515
2016,2516
2016,2511
2016,2514
2016,2517
2016,2518
2017,2511
2018,2019
2018,2020
2021,2022
2021,2023
2021,2024
2021,2025
2021,2026
2021,2027
2021,2028
2021,2029
2022,2023
2022,2024
2022,2030
2022,2031
2022,2032
2022,2033
2022,2034
2022,2035
2022,2036
2022,2037
2022,2038
2022,2027
2022,2039
2022,2040
2022,2029
2023,2041
2023,2042
2023,2025
2023,2043
2023,2026
2023,2027
2024,2032
2024,2035
2024,2036
2025,2043
2025,2026
2025,2027
2026,2855
2026,2043
2026,2028
2027,2469
2027,2130
2027,2039
2027,2049
2027,2036
2027,2031
2028,2262
2028,2036
2028,2484
2028,2286
2030,2469
2030,2470
2030,2031
2030,2032
2031,2472
2031,2034
2031,2469
2031,2047
2031,2035
2031,2470
2031,2032
2031,2473
2032,2474
2034,2472
2034,2047
2034,2476
2034,2477
2034,2478
2037,2667
2037,2250
2037,2483
2038,2050
2039,2050
2040,2469
2040,2239
2040,2474
2041,2044
2042,2045
2046,2053
2046,2054
2046,2055
2046,2056
2047,2472
2047,2476
2047,2478
2048,2054
2048,2564
2049,2469
2049,2470
2049,2471
2050,2469
2050,2785
2050,2129
2051,2113
2053,2127
2055,2821
2056,2889
2056,2304
2057,2058
2057,2059
2058,2059
2058,2060
2058,2061
2058,2062
2063,2066
2063,2068
2063,2069
2065,2066
2065,2067
2065,2070
2066,2067
2067,2070
2068,2069
2069,2870
2069,2946
2070,2154
2070,2694
2075,2077
2076,2078
2076,2079
2077,2367
2080,2083
2080,2084
2080,2085
2080,2086
2083,2084
2083,2088
2083,2086
2084,2609
2084,2085
2084,2088
2084,2086
2085,2086
2086,2609
2086,2088
2091,2093
2093,2815
2095,2096
2096,2097
2096,2098
2096,2099
2097,2106
2097,2099
2097,2107
2101,2102
2101,2104
2102,2108
2105,2525
2107,2458
2108,2892
2110,2112
2111,2217
2111,2218
2111,2219
2113,2114
2114,2115
2114,2116
2115,2118
2115,2119
2116,2604
2116,2117
2117,2640
2118,2189
2118,2119
2118,2122
2119,2189
2119,2122
2120,2496
2120,2921
2121,2392
2123,2124
2123,2125
2124,2126
2124,2127
2124,2128
2125,2621
2125,2622
2125,2623
2126,2186
2126,2187
2127,2935
2128,2721
2128,2768
2128,2976
2128,2366
2130,2383
2132,2925
2132,2970
2133,2134
2133,2135
2133,2136
2134,2137
2134,2138
2134,2139
2134,2140
2134,2141
2134,2142
2134,2136
2134,2143
2134,2144
2135,2136
2137,2139
2138,2145
2138,2146
2139,2141
2139,2144
2140,2144
2141,2148
2141,2153
2142,2880
2146,2677
2148,2384
2148,2385
2148,2153
2150,2650
2151,2194
2151,2680
2151,2152
2151,2195
2152,2751
2152,2750
2153,2388
2153,2157
2153,2756
2154,2693
2154,2690
2154,2695
2155,2680
2155,2757
2157,2388
2157,2756
2159,2160
2162,2163
2163,2164
2163,2165
2166,2167
2169,2170
2169,2171
2170,2172
2170,2171
2171,2172
2171,2982
2171,2353
2173,2174
2173,2175
2173,2176
2173,2177
2173,2178
2173,2179
2174,2679
2175,2176
2175,2178
2176,2704
2176,2177
2176,2178
2178,2704
2178,2523
2181,2182
2181,2183
2182,2185
2184,2310
2184,2440
2186,2187
2187,2814
2190,2191
2191,2192
2192,2305
2193,2194
2193,2195
2194,2196
2194,2197
2194,2198
2196,2197
2196,2947
2196,2463
2204,2595
2204,2955
2205,2206
2206,2207
2206,2208
2209,2210
2209,2211
2210,2211
2213,2214
2215,2788
2215,2789
2217,2597
2218,2646
2220,2221
2224,2225
2225,2226
2225,2227
2225,2228
2225,2229
2226,2227
2226,2228
2226,2463
2227,2228
2228,2229
2228,2464
2229,2463
2229,2464
2229,2675
2229,2467
2229,2861
2229,2862
2229,2468
2230,2231
2230,2232
2232,2929
2233,2234
2236,2237
2238,2239
2238,2240
2239,2241
2239,2242
2239,2243
2239,2244
2239,2245
2239,2246
2239,2247
2239,2248
2239,2249
2239,2250
2239,2251
2239,2252
2239,2253
2239,2254
2239,2255
2239,2256
2239,2257
2239,2258
2239,2259
2240,2260
2240,2261
2240,2262
2240,2263
2240,2264
2241,2250
2241,2251
2242,2243
2243,2249
2243,2251
2244,2687
2244,2245
2244,2246
2244,2247
2244,2256
2245,2687
2245,2246
2245,2247
2245,2248
2245,2256
2246,2687
2246,2247
2246,2248
2246,2256
2247,2248
2247,2256
2248,2256
2250,2251
2252,2253
2252,2257
2255,2879
2259,2951
2259,2481
2259,2482
2260,2265
2260,2266
2260,2263
2260,2264
2261,2481
2261,2482
2261,2262
2262,2483
2262,2484
2264,2482
2266,2934
2267,2663
2273,2274
2273,2275
2273,2276
2273,2277
2274,2337
2274,2343
2274,2334
2274,2345
2274,2335
2274,2347
2274,2351
2274,2362
2275,2361
2275,2331
2275,2350
2277,2361
2277,2331
2278,2279
2278,2280
2278,2281
2278,2282
2279,2283
2279,2280
2279,2281
2279,2284
2279,2282
2279,2285
2280,2286
2280,2287
2281,2288
2281,2282
2281,2289
2282,2283
2282,2284
2283,2284
2283,2291
2286,2684
2286,2681
2286,2685
2286,2686
2286,2683
2286,2287
2287,2684
2287,2681
2287,2685
2287,2683
2288,2292
2289,2339
2290,2293
2290,2294
2290,2291
2291,2293
2293,2487
2293,2489
2295,2297
2295,2300
2297,2298
2297,2300
2300,2572
2302,2303
2303,2986
2307,2308
2308,2309
2309,2767
2309,2768
2310,2311
2310,2312
2312,2440
2314,2316
2314,2317
2314,2318
2314,2319
2314,2320
2318,2319
2318,2320
2321,2322
2321,2323
2321,2324
2321,2325
2321,2326
2322,2327
2322,2324
2322,2325
2322,2328
2322,2326
2322,2329
2322,2330
2323,2331
2323,2332
2324,2328
2324,2333
2324,2325
2324,2326
2324,2334
2324,2335
2325,2326
2326,2328
2326,2334
2328,2336
2328,2337
2328,2334
2328,2338
2328,2339
2328,2340
2329,2338
2329,2355
2329,2656
2329,2657
2329,2356
2329,2658
2331,2676
2331,2332
2332,2885
2333,2341
2333,2342
2334,2343
2334,2344
2334,2345
2334,2337
2334,2335
2335,2343
2335,2344
2335,2337
2335,2341
2337,2343
2337,2344
2337,2345
2339,2340
2341,2346
2341,2556
2341,2347
2341,2342
2341,2348
2341,2823
2343,2344
2343,2345
2344,2361
2345,2421
2345,2347
2345,2350
2346,2348
2346,2823
2347,2556
2347,2823
2348,2823
2349,2828
2352,2545
2353,2545
2354,2355
2354,2356
2356,2656
2356,2657
2357,2358
2357,2359
2357,2360
2358,2413
2358,2416
2366,2367
2366,2368
2367,2369
2367,2370
2371,2697
2371,2698
2371,2561
2372,2373
2374,2376
2377,2378
2379,2380
2382,2383
2384,2386
2384,2385
2385,2386
2385,2387
2387,2388
2387,2389
2387,2390
2388,2758
2388,2389
2388,2756
2391,2392
2393,2397
2393,2395
2400,2401
2400,2402
2400,2403
2400,2404
2400,2405
2401,2407
2401,2402
2402,2404
2408,2409
2409,2410
2409,2411
2410,2412
2413,2414
2413,2416
2413,2417
2414,2416
2416,2417
2417,2797
2418,2419
2418,2420
2420,2897
2422,2423
2422,2424
2423,2425
2429,2430
2429,2431
2430,2432
2430,2431
2431,2958
2438,2439
2439,2443
2444,2445
2444,2446
2444,2447
2445,2446
2445,2448
2445,2447
2446,2448
2447,2926
2447,2448
2451,2452
2452,2453
2452,2454
2454,2791
2454,2792
2456,2457
2456,2458
2457,2458
2457,2459
2460,2461
2461,2462
2463,2465
2463,2466
2463,2467
2463,2464
2463,2468
2464,2860
2464,2861
2464,2468
2465,2498
2465,2499
2467,2860
2468,2649
2469,2471
2472,2476
2472,2477
2477,2776
2481,2482
2482,2483
2483,2727
2485,2673
2486,2487
2486,2488
2487,2488
2487,2489
2487,2490
2487,2491
2489,2798
2493,2494
2495,2558
2495,2559
2495,2561
2496,2633
2497,2599
2498,2500
2499,2503
2499,2504
2501,2699
2501,2698
2501,2700
2503,2504
2506,2507
2506,2508
2507,2509
2508,2510
2511,2512
2511,2513
2511,2514
2512,2514
2513,2514
2514,2517
2514,2516
2514,2520
2515,2516
2516,2517
2516,2520
2516,2518
2517,2520
2527,2528
2528,2529
2528,2530
2528,2531
2528,2532
2528,2533
2528,2534
2528,2535
2528,2536
2530,2628
2530,2629
2530,2531
2530,2630
2531,2630
2531,2632
2531,2536
2533,2723
2535,2977
2538,2539
2541,2542
2541,2543
2541,2544
2543,2800
2544,2574
2545,2546
2545,2547
2545,2548
2545,2549
2546,2547
2546,2550
2547,2548
2547,2873
2547,2550
2548,2549
2548,2550
2550,2969
2551,2552
2553,2906
2555,2556
2556,2557
2557,2886
2558,2559
2558,2560
2559,2562
2559,2563
2563,2859
2567,2568
2570,2743
2570,2744
2570,2745
2570,2746
2570,2747
2573,2574
2576,2577
2576,2578
2577,2580
2578,2581
2578,2579
2579,2583
2581,2582
2588,2589
2588,2590
2588,2591
2589,2590
2592,2593
2595,2596
2604,2605
2606,2607
2607,2627
2608,2609
2608,2610
2609,2610
2609,2611
2609,2612
2610,2711
2610,2612
2612,2711
2612,2709
2612,2878
2612,2712
2613,2614
2613,2615
2613,2616
2614,2617
2615,2619
2616,2619
2616,2877
2617,2619
2618,2664
2619,2877
2624,2625
2628,2629
2628,2631
2629,2631
2635,2636
2636,2637
2641,2642
2646,2647
2648,2649
2651,2682
2651,2740
2652,2653
2652,2654
2653,2654
2656,2657
2656,2658
2657,2907
2658,2844
2659,2660
2665,2666
2665,2667
2665,2668
2666,2668
2667,2669
2667,2668
2667,2670
2670,2915
2673,2674
2681,2683
2688,2689
2688,2690
2688,2691
2689,2690
2689,2691
2689,2692
2690,2693
2690,2691
2690,2694
2690,2695
2691,2693
2692,2764
2693,2696
2694,2695
2698,2699
2701,2702
2701,2703
2701,2704
2701,2705
2701,2706
2701,2707
2703,2705
2704,2893
2704,2705
2705,2706
2705,2893
2706,2707
2708,2709
2708,2710
2709,2711
2709,2710
2709,2712
2710,2711
2711,2712
2713,2714
2714,2715
2714,2716
2720,2721
2721,2722
2724,2725
2725,2831
2725,2945
2727,2732
2727,2733
2727,2734
2728,2729
2732,2733
2732,2734
2732,2826
2733,2826
2735,2736
2735,2737
2736,2737
2738,2775
2742,2848
2743,2747
2744,2745
2744,2748
2745,2748
2750,2751
2751,2752
2751,2753
2753,2974
2755,2813
2762,2763
2767,2768
2769,2770
2769,2771
2769,2772
2770,2771
2770,2912
2770,2772
2771,2912
2772,2912
2773,2774
2776,2777
2784,2930
2784,2931
2785,2787
2791,2792
2792,2793
2795,2796
2804,2806
2805,2806
2809,2812
2810,2811
2812,2883
2816,2817
2817,2818
2819,2820
2825,2868
2825,2869
2826,2827
2827,2828
2827,2829
2827,2830
2833,2834
2834,2835
2834,2836
2838,2839
2838,2840
2841,2842
2841,2843
2842,2843
2845,2846
2850,2851
2850,2852
2851,2876
2861,2894
2865,2866
2866,2867
2868,2869
2870,2871
2874,2875
2890,2891
2901,2952
2902,2981
2907,2908
2911,2913
2913,2940
2926,2927
2930,2937
2932,2933
2950,2951
2957,2958
2963,2964
2967,2968
2979,2980
