source,target
0,1
0,2
1,2081
1,2933
2,2138
2,290
3,4
3,5
3,6
3,7
3,8
3,9
3,10
3,11
3,12
3,13
3,14
3,15
4,1630
5,1636
5,16
5,18
5,1632
5,1060
5,1637
5,1069
6,533
6,509
6,16
6,18
6,1055
6,1056
6,2130
6,1066
6,2144
6,618
6,33
6,1537
6,1067
6,2108
6,1070
6,1071
7,1325
7,28
7,16
7,18
7,1060
7,216
7,403
7,1069
7,516
8,1280
8,1349
8,1286
8,1297
8,1350
8,1191
8,1287
8,1183
8,1074
8,511
8,1259
8,1298
8,1185
8,578
8,1071
9,16
9,1321
10,1529
10,855
10,856
10,15
10,839
10,785
11,1325
11,32
11,33
12,1636
12,3125
12,16
12,1637
13,14
13,3125
13,55
13,16
14,55
14,840
14,16
15,1191
15,1637
16,17
17,2615
18,19
18,20
19,1325
19,71
19,1865
19,540
19,21
19,614
19,1074
19,1866
19,846
19,1061
19,1868
19,1273
19,298
20,2503
20,815
20,2504
21,22
21,23
21,24
21,25
21,26
21,27
21,28
21,29
21,30
21,31
21,32
21,33
21,34
21,35
21,36
21,37
21,38
21,39
22,543
22,545
23,1997
23,27
23,32
23,33
23,1998
23,608
24,2126
24,767
25,28
25,29
25,1064
25,31
25,33
25,1535
25,36
26,541
26,1064
26,2134
26,31
26,39
26,2135
27,597
27,1997
27,32
27,33
27,1998
27,1272
27,608
28,1075
28,29
29,610
29,597
29,127
29,1537
29,1535
29,2151
30,2110
30,1270
30,1320
30,32
30,1271
30,1273
31,1527
31,2134
31,33
31,1535
31,39
32,1325
32,2110
32,616
32,599
32,1179
32,1168
32,1270
32,1269
32,56
32,2011
32,1182
32,1271
32,537
32,617
32,33
32,2154
33,3015
33,1997
33,2124
33,1191
33,606
33,2090
33,2144
33,1851
33,601
33,537
33,1862
33,2219
33,1854
33,533
33,539
33,1079
35,295
35,48
35,298
38,2844
38,3133
38,2187
39,1527
39,541
40,41
41,1179
42,43
42,44
42,45
43,1088
43,2263
43,63
43,46
43,488
43,1222
44,547
44,46
44,2728
45,1325
45,2535
45,2538
45,2752
45,2786
45,2069
45,2754
45,614
45,46
47,48
48,297
48,537
48,533
48,295
49,50
49,51
49,52
49,53
49,54
50,2811
51,3054
51,3055
51,1203
51,523
51,1254
52,1067
53,1203
54,2811
55,56
55,57
55,58
55,59
55,60
56,1636
56,807
56,808
56,804
56,812
56,844
56,820
56,823
56,825
56,837
56,128
57,290
58,2459
59,1636
59,807
59,1637
60,2705
60,3179
60,597
60,3178
60,3180
61,62
61,63
61,64
61,65
61,66
61,67
61,68
62,69
62,70
62,71
62,72
62,73
63,74
63,64
63,67
63,75
63,76
63,77
63,78
63,79
63,80
63,81
63,82
63,83
63,84
63,85
63,86
63,87
64,88
64,67
64,68
64,77
64,80
64,84
64,86
64,89
64,90
66,91
66,92
66,68
66,93
67,70
67,94
67,75
67,95
67,88
67,89
68,96
68,97
68,98
68,99
68,100
68,101
68,92
68,102
68,103
68,104
68,105
68,93
69,106
69,94
69,107
69,77
69,108
69,80
69,109
69,110
69,111
69,112
69,113
69,114
69,115
69,116
69,86
69,117
69,118
69,87
69,119
70,94
70,77
70,120
70,121
70,87
72,94
72,1753
72,112
72,127
72,972
72,2404
73,750
73,2936
74,122
74,123
75,130
75,131
75,96
75,95
75,132
75,80
75,133
75,134
75,86
75,117
75,135
75,136
75,137
76,107
76,646
76,679
76,680
76,681
76,682
76,683
76,684
76,685
76,686
76,687
76,688
76,689
77,187
77,1331
77,1090
77,125
77,1332
77,188
77,351
77,1307
77,349
77,189
77,94
77,1333
77,1334
77,1335
77,643
77,644
77,1303
77,126
77,1091
77,146
77,1336
77,701
77,652
77,457
77,940
77,941
77,704
77,106
77,526
77,911
77,1182
77,104
77,325
77,1337
77,1338
77,177
77,111
77,83
77,155
77,113
77,159
77,1339
77,116
77,551
77,452
77,164
77,1340
77,1341
77,553
77,1342
77,119
79,1088
79,1332
79,104
79,1281
79,124
79,2226
79,405
79,116
79,2227
80,130
80,131
80,94
80,931
80,146
80,95
80,150
80,2321
81,707
81,1243
81,1176
81,1393
82,1895
82,1638
82,85
82,2501
82,87
82,1762
83,1334
83,1303
83,146
83,104
83,701
83,704
83,112
83,1892
83,1148
84,2929
84,113
84,116
84,1097
85,427
85,1501
85,1243
85,1176
85,1204
85,1173
85,811
85,1685
85,804
85,1504
85,338
85,809
85,396
85,1218
85,213
85,205
85,206
86,94
86,117
86,115
86,87
87,999
88,124
88,125
88,126
88,127
89,643
89,644
89,655
89,654
89,645
89,646
89,138
89,647
90,101
90,92
90,102
91,93
92,99
92,100
92,101
92,105
92,93
92,128
93,1090
93,1334
93,2237
93,528
94,106
94,126
94,111
94,112
94,117
94,129
94,121
94,119
95,130
95,138
95,139
95,140
95,134
95,141
95,136
95,137
96,142
96,143
96,144
96,145
96,132
96,146
96,147
96,148
96,149
96,150
96,151
96,134
96,152
96,153
96,154
96,155
96,156
96,157
96,158
96,159
96,160
96,161
96,162
96,163
96,164
96,165
96,166
97,167
97,168
97,169
97,170
97,171
97,172
97,173
97,174
98,175
98,176
98,104
98,177
99,105
100,178
100,179
100,180
101,102
101,181
104,811
104,105
104,648
104,113
104,173
104,1339
104,116
104,128
104,1342
105,2730
106,187
106,188
106,189
106,111
106,119
107,749
107,750
107,713
107,715
107,751
108,1331
108,1764
108,931
108,456
108,1763
108,457
108,1338
108,1766
108,110
108,844
108,1770
108,1765
108,117
108,1596
108,118
109,142
109,2398
109,1303
109,788
109,804
109,1337
109,1992
109,213
109,1147
109,2238
109,1148
109,1146
109,2399
109,2400
109,198
109,245
110,1331
110,459
110,1764
110,1766
110,117
111,146
111,966
111,844
111,112
112,127
113,1089
113,711
113,2929
113,2930
113,668
113,387
113,177
113,526
114,643
114,644
114,146
114,652
114,654
114,645
114,646
114,138
114,647
114,648
115,235
115,701
115,762
115,2874
116,1090
116,248
116,1089
116,1333
116,1334
116,970
116,1303
116,2237
116,1092
116,1896
116,2701
116,528
116,757
116,1148
116,526
118,931
119,146
119,1729
120,2133
120,1241
120,522
120,1064
121,644
121,647
122,588
122,1989
123,701
124,146
124,2228
125,970
125,126
125,127
125,155
125,2116
125,2228
126,187
126,2239
126,127
126,1996
126,128
126,2241
127,187
127,2208
127,155
128,2072
128,1691
128,2925
128,807
128,170
128,1889
128,2926
128,811
128,2063
128,804
128,2924
128,2239
128,809
128,2233
128,2609
128,2228
128,1261
128,3248
130,134
130,165
131,190
131,132
131,191
131,192
131,134
131,193
131,152
131,194
131,135
131,195
131,137
131,165
131,196
132,633
132,949
132,950
132,191
132,929
132,931
132,146
132,932
132,147
132,192
132,940
132,941
132,926
132,916
132,917
132,918
132,145
134,964
134,949
134,974
134,191
134,2877
134,146
134,2878
134,193
134,192
134,152
134,1927
134,926
134,150
134,917
134,844
135,1300
135,1092
135,192
135,3193
135,137
136,701
136,139
136,3216
137,190
137,191
137,192
137,476
138,643
138,644
138,645
138,646
138,647
138,648
138,649
140,945
141,2519
142,197
142,198
143,199
143,200
143,201
144,202
144,203
144,204
145,915
145,916
145,917
145,918
145,919
145,920
145,921
145,922
145,923
145,924
146,964
146,918
146,920
146,926
146,940
146,941
146,942
146,148
146,943
146,965
146,150
146,213
146,844
146,966
146,155
146,159
146,935
146,163
146,164
146,936
146,967
146,937
146,944
146,166
147,929
147,918
147,922
147,924
147,947
147,948
147,844
147,959
147,955
147,166
148,969
148,970
148,931
148,942
148,920
148,158
148,159
148,971
149,1928
149,1926
149,1927
149,930
150,844
150,1765
150,967
153,1928
153,193
153,1932
154,769
154,2726
155,187
155,940
155,941
155,2993
155,1897
156,949
156,780
157,2963
157,3089
157,954
157,162
157,3090
158,159
159,916
159,942
159,944
160,2829
160,161
161,1796
161,2829
162,3089
162,3090
163,949
163,915
163,929
163,940
163,941
163,926
163,916
163,917
163,918
163,919
163,976
163,922
163,1926
164,940
164,941
164,966
164,920
166,929
166,959
166,953
166,944
168,767
169,793
169,792
169,657
169,2168
169,2169
170,353
170,378
170,2519
171,318
171,395
171,711
171,722
171,673
171,723
171,668
171,328
171,397
171,2573
171,329
171,726
171,572
171,393
171,431
171,741
173,1090
173,2237
173,1308
173,3052
175,205
175,206
175,207
175,208
175,209
175,210
175,211
175,212
175,213
175,214
175,215
175,216
175,217
175,218
175,219
175,220
176,1282
176,1306
176,1313
176,1314
176,1307
176,349
176,1303
176,788
176,350
176,1315
176,521
176,1182
176,580
176,581
176,177
176,241
176,820
176,1299
176,698
177,1282
177,1306
177,1307
177,349
177,527
177,1184
177,241
177,1182
177,1169
177,1309
177,2730
177,452
178,1869
178,179
179,1880
180,1880
181,1187
182,183
182,184
182,185
182,186
183,1170
183,700
183,1171
183,1172
183,1173
183,1174
183,547
183,239
183,504
183,1166
183,208
183,815
183,1175
183,766
185,244
185,3145
186,2973
186,736
187,996
187,937
188,189
188,1338
188,1341
189,2240
190,193
190,194
190,195
192,196
193,949
193,2877
197,567
197,568
197,569
197,570
197,324
197,571
197,572
197,573
197,574
197,575
197,576
197,577
197,578
198,1303
198,1895
198,396
198,1357
198,2407
198,1726
198,246
198,1147
198,1148
198,1146
198,1150
198,431
199,2045
199,1569
199,200
199,2326
199,2327
199,2328
199,2329
200,779
202,1115
202,2759
202,2764
202,1119
202,1934
202,1120
202,1121
202,1587
202,1123
203,2946
203,2943
203,2945
203,2357
203,1586
203,2947
205,207
205,425
205,426
205,427
205,321
205,428
205,429
205,211
205,212
205,430
205,431
205,432
205,216
205,433
205,434
205,435
205,436
205,437
205,438
205,439
205,219
205,440
205,441
206,427
206,428
206,211
206,862
206,216
206,433
206,434
206,436
206,438
207,860
208,1178
208,1302
208,1243
208,1204
208,1174
208,1281
208,1179
208,1166
208,1168
208,1256
208,1184
208,1181
208,1343
208,1182
208,1248
208,1187
208,1284
208,766
209,1945
209,1900
209,322
209,1459
209,355
209,1941
209,499
209,1954
209,1498
209,215
209,1955
209,440
209,1956
210,1882
210,2221
210,214
210,218
211,1260
211,428
211,811
211,804
211,809
211,1969
211,2270
211,246
211,212
211,213
211,216
211,217
211,1971
211,433
211,219
211,1284
212,494
212,426
212,428
212,337
212,842
212,338
212,812
212,1969
212,2270
212,794
212,246
212,795
212,216
213,1303
213,811
213,804
213,809
213,1992
214,425
214,2775
214,218
215,1945
215,322
215,1903
215,1810
216,571
216,429
216,717
216,1969
217,842
217,811
217,804
217,809
217,1969
218,425
218,2775
219,1260
219,860
219,811
219,804
219,809
219,1897
220,1958
220,1969
220,246
221,222
221,223
221,224
221,225
221,226
222,225
222,226
223,225
223,226
226,700
226,2987
226,2895
226,3171
227,228
228,1281
228,1179
228,1168
228,237
229,230
229,231
229,232
230,233
231,305
233,234
233,236
234,235
235,1188
238,239
239,240
239,241
239,242
240,243
240,643
240,644
240,645
240,646
240,650
240,652
240,653
240,654
240,655
240,657
240,647
240,648
241,1313
241,1314
241,2678
241,2731
245,246
245,247
245,248
246,2286
246,2287
246,1958
246,1807
246,1303
246,788
246,1145
246,1895
246,2288
246,804
246,2289
246,1969
246,1357
246,315
246,405
246,1146
246,1150
246,431
246,1897
247,1282
247,1303
247,788
247,1147
247,697
248,659
248,366
248,393
249,250
249,251
249,252
249,253
249,254
249,255
249,256
249,257
249,258
249,259
250,424
250,1163
250,1162
250,1130
251,2138
251,2689
251,2688
252,2965
252,2968
252,2966
252,2964
253,254
253,255
254,255
257,2506
257,2508
257,3211
257,2752
257,1144
258,1101
258,1144
259,1144
260,261
260,262
261,488
261,262
261,485
261,489
261,1996
262,503
262,1996
263,264
263,265
263,266
264,265
264,267
264,268
264,269
264,270
264,271
264,272
264,273
265,274
265,275
265,276
265,277
265,278
265,279
265,280
265,281
265,282
266,283
266,284
267,483
269,3153
269,706
269,341
269,483
269,340
269,1725
270,3036
270,664
270,344
270,374
270,706
270,373
270,366
270,367
270,1725
273,1027
274,390
274,391
274,280
275,1198
275,1201
275,1240
275,1262
275,1166
275,278
275,1257
275,387
275,1231
276,355
277,1198
277,1199
277,1201
277,1670
277,1240
277,1401
277,1396
277,1524
277,1210
277,368
277,278
277,1506
277,658
277,1225
277,1427
277,1251
277,902
278,2207
278,1371
278,1198
278,1199
278,1641
278,1201
278,1684
278,1280
278,1670
278,1240
278,1241
278,356
278,1401
278,1372
278,1243
278,385
278,1665
278,1174
278,1364
278,1209
278,1374
278,1378
278,1257
278,683
278,386
278,387
278,1457
278,383
278,1952
278,1229
279,1201
279,1698
279,1240
279,1362
279,1606
279,1458
280,2577
280,1516
280,2578
282,316
282,388
282,383
282,389
283,1049
283,1050
283,1051
284,1758
284,1050
284,1655
284,1665
284,1362
284,1364
284,1365
284,1612
284,1603
284,1385
284,1397
284,1384
284,1218
284,2391
284,2392
284,2394
284,1368
284,1369
284,1370
284,1409
284,1410
284,1411
284,1413
284,1419
284,1414
284,1038
284,1450
284,1045
284,1431
284,1657
284,422
284,342
285,286
285,287
285,288
285,289
286,290
287,2601
287,2856
287,2599
287,1140
287,1141
287,288
288,1982
290,291
291,2138
292,293
292,294
293,636
293,300
293,515
293,2175
293,516
295,296
295,297
295,298
296,533
296,1275
296,1064
296,537
296,1065
296,1056
296,297
296,1060
296,1875
296,1298
296,1292
296,1277
296,1069
297,1103
297,638
297,858
297,1191
297,1074
297,533
297,537
297,713
297,1277
297,298
298,3036
298,3124
298,2166
298,2954
298,3037
298,546
298,638
298,1270
298,515
298,1865
298,2175
298,533
298,540
298,541
298,801
299,300
299,301
299,302
299,303
299,304
300,514
300,515
300,516
301,638
301,767
302,2722
302,2720
302,2185
302,2721
303,637
304,2805
304,2333
304,637
304,641
304,308
306,307
307,767
309,310
309,311
309,312
309,313
309,314
310,663
310,701
310,759
310,760
310,761
311,2288
311,2291
311,2289
311,1337
311,2292
311,2399
312,571
312,573
312,713
313,621
313,3120
313,662
313,1550
313,804
313,694
313,809
313,3121
314,2288
314,2291
314,2289
315,316
315,317
315,318
315,319
315,320
315,321
315,322
315,323
315,324
315,325
315,326
315,327
315,328
315,329
315,330
315,331
315,332
315,333
315,334
315,335
316,569
316,570
316,317
316,325
316,1022
316,327
316,1023
316,404
317,788
317,1145
317,405
317,393
317,786
317,452
318,1644
318,395
318,323
318,397
318,739
318,399
318,576
319,320
319,1371
319,1745
319,900
319,1538
319,1669
319,415
319,419
320,1771
321,1238
321,1327
321,1958
321,355
321,1947
321,1959
321,747
321,1484
321,584
321,440
322,406
322,1303
323,324
323,405
323,393
323,1210
323,391
323,397
323,741
323,403
324,395
324,1644
324,1686
324,1137
324,373
324,399
324,1688
324,736
324,1689
324,676
324,400
325,327
325,1023
326,2475
326,1193
327,397
327,405
327,418
328,740
328,741
328,1234
329,1900
330,742
330,486
330,488
330,487
330,668
330,1045
330,340
331,395
331,340
333,449
333,394
333,393
333,357
334,337
334,1328
334,1184
334,3230
334,338
336,337
336,338
336,339
337,338
337,2299
337,2300
337,2301
338,494
338,1522
338,2299
338,2302
338,2301
339,742
339,3122
339,2533
340,341
340,342
341,1396
341,410
341,354
342,1665
342,1364
342,1426
342,574
343,344
343,345
344,427
344,664
344,1801
344,1803
344,706
344,1725
345,643
345,1801
345,718
346,347
346,348
347,349
347,350
347,351
347,352
347,353
348,620
349,1282
349,1182
349,1184
349,1305
349,1310
349,452
350,1182
351,526
351,527
351,531
352,2519
354,355
354,356
355,1945
355,1942
355,1943
355,1937
355,1946
355,1242
355,745
355,1947
355,1938
355,581
355,1948
355,1459
355,1949
355,1950
355,1940
355,1951
355,1941
355,358
355,555
355,579
355,583
355,485
355,1936
355,1939
355,1952
356,2207
356,1084
356,373
356,1223
356,676
356,400
356,2209
356,2211
358,359
358,360
358,361
358,362
359,555
359,556
359,557
359,558
360,555
360,2310
361,555
362,555
362,3077
362,3078
363,364
364,447
365,366
366,367
366,368
366,369
366,370
366,371
366,372
366,373
366,374
366,375
366,376
366,377
366,378
366,379
366,380
366,381
366,382
367,368
367,369
367,370
367,371
367,372
367,373
367,376
367,377
367,378
367,379
367,380
367,382
368,1667
368,1371
368,1465
368,1198
368,1676
368,1640
368,1199
368,1641
368,1398
368,371
368,1399
368,1207
368,376
368,1226
368,1023
369,370
369,1847
371,1201
372,2516
372,797
373,2207
373,395
373,1686
373,743
373,1137
373,1688
373,676
373,400
374,376
375,665
377,685
378,2303
378,812
378,379
382,3240
383,384
383,385
383,386
383,387
383,388
383,389
384,1353
384,449
384,1643
384,1216
384,1219
384,1741
384,388
386,786
386,1356
386,452
387,1198
387,1199
387,1201
387,1280
387,1240
387,1243
387,1255
387,1174
387,1257
387,880
387,1498
388,389
389,3245
390,392
391,900
391,1280
391,1496
391,1505
391,2062
391,1221
391,2573
391,1689
391,1234
391,2574
393,394
393,395
393,396
393,397
393,398
393,399
393,400
393,401
393,402
393,403
393,404
394,405
394,406
394,407
394,408
394,409
394,404
395,742
395,668
395,672
395,673
395,743
395,1760
395,397
395,739
395,399
395,572
395,676
395,677
395,1299
395,400
395,740
395,665
395,576
396,1315
396,419
396,1726
396,1150
396,1152
396,1638
396,1761
396,1762
397,1234
398,443
399,666
399,671
399,2525
399,672
399,707
399,711
399,722
399,669
399,719
400,2207
400,737
400,1686
400,653
400,743
400,660
400,1844
400,677
400,740
400,676
400,741
400,405
401,493
401,713
401,2210
402,519
402,405
402,485
404,409
405,415
405,451
405,452
405,453
405,454
405,455
408,506
409,1476
409,2525
409,437
409,804
409,809
409,1218
409,413
410,411
410,412
411,900
411,899
411,901
411,902
412,1305
412,1310
412,1725
413,414
414,415
414,416
415,442
415,443
415,444
416,506
417,418
418,453
418,455
419,420
420,1643
420,2058
421,422
422,1194
422,1465
422,1198
422,1201
422,1364
422,1373
422,1215
422,1212
422,1492
422,1023
422,1660
422,2134
422,1368
422,1369
422,1370
422,1206
422,1409
422,1410
422,1360
422,1411
422,1413
422,1414
422,1663
422,1656
422,1451
422,1431
422,1226
422,1506
422,1662
422,1614
423,424
424,2003
424,1162
424,1163
424,2004
425,1178
425,1179
425,1281
425,1256
425,1289
425,1186
426,1260
426,1174
426,1256
426,1303
426,1357
426,499
426,843
426,431
426,821
426,440
426,791
427,1807
428,2269
428,1328
428,842
428,2270
428,822
428,1810
428,433
428,434
428,438
429,666
429,571
429,707
429,2071
429,573
429,713
429,714
429,715
429,716
429,717
429,1020
429,2209
429,440
429,720
430,1303
430,804
430,809
430,499
430,433
431,1260
431,2287
431,1200
431,1476
431,1145
431,1256
431,821
431,432
431,725
431,786
431,822
431,1150
431,505
431,443
432,433
433,1260
433,434
433,821
434,435
434,2054
434,842
434,796
435,438
436,1260
436,2229
437,1900
438,2054
438,842
439,904
440,1945
440,496
440,1201
440,1698
440,1408
440,571
440,1176
440,1355
440,1954
440,1044
440,1495
440,495
441,1900
441,903
443,444
443,786
444,2881
444,666
444,2922
444,2921
444,1671
445,446
445,447
445,448
446,447
446,1048
446,1650
446,1362
446,1364
446,1208
446,1717
447,1650
447,1603
447,1818
447,1819
447,1820
447,491
447,448
447,1821
447,755
447,1500
447,1706
448,1362
448,1460
449,450
450,649
451,1286
451,523
451,580
451,1295
451,1692
451,1347
451,1254
451,2318
451,1348
452,1260
452,1282
452,1310
452,1256
452,1184
452,1305
452,786
453,1090
456,457
456,458
456,459
456,460
456,461
456,462
456,463
456,464
456,465
456,466
456,467
456,468
456,469
456,470
456,471
456,472
456,473
456,474
456,475
456,476
456,477
456,478
456,479
456,480
456,481
456,482
457,1331
457,1764
457,1766
457,1765
457,1596
458,2343
458,2363
459,2610
460,461
461,2815
461,462
461,2816
461,2817
461,2818
461,2819
461,2820
461,2821
461,2822
462,2361
462,1574
462,2860
462,2863
462,1588
462,2821
463,2547
463,2550
464,1579
464,2343
464,2341
464,2345
464,2362
464,465
464,2934
465,2342
465,1579
465,466
465,467
465,1582
465,2341
465,2356
465,2934
465,1597
466,467
466,469
466,2935
467,469
467,2935
468,2547
468,2552
468,2553
468,2554
468,2551
468,2562
469,1579
469,2675
469,1752
469,2032
469,1754
469,3129
469,3005
469,2550
469,1574
469,2723
469,2935
469,2560
471,1584
471,1579
471,2547
471,2960
471,2957
471,2550
471,2908
471,2341
471,2961
471,1583
471,2591
476,2821
479,2827
479,1579
479,1920
479,2447
482,1584
482,2960
482,2957
482,2961
482,1583
482,2585
482,2591
482,2959
483,484
485,486
485,487
485,488
485,489
485,490
485,491
485,492
486,2263
486,1447
486,2022
486,488
486,1222
487,1667
487,1240
487,488
487,2022
487,1231
487,2264
488,489
488,2267
488,1346
488,1222
488,1045
490,503
491,496
491,1502
491,1503
491,1208
491,1368
491,1370
491,1410
491,1230
491,2397
491,1605
491,1614
491,1821
492,496
492,1386
492,1601
492,1198
492,1485
492,1239
492,1048
492,1502
492,1241
492,1503
492,1172
492,1255
492,1244
493,494
494,2210
494,2298
495,496
495,497
495,498
495,499
495,500
495,501
495,502
496,1208
496,1371
496,1650
496,1380
496,1486
496,497
496,1697
496,1698
496,1502
496,498
496,1041
496,1699
496,1700
496,500
496,1497
496,1701
496,1428
496,1702
496,1429
496,502
496,1703
496,1360
496,1453
496,1704
496,1705
496,1706
497,1001
497,1780
497,1002
497,1000
497,1003
497,1697
497,684
497,1408
497,1004
497,1775
497,1011
497,1012
497,498
497,1009
497,1781
497,1016
497,1777
497,1789
497,1014
497,1778
498,1001
498,1780
498,1002
498,1000
498,2018
498,1003
498,1697
498,684
498,1782
498,1006
498,1408
498,2311
498,1775
498,1651
498,1011
498,2019
498,1009
498,2312
498,499
498,1008
498,2313
498,1777
498,1704
498,1778
499,1945
499,1698
499,1408
499,1954
501,1958
501,1697
501,1408
501,2667
501,1604
503,504
504,1165
504,1166
504,1167
504,1168
504,1169
506,507
506,508
509,510
509,511
509,512
509,513
510,1053
510,1052
510,1073
510,1062
510,767
510,1074
510,1075
510,1055
510,1056
510,1057
510,1058
510,1059
510,1076
510,1060
510,1077
510,617
510,1069
510,1070
510,1071
511,1280
511,1349
511,1286
511,1297
511,1316
511,1191
511,1287
511,1317
511,1319
511,1295
511,1077
511,1259
511,1185
511,1351
511,1298
514,517
514,518
515,767
518,634
519,520
520,1150
522,523
522,524
522,525
523,1313
523,1314
523,1305
523,1254
524,525
524,1313
524,1314
524,2733
525,548
525,2739
526,527
526,528
526,529
526,530
526,531
526,532
527,1306
527,1314
527,1244
527,1308
527,531
528,1090
528,2233
528,1097
529,1089
529,3039
530,3117
530,3118
530,531
531,2702
531,3117
531,999
531,3118
531,2173
533,534
533,535
533,536
533,537
533,538
534,637
536,637
536,1523
537,2011
537,1275
537,573
537,713
537,1071
538,635
538,636
538,641
538,2917
540,541
540,542
540,543
540,544
540,545
540,546
542,849
542,2419
542,2420
542,2414
542,2421
542,1532
542,543
542,2413
542,545
542,2422
543,849
543,1527
543,2419
543,2420
543,2414
543,2427
543,2421
543,1532
543,635
543,545
543,2422
545,2426
545,1278
545,2413
546,3032
547,548
547,549
547,550
547,551
547,552
547,553
547,554
548,1048
548,1216
548,2739
548,1210
548,1422
548,2733
550,1800
550,1043
550,551
550,2228
551,1800
552,1178
552,1302
552,1281
552,1256
552,1265
553,1800
553,751
555,559
555,560
555,561
556,560
556,562
557,2367
557,2851
557,2852
557,624
557,2007
558,1164
562,1133
563,564
563,565
563,566
564,565
564,623
564,566
565,623
565,3012
565,566
566,1121
566,1777
566,3049
566,1778
567,666
567,645
567,653
567,568
567,572
567,577
568,666
568,669
568,670
568,645
568,653
568,572
568,577
569,1021
569,570
570,1021
570,1026
570,574
570,578
571,666
571,707
571,669
571,2284
571,573
571,713
571,714
571,715
571,716
571,717
571,2285
571,2209
571,2211
571,720
572,673
572,674
572,653
572,677
572,577
573,666
573,710
573,709
573,2090
573,714
573,1064
573,715
573,716
573,713
574,1100
574,1021
574,1099
574,578
577,3191
577,666
577,670
577,653
577,731
578,1021
578,1026
579,580
579,581
579,582
580,1314
580,1286
580,581
580,585
580,1305
580,1254
580,1471
581,1314
581,1889
581,1888
581,1890
581,748
581,1471
583,584
584,1280
584,1947
584,1172
586,587
587,949
587,994
587,995
587,979
587,767
587,2115
587,980
587,1078
587,2116
588,589
590,591
591,1327
591,2476
591,2232
591,798
591,2290
592,593
592,594
592,595
592,596
594,858
594,1064
594,1074
594,1290
594,838
595,603
595,1875
595,1876
596,1393
596,3137
597,598
597,599
597,600
597,601
597,602
597,603
597,604
597,605
597,606
597,607
597,608
597,609
598,1848
598,599
598,601
598,602
598,1849
598,603
598,1850
598,1851
598,1852
598,606
598,1853
598,1854
598,1855
598,1856
598,608
598,1857
599,602
599,1848
599,600
599,601
599,603
599,1858
599,1859
599,1850
599,1851
599,1852
599,1065
599,606
599,1853
599,1860
599,1861
599,618
599,1862
599,1854
599,1863
599,1864
600,1849
600,1865
600,1848
600,601
601,602
601,1849
601,603
601,1858
601,1859
601,1850
601,1851
601,779
601,1848
601,1861
601,1862
601,1854
601,1831
602,610
602,1849
602,606
602,1857
603,1849
603,1321
604,612
604,1519
605,2117
605,2118
605,1509
605,767
605,2099
605,1512
605,2119
605,1831
606,1849
606,2124
606,1858
606,767
606,1321
607,2405
607,1533
607,1831
610,611
611,1828
612,613
614,615
614,616
614,617
614,618
614,619
615,1178
615,616
615,2534
616,617
616,1161
616,2540
617,1062
617,2138
617,2013
617,1161
617,1276
618,619
618,2415
618,2414
618,2423
618,1273
620,621
620,622
621,690
621,762
621,1844
621,755
624,625
624,626
624,627
625,1130
625,1131
625,1132
626,1620
626,1627
626,1628
626,1629
628,629
628,630
628,631
629,1883
629,1884
629,1885
630,2785
630,2692
630,2694
630,631
631,2785
632,633
633,931
636,637
636,638
637,639
637,640
638,2190
638,2191
638,2192
638,2193
640,782
641,642
643,650
643,644
643,645
643,646
643,651
643,652
643,653
643,654
643,655
643,656
643,657
643,647
643,648
643,658
643,649
644,645
644,646
644,650
644,651
644,652
644,653
644,654
644,655
644,656
644,647
644,648
644,649
645,659
645,650
645,651
645,652
645,653
645,660
645,654
645,646
645,647
645,648
645,649
645,661
646,650
646,662
646,652
646,663
646,647
646,648
646,649
647,652
647,654
647,648
647,649
648,650
648,652
648,704
648,654
649,3206
649,3207
649,3064
650,664
650,651
650,652
650,653
650,654
650,655
651,653
651,667
652,653
652,654
652,655
653,659
653,666
653,668
653,660
654,655
654,656
654,678
655,696
657,2110
657,1280
657,767
658,2053
658,1394
658,1670
658,1502
658,1503
658,1172
658,1468
658,1398
658,1209
658,1427
658,1376
658,1470
658,1225
658,1228
659,665
660,671
660,672
660,673
660,674
660,675
660,676
660,677
661,672
661,1449
661,2605
661,1191
661,2006
661,1214
661,1765
661,663
661,820
661,2692
662,690
662,691
662,692
662,693
662,694
662,695
662,696
662,697
662,698
663,699
663,700
663,701
663,702
663,703
663,704
664,705
664,706
665,1189
665,2211
666,669
666,707
666,708
666,709
666,710
666,711
666,712
666,713
666,714
666,715
666,716
666,717
666,718
666,719
666,720
667,2838
667,2837
668,672
668,721
668,711
668,722
668,673
668,723
668,674
668,675
668,724
668,725
668,726
668,727
668,728
668,729
668,730
669,707
669,731
669,712
669,714
669,732
669,719
669,733
669,727
670,734
671,735
671,672
671,674
671,675
671,721
671,736
672,734
672,737
672,675
672,738
672,739
672,736
672,740
672,741
673,742
673,743
673,739
673,736
673,677
673,740
674,699
674,721
674,701
674,743
674,677
674,740
674,744
675,737
675,745
675,746
675,739
675,747
675,740
675,748
676,2207
676,1686
676,743
676,677
676,1688
678,804
679,1019
679,1020
679,686
680,681
680,1921
681,1922
681,1923
681,1924
682,1783
682,1925
682,1921
683,2212
683,2213
683,2211
683,689
684,1018
685,1230
688,1783
688,1786
688,1774
689,1001
689,1779
689,1002
689,1003
689,1005
689,1006
689,1774
689,2909
689,1009
689,1787
690,701
690,752
690,692
690,753
690,754
690,696
690,755
691,692
692,752
692,693
692,1842
692,755
693,694
693,696
694,2372
694,1842
694,695
694,696
695,3121
696,754
697,1550
697,804
697,809
697,827
698,1314
699,701
699,756
699,757
699,758
700,762
700,763
700,764
700,765
700,766
701,704
701,752
701,767
701,768
701,751
702,703
702,704
702,752
702,762
702,769
703,770
703,771
703,704
703,752
703,769
704,753
704,771
704,762
704,752
704,772
704,773
704,774
705,723
705,2853
705,902
706,1725
707,1152
707,1310
707,708
707,709
707,710
707,713
707,714
707,715
707,716
707,717
707,719
707,720
708,709
710,2071
711,722
711,723
711,726
711,736
711,719
711,733
711,1975
711,727
711,2853
712,2880
712,1575
712,738
712,719
713,994
713,1103
713,1179
713,858
713,1181
713,717
713,2284
713,714
713,2071
713,732
713,1169
713,1064
713,731
713,715
713,1074
713,1277
713,716
714,717
714,715
714,716
714,720
715,717
715,2071
715,716
715,3103
715,720
716,717
716,720
717,1958
717,1957
717,720
718,2785
719,2428
719,2880
719,733
719,729
722,723
722,726
722,727
723,726
723,727
723,902
725,1145
726,2880
726,736
726,733
726,1975
726,727
727,733
727,1024
727,1725
727,729
728,2428
729,2880
729,733
729,1024
733,2880
733,752
734,736
734,1026
735,1949
735,1976
736,1688
737,1201
737,2532
737,2533
738,2881
738,2178
738,2179
738,2121
738,1011
738,1223
738,2717
739,742
740,1476
740,743
740,1644
741,2178
741,1474
741,743
741,1689
741,1693
742,1750
743,1978
744,1328
745,1960
745,1961
745,1948
745,1949
745,1950
745,1962
745,746
745,747
745,1484
745,1963
746,1951
746,1953
747,1238
747,1483
747,1242
747,1496
747,1495
747,2859
747,1950
747,1497
747,1368
747,1369
747,1370
747,1409
747,1410
747,1411
747,1413
750,2428
750,1966
751,1783
751,996
751,2930
751,3132
751,752
752,1550
752,762
752,1469
753,762
753,1724
755,3155
755,1821
756,3058
756,1639
756,1322
756,3057
757,846
759,807
759,804
759,809
759,2927
759,830
760,3189
760,761
762,771
762,772
763,2127
766,3101
766,1174
766,1166
766,1258
766,1175
767,1033
767,2092
767,2093
767,2094
767,2095
767,1065
767,1798
767,2096
767,2097
767,1290
767,1075
767,2098
767,2099
767,2100
767,848
767,1275
767,1318
767,1321
768,2229
769,3076
770,1843
771,774
772,1751
772,908
772,3154
772,2376
772,3091
772,907
772,2377
772,2797
772,906
774,1410
775,776
775,777
776,782
777,1134
777,859
778,779
778,780
778,781
779,916
779,956
779,780
779,954
779,957
780,956
780,949
780,2089
780,984
780,954
780,3087
781,2590
781,1735
783,784
783,785
784,827
785,827
786,1260
786,804
786,812
787,788
787,789
787,790
787,791
788,797
788,1146
788,1147
788,1148
788,791
790,1021
790,797
791,2941
791,797
792,793
793,2169
794,795
794,796
795,1899
795,2287
795,804
795,809
795,1969
795,843
796,1899
796,1730
796,842
799,800
800,1333
800,1991
802,803
802,804
802,805
803,806
804,807
804,808
804,809
804,810
804,811
804,812
804,813
804,814
804,815
804,816
804,817
804,818
804,819
804,820
804,821
804,822
804,823
804,824
804,825
804,826
804,827
804,828
804,829
804,830
804,831
804,832
804,833
804,834
804,835
804,836
804,837
805,1089
805,3235
806,808
806,3226
807,809
807,811
807,815
807,838
807,830
807,839
808,840
808,814
808,815
808,816
808,823
808,825
808,830
809,841
809,810
809,842
809,812
809,843
809,815
809,817
809,844
809,821
809,826
809,828
809,830
809,845
809,846
809,831
809,832
809,835
809,836
809,837
810,1256
810,1283
811,841
811,1328
811,2063
811,837
812,1328
812,1329
812,842
812,2303
812,1283
812,843
812,818
812,822
813,1302
813,1256
813,1283
813,1185
814,2523
814,2522
814,844
815,1201
815,838
815,2504
815,816
815,2477
815,817
815,1214
817,841
817,2609
817,844
818,2072
818,1176
818,1204
818,1177
818,1328
818,1257
818,1261
819,2810
820,1353
820,844
820,825
821,1256
821,2609
822,1260
822,1145
822,1352
823,1528
823,833
824,3096
824,828
826,1179
826,1256
826,1169
826,3174
827,1550
828,3096
828,3095
828,829
828,833
828,834
829,3096
829,3095
829,2836
831,1194
831,1210
831,832
831,1968
832,1328
832,1329
832,1283
833,834
833,835
835,2903
838,1103
839,1636
839,1637
840,847
840,848
840,849
840,850
840,851
841,852
841,843
842,2269
842,860
842,1328
842,1283
842,1269
843,2287
843,1900
843,1654
844,974
844,929
844,931
844,932
844,2875
844,966
844,926
844,945
844,948
844,946
844,962
844,920
844,953
845,1353
845,900
845,1172
845,1255
845,1250
845,1507
846,1865
846,1322
846,3057
846,1061
847,1571
849,2419
849,2421
853,854
853,855
853,856
854,913
854,2669
855,2846
856,2380
857,858
858,1053
858,1274
858,1054
858,1168
858,1169
858,1183
858,1191
858,1275
858,1064
858,1055
858,1276
858,1072
858,1277
858,1278
858,1279
858,1071
860,861
861,863
861,864
861,865
861,866
861,867
861,868
861,869
861,870
861,871
861,872
861,873
861,874
861,875
861,876
861,877
861,878
861,879
861,880
861,881
861,882
861,883
861,884
861,885
861,886
861,887
861,888
861,889
861,890
861,891
861,892
861,893
861,894
861,895
861,896
861,897
861,898
862,1260
862,2229
862,1895
862,3127
863,864
864,865
864,866
864,867
865,866
865,867
865,1907
865,868
865,1908
865,870
865,1909
865,872
865,873
865,1109
865,874
865,875
865,876
865,877
865,878
865,1910
865,880
865,881
865,882
865,1911
865,883
865,1912
865,884
865,887
865,1913
865,1914
865,890
865,892
865,1915
865,1916
865,1917
865,1918
865,896
865,1919
866,1907
866,868
866,1908
866,872
866,1109
866,877
866,1910
866,880
866,881
866,882
866,884
866,1914
866,890
866,1915
866,1916
866,1917
866,1918
866,1919
866,897
867,1907
867,869
868,1920
868,1907
868,1908
868,878
868,1585
868,884
868,1916
869,895
870,2526
871,1909
871,2579
871,2283
871,2636
871,2642
871,2633
871,2644
871,877
871,2634
871,2646
871,2650
871,2661
871,1919
872,1907
872,873
872,1908
872,1109
872,880
872,897
873,874
873,892
873,897
874,1108
874,2770
874,891
874,892
875,2842
875,880
875,882
875,1911
875,883
875,1912
875,1913
875,2843
875,1917
875,1918
876,1751
876,2849
876,1907
876,2850
876,1908
877,1909
877,2579
877,2283
877,1108
877,2649
877,1919
878,2338
878,1907
878,1908
880,1907
880,1109
881,1907
881,2526
882,1907
882,1109
882,2526
882,897
883,2526
884,1907
884,1908
884,1914
885,3116
885,894
887,2307
890,3116
890,1907
890,1908
890,897
891,2035
891,1110
892,1907
892,1908
893,3160
894,895
895,3116
897,1907
897,1908
897,1652
900,1198
900,1199
900,1201
900,1210
900,1486
900,1669
900,1396
900,1397
900,1687
900,1221
900,1250
900,1772
900,1453
900,1461
900,902
901,1239
901,1398
901,1399
901,1210
901,1374
901,1237
902,1668
902,1198
902,1199
902,1201
902,1202
902,1240
902,1396
902,1205
902,2605
902,1665
902,1210
902,1644
902,1023
902,1368
902,1369
902,1370
902,1410
905,906
905,907
905,908
906,2376
906,2377
907,908
907,2844
907,2845
908,2158
908,2844
908,2187
908,2846
908,914
909,910
910,938
911,912
912,991
912,2322
913,914
914,2187
914,2669
914,1080
916,925
916,926
916,917
916,923
916,927
916,928
917,929
917,926
917,918
917,922
917,924
917,930
917,928
918,929
918,931
918,932
918,926
918,933
918,934
918,935
918,936
918,937
919,938
919,939
920,931
920,940
920,941
920,942
920,943
920,944
921,933
921,945
921,946
921,944
922,929
922,947
922,948
923,926
923,951
923,924
923,952
924,929
924,932
924,953
924,944
925,926
926,951
926,927
926,954
926,928
926,936
926,955
928,3232
929,932
929,933
929,934
929,947
929,948
929,958
929,959
929,935
929,960
929,936
929,955
929,961
930,1931
930,1926
931,962
931,935
931,963
931,960
931,936
931,937
932,933
932,962
933,968
933,934
933,960
934,968
934,935
934,937
935,948
935,959
937,948
938,2296
938,2868
938,2202
939,2612
939,2613
940,941
940,943
940,965
940,966
940,944
941,943
941,965
941,944
942,963
943,965
943,944
945,946
945,962
945,972
945,973
946,974
946,975
946,972
947,948
949,976
949,977
949,978
949,979
949,980
949,981
949,982
949,983
949,984
949,985
949,986
949,987
949,988
949,989
949,990
950,991
950,992
952,2565
953,959
954,956
954,3088
954,2089
954,2376
954,2726
956,2089
956,961
957,988
958,2204
960,1822
960,1823
961,1927
962,1822
962,1823
962,1824
962,972
965,999
967,2702
970,993
970,994
970,995
970,996
970,980
970,979
970,997
970,985
970,998
971,1752
971,1753
972,1824
972,2402
972,2404
973,2402
973,2406
973,2404
975,2892
976,978
977,1934
977,1121
977,1935
977,1123
979,993
979,994
979,980
979,1078
980,993
980,994
980,995
980,1078
980,998
980,990
981,1035
981,1031
982,3000
982,983
982,2357
983,3002
983,3003
983,3004
983,2829
985,993
985,994
985,997
985,1703
986,2547
986,2554
986,2559
986,2558
987,3000
987,2946
987,3128
989,1579
989,3249
989,1364
989,2667
990,993
990,994
991,2878
991,2103
993,994
993,995
994,995
994,1078
994,998
995,1065
995,998
995,1272
995,2131
997,1035
999,1089
1000,1001
1000,1002
1000,1003
1000,1004
1000,1005
1000,1006
1000,1007
1000,1008
1000,1009
1000,1010
1001,1002
1001,1011
1001,1003
1001,1012
1001,1006
1001,1009
1001,1013
1001,1014
1001,1015
1002,1012
1002,1006
1002,1007
1002,1016
1002,1017
1002,1018
1002,1013
1002,1014
1002,1015
1003,1773
1003,1779
1003,1780
1003,1012
1003,1011
1003,1004
1003,1775
1003,1005
1003,1006
1003,1008
1003,1781
1003,1016
1003,1776
1003,1018
1003,1777
1003,1778
1004,1012
1004,1005
1004,1782
1004,1006
1004,1011
1004,1775
1004,1008
1004,1781
1004,1777
1004,1778
1005,1773
1005,1783
1005,1007
1005,1006
1006,1773
1006,1783
1006,1780
1006,1786
1006,1012
1006,1007
1006,1782
1006,1008
1006,1009
1006,1776
1007,1773
1007,1783
1007,1012
1007,1008
1007,1776
1007,1702
1008,1783
1008,1782
1008,1011
1008,2019
1008,1009
1008,1777
1008,1787
1009,1773
1009,1775
1009,1011
1009,1777
1009,1013
1009,1778
1009,2314
1010,2059
1010,1086
1010,1471
1011,1773
1011,1774
1011,1775
1011,1776
1011,1777
1011,1013
1011,1778
1012,1773
1012,1779
1012,1786
1012,1016
1012,1787
1012,1014
1013,1773
1013,1779
1013,1775
1013,2989
1013,2991
1013,1120
1013,1121
1013,1776
1013,1778
1014,1773
1014,1779
1014,1697
1014,2583
1014,1776
1014,1787
1015,2314
1017,1448
1017,1790
1017,2727
1018,2530
1018,2015
1018,2545
1021,1024
1021,1025
1022,2601
1022,1138
1022,2604
1022,2599
1022,2605
1022,1137
1022,1141
1023,1668
1023,1195
1023,1371
1023,1691
1023,1172
1023,1401
1023,1449
1023,1396
1023,1468
1023,1665
1023,1404
1023,1210
1023,1213
1023,1214
1024,2672
1025,2410
1028,1029
1028,1030
1029,2612
1029,2729
1029,2125
1030,2612
1030,2729
1031,1032
1031,1033
1031,1034
1031,1035
1031,1036
1031,1037
1032,1509
1033,1832
1033,1532
1033,1833
1033,2109
1033,1037
1034,2768
1035,1509
1037,2320
1037,1832
1037,2081
1037,1830
1037,1834
1037,2083
1038,1039
1039,1755
1040,1041
1041,1697
1041,1415
1041,1699
1041,1703
1042,1043
1042,1044
1042,1045
1042,1046
1044,1665
1044,1362
1044,1364
1044,1365
1044,1612
1044,1385
1044,1207
1044,1370
1044,1673
1044,1254
1044,1617
1045,1364
1045,1612
1045,1613
1045,2022
1045,1370
1047,1048
1048,1572
1048,1575
1048,1576
1048,1577
1050,1616
1050,1410
1050,1655
1050,1758
1050,2391
1050,2392
1050,1434
1050,1696
1052,1053
1052,1054
1052,1055
1052,1056
1052,1057
1052,1058
1052,1059
1052,1060
1052,1061
1053,1062
1053,1063
1053,1064
1053,1065
1053,1055
1053,1056
1053,1057
1053,1058
1053,1059
1053,1060
1053,1066
1053,1067
1053,1068
1053,1069
1053,1070
1053,1071
1054,1293
1054,1294
1054,1280
1054,1295
1055,1062
1055,1063
1055,1064
1056,1063
1056,1065
1056,2130
1056,1064
1056,1070
1057,2182
1057,1858
1057,2111
1057,1075
1057,1318
1057,1058
1057,1059
1057,1076
1057,1351
1057,2101
1057,2183
1057,1876
1057,2184
1057,1321
1057,2185
1057,2186
1057,1070
1058,2182
1058,1059
1058,1318
1058,2111
1058,1076
1058,2183
1058,1876
1058,2184
1058,1321
1058,2185
1058,2186
1058,1070
1059,2182
1059,1318
1059,2111
1059,1076
1059,1060
1059,2113
1059,2183
1059,1876
1059,1321
1059,1068
1059,2218
1059,1069
1059,1070
1059,1071
1060,1063
1060,1297
1060,1316
1060,2124
1060,1191
1060,1287
1060,1317
1060,1288
1060,2418
1060,1319
1060,1320
1060,2413
1060,1066
1060,1067
1060,1068
1060,1069
1060,1284
1060,1071
1061,1325
1061,1865
1061,1272
1062,1072
1063,1064
1063,1072
1063,1068
1063,1069
1063,1070
1064,1178
1064,1103
1064,1274
1064,1997
1064,1179
1064,2094
1064,1168
1064,1180
1064,1065
1064,1297
1064,1316
1064,1350
1064,1287
1064,1317
1064,1181
1064,1182
1064,1183
1064,1169
1064,1264
1064,1275
1064,1295
1064,2101
1064,1066
1064,2105
1064,1278
1064,1067
1065,1997
1065,1066
1065,1072
1065,1067
1065,2114
1065,1068
1065,1069
1065,1071
1066,1274
1066,1135
1066,1191
1066,2691
1066,2144
1066,1276
1066,1071
1067,1274
1067,1191
1067,2691
1067,2144
1067,1276
1067,3032
1067,1071
1068,1076
1068,2113
1068,2218
1069,1297
1069,1316
1069,2124
1069,1191
1069,1287
1069,1317
1069,1288
1069,2418
1069,1319
1069,1320
1070,1632
1070,1071
1071,1179
1071,1135
1071,1191
1071,2144
1071,1276
1071,1298
1071,1275
1072,2094
1072,1076
1072,2481
1072,2920
1074,1285
1074,1866
1074,1275
1074,1077
1074,1277
1074,1267
1074,1284
1075,1321
1076,2094
1076,2111
1076,2219
1076,1321
1077,1297
1077,1316
1077,1191
1077,1287
1077,1317
1077,1288
1077,1259
1077,1185
1077,1351
1078,2411
1081,1082
1082,1211
1083,1084
1084,2215
1085,1086
1086,2839
1087,1088
1087,1089
1088,1090
1088,1091
1088,1092
1088,1093
1088,1094
1088,1095
1088,1096
1088,1097
1089,1098
1090,1334
1090,2237
1090,1092
1090,1992
1090,2238
1090,1308
1090,2239
1090,1093
1090,2233
1090,1097
1091,1300
1091,2231
1091,1092
1091,2233
1092,1300
1092,2231
1092,2237
1092,1334
1092,2233
1092,1097
1093,2237
1093,2239
1093,1992
1093,1097
1095,1300
1097,1334
1097,2237
1097,2233
1099,1100
1102,1103
1103,1347
1103,2129
1104,1105
1104,1106
1104,1107
1105,2048
1105,2047
1105,1106
1105,2049
1108,1109
1108,1110
1109,1907
1110,1751
1110,2035
1110,3028
1110,3029
1111,1112
1111,1113
1112,1751
1112,2042
1113,1793
1113,3218
1113,3220
1114,1115
1114,1116
1115,1116
1115,1117
1115,1118
1115,1119
1115,1120
1115,1121
1115,1122
1115,1123
1115,1124
1115,1125
1116,1121
1117,1118
1117,1122
1117,1123
1117,3023
1118,1123
1118,3023
1120,1934
1120,1121
1120,2766
1120,2990
1120,1123
1121,2758
1121,1935
1121,2796
1121,1934
1122,1123
1123,2352
1123,1566
1123,2990
1124,3190
1125,2133
1126,1127
1126,1128
1126,1129
1127,2488
1127,2955
1128,2082
1128,3071
1128,3072
1128,1545
1128,2743
1130,1557
1130,2000
1130,1163
1130,1627
1130,1558
1130,1563
1130,1999
1130,1629
1131,2714
1131,2716
1131,1132
1132,2002
1136,1137
1136,1138
1136,1139
1136,1140
1136,1141
1136,1142
1136,1143
1137,1138
1137,2599
1137,1686
1137,1644
1137,2600
1138,2601
1138,2599
1138,2602
1138,1139
1138,1140
1138,1141
1138,1142
1138,1420
1138,2603
1139,1140
1139,1141
1139,1142
1140,2601
1140,2599
1140,1141
1140,1142
1140,2854
1140,2855
1141,2601
1141,1420
1141,1142
1143,2601
1145,1149
1145,1150
1146,1303
1146,1895
1146,1147
1146,1150
1147,1303
1147,1148
1148,1303
1148,1991
1148,1992
1148,2399
1149,1151
1149,1152
1149,1153
1149,1154
1150,2286
1150,1303
1150,1895
1150,1169
1151,1155
1151,1156
1151,1157
1151,1152
1151,1158
1151,1153
1151,1159
1152,1156
1152,2410
1152,2407
1153,1990
1153,1333
1153,2409
1153,1156
1153,1638
1153,1159
1153,1154
1153,1897
1153,1762
1155,1986
1155,1156
1156,1333
1156,1726
1156,1158
1156,1159
1157,1986
1157,1224
1157,1988
1157,1989
1157,1987
1158,1333
1158,2409
1158,1159
1158,1991
1158,1726
1158,1762
1160,1161
1162,1163
1166,1176
1166,1174
1166,1177
1166,1175
1168,1178
1168,1179
1168,1180
1168,1169
1168,1181
1168,1182
1168,1183
1168,1184
1169,1178
1169,1179
1169,1180
1169,1181
1169,1182
1169,1183
1169,1184
1169,1185
1169,1186
1169,1187
1170,1188
1170,1189
1171,1190
1171,1191
1171,1192
1171,1193
1172,1194
1172,1195
1172,1196
1172,1197
1172,1198
1172,1199
1172,1200
1172,1201
1172,1202
1172,1203
1172,1173
1172,1204
1172,1205
1172,1206
1172,1207
1172,1208
1172,1209
1172,1210
1172,1211
1172,1212
1172,1213
1172,1214
1172,1215
1172,1216
1172,1217
1172,1218
1172,1219
1172,1220
1172,1221
1172,1222
1172,1223
1172,1224
1172,1225
1172,1226
1172,1227
1172,1228
1172,1229
1172,1230
1172,1231
1172,1232
1172,1233
1172,1234
1172,1235
1172,1236
1172,1237
1173,1238
1173,1198
1173,1199
1173,1201
1173,1239
1173,1240
1173,1241
1173,1242
1173,1243
1173,1244
1173,1204
1173,1205
1173,1245
1173,1246
1173,1247
1173,1220
1173,1221
1173,1248
1173,1249
1173,1250
1173,1251
1173,1252
1173,1253
1173,1254
1174,1178
1174,1243
1174,1255
1174,1256
1174,1257
1174,1258
1174,1259
1174,1175
1175,3243
1175,3244
1175,1665
1175,1177
1175,2073
1176,1260
1176,1243
1176,1177
1176,1257
1176,1261
1177,1263
1178,1190
1178,1179
1178,1180
1178,1181
1178,1256
1178,1264
1178,1265
1178,1185
1178,1266
1178,1267
1178,1187
1178,1268
1179,1181
1179,1182
1179,1183
1179,1191
1179,1269
1179,1270
1179,1271
1179,1267
1179,1272
1179,1273
1180,1181
1180,1264
1181,1280
1181,1281
1181,1256
1181,1183
1181,1185
1181,1187
1181,1268
1182,1282
1182,1281
1182,1256
1182,1191
1182,1283
1182,1184
1182,1185
1182,1187
1182,1284
1183,1285
1183,1286
1183,1287
1183,1288
1183,1259
1183,1284
1184,1282
1184,1330
1184,1281
1184,1256
1184,1283
1184,1265
1184,1305
1184,1185
1185,1326
1185,1302
1185,1297
1185,1316
1185,1256
1185,1191
1185,1287
1185,1317
1185,1283
1185,1288
1185,1319
1185,1259
1185,1298
1187,2127
1187,2102
1188,1800
1191,1280
1191,1192
1191,1287
1191,1288
1191,1316
1191,1317
1191,1318
1191,1319
1191,1320
1191,1259
1191,1321
1191,1322
1191,1323
1191,1267
1191,1324
1193,1296
1193,1397
1193,1760
1194,1465
1194,1431
1194,1226
1194,1466
1195,1379
1195,1387
1195,1401
1195,1467
1195,1468
1195,1404
1195,1469
1195,1470
1195,1442
1196,1456
1196,1233
1196,1236
1197,1233
1197,1471
1198,1361
1198,1243
1198,1201
1198,1240
1198,1262
1198,1199
1198,1203
1198,1239
1198,1241
1198,1244
1198,1204
1198,1205
1198,1362
1198,1363
1198,1364
1198,1365
1198,1366
1198,1367
1198,1207
1198,1208
1198,1368
1198,1369
1198,1370
1198,1371
1198,1372
1198,1373
1198,1209
1198,1374
1198,1375
1198,1376
1198,1213
1198,1214
1198,1377
1198,1215
1198,1378
1198,1379
1198,1380
1198,1381
1198,1382
1198,1383
1198,1384
1198,1385
1198,1386
1198,1387
1198,1388
1198,1216
1198,1389
1198,1390
1198,1391
1198,1392
1198,1393
1198,1394
1198,1395
1198,1396
1198,1397
1198,1398
1198,1399
1198,1355
1198,1400
1198,1217
1198,1401
1198,1402
1198,1403
1198,1343
1198,1404
1198,1405
1198,1406
1198,1407
1198,1408
1198,1409
1198,1410
1198,1411
1198,1412
1198,1219
1198,1413
1198,1414
1198,1415
1198,1248
1198,1416
1198,1417
1198,1418
1198,1419
1198,1420
1198,1223
1198,1421
1198,1422
1198,1423
1198,1424
1198,1425
1198,1426
1198,1225
1198,1427
1198,1428
1198,1429
1198,1430
1198,1431
1198,1432
1198,1433
1198,1434
1198,1435
1198,1436
1198,1437
1198,1438
1198,1439
1198,1440
1198,1233
1198,1441
1198,1442
1198,1443
1199,1472
1199,1243
1199,1201
1199,1240
1199,1262
1199,1239
1199,1244
1199,1204
1199,1362
1199,1363
1199,1364
1199,1365
1199,1366
1199,1208
1199,1369
1199,1370
1199,1373
1199,1209
1199,1374
1199,1375
1199,1376
1199,1213
1199,1214
1199,1377
1199,1215
1199,1379
1199,1380
1199,1381
1199,1382
1199,1384
1199,1385
1199,1387
1199,1216
1199,1389
1199,1390
1199,1391
1199,1392
1199,1394
1199,1446
1199,1398
1199,1399
1199,1355
1199,1400
1199,1217
1199,1402
1199,1343
1199,1404
1199,1405
1199,1406
1199,1407
1199,1409
1199,1410
1199,1411
1199,1412
1199,1219
1199,1413
1199,1414
1199,1415
1199,1248
1199,1450
1199,1419
1199,1223
1199,1421
1199,1422
1199,1424
1199,1426
1199,1427
1199,1432
1199,1473
1199,1434
1199,1437
1199,1438
1199,1439
1199,1440
1199,1455
1199,1442
1199,1443
1200,1205
1200,1367
1200,1372
1200,1474
1200,1475
1200,1425
1200,1476
1200,1226
1200,1477
1200,1478
1200,1479
1200,1233
1200,1471
1200,1480
1201,1361
1201,1243
1201,1255
1201,1240
1201,1262
1201,1203
1201,1239
1201,1244
1201,1204
1201,1205
1201,1362
1201,1363
1201,1364
1201,1365
1201,1366
1201,1444
1201,1367
1201,1207
1201,1208
1201,1369
1201,1370
1201,1372
1201,1373
1201,1209
1201,1374
1201,1375
1201,1376
1201,1213
1201,1214
1201,1377
1201,1379
1201,1380
1201,1381
1201,1382
1201,1383
1201,1384
1201,1445
1201,1385
1201,1387
1201,1388
1201,1216
1201,1389
1201,1390
1201,1391
1201,1392
1201,1393
1201,1394
1201,1396
1201,1446
1201,1397
1201,1398
1201,1399
1201,1355
1201,1245
1201,1400
1201,1217
1201,1401
1201,1343
1201,1404
1201,1447
1201,1218
1201,1405
1201,1406
1201,1407
1201,1448
1201,1408
1201,1409
1201,1410
1201,1411
1201,1412
1201,1219
1201,1413
1201,1414
1201,1415
1201,1248
1201,1416
1201,1449
1201,1418
1201,1450
1201,1419
1201,1223
1201,1421
1201,1422
1201,1423
1201,1424
1201,1426
1201,1225
1201,1427
1201,1431
1201,1451
1201,1432
1201,1452
1201,1433
1201,1434
1201,1227
1201,1435
1201,1229
1201,1230
1201,1453
1201,1454
1201,1436
1201,1437
1201,1438
1201,1439
1201,1440
1201,1455
1201,1441
1201,1442
1201,1443
1202,1388
1202,1216
1202,1381
1202,1389
1202,1240
1202,1364
1202,1366
1202,1373
1202,1209
1202,1375
1202,1376
1202,1213
1202,1214
1202,1377
1202,1382
1202,1387
1202,1392
1202,1397
1202,1398
1202,1399
1202,1217
1202,1406
1202,1409
1202,1219
1202,1413
1202,1414
1202,1481
1202,1248
1202,1421
1202,1422
1202,1423
1202,1426
1202,1434
1202,1439
1202,1443
1202,1482
1203,1372
1203,1425
1204,1239
1204,1240
1204,1241
1204,1242
1204,1243
1204,1255
1204,1244
1204,1205
1204,1354
1204,1355
1204,1245
1204,1504
1204,1246
1204,1220
1204,1221
1204,1505
1204,1248
1204,1249
1204,1506
1204,1356
1204,1252
1204,1253
1204,1254
1204,1507
1204,1284
1205,1465
1205,1508
1205,1367
1205,1240
1205,1242
1205,1354
1205,1212
1205,1246
1205,1505
1205,1253
1205,1254
1206,1508
1206,1367
1206,1207
1206,1208
1206,1368
1206,1369
1206,1370
1206,1630
1206,1413
1206,1635
1206,1431
1206,1439
1207,1371
1207,1641
1207,1367
1207,1642
1207,1240
1207,1372
1207,1373
1207,1209
1207,1210
1207,1602
1207,1374
1207,1375
1207,1376
1207,1643
1207,1545
1207,1354
1207,1644
1207,1211
1207,1212
1207,1213
1207,1214
1207,1457
1207,1377
1208,1645
1208,1239
1208,1646
1208,1647
1208,1648
1208,1240
1208,1363
1208,1241
1208,1649
1208,1262
1208,1650
1208,1651
1208,1362
1208,1487
1208,1215
1208,1210
1208,1378
1208,1379
1208,1495
1208,1380
1208,1652
1208,1368
1208,1605
1208,1470
1208,1360
1208,1653
1209,1371
1209,1640
1209,1641
1209,1367
1209,1394
1209,1395
1209,1670
1209,1240
1209,1363
1209,1262
1209,1650
1209,1364
1209,1374
1209,1219
1209,1470
1209,1225
1209,1663
1210,1239
1210,1502
1210,1396
1210,1446
1210,1397
1210,1221
1210,1234
1210,1659
1211,1400
1211,1235
1212,1367
1212,1376
1212,1545
1212,1431
1212,1690
1212,1237
1213,1691
1213,1363
1213,1217
1213,1215
1213,1219
1213,1692
1213,1693
1213,1659
1214,1456
1214,1361
1214,1462
1214,1239
1214,1240
1214,1694
1214,1262
1214,1445
1214,1393
1214,1364
1214,1365
1214,1695
1214,1696
1215,1240
1215,1363
1215,1715
1215,1262
1215,1381
1215,1369
1215,1376
1215,1378
1215,1382
1215,1383
1215,1385
1215,1400
1215,1343
1215,1409
1215,1419
1215,1423
1215,1431
1215,1663
1215,1451
1215,1253
1215,1693
1215,1614
1215,1436
1215,1716
1215,1441
1215,1443
1216,1750
1216,1676
1216,1239
1216,1402
1216,1388
1216,1240
1216,1363
1216,1381
1216,1389
1216,1217
1216,1219
1216,1413
1216,1481
1216,1439
1216,1482
1217,1676
1217,1239
1217,1402
1217,1280
1217,1240
1217,1669
1217,1665
1217,1693
1218,1744
1218,1501
1218,1601
1218,1462
1218,1391
1218,1243
1218,1393
1218,2280
1218,1666
1218,1405
1218,1415
1218,1635
1218,2027
1218,1473
1218,1658
1219,1750
1219,1676
1219,1239
1219,1388
1219,1240
1219,1363
1219,2393
1219,1381
1219,1389
1219,1378
1219,1481
1219,1458
1219,1411
1219,1413
1219,1439
1220,1242
1220,1495
1220,1221
1221,1467
1221,1641
1221,1242
1221,1355
1221,1245
1221,1393
1221,1246
1221,1685
1221,1504
1221,1505
1221,1379
1221,1516
1221,1248
1221,1249
1221,1261
1221,1354
1221,1635
1221,1506
1221,1250
1221,1663
1221,1251
1221,1356
1221,1253
1221,1254
1222,1846
1222,2513
1222,2265
1222,1612
1222,1346
1223,2207
1223,1240
1223,1363
1223,1262
1223,2180
1223,1364
1223,2209
1224,1691
1224,1240
1224,1449
1225,2053
1225,1394
1225,1670
1225,1502
1225,1240
1225,1503
1225,1401
1225,1468
1225,1398
1225,1427
1225,1376
1225,1470
1225,1228
1226,1465
1226,3146
1226,1665
1226,1466
1226,1426
1226,1431
1227,1667
1227,2026
1227,1502
1227,1466
1228,2053
1228,1394
1228,1670
1228,1502
1228,1503
1228,1457
1228,1368
1228,1369
1228,1409
1228,1410
1228,1470
1228,1414
1228,1229
1228,2397
1228,1605
1228,1614
1229,1262
1229,1468
1229,1665
1229,1457
1229,1370
1229,1409
1229,1410
1229,1470
1230,3168
1230,1239
1230,1240
1230,1416
1230,1244
1230,3169
1230,1424
1230,1248
1230,1458
1230,1671
1231,1243
1231,1255
1231,3201
1231,1615
1232,2342
1232,1579
1232,2353
1232,3224
1232,3005
1232,2341
1232,1574
1232,3214
1233,1672
1233,1240
1233,1665
1234,1427
1234,1397
1236,1744
1236,2026
1236,2396
1237,1508
1237,1343
1237,1376
1237,1368
1238,1371
1238,1245
1238,1483
1238,1484
1239,1386
1239,1485
1239,1486
1239,1241
1239,1244
1239,1367
1239,1373
1239,1487
1239,1378
1239,1381
1239,1389
1239,1394
1239,1396
1239,1399
1239,1343
1239,1410
1239,1413
1239,1488
1239,1419
1239,1422
1239,1423
1239,1489
1239,1252
1239,1453
1239,1439
1239,1490
1239,1491
1240,1456
1240,1361
1240,1363
1240,1262
1240,1244
1240,1362
1240,1364
1240,1365
1240,1366
1240,1369
1240,1370
1240,1373
1240,1375
1240,1376
1240,1457
1240,1377
1240,1379
1240,1381
1240,1458
1240,1382
1240,1384
1240,1385
1240,1389
1240,1459
1240,1390
1240,1391
1240,1392
1240,1397
1240,1398
1240,1399
1240,1355
1240,1400
1240,1401
1240,1343
1240,1404
1240,1405
1240,1406
1240,1407
1240,1409
1240,1410
1240,1411
1240,1412
1240,1413
1240,1414
1240,1248
1240,1419
1240,1421
1240,1422
1240,1423
1240,1424
1240,1426
1240,1427
1240,1432
1240,1460
1240,1437
1240,1438
1240,1439
1240,1461
1240,1440
1240,1442
1240,1443
1241,1386
1241,1244
1241,1487
1241,1378
1241,1355
1241,1488
1241,1419
1241,1489
1241,1492
1241,1251
1241,1493
1241,1494
1242,1387
1242,1495
1242,1247
1242,1248
1242,1496
1242,1497
1242,1475
1242,1356
1242,1498
1242,1499
1242,1500
1243,1353
1243,1280
1243,1255
1243,1354
1243,1355
1243,1257
1243,1258
1243,1248
1243,1249
1243,1356
1243,1252
1243,1253
1243,1284
1244,1386
1244,1371
1244,1501
1244,1462
1244,1388
1244,1502
1244,1503
1244,1391
1244,1392
1244,1378
1244,1419
1244,1423
1244,1360
1244,1453
1245,2059
1245,1467
1245,1684
1245,1462
1245,1355
1245,1354
1245,1246
1245,1247
1245,1248
1245,1250
1245,1253
1245,1254
1245,2060
1246,1467
1246,1355
1246,1685
1246,1504
1246,1248
1246,1249
1246,1253
1246,1254
1246,2061
1247,2323
1247,1819
1247,1953
1247,2324
1248,1684
1248,1462
1248,1363
1248,1262
1248,1355
1248,1685
1248,1504
1248,1635
1248,1506
1248,1251
1248,1253
1249,2576
1249,1355
1249,1685
1249,1504
1249,2062
1250,1355
1250,1685
1250,1397
1250,1504
1250,2062
1250,1422
1250,1506
1250,1251
1250,1253
1251,1744
1251,1355
1251,1685
1251,1504
1251,1378
1251,3034
1251,1493
1251,1663
1251,1252
1251,1253
1251,2743
1252,1386
1252,1475
1252,1378
1252,1359
1252,1423
1252,1369
1252,1356
1253,1386
1253,1467
1253,1684
1253,1355
1253,1685
1253,1504
1253,1378
1253,1432
1253,1254
1253,1369
1253,1356
1254,1467
1254,1355
1254,1305
1254,1322
1255,1257
1255,1358
1255,1359
1255,1360
1256,1302
1256,1281
1256,1266
1256,1268
1257,1280
1257,1401
1257,1468
1257,1404
1257,1397
1257,1258
1257,1507
1257,2055
1258,1353
1259,1280
1259,1345
1259,1349
1259,1297
1259,2510
1259,1316
1259,1287
1259,1317
1259,1288
1259,1319
1259,1298
1260,1352
1262,1456
1262,1361
1262,1462
1262,1463
1262,1363
1262,1362
1262,1364
1262,1365
1262,1366
1262,1369
1262,1370
1262,1373
1262,1375
1262,1376
1262,1377
1262,1378
1262,1382
1262,1383
1262,1384
1262,1385
1262,1390
1262,1398
1262,1399
1262,1355
1262,1400
1262,1343
1262,1406
1262,1407
1262,1409
1262,1410
1262,1411
1262,1412
1262,1414
1262,1421
1262,1422
1262,1423
1262,1426
1262,1451
1262,1434
1262,1438
1262,1464
1262,1443
1263,1304
1263,1315
1263,1612
1263,1305
1265,1302
1265,1266
1265,1268
1266,1302
1266,1281
1267,3126
1267,1275
1268,1289
1268,1302
1268,1281
1268,1269
1269,1325
1269,1660
1270,2110
1270,1320
1270,1271
1270,2175
1270,2167
1270,1273
1271,2110
1271,1273
1272,1325
1272,1997
1273,2415
1273,2809
1273,1865
1273,1882
1273,1859
1273,1852
1273,1660
1274,1291
1274,1292
1275,2090
1275,1792
1275,2091
1275,1291
1276,2691
1276,2144
1277,1325
1277,1320
1278,2940
1278,2427
1278,2429
1280,1296
1280,1287
1280,1297
1280,1298
1280,1299
1281,1300
1281,1301
1281,1302
1281,1303
1282,1304
1282,1305
1282,1306
1282,1307
1282,1308
1282,1309
1282,1310
1282,1311
1282,1312
1283,1325
1283,1326
1283,1327
1283,1302
1283,1328
1283,1329
1284,1297
1284,1316
1284,1317
1284,1288
1285,1344
1285,1320
1285,1345
1285,1346
1286,1295
1286,1347
1286,1348
1287,1349
1287,1297
1287,1316
1287,1350
1287,1288
1287,1319
1287,1351
1288,1297
1288,1316
1288,1317
1288,1351
1289,1347
1291,2108
1293,1791
1293,1792
1293,1294
1294,1792
1294,1322
1296,2214
1297,1316
1297,1317
1297,2130
1297,1319
1297,1351
1297,1298
1297,2131
1298,1316
1298,1317
1298,1319
1299,1314
1299,1474
1299,2060
1300,2231
1300,2232
1300,2233
1300,2234
1300,2235
1300,2236
1301,2226
1303,1895
1303,1338
1303,1896
1303,1897
1304,1315
1304,1726
1304,1727
1304,1638
1304,1312
1305,1306
1305,1315
1305,1444
1305,1638
1305,1309
1306,1310
1307,1309
1307,1892
1307,1893
1307,1894
1307,1312
1308,2398
1308,2237
1308,2239
1308,1992
1308,2238
1308,1311
1309,2732
1310,2738
1310,1538
1310,1315
1310,2733
1314,1891
1315,1726
1315,1727
1315,1638
1316,2132
1316,1799
1316,1317
1316,1319
1316,1351
1316,2101
1317,1631
1317,1319
1317,1351
1317,2129
1318,2094
1318,1859
1318,1852
1318,2217
1318,1876
1318,1321
1318,1873
1319,2152
1319,1351
1320,1325
1320,2415
1321,2182
1321,2615
1321,2094
1321,1350
1321,2184
1321,2481
1321,1876
1321,2185
1321,1906
1321,1537
1322,3056
1322,3057
1324,1478
1325,1660
1325,1866
1325,2152
1325,2153
1325,2154
1326,1328
1326,2232
1326,2268
1327,1968
1328,1329
1328,2268
1329,2232
1329,2268
1330,2317
1331,1763
1331,1764
1331,1766
1331,1765
1331,1767
1331,1768
1333,1990
1333,1986
1333,1991
1333,1992
1333,1726
1333,1993
1333,1994
1334,2237
1334,2233
1336,2242
1336,2243
1337,2405
1337,1992
1337,2399
1338,1992
1338,2238
1338,2402
1338,2403
1338,2406
1338,2404
1340,3237
1340,1518
1343,1363
1343,1362
1343,1400
1343,1604
1343,1441
1345,2511
1345,1347
1345,2512
1346,1846
1346,2513
1346,2265
1346,1447
1346,2663
1347,3053
1349,1351
1351,1846
1351,2090
1351,2101
1351,2219
1353,2072
1353,2073
1354,1640
1354,1641
1354,1684
1354,1367
1354,1355
1354,1685
1354,1504
1354,1374
1354,1635
1354,1356
1355,1363
1355,1504
1355,1505
1355,1516
1355,1356
1356,1467
1356,1504
1356,1516
1356,1495
1356,1493
1356,1410
1359,1360
1360,1502
1360,1503
1360,1651
1360,1446
1360,1495
1360,1380
1360,1699
1360,1422
1360,1423
1361,1364
1361,1376
1361,1458
1361,1410
1361,1412
1361,1422
1361,1424
1361,1451
1361,1600
1361,1443
1362,1601
1362,1363
1362,1364
1362,1602
1362,1458
1362,1385
1362,1603
1362,1412
1362,1604
1362,1605
1362,1606
1362,1424
1362,1434
1362,1466
1362,1435
1362,1460
1362,1607
1362,1455
1362,1608
1362,1443
1363,1364
1363,1365
1363,1366
1363,1369
1363,1373
1363,1375
1363,1376
1363,1377
1363,1382
1363,1383
1363,1385
1363,1389
1363,1398
1363,1399
1363,1400
1363,1406
1363,1409
1363,1410
1363,1412
1363,1413
1363,1414
1363,1421
1363,1424
1363,1426
1363,1438
1363,1439
1363,1611
1363,1443
1364,1365
1364,1366
1364,1444
1364,1369
1364,1370
1364,1375
1364,1376
1364,1377
1364,1458
1364,1382
1364,1384
1364,1385
1364,1603
1364,1612
1364,1390
1364,1397
1364,1613
1364,1406
1364,1407
1364,1409
1364,1410
1364,1411
1364,1412
1364,1414
1364,1419
1364,1421
1364,1422
1364,1606
1364,1424
1364,1426
1364,1431
1364,1614
1364,1437
1364,1615
1364,1607
1364,1455
1364,1443
1365,1385
1365,1366
1365,1370
1365,1376
1365,1384
1365,1443
1366,1616
1366,1445
1366,1389
1366,1385
1366,1410
1366,1439
1366,1617
1367,1371
1367,1508
1367,1639
1367,1640
1367,1641
1367,1486
1367,1453
1368,1654
1368,1411
1368,1655
1368,1413
1368,1414
1368,1419
1368,1423
1368,1431
1368,1656
1368,1451
1368,1473
1368,1657
1368,1438
1368,1439
1368,1443
1368,1658
1368,1659
1369,1462
1369,1381
1369,1376
1369,1458
1369,1382
1369,1383
1369,1660
1369,1654
1369,1411
1369,1413
1369,1414
1369,1661
1369,1662
1369,1419
1369,1431
1369,1663
1369,1656
1369,1451
1369,1473
1369,1657
1369,1614
1369,1439
1369,1443
1369,1664
1369,1658
1369,1659
1370,1665
1370,1384
1370,1666
1370,1411
1370,1413
1370,1662
1370,1419
1370,1431
1370,1663
1370,1656
1370,1451
1370,1473
1370,1657
1370,1614
1370,1439
1370,1443
1370,1658
1370,1659
1371,1667
1371,1668
1371,1456
1371,1486
1371,1669
1371,1502
1371,1670
1371,1396
1371,1427
1371,1428
1371,1453
1371,1610
1371,1671
1372,1503
1372,1425
1373,1672
1373,1394
1373,1502
1373,1665
1373,1399
1373,1426
1373,1431
1373,1436
1374,1641
1374,1457
1375,1501
1375,1391
1375,1392
1375,1393
1375,1381
1375,1390
1375,1674
1375,1675
1375,1405
1375,1407
1376,1456
1376,1445
1376,1385
1376,1380
1376,1383
1376,1415
1376,1491
1376,1617
1378,1386
1378,1381
1378,1419
1378,1423
1378,1489
1378,1492
1378,1663
1379,1718
1379,1645
1379,1719
1379,1501
1379,1462
1379,1391
1379,1392
1379,1401
1379,1393
1379,1652
1379,1478
1380,1650
1380,1651
1380,1446
1380,1415
1381,1676
1381,1388
1381,1382
1381,1389
1381,1722
1381,1409
1381,1410
1381,1413
1381,1481
1381,1423
1381,1439
1381,1482
1382,1655
1382,1412
1382,1409
1382,1410
1382,1423
1383,1434
1384,1472
1385,1616
1385,1410
1386,1485
1386,1486
1386,1502
1386,1394
1386,1419
1386,1423
1386,1453
1386,1610
1387,1467
1387,1396
1387,1475
1387,1749
1388,1389
1388,1413
1388,1481
1388,1439
1388,1482
1389,1676
1389,1410
1389,1413
1389,1481
1389,1439
1390,1755
1390,1462
1390,1715
1390,1391
1390,1392
1390,1393
1390,1405
1390,1407
1390,1756
1390,1451
1390,2027
1391,1718
1391,1755
1391,2028
1391,1462
1391,1709
1391,1715
1391,1393
1391,1666
1391,1721
1391,1405
1391,1406
1391,1722
1391,1407
1391,1756
1391,1661
1391,1432
1391,2027
1391,2029
1392,1501
1392,1462
1392,1715
1392,1393
1392,1674
1392,1405
1392,1406
1392,1756
1392,1661
1392,1432
1392,2027
1393,1755
1393,1462
1393,1715
1393,1674
1393,1666
1393,1721
1393,1405
1393,1406
1393,1722
1393,1756
1393,1661
1393,1432
1393,2027
1394,2053
1394,1470
1394,1427
1395,1403
1395,1759
1395,1664
1396,1668
1396,1687
1397,1507
1397,2055
1398,1400
1398,2057
1399,1672
1399,1502
1399,1665
1400,1670
1401,1457
1401,1468
1401,1404
1401,1470
1401,2057
1401,1442
1402,2066
1403,1448
1403,2069
1403,1461
1403,2070
1403,1664
1403,1658
1404,2053
1404,1468
1404,1470
1404,1442
1405,1718
1405,1645
1405,1501
1405,1462
1405,1674
1405,1675
1405,1720
1405,1406
1405,1722
1405,1407
1405,1666
1405,1661
1405,1423
1405,2027
1406,1501
1406,1462
1406,1674
1406,1423
1406,2027
1407,1718
1407,1757
1407,1756
1407,1661
1407,2027
1407,1473
1408,1945
1408,1697
1408,1954
1408,1955
1409,1655
1409,1412
1409,1654
1409,1411
1409,1413
1409,1414
1409,1419
1409,1431
1409,1451
1409,1473
1409,1439
1409,1455
1409,1443
1409,1658
1409,1659
1410,1458
1410,1654
1410,1411
1410,2390
1410,1413
1410,1414
1410,1662
1410,1419
1410,1431
1410,1663
1410,1656
1410,1451
1410,1473
1410,1657
1410,1614
1410,1439
1410,1443
1410,1664
1410,1658
1410,1659
1411,1654
1411,2390
1411,1414
1411,1419
1411,1604
1411,1431
1411,1451
1411,1473
1411,1657
1411,1443
1411,1664
1411,1658
1412,1472
1412,1423
1412,1473
1412,1455
1413,1676
1413,1481
1413,2394
1413,2390
1413,1414
1413,1431
1413,1451
1413,1473
1413,1439
1413,1443
1413,1658
1414,2390
1414,1741
1414,1662
1414,1431
1414,1451
1414,1473
1414,1657
1414,1696
1414,1443
1414,1664
1414,1658
1415,1647
1415,1603
1415,2016
1415,2020
1415,2312
1415,2391
1415,1696
1416,1503
1416,2180
1416,1453
1416,2518
1416,2527
1419,2826
1420,2599
1421,1456
1422,1694
1422,1604
1423,1489
1423,2921
1423,1671
1424,1608
1426,1672
1426,1502
1426,1665
1426,1470
1427,1670
1427,1524
1428,1743
1428,1744
1428,1467
1428,2026
1428,1746
1428,1485
1428,1486
1428,1502
1428,1702
1428,1665
1428,1429
1429,1743
1429,1744
1429,1467
1429,2026
1429,1746
1429,1485
1429,1486
1429,1502
1429,1702
1429,1665
1429,1821
1430,1676
1430,3033
1431,1465
1431,1492
1431,1660
1431,2134
1431,1663
1431,1656
1431,1451
1432,1645
1432,1719
1432,1462
1433,1436
1434,1758
1434,1655
1435,2744
1436,1724
1436,1441
1436,1659
1437,2263
1438,1689
1439,3213
1439,1676
1439,1445
1439,1461
1439,1481
1439,2394
1440,1502
1440,1503
1441,1659
1443,1445
1443,1451
1444,1630
1446,1502
1446,2054
1446,1491
1447,2265
1447,1576
1447,2266
1448,1462
1448,2281
1448,1722
1451,1708
1451,1473
1451,1657
1453,1667
1453,1742
1453,1743
1453,1744
1453,1745
1453,1467
1453,1746
1453,1485
1453,1747
1453,1748
1453,1684
1453,1486
1453,1502
1453,1503
1453,1665
1453,3170
1454,2542
1455,1708
1455,1646
1456,1730
1457,1470
1458,1670
1459,1937
1459,1938
1459,1603
1459,1936
1459,1516
1459,1498
1460,1676
1461,1744
1461,1755
1462,1718
1462,1645
1462,1719
1462,1501
1462,1652
1462,1720
1462,1666
1462,1721
1462,1722
1462,1661
1463,1751
1463,1752
1463,1753
1463,1754
1464,1720
1464,2029
1464,1721
1466,1757
1467,1486
1467,1497
1467,1475
1467,2074
1467,2075
1468,1470
1468,2216
1470,1642
1470,3013
1470,1665
1471,2059
1471,3212
1471,3228
1472,1655
1473,1655
1474,1950
1475,1484
1476,2287
1476,1689
1477,3177
1480,2605
1480,2739
1480,3230
1480,3229
1483,2859
1484,1947
1484,1496
1485,1486
1485,1741
1485,1610
1486,1667
1486,1742
1486,1743
1486,1744
1486,1745
1486,1746
1486,1747
1486,1748
1486,1684
1488,1672
1488,1665
1489,2054
1491,1502
1491,1650
1491,1651
1492,1653
1494,1672
1494,1665
1495,1685
1495,1699
1495,1506
1495,1497
1495,1500
1498,1937
1498,1516
1498,1941
1501,1674
1502,2025
1502,1743
1502,1744
1502,2026
1502,1746
1502,1665
1502,1503
1504,1685
1504,2062
1504,1506
1505,2060
1506,1685
1507,2055
1508,1602
1509,1510
1509,1511
1509,1512
1510,2495
1510,2496
1510,2494
1510,2125
1510,2497
1511,2498
1511,1831
1512,1527
1512,2119
1512,3112
1512,1831
1513,1514
1514,1515
1514,1516
1514,1517
1514,1518
1515,2273
1516,2575
1517,1518
1518,2839
1519,1520
1519,1521
1521,3246
1523,2940
1524,1525
1526,1527
1526,1528
1526,1529
1526,1530
1527,1531
1527,1532
1527,1533
1527,1534
1527,1535
1527,1536
1528,1537
1529,1538
1529,1530
1529,1539
1529,1540
1529,1541
1529,1536
1529,1542
1529,1543
1529,1544
1530,1538
1530,1545
1530,1546
1530,1547
1530,1548
1530,1549
1530,1542
1531,2304
1531,1532
1532,1832
1532,2304
1532,2426
1532,1830
1532,2305
1533,2405
1533,2123
1533,1831
1534,1535
1535,1550
1535,1536
1535,2884
1536,2117
1536,2118
1536,1550
1536,1831
1536,3114
1536,3186
1537,1874
1538,1550
1538,1551
1538,1552
1542,1678
1542,1680
1542,3068
1542,1545
1542,1547
1543,3154
1544,2163
1544,2371
1545,1677
1545,1678
1545,1679
1545,1680
1545,1681
1545,1682
1545,1683
1546,2285
1547,1682
1547,1929
1548,2192
1549,3128
1551,2537
1553,1554
1553,1555
1553,1556
1554,1557
1554,1556
1554,1558
1554,1559
1554,1560
1554,1561
1554,1562
1555,1556
1555,1558
1555,1563
1555,1559
1555,1561
1555,1562
1555,1564
1555,1565
1555,1566
1556,1567
1556,1562
1557,1559
1557,1560
1557,1562
1558,1559
1558,1563
1558,1561
1558,2001
1559,2005
1561,2373
1561,1562
1561,2692
1562,1620
1563,2000
1563,2002
1564,2758
1564,2005
1564,2353
1564,1582
1564,2350
1564,2351
1564,1585
1564,2368
1564,2347
1564,1594
1564,2369
1564,1599
1565,2883
1567,1568
1567,1569
1567,1570
1568,1569
1568,2325
1568,2045
1568,2330
1569,2332
1569,2333
1569,2334
1569,2335
1569,2277
1569,1570
1569,2122
1569,2327
1570,2710
1570,2960
1570,3166
1572,1573
1572,1574
1572,1575
1573,1578
1573,1575
1574,1579
1575,1580
1577,1600
1578,1581
1579,1582
1579,1583
1579,1584
1579,1585
1579,1586
1579,1587
1579,1588
1579,1589
1579,1590
1579,1591
1579,1592
1579,1593
1579,1594
1579,1595
1579,1596
1579,1597
1579,1598
1579,1599
1582,2342
1582,2344
1582,1587
1583,2547
1583,2957
1583,2550
1583,2591
1583,2556
1583,2958
1583,2959
1584,2591
1584,2961
1584,1595
1585,2758
1585,2341
1585,2368
1585,1914
1585,1599
1586,3005
1586,2568
1586,2556
1586,1589
1587,2342
1587,3059
1587,2547
1587,2343
1587,2344
1587,3060
1587,2798
1587,2360
1588,3083
1588,3084
1588,3085
1589,2547
1589,2556
1591,2005
1591,2360
1593,2758
1593,2759
1593,2347
1593,1914
1594,2342
1594,2758
1594,2343
1594,2344
1594,2355
1594,2341
1594,2359
1594,2368
1594,2356
1594,2351
1594,2763
1594,2347
1594,2352
1594,2346
1594,1914
1594,1599
1595,2354
1595,2758
1595,1883
1595,2343
1595,2344
1595,2356
1595,2351
1595,2763
1595,2347
1596,3198
1596,2347
1597,2342
1597,2344
1597,2356
1597,2763
1597,2352
1599,2342
1599,2758
1599,2344
1599,2353
1599,2368
1599,2356
1599,2352
1599,1790
1600,2280
1600,1607
1601,1602
1601,1609
1601,1610
1603,1646
1603,1648
1604,2665
1605,1650
1605,2054
1605,1606
1605,2394
1605,2397
1605,1821
1606,2397
1608,1648
1608,2544
1610,1743
1610,1744
1610,1745
1610,1746
1610,1747
1612,2022
1612,1613
1612,2023
1612,2024
1612,1615
1613,2022
1613,2024
1614,2397
1614,1701
1614,1741
1616,1758
1616,1655
1616,1759
1617,2017
1617,2665
1617,1697
1617,2016
1617,3239
1617,1673
1617,1759
1617,2391
1618,1619
1618,1620
1618,1621
1618,1622
1618,1623
1618,1624
1618,1625
1619,1621
1619,1623
1619,1624
1619,1625
1620,1622
1620,1624
1620,1625
1621,1622
1621,1623
1621,1624
1621,1625
1622,1623
1622,1624
1623,1626
1623,1624
1625,2697
1627,2000
1627,1629
1628,2091
1628,2141
1628,2142
1629,2000
1629,2006
1630,1631
1630,1632
1631,1632
1632,1633
1632,1634
1633,1634
1635,1641
1635,1685
1636,1728
1638,2299
1638,2226
1638,1762
1640,1641
1644,1669
1644,1686
1644,1687
1644,1688
1644,1689
1645,1675
1645,1707
1646,1708
1646,1648
1646,1709
1647,1697
1647,1710
1648,1711
1648,1658
1650,1712
1651,1713
1651,1714
1653,2281
1653,3150
1654,2390
1655,1758
1655,2391
1655,2392
1658,3169
1661,2749
1662,2793
1662,2105
1665,1672
1665,1701
1665,1723
1665,1724
1666,1721
1667,1740
1669,1745
1669,1687
1671,2881
1672,1723
1672,1724
1673,2015
1673,2016
1674,1720
1675,2056
1675,1707
1676,1818
1676,1985
1677,1680
1677,1731
1678,1732
1678,1680
1678,1733
1678,1734
1678,1735
1679,1681
1679,1736
1679,1737
1679,1738
1680,1739
1680,1683
1682,1869
1683,2840
1683,3250
1684,2057
1685,2060
1685,2061
1686,1688
1688,1689
1689,2941
1689,2525
1689,1844
1689,1949
1689,2573
1690,2733
1690,2105
1691,2063
1694,2064
1694,2065
1695,1744
1696,2391
1696,2394
1697,2018
1697,1698
1697,2015
1697,2019
1697,2020
1697,1699
1697,1790
1697,1703
1697,2021
1699,1700
1699,2020
1699,1701
1703,3131
1703,2115
1704,3036
1705,1706
1707,2056
1709,2028
1710,2365
1713,3080
1713,3081
1713,3082
1715,1755
1715,1756
1715,1757
1717,2999
1718,1722
1719,2030
1722,1756
1725,3188
1726,2408
1726,2409
1726,1727
1726,1991
1726,2226
1726,2407
1726,1762
1727,2412
1728,1839
1730,1899
1731,3067
1731,2654
1732,1733
1733,2543
1733,1735
1734,3130
1735,2543
1735,2590
1739,3185
1742,2074
1742,2075
1744,2067
1744,2068
1747,2718
1748,2719
1751,2031
1751,2032
1751,2033
1751,2034
1751,2035
1751,1754
1751,2036
1751,2037
1751,2038
1751,2039
1751,2040
1751,2041
1751,2042
1751,1843
1751,1795
1752,1753
1752,2032
1752,2043
1753,2032
1753,2723
1753,2724
1753,2725
1753,2726
1753,2727
1753,2043
1754,2032
1755,1757
1755,2027
1756,1757
1758,2391
1760,2475
1761,1762
1762,2230
1762,2226
1763,1764
1763,1765
1764,1769
1764,1766
1764,1765
1764,1768
1765,1768
1766,1770
1768,1769
1770,2610
1773,1774
1773,1776
1774,1776
1775,1783
1775,1784
1775,1776
1775,1777
1775,1778
1776,2181
1776,1949
1776,1778
1777,1783
1777,2929
1777,1784
1777,1778
1778,1783
1778,2929
1778,2021
1778,1784
1780,1785
1783,1788
1785,1790
1788,3168
1792,2102
1792,2103
1792,2104
1793,1794
1793,1795
1794,3218
1795,2622
1797,1798
1797,1799
1797,1800
1799,2132
1799,2130
1801,1802
1801,1803
1801,1804
1802,1804
1803,1805
1803,1804
1804,1806
1807,1813
1808,1809
1808,1810
1808,1811
1812,1813
1812,1814
1812,1815
1812,1816
1812,1817
1813,1814
1814,1815
1814,1817
1816,1994
1816,1817
1817,1994
1819,1820
1819,2323
1819,2324
1821,2397
1823,1825
1825,1988
1825,2069
1825,2789
1825,2070
1826,1827
1827,3016
1827,2947
1828,1850
1829,1830
1829,1831
1830,1832
1830,1833
1830,1831
1831,2117
1831,2118
1831,2427
1831,2171
1831,1850
1831,1851
1831,1848
1831,2496
1832,1834
1834,2825
1835,1836
1836,2381
1836,2382
1836,2383
1836,2384
1836,2385
1837,1838
1837,1839
1837,1840
1837,1841
1838,2081
1838,1839
1838,1840
1839,1840
1839,1841
1845,1846
1846,2513
1846,2101
1846,2514
1846,2501
1849,1851
1849,1852
1849,1853
1849,1864
1849,1857
1850,1865
1850,1859
1850,1852
1850,1861
1850,1854
1850,1855
1851,1853
1851,1860
1851,1873
1851,1862
1851,1854
1852,1882
1852,1859
1852,1860
1852,1861
1852,1873
1852,1855
1852,1874
1854,1862
1855,1865
1855,1859
1855,1861
1858,1869
1858,1870
1858,1871
1859,1872
1859,1860
1859,1861
1859,1873
1859,1874
1861,1865
1861,1882
1861,1867
1863,3183
1865,1866
1865,1867
1865,1868
1867,1882
1867,2812
1869,1870
1869,1877
1869,1878
1869,1879
1869,1880
1869,1881
1871,2660
1871,2580
1871,2630
1873,2182
1873,1876
1873,2614
1874,2809
1875,1998
1876,2182
1876,2184
1876,2217
1876,2185
1876,2614
1876,2469
1876,1906
1877,1878
1877,2809
1878,2809
1879,2731
1879,2652
1882,2220
1883,2694
1885,2887
1885,2888
1886,1887
1887,2365
1887,2005
1887,2222
1887,2851
1887,2002
1887,2009
1887,2852
1887,2008
1887,2007
1887,2001
1887,3184
1890,2323
1890,1953
1890,2324
1892,2929
1895,1969
1895,1971
1895,1897
1896,3115
1897,2229
1897,1971
1897,2401
1898,1899
1899,1900
1899,1901
1899,1902
1899,1903
1899,1904
1901,1902
1901,2814
1903,2271
1903,2272
1905,1906
1906,2182
1906,2081
1906,2465
1906,2186
1906,2469
1907,1908
1907,1910
1907,1912
1907,1913
1907,1914
1907,1915
1907,1916
1907,1917
1907,1918
1907,1919
1908,1910
1908,1911
1908,1912
1908,1913
1908,1916
1909,2642
1909,2627
1909,2636
1909,2283
1909,2643
1909,2633
1909,2644
1909,2580
1909,2634
1909,2640
1909,2645
1909,2646
1909,2641
1909,2647
1909,2648
1909,2649
1909,2650
1909,2651
1909,1919
1909,2652
1910,2622
1910,2580
1910,2630
1910,2952
1910,2631
1911,1912
1911,2526
1912,1913
1914,2758
1914,2344
1914,2347
1917,1918
1920,2446
1920,2447
1920,2448
1920,2369
1920,2449
1921,1925
1926,1927
1927,1929
1927,1930
1928,1932
1928,1933
1929,2112
1934,2764
1934,2796
1936,1937
1936,1938
1936,1939
1936,1940
1937,1938
1937,1939
1937,1941
1938,1942
1938,1943
1938,1939
1938,1941
1938,1944
1940,1948
1940,1951
1940,1941
1940,1952
1940,1953
1942,1943
1942,1946
1944,3021
1945,1957
1945,1954
1945,1955
1945,1956
1947,1959
1948,1960
1948,1964
1948,1949
1948,1962
1948,1965
1949,1960
1949,1966
1949,1964
1949,1967
1949,1962
1950,1951
1950,1953
1951,1967
1951,1953
1953,3098
1953,2323
1953,1967
1954,1955
1957,2015
1957,1970
1958,1969
1958,1970
1958,1971
1960,1964
1960,1962
1960,1972
1961,1973
1962,1964
1962,1967
1962,1965
1963,1964
1963,1965
1964,1965
1966,1974
1966,1975
1967,1977
1967,1978
1967,1979
1967,1980
1968,2168
1969,2286
1969,1971
1977,2179
1977,2121
1977,3098
1977,2181
1977,3099
1977,1978
1977,1980
1977,3204
1978,2179
1978,2121
1978,2181
1978,1980
1978,3204
1979,3035
1980,3204
1981,1982
1982,1983
1982,1984
1983,2705
1983,3110
1985,3223
1986,1987
1987,2974
1987,1988
1987,2069
1987,2789
1987,3068
1987,2070
1988,2974
1988,2973
1988,2070
1989,2741
1990,1993
1990,1995
1990,1996
1992,2398
1992,2237
1992,2239
1992,2238
1992,2401
1992,2402
1992,2406
1992,2404
1997,1998
2001,2365
2001,2005
2001,2690
2001,2002
2001,3172
2002,2006
2002,2007
2002,2008
2002,2009
2002,2010
2003,2004
2005,2163
2005,2365
2005,2133
2005,2344
2005,2351
2005,2366
2005,2367
2005,2368
2005,2369
2006,2365
2006,2784
2006,2250
2006,2136
2006,2252
2006,2694
2007,2367
2007,2851
2007,2852
2008,2010
2011,2012
2012,2117
2012,2118
2012,2884
2012,2171
2012,2174
2013,2014
2016,2017
2018,2020
2020,2530
2020,2531
2022,2263
2027,2749
2031,2705
2031,2706
2031,2707
2032,2723
2032,2043
2033,2034
2033,2378
2035,3028
2035,3029
2036,2307
2036,2039
2040,3236
2040,2043
2040,2307
2043,2724
2043,2725
2044,2045
2045,2325
2046,2047
2047,2048
2047,2049
2047,2050
2047,2051
2048,2052
2049,2051
2051,2828
2054,2071
2063,2926
2063,2924
2064,2065
2065,2425
2068,2396
2069,2754
2069,2789
2069,2790
2069,2070
2069,2791
2069,2792
2070,2791
2070,2792
2071,2814
2073,2127
2073,3101
2073,3158
2076,2077
2077,2078
2077,2079
2077,2080
2078,2079
2078,2081
2078,2082
2078,2083
2078,2084
2078,2085
2078,2086
2079,2081
2080,2087
2080,2088
2081,2464
2081,2451
2081,2465
2081,2466
2081,2467
2081,2468
2081,2469
2081,2083
2081,2084
2081,2085
2081,2470
2081,2471
2081,2472
2081,2197
2081,2198
2081,2473
2081,2474
2081,2460
2082,2786
2082,2743
2083,2320
2083,2456
2083,3031
2083,2469
2084,2320
2084,2456
2084,3031
2084,3040
2085,2505
2085,2956
2086,3161
2087,2954
2087,2953
2088,2451
2090,2101
2091,2106
2091,2107
2092,2100
2094,2111
2094,2112
2094,2101
2094,2113
2094,2114
2096,2120
2097,2121
2097,2122
2098,2117
2098,2118
2098,2123
2100,2125
2101,2113
2102,2127
2102,2104
2103,2128
2104,2195
2105,2733
2106,2136
2106,2137
2106,2138
2106,2139
2106,2140
2107,2143
2108,2114
2108,3208
2110,2166
2110,2167
2111,2182
2111,2219
2111,2183
2112,2481
2112,2483
2113,2515
2114,2683
2114,3208
2117,2118
2117,2123
2117,2170
2117,2171
2117,2172
2117,2173
2117,2174
2118,2171
2118,2172
2118,2173
2118,2174
2120,2176
2120,2159
2120,2177
2121,2178
2121,2179
2121,2180
2121,2181
2122,2889
2123,2170
2123,2187
2123,2188
2124,2189
2125,2494
2125,2495
2125,2496
2125,2497
2127,2194
2130,2132
2130,2146
2131,2682
2132,2145
2133,2147
2133,2148
2133,2149
2133,2150
2136,2137
2136,2155
2136,2139
2136,2156
2136,2157
2136,2158
2136,2159
2136,2160
2136,2161
2137,2162
2138,2687
2138,2688
2139,2782
2139,2222
2139,2155
2139,2156
2139,2162
2139,2692
2139,2696
2139,2157
2139,2223
2139,2694
2139,2161
2141,2389
2141,2383
2141,2388
2142,2886
2142,2687
2142,2975
2143,2163
2143,2164
2143,2165
2144,2691
2145,2928
2147,2594
2147,2148
2147,2584
2147,2588
2147,2589
2147,2150
2147,2595
2148,2594
2148,2598
2148,2150
2148,2595
2149,2365
2149,2372
2149,2373
2149,2905
2149,2991
2150,2594
2152,2428
2155,2694
2155,2692
2155,2157
2155,2698
2155,2160
2155,2161
2156,2694
2157,2162
2157,2698
2157,2161
2158,2694
2158,2159
2160,2782
2160,2162
2160,2698
2161,2222
2161,2698
2161,2692
2161,3184
2162,2782
2162,2783
2163,2370
2163,2356
2163,2371
2166,2175
2170,3133
2170,2187
2171,2174
2172,2405
2172,2173
2178,2180
2178,2717
2179,2181
2182,2217
2182,2183
2182,2184
2182,2185
2183,2217
2183,2185
2184,2185
2184,2186
2185,2616
2185,2722
2185,2189
2185,2186
2186,2190
2186,2465
2187,2844
2187,3133
2188,3133
2189,2615
2189,2617
2189,2618
2189,2823
2190,2824
2191,2192
2191,2193
2192,2193
2194,3225
2196,2197
2196,2198
2197,2198
2199,2200
2199,2201
2199,2202
2201,2813
2203,2204
2205,2206
2206,2442
2207,2208
2207,2209
2207,2210
2208,2878
2210,2298
2211,2909
2213,2909
2217,2415
2218,3217
2218,3148
2218,2919
2218,3173
2221,2662
2221,2663
2222,2223
2222,2224
2222,2225
2224,3184
2226,2229
2226,2230
2227,3242
2231,2233
2231,2236
2232,2286
2232,2290
2233,2237
2234,2670
2234,2235
2237,2239
2237,2238
2238,2398
2238,2239
2238,2402
2238,2404
2242,2243
2244,2245
2244,2246
2244,2247
2245,2248
2245,2249
2245,2250
2245,2251
2245,2252
2245,2253
2245,2254
2245,2255
2245,2256
2245,2257
2245,2258
2245,2259
2245,2260
2245,2261
2245,2262
2246,2252
2246,2254
2247,3203
2248,2250
2248,2249
2248,2430
2249,2431
2249,2251
2249,2254
2249,2255
2249,2256
2249,2259
2249,2434
2250,2435
2250,2251
2250,2252
2250,2254
2250,2255
2250,2256
2250,2257
2250,2436
2250,2432
2250,2259
2250,2437
2250,2438
2250,2439
2251,2252
2251,2253
2251,2254
2251,2255
2252,2253
2252,2254
2252,2255
2252,2259
2252,2438
2252,2260
2252,2885
2252,2262
2253,2256
2253,2886
2253,2885
2254,2438
2254,2885
2255,2886
2255,2259
2256,2381
2256,2887
2256,2431
2256,2432
2256,2433
2257,2436
2257,2259
2258,3086
2259,3143
2259,2435
2259,2687
2259,2436
2260,2870
2265,2266
2269,2271
2269,2272
2273,2274
2275,2276
2275,2277
2275,2278
2275,2279
2278,2279
2281,2897
2281,2901
2281,2898
2282,2283
2283,2640
2283,2641
2283,2647
2283,2648
2283,2651
2283,2652
2286,2290
2288,2289
2288,2291
2288,2292
2288,2293
2288,2294
2288,2295
2289,2291
2289,2292
2289,2296
2289,2293
2289,2294
2289,2297
2289,2295
2291,2292
2291,2296
2291,2293
2291,2294
2291,2297
2291,2295
2293,2294
2294,3010
2296,2297
2296,2869
2297,2986
2299,2407
2304,2305
2305,2460
2306,2307
2306,2308
2306,2309
2307,3138
2313,3047
2315,2316
2316,2805
2316,2804
2316,2802
2317,2948
2319,2320
2323,2324
2324,2716
2325,2331
2326,2992
2327,2331
2327,2710
2328,2960
2329,2331
2329,2462
2329,2470
2332,2336
2332,2333
2332,2337
2333,2336
2333,2805
2333,2807
2333,2804
2333,2799
2333,2801
2333,2802
2334,2337
2334,2808
2336,2803
2336,2804
2336,2799
2336,2802
2336,2805
2336,2806
2337,2799
2338,2339
2338,2340
2341,2342
2341,2343
2341,2344
2341,2345
2341,2346
2341,2347
2341,2348
2341,2349
2342,2343
2342,2344
2342,2350
2342,2351
2342,2352
2342,2353
2342,2354
2342,2355
2342,2356
2342,2357
2342,2358
2342,2347
2342,2359
2342,2360
2342,2349
2343,2361
2343,2345
2343,2362
2343,2346
2343,2347
2344,2352
2344,2355
2344,2356
2345,2362
2345,2346
2345,2347
2346,3129
2346,2362
2346,2348
2347,2758
2347,2447
2347,2359
2347,2368
2347,2356
2347,2351
2348,2568
2348,2356
2348,2774
2348,2591
2350,2758
2350,2759
2350,2351
2350,2352
2351,2761
2351,2354
2351,2758
2351,2366
2351,2355
2351,2759
2351,2352
2351,2762
2352,2763
2354,2761
2354,2366
2354,2765
2354,2766
2354,2767
2357,2556
2357,2773
2358,2369
2359,2369
2360,2758
2360,2547
2360,2763
2361,2364
2365,2372
2365,2373
2365,2374
2365,2375
2366,2761
2366,2765
2366,2767
2367,2373
2367,2848
2368,2758
2368,2759
2368,2760
2369,2758
2369,3059
2369,2446
2370,2430
2372,2444
2374,3100
2375,3159
2375,2607
2376,2377
2376,2378
2376,2379
2376,2380
2381,2384
2381,2386
2381,2387
2383,2384
2383,2385
2383,2388
2384,2385
2385,2388
2386,2387
2387,3143
2387,3210
2388,2470
2388,2969
2393,2395
2394,2396
2394,2397
2395,2665
2398,2401
2398,2402
2398,2403
2398,2404
2401,2402
2401,2406
2401,2404
2402,2892
2402,2403
2402,2406
2402,2404
2403,2404
2404,2892
2404,2406
2409,2411
2411,3094
2413,2414
2414,2415
2414,2416
2414,2417
2415,2423
2415,2417
2415,2424
2419,2425
2422,2813
2424,2747
2425,3163
2427,2429
2428,2527
2428,2528
2428,2529
2430,2431
2431,2432
2431,2433
2432,2435
2432,2436
2433,2887
2433,2434
2434,2923
2435,2502
2435,2436
2435,2439
2436,2502
2436,2439
2437,2784
2437,3187
2438,2687
2440,2441
2440,2442
2441,2443
2441,2444
2441,2445
2442,2904
2442,2905
2442,2906
2443,2499
2443,2500
2444,3200
2445,2995
2445,3042
2445,3241
2445,2664
2447,2677
2449,3190
2449,3234
2450,2451
2450,2452
2450,2453
2451,2454
2451,2455
2451,2456
2451,2457
2451,2458
2451,2459
2451,2453
2451,2460
2451,2461
2452,2453
2454,2456
2455,2462
2455,2463
2456,2458
2456,2461
2457,2461
2458,2465
2458,2469
2463,2953
2465,2679
2465,2680
2465,2469
2467,2506
2467,2956
2467,2468
2467,2507
2468,3025
2468,3024
2469,2683
2469,2473
2469,3030
2470,2968
2470,2966
2470,2970
2471,2956
2471,3031
2473,2683
2473,3030
2477,2478
2478,2479
2478,2480
2481,2482
2484,2485
2484,2486
2485,2487
2485,2486
2486,2487
2486,3247
2486,2652
2488,2489
2488,2490
2488,2491
2488,2492
2488,2493
2489,2490
2489,2492
2490,2979
2490,2491
2490,2492
2492,2979
2492,2810
2495,2496
2495,2497
2496,2498
2499,2500
2500,3093
2504,2608
2505,2506
2505,2507
2506,2508
2506,2509
2515,2878
2515,3219
2516,2517
2516,2518
2520,2521
2520,2522
2521,2522
2524,2525
2526,3062
2526,3063
2527,2880
2528,2929
2530,2531
2534,2535
2535,2536
2535,2537
2535,2538
2535,2539
2536,2537
2536,2538
2536,2752
2537,2538
2538,2539
2538,2753
2539,2752
2539,2753
2539,2951
2539,2756
2539,3135
2539,3136
2539,2757
2540,3194
2541,2542
2544,2545
2546,2547
2546,2548
2547,2549
2547,2550
2547,2551
2547,2552
2547,2553
2547,2554
2547,2555
2547,2556
2547,2557
2547,2558
2547,2559
2547,2560
2547,2561
2547,2562
2547,2563
2547,2564
2547,2565
2548,2566
2548,2567
2548,2568
2548,2569
2548,2570
2549,2556
2549,2557
2550,2555
2550,2557
2551,2963
2551,2552
2551,2553
2551,2562
2552,2963
2552,2553
2552,2554
2552,2562
2553,2963
2553,2554
2553,2562
2554,2562
2556,2557
2558,2559
2558,2563
2561,3152
2565,3215
2565,2771
2565,2772
2566,2571
2566,2572
2566,2569
2566,2570
2567,2771
2567,2772
2567,2568
2568,2773
2568,2774
2570,2772
2572,3199
2573,2941
2579,2580
2579,2581
2579,2582
2580,2660
2580,2630
2580,2649
2582,2660
2582,2630
2583,2584
2583,2585
2583,2586
2583,2587
2584,2588
2584,2585
2584,2586
2584,2589
2584,2587
2584,2590
2585,2591
2586,2592
2586,2587
2586,2593
2587,2588
2587,2589
2588,2589
2588,2595
2591,2960
2591,2957
2591,2961
2591,2962
2591,2959
2592,2596
2593,2638
2594,2597
2594,2598
2594,2595
2595,2597
2597,2777
2597,2779
2599,2601
2601,2602
2605,2606
2606,3251
2610,2611
2611,3041
2611,3042
2612,2613
2615,2616
2615,2617
2615,2618
2615,2619
2617,2618
2617,2619
2620,2621
2620,2622
2620,2623
2620,2624
2620,2625
2621,2626
2621,2623
2621,2624
2621,2627
2621,2625
2621,2628
2621,2629
2622,2630
2622,2631
2623,2627
2623,2632
2623,2624
2623,2625
2623,2633
2623,2634
2624,2625
2625,2627
2625,2633
2627,2635
2627,2636
2627,2633
2627,2637
2627,2638
2627,2639
2628,2637
2628,2654
2628,2937
2628,2938
2628,2655
2628,2939
2630,2952
2630,2631
2631,3156
2632,2640
2632,2641
2633,2642
2633,2643
2633,2644
2633,2636
2633,2634
2634,2642
2634,2643
2634,2636
2634,2640
2636,2642
2636,2643
2636,2644
2638,2639
2640,2645
2640,2842
2640,2646
2640,2641
2640,2647
2640,3102
2642,2643
2642,2644
2643,2660
2644,2713
2644,2646
2644,2649
2645,2647
2645,3102
2646,2842
2646,3102
2647,3102
2648,3106
2651,2831
2652,2831
2653,2654
2653,2655
2655,2937
2655,2938
2656,2657
2656,2658
2656,2659
2657,2705
2657,2708
2664,2665
2664,2666
2665,2667
2665,2668
2669,2972
2669,2973
2669,2846
2670,2671
2672,2673
2674,2675
2676,2677
2679,2681
2679,2680
2680,2681
2680,2682
2682,2683
2682,2684
2682,2685
2683,3032
2683,2684
2683,3030
2686,2687
2692,2693
2692,2694
2692,2695
2692,2696
2692,2697
2693,2699
2693,2694
2694,2696
2700,2701
2701,2702
2701,2703
2702,2704
2705,2706
2705,2708
2705,2709
2706,2708
2708,2709
2709,3074
2710,2711
2710,2712
2712,3167
2714,2715
2720,2721
2721,3222
2728,2732
2733,2734
2733,2735
2733,2736
2734,2735
2734,2737
2734,2736
2735,2737
2736,3191
2736,2737
2740,2741
2741,2742
2741,2743
2743,3068
2743,3069
2745,2746
2745,2747
2746,2747
2746,2748
2749,2750
2750,2751
2752,2754
2752,2755
2752,2756
2752,2753
2752,2757
2753,3134
2753,3135
2753,2757
2754,2786
2754,2787
2756,3134
2757,2932
2758,2760
2761,2765
2761,2766
2766,3050
2768,2769
2771,2772
2772,2773
2773,3001
2775,2949
2776,2777
2776,2778
2777,2778
2777,2779
2777,2780
2777,2781
2779,3075
2782,2783
2784,2916
2785,2882
2786,2788
2787,2791
2787,2792
2789,2974
2789,2973
2789,2975
2791,2792
2794,2795
2794,2796
2795,2797
2796,2798
2799,2800
2799,2801
2799,2802
2800,2802
2801,2802
2802,2805
2802,2804
2803,2804
2804,2805
2804,2806
2816,2911
2816,2912
2816,2817
2816,2913
2817,2913
2817,2915
2817,2822
2819,2997
2824,2825
2827,2828
2827,2829
2827,2830
2829,3079
2830,2858
2831,2832
2831,2833
2831,2834
2831,2835
2832,2833
2832,2836
2833,2834
2833,3147
2833,2836
2834,2835
2834,2836
2836,3233
2837,2838
2841,2842
2842,2843
2843,3157
2844,2847
2851,2852
2854,3017
2854,3018
2854,3019
2854,3020
2854,3021
2857,2858
2860,2861
2860,2862
2861,2864
2862,2865
2862,2863
2863,2867
2865,2866
2871,2872
2871,2873
2871,2874
2872,2873
2875,2876
2878,2879
2887,2888
2889,2890
2890,2910
2891,2892
2891,2893
2892,2893
2892,2894
2892,2895
2893,2986
2893,2895
2895,2986
2895,2984
2895,3151
2895,2987
2896,2897
2896,2898
2896,2899
2897,2900
2898,2902
2899,2902
2899,3150
2900,2902
2901,2942
2902,3150
2907,2908
2911,2912
2911,2914
2912,2914
2918,2919
2919,2920
2924,2925
2929,2930
2931,2932
2934,2958
2934,3014
2937,2938
2937,2939
2938,3175
2939,3119
2943,2944
2943,2945
2944,2945
2947,3182
2949,2950
2957,2959
2964,2965
2964,2966
2965,2966
2965,2967
2966,2968
2966,2969
2966,2970
2967,3038
2968,2971
2969,2970
2973,2974
2976,2977
2976,2978
2976,2979
2976,2980
2976,2981
2976,2982
2978,2980
2979,3164
2979,2980
2980,2981
2980,3164
2981,2982
2983,2984
2983,2985
2984,2986
2984,2985
2984,2987
2985,2986
2986,2987
2988,2989
2989,2990
2989,2991
2994,2995
2995,2996
2998,2999
2999,3109
2999,3209
3001,3006
3001,3007
3001,3008
3002,3003
3006,3007
3006,3008
3006,3104
3007,3104
3009,3010
3009,3011
3010,3011
3016,3123
3017,3021
3018,3019
3018,3022
3019,3022
3024,3025
3025,3026
3025,3027
3027,3238
3029,3092
3036,3037
3041,3042
3043,3044
3043,3045
3043,3046
3044,3045
3044,3180
3044,3046
3045,3180
3046,3180
3047,3048
3050,3051
3058,3195
3058,3196
3059,3061
3064,3065
3064,3066
3068,3069
3069,3070
3072,3073
3083,3085
3084,3085
3088,3091
3089,3090
3091,3154
3095,3096
3096,3097
3098,3099
3103,3141
3103,3142
3104,3105
3105,3106
3105,3107
3105,3108
3111,3112
3112,3113
3112,3114
3117,3118
3120,3121
3125,3126
3135,3165
3138,3139
3139,3140
3141,3142
3143,3144
3148,3149
3161,3162
3171,3216
3175,3176
3179,3181
3181,3205
3191,3192
3195,3202
3197,3198
3214,3215
3221,3222
3226,3227
3231,3232
3243,3244
