source,target
0,1
0,2
0,3
0,4
0,5
0,6
0,7
0,8
0,9
0,10
0,11
0,12
0,13
0,14
0,15
0,16
0,17
0,18
1,1928
1,6
1,11
1,12
1,1929
1,534
2,2059
2,698
3,7
3,8
3,989
3,10
3,12
3,1459
3,15
4,488
4,989
4,2067
4,10
4,18
4,2068
5,1250
5,45
5,1796
5,487
5,539
5,999
5,1797
5,777
5,986
5,1799
5,1196
5,267
6,523
6,1928
6,11
6,12
6,1929
6,1195
6,534
7,1000
7,8
7,2084
8,536
8,523
8,102
8,1461
8,1459
8,2085
9,2043
9,1193
9,1244
9,11
9,1194
9,1196
10,1451
10,2067
10,12
10,1459
10,18
11,1250
11,2087
11,2043
11,541
11,525
11,1102
11,1091
11,1193
11,1192
11,28
11,1942
11,1105
11,1194
11,484
11,542
11,12
11,2089
12,2087
12,2957
12,1928
12,463
12,2057
12,1114
12,532
12,2022
12,2077
12,1782
12,527
12,484
12,1793
12,2155
12,1785
12,481
12,486
14,263
14,266
14,267
17,2785
17,3073
17,2123
18,1451
18,488
19,20
20,1102
21,22
21,23
21,24
21,25
21,26
22,2752
23,2996
23,2997
23,1126
23,471
23,1177
24,992
25,1126
26,2752
27,28
27,29
27,30
27,31
27,32
27,33
27,34
28,1563
28,738
28,739
28,735
28,743
28,775
28,751
28,754
28,756
28,768
28,103
29,257
30,31
30,3065
31,771
32,2396
33,1563
33,738
33,1564
34,2646
34,3119
34,523
34,3118
34,3120
35,36
35,37
35,38
35,39
35,40
35,41
35,42
36,43
36,44
36,45
36,46
36,47
37,48
37,38
37,41
37,49
37,50
37,51
37,52
37,53
37,54
37,55
37,56
37,57
37,58
37,59
37,60
37,61
37,62
38,63
38,41
38,42
38,51
38,55
38,59
38,61
38,64
38,65
40,66
40,67
40,42
40,68
41,44
41,69
41,49
41,70
41,63
41,64
42,71
42,72
42,73
42,74
42,75
42,76
42,67
42,77
42,78
42,79
42,80
42,68
43,81
43,69
43,82
43,51
43,83
43,55
43,84
43,85
43,86
43,87
43,88
43,89
43,90
43,91
43,61
43,92
43,93
43,62
43,94
44,69
44,51
44,95
44,96
44,62
46,69
46,1682
46,87
46,102
46,901
46,2341
47,680
47,2877
48,97
48,98
49,105
49,106
49,71
49,70
49,107
49,55
49,108
49,109
49,61
49,92
49,110
49,111
49,112
50,82
50,570
50,607
50,608
50,609
50,610
50,611
50,612
50,613
50,614
50,615
50,616
50,617
51,162
51,1256
51,1015
51,100
51,1257
51,163
51,313
51,1231
51,311
51,164
51,69
51,1258
51,1259
51,1260
51,567
51,568
51,1227
51,101
51,1016
51,121
51,1261
51,629
51,576
51,412
51,869
51,870
51,632
51,81
51,474
51,842
51,1105
51,79
51,291
51,1262
51,1263
51,152
51,86
51,58
51,130
51,88
51,134
51,1264
51,91
51,499
51,407
51,139
51,1265
51,1266
51,501
51,1267
51,94
53,1013
53,1257
53,79
53,1204
53,99
53,2162
53,363
53,91
53,2163
54,1013
54,2199
54,443
54,1145
55,105
55,106
55,69
55,860
55,121
55,70
55,125
55,2258
56,636
56,1166
56,1099
56,1318
57,1826
57,1565
57,60
57,2439
57,62
57,1693
58,1259
58,1227
58,121
58,79
58,629
58,632
58,87
58,1823
58,1071
59,2870
59,88
59,91
59,1022
60,380
60,1426
60,1166
60,1099
60,1127
60,1096
60,742
60,1612
60,735
60,1429
60,1448
60,740
60,354
60,1141
60,187
60,179
60,180
61,69
61,92
61,90
61,62
62,928
63,99
63,100
63,101
63,102
64,567
64,568
64,579
64,578
64,569
64,570
64,113
64,571
65,76
65,67
65,77
66,68
67,74
67,75
67,76
67,80
67,68
67,103
68,1015
68,1259
68,2173
68,476
69,81
69,101
69,86
69,87
69,92
69,104
69,96
69,94
70,105
70,113
70,114
70,115
70,109
70,116
70,111
70,112
71,117
71,118
71,119
71,120
71,107
71,121
71,122
71,123
71,124
71,125
71,126
71,109
71,127
71,128
71,129
71,130
71,131
71,132
71,133
71,134
71,135
71,136
71,137
71,138
71,139
71,140
71,141
72,142
72,143
72,144
72,145
72,146
72,147
72,148
72,149
73,150
73,151
73,79
73,152
74,80
75,153
75,154
75,155
76,77
76,156
79,742
79,80
79,572
79,88
79,148
79,1264
79,91
79,103
79,1267
80,2671
81,162
81,163
81,164
81,86
81,94
82,679
82,680
82,643
82,645
82,681
83,1256
83,1695
83,860
83,411
83,1694
83,412
83,1263
83,1697
83,85
83,775
83,1701
83,1696
83,92
83,1521
83,93
84,117
84,2335
84,1227
84,719
84,735
84,1262
84,1923
84,187
84,1070
84,2174
84,1071
84,1069
84,2336
84,2337
84,172
84,212
85,1256
85,414
85,1695
85,1697
85,92
86,121
86,895
86,775
86,87
87,102
88,1014
88,640
88,2870
88,2871
88,596
88,345
88,152
88,474
89,567
89,568
89,121
89,576
89,578
89,569
89,570
89,113
89,571
89,572
90,203
90,629
90,693
90,2815
91,1015
91,215
91,1014
91,1258
91,1259
91,899
91,1227
91,2173
91,1017
91,1827
91,2642
91,476
91,688
91,1071
91,474
93,860
94,121
94,1658
95,2066
95,1164
95,470
95,989
96,568
96,571
97,514
97,1920
98,629
99,121
99,2164
100,899
100,101
100,102
100,130
100,2049
100,2164
101,162
101,2175
101,102
101,1927
101,103
101,2177
102,162
102,2144
102,130
103,2004
103,1618
103,2866
103,738
103,145
103,1820
103,2867
103,742
103,1995
103,735
103,2865
103,2175
103,740
103,2169
103,2548
103,2164
103,1184
103,3187
105,109
105,140
106,165
106,107
106,166
106,167
106,109
106,168
106,127
106,169
106,110
106,170
106,112
106,140
106,171
107,559
107,878
107,879
107,166
107,858
107,860
107,121
107,861
107,122
107,167
107,869
107,870
107,855
107,845
107,846
107,847
107,120
109,893
109,878
109,903
109,166
109,2818
109,121
109,2819
109,168
109,167
109,127
109,1858
109,855
109,125
109,846
109,775
110,1224
110,1017
110,167
110,3133
110,112
111,629
111,114
111,3156
112,165
112,166
112,167
112,431
113,567
113,568
113,569
113,570
113,571
113,572
113,573
115,874
116,2465
117,172
118,173
118,174
118,175
119,176
119,177
119,178
120,844
120,845
120,846
120,847
120,848
120,849
120,850
120,851
120,852
120,853
121,893
121,847
121,849
121,855
121,869
121,870
121,871
121,123
121,872
121,894
121,125
121,187
121,775
121,895
121,130
121,134
121,864
121,138
121,139
121,865
121,896
121,866
121,873
121,141
122,858
122,847
122,851
122,853
122,876
122,877
122,775
122,888
122,884
122,141
123,898
123,899
123,860
123,871
123,849
123,133
123,134
123,900
124,1859
124,1857
124,1858
124,859
125,775
125,1696
125,896
128,1859
128,168
128,1863
129,700
129,2667
130,162
130,869
130,870
130,2934
130,1828
131,878
131,711
132,2904
132,3029
132,883
132,137
132,3030
133,134
134,845
134,871
134,873
135,2770
135,136
136,1727
136,2770
137,3029
137,3030
138,878
138,844
138,858
138,869
138,870
138,855
138,845
138,846
138,847
138,848
138,905
138,851
138,1857
139,869
139,870
139,895
139,849
141,858
141,888
141,882
141,873
143,698
144,724
144,723
144,581
144,2103
144,2104
145,314
145,336
145,2465
146,284
146,353
146,640
146,652
146,601
146,653
146,596
146,294
146,355
146,2512
146,295
146,656
146,593
146,351
146,384
146,671
148,1015
148,2173
148,1232
148,2994
150,179
150,180
150,181
150,182
150,183
150,184
150,185
150,186
150,187
150,188
150,189
150,190
150,191
150,192
150,193
150,194
151,1205
151,1230
151,1237
151,1238
151,1231
151,311
151,1227
151,719
151,312
151,1239
151,469
151,1105
151,504
151,505
151,152
151,208
151,751
151,1223
151,626
152,1205
152,1230
152,1231
152,311
152,475
152,1107
152,208
152,1105
152,1092
152,1233
152,2671
152,407
153,1800
153,154
154,1811
155,1811
156,1110
157,158
157,159
157,160
157,161
158,1093
158,628
158,1094
158,1095
158,1096
158,1097
158,494
158,206
158,1087
158,1089
158,182
158,746
158,1098
158,697
160,211
160,3085
161,2914
161,666
162,925
162,866
163,164
163,1263
163,1266
164,2176
165,168
165,169
165,170
167,171
168,878
168,2818
172,1227
172,1826
172,354
172,1282
172,2344
172,1654
172,213
172,1070
172,1071
172,1069
172,1073
172,384
173,1977
173,1494
173,174
173,2263
173,2264
173,2265
173,2266
174,710
176,1040
176,2700
176,2705
176,1044
176,1865
176,1045
176,1046
176,1512
176,1048
177,2887
177,2884
177,2886
177,2294
177,1511
177,2888
179,181
179,378
179,379
179,380
179,287
179,381
179,382
179,185
179,186
179,383
179,384
179,385
179,190
179,386
179,387
179,388
179,389
179,390
179,391
179,392
179,193
179,393
179,394
180,380
180,381
180,185
180,793
180,190
180,386
180,387
180,389
180,391
181,791
182,1101
182,1226
182,1166
182,1127
182,1097
182,1204
182,1102
182,1089
182,1091
182,1179
182,1107
182,1104
182,1268
182,1105
182,1171
182,1110
182,1207
182,697
183,1876
183,1831
183,288
183,1384
183,316
183,1872
183,454
183,1885
183,1423
183,189
183,1886
183,393
183,1887
184,1813
184,2157
184,188
184,192
185,1183
185,381
185,742
185,735
185,740
185,1900
185,2206
185,213
185,186
185,187
185,190
185,191
185,1902
185,386
185,193
185,1207
186,449
186,379
186,381
186,2234
186,773
186,1448
186,743
186,1900
186,2206
186,725
186,213
186,726
186,190
187,1227
187,742
187,735
187,740
187,1923
188,378
188,2716
188,192
189,1876
189,288
189,1834
189,1741
190,635
190,382
190,2084
190,647
190,1900
191,773
191,742
191,735
191,740
191,1900
192,378
192,2716
193,1183
193,791
193,742
193,735
193,740
193,1828
194,1889
194,1900
194,213
195,196
195,197
195,198
195,199
196,198
196,199
199,628
199,2928
199,2836
199,3111
200,201
201,1204
201,1102
201,1091
201,204
202,203
203,1111
205,206
206,207
206,208
206,209
207,210
207,567
207,568
207,569
207,570
207,574
207,576
207,577
207,578
207,579
207,581
207,571
207,572
208,1237
208,1238
208,2619
208,2672
212,213
212,214
212,215
213,2222
213,2223
213,1889
213,1738
213,1227
213,719
213,1068
213,1826
213,2224
213,735
213,2225
213,1900
213,1282
213,281
213,363
213,1069
213,1073
213,384
213,1828
214,1205
214,1227
214,719
214,1070
214,625
215,583
215,324
215,351
216,217
216,218
216,219
216,220
216,221
216,222
216,223
216,224
216,225
216,226
217,377
217,1086
217,1085
217,1055
218,2071
218,2630
218,2629
219,2906
219,2909
219,2907
219,2905
220,221
220,222
221,222
224,2445
224,2447
224,3151
224,2693
225,1026
227,228
227,229
228,443
228,229
228,440
228,444
228,1927
229,1927
230,231
230,232
230,233
231,232
231,234
231,235
231,236
231,237
231,238
231,239
231,240
232,241
232,242
232,243
232,244
232,245
232,246
232,247
232,248
232,249
233,250
233,251
234,438
236,3093
236,634
236,303
236,438
236,302
236,1653
237,2978
237,590
237,306
237,332
237,634
237,331
237,324
237,325
237,1653
241,348
241,349
241,247
242,1121
242,1124
242,1163
242,1185
242,1089
242,245
242,1180
242,345
242,1154
243,316
244,1121
244,1122
244,1124
244,1597
244,1163
244,1326
244,1321
244,1133
244,326
244,245
244,1431
244,582
244,1148
244,1352
244,1174
244,833
245,2143
245,1296
245,1121
245,1122
245,1568
245,1124
245,1611
245,1203
245,1597
245,1163
245,1164
245,317
245,1326
245,1297
245,1166
245,343
245,1592
245,1097
245,1289
245,1132
245,1299
245,1303
245,1180
245,611
245,344
245,345
245,1382
245,341
245,1883
245,1152
246,1124
246,1625
246,1163
246,1287
246,1531
246,1383
247,2516
247,1441
247,2517
249,282
249,346
249,341
249,347
250,974
250,975
250,976
251,1687
251,975
251,1582
251,1592
251,1287
251,1289
251,1290
251,1537
251,1528
251,1310
251,1322
251,1309
251,1141
251,2328
251,2329
251,2331
251,1293
251,1294
251,1295
251,1334
251,1335
251,1336
251,1338
251,1344
251,1339
251,1375
251,971
251,1356
251,1584
251,375
251,304
252,253
252,254
252,255
252,256
253,257
254,2540
254,2797
254,2538
254,1064
254,1065
254,255
255,1913
257,258
257,259
258,2071
259,2071
260,261
260,262
261,561
261,2028
261,2110
261,2111
263,264
263,265
263,266
263,267
264,481
264,1198
264,989
264,484
264,990
264,981
264,265
264,985
264,1806
264,1222
264,1216
264,1200
264,994
265,1028
265,563
265,789
265,1114
265,999
265,481
265,484
265,643
265,1200
265,266
265,267
266,484
266,481
267,2978
267,3064
267,2101
267,2895
267,2979
267,493
267,563
267,1193
267,2028
267,1796
267,2110
267,481
267,487
267,488
267,732
268,269
268,270
268,271
268,272
269,563
269,698
270,2663
270,2661
270,2121
270,2662
271,562
272,2746
272,2270
272,562
272,565
273,274
274,698
275,276
275,277
275,278
275,279
275,280
276,589
276,629
276,690
276,691
276,692
277,2224
277,2227
277,2225
277,1262
277,2228
277,2336
278,635
278,642
278,643
279,683
279,3060
279,588
279,1475
279,735
279,622
279,740
279,3061
280,2224
280,2227
280,2225
281,282
281,283
281,284
281,285
281,286
281,287
281,288
281,289
281,290
281,291
281,292
281,293
281,294
281,295
281,296
281,297
281,298
281,299
281,300
281,301
282,950
282,952
282,283
282,291
282,953
282,293
282,954
282,362
283,719
283,1068
283,363
283,351
283,717
283,407
284,1571
284,353
284,289
284,355
284,669
284,357
284,1690
285,286
285,1296
285,1674
285,831
285,1462
285,1596
285,396
285,372
286,1702
287,1161
287,1252
287,1889
287,316
287,1878
287,1890
287,677
287,1409
287,510
287,393
288,364
288,1227
289,290
289,363
289,351
289,1133
289,349
289,355
289,671
289,361
290,353
290,1571
290,1613
290,1061
290,331
290,357
290,1615
290,666
290,1616
290,604
290,358
291,293
291,954
292,2413
292,1116
293,355
293,363
293,371
294,670
294,671
294,1157
295,1831
296,672
296,441
296,443
296,442
296,596
296,971
296,302
297,353
297,302
299,404
299,352
299,351
300,2234
300,1253
300,1107
300,3169
300,1448
302,303
302,304
303,1321
303,367
303,315
304,1592
304,1289
304,1351
304,955
305,306
305,307
306,380
306,590
306,1732
306,1734
306,634
306,1653
307,567
307,1732
307,648
308,309
308,310
309,311
309,312
309,313
309,314
311,1205
311,1105
311,1107
311,1229
311,1234
311,407
312,1105
313,474
313,475
313,479
315,316
315,317
316,1876
316,1873
316,1874
316,1868
316,1877
316,1165
316,675
316,1878
316,1869
316,505
316,1879
316,1384
316,1880
316,1881
316,1871
316,1882
316,1872
316,318
316,507
316,503
316,509
316,440
316,1867
316,1870
316,1883
317,2143
317,1009
317,331
317,1146
317,604
317,358
317,2145
317,2147
318,319
318,320
319,507
319,2247
320,507
321,322
322,402
323,324
324,325
324,326
324,327
324,328
324,329
324,330
324,331
324,332
324,333
324,334
324,335
324,336
324,337
324,338
324,339
324,340
325,326
325,327
325,328
325,329
325,330
325,331
325,334
325,335
325,336
325,337
325,338
325,340
326,1594
326,1296
326,1390
326,1121
326,1603
326,1567
326,1122
326,1568
326,1323
326,329
326,1324
326,1130
326,334
326,1149
326,954
327,328
327,1778
329,1124
330,2455
330,728
331,2143
331,353
331,1613
331,673
331,1061
331,1615
331,604
331,358
332,334
333,591
335,613
336,2240
336,743
336,337
340,3179
341,342
341,343
341,344
341,345
341,346
341,347
342,1278
342,404
342,1570
342,1139
342,1142
342,1670
342,346
344,717
344,1281
344,407
345,1121
345,1122
345,1124
345,1203
345,1163
345,1166
345,1178
345,1097
345,1180
345,811
345,1423
346,347
347,3184
348,350
349,831
349,1203
349,1421
349,1430
349,1994
349,1144
349,2512
349,1616
349,1157
349,2513
351,352
351,353
351,354
351,355
351,356
351,357
351,358
351,359
351,360
351,361
351,362
352,363
352,364
352,365
352,366
352,362
353,672
353,596
353,600
353,601
353,673
353,1689
353,355
353,669
353,357
353,593
353,604
353,605
353,1223
353,358
353,670
353,591
353,1690
354,1239
354,372
354,1654
354,1073
354,1075
354,1565
354,1692
354,1693
355,1157
356,398
357,592
357,599
357,2463
357,600
357,636
357,640
357,652
357,597
357,649
358,2143
358,667
358,1613
358,577
358,673
358,586
358,1775
358,605
358,670
358,604
358,671
358,363
359,448
359,643
359,2146
360,467
360,363
360,440
361,2084
362,366
363,396
363,406
363,407
363,408
363,409
363,410
366,1401
366,2463
366,390
366,735
366,740
366,1141
367,368
367,369
368,831
368,830
368,832
368,833
369,1229
369,1234
369,1653
370,371
371,408
371,410
372,373
373,1570
373,1990
374,375
375,1117
375,1390
375,1121
375,1124
375,1289
375,1298
375,1138
375,1135
375,1417
375,954
375,1587
375,2067
375,1293
375,1294
375,1295
375,1129
375,1334
375,1335
375,1285
375,1336
375,1338
375,1339
375,1590
375,1583
375,1376
375,1356
375,1149
375,1431
375,1589
375,1539
376,377
377,1934
377,1085
377,1086
377,1935
378,1101
378,1102
378,1204
378,1179
378,1213
378,1109
379,1183
379,1097
379,1179
379,1227
379,1282
379,454
379,774
379,384
379,752
379,393
379,722
380,1738
381,2205
381,1253
381,773
381,2206
381,753
381,1741
381,386
381,387
381,391
382,592
382,635
382,636
382,2003
382,642
382,643
382,644
382,645
382,646
382,647
382,949
382,2145
382,393
382,650
383,1227
383,735
383,740
383,454
383,386
384,1183
384,2223
384,1123
384,1401
384,1068
384,1179
384,752
384,385
384,655
384,717
384,753
384,1073
384,458
384,398
385,386
386,1183
386,387
386,752
387,388
387,1986
387,773
387,727
388,391
389,1183
389,2165
390,1831
391,1986
391,773
392,835
393,1876
393,451
393,1124
393,1625
393,1333
393,635
393,1099
393,1280
393,1885
393,970
393,1420
393,450
394,1831
394,834
395,396
395,397
396,398
396,399
397,459
398,399
398,717
399,2822
399,592
399,2863
399,2862
399,1598
400,401
400,402
400,403
401,402
401,973
401,1577
401,1287
401,1289
401,1131
401,1645
402,1577
402,1528
402,1749
402,1750
402,1751
402,446
402,403
402,1752
402,686
402,1425
402,1634
403,1287
403,1385
404,405
405,573
406,1209
406,471
406,504
406,1219
406,1619
406,1272
406,1177
406,2255
406,1273
407,1183
407,1205
407,1234
407,1179
407,1107
407,1229
407,717
408,1015
411,412
411,413
411,414
411,415
411,416
411,417
411,418
411,419
411,420
411,421
411,422
411,423
411,424
411,425
411,426
411,427
411,428
411,429
411,430
411,431
411,432
411,433
411,434
411,435
411,436
411,437
412,1256
412,1695
412,1697
412,1696
412,1521
413,2280
413,2300
414,2549
415,416
416,2756
416,417
416,2757
416,2758
416,2759
416,2760
416,2761
416,2762
416,2763
417,2298
417,1499
417,2801
417,2804
417,1513
417,2762
418,2486
418,2489
419,1504
419,2280
419,2278
419,2282
419,2299
419,420
419,2875
420,2279
420,1504
420,421
420,422
420,1507
420,2278
420,2293
420,2875
420,1522
421,422
421,424
421,2876
422,424
422,2876
423,2486
423,2491
423,2492
423,2493
423,2490
423,2501
424,1504
424,2616
424,1681
424,1964
424,1683
424,3069
424,2946
424,2489
424,1499
424,2664
424,2876
424,2499
426,1509
426,1504
426,2486
426,2901
426,2898
426,2489
426,2849
426,2278
426,2902
426,1508
426,2530
431,2762
434,2768
434,1504
434,1851
434,2384
437,1509
437,2901
437,2898
437,2902
437,1508
437,2524
437,2530
437,2900
438,439
440,441
440,442
440,443
440,444
440,445
440,446
440,447
441,2199
441,1372
441,1953
441,443
441,1145
442,1594
442,1163
442,443
442,1953
442,1154
442,2200
443,444
443,2203
443,1271
443,1145
443,971
446,451
446,1427
446,1428
446,1131
446,1293
446,1295
446,1335
446,1153
446,2334
446,1530
446,1539
446,1752
447,451
447,1311
447,1526
447,1121
447,1410
447,1162
447,973
447,1427
447,1164
447,1428
447,1095
447,1178
447,1167
448,449
449,1448
449,2146
449,2235
450,451
450,452
450,453
450,454
450,455
450,456
450,457
451,1131
451,1296
451,1577
451,1305
451,1411
451,452
451,1624
451,1625
451,1427
451,453
451,1626
451,1627
451,1628
451,455
451,1422
451,1629
451,1353
451,1630
451,1354
451,457
451,1631
451,1285
451,1378
451,1632
451,1633
451,1634
452,930
452,1711
452,931
452,929
452,932
452,1624
452,612
452,1333
452,933
452,1706
452,940
452,941
452,453
452,938
452,1712
452,945
452,1708
452,1720
452,943
452,1709
453,930
453,1711
453,931
453,929
453,1949
453,932
453,1624
453,612
453,1713
453,935
453,1333
453,2248
453,1706
453,1578
453,940
453,1950
453,938
453,2249
453,454
453,937
453,2250
453,1708
453,1632
453,1709
454,1876
454,1625
454,1333
454,1885
456,1889
456,1624
456,1333
456,2608
456,1529
459,460
461,462
461,463
461,464
461,465
461,466
462,978
462,977
462,998
462,987
462,698
462,999
462,1000
462,980
462,981
462,982
462,983
462,984
462,1001
462,985
462,1002
462,542
462,994
462,995
462,996
463,481
463,980
463,981
463,2063
463,991
463,2077
463,543
463,1461
463,992
463,2041
463,995
463,996
464,1203
464,1274
464,1209
464,1221
464,1240
464,1114
464,1210
464,1241
464,1243
464,1219
464,1002
464,1182
464,1108
464,1276
464,1222
464,1212
467,468
468,1073
470,471
470,472
470,473
471,1237
471,1238
471,1229
471,1177
472,473
472,1237
472,1238
472,2674
473,496
473,2680
474,475
474,476
474,477
474,478
474,479
474,480
475,1230
475,1238
475,1167
475,1232
475,479
476,1015
476,2169
476,1022
477,1014
477,2981
478,3057
478,3058
478,479
479,2643
479,3057
479,928
479,3058
479,2108
481,482
481,483
481,484
481,485
482,562
483,562
483,1449
484,1942
484,1198
484,642
484,643
484,996
485,560
485,561
485,565
485,2858
487,488
487,489
487,490
487,491
487,492
487,493
489,780
489,2356
489,2357
489,2351
489,2358
489,1456
489,490
489,2350
489,492
489,2359
490,780
490,1451
490,2356
490,2357
490,2351
490,2364
490,2358
490,1456
490,560
490,492
490,2359
492,2363
492,1201
492,2350
493,2974
494,495
494,496
494,497
494,498
494,499
494,500
494,501
494,502
495,2669
496,973
496,1139
496,2680
496,1133
496,1347
496,2674
498,1731
498,499
498,2164
499,1731
500,1101
500,1226
500,1204
500,1179
500,1188
501,1731
501,681
503,504
503,505
503,506
504,1238
504,1209
504,505
504,511
504,1229
504,1177
504,1396
505,1238
505,1820
505,1819
505,1821
505,678
505,1396
507,508
509,510
510,1203
510,1878
510,1095
512,513
513,878
513,923
513,924
513,908
513,698
513,2048
513,909
513,1003
513,2049
514,515
516,517
517,1252
517,2414
517,2168
517,729
517,2226
518,519
518,520
518,521
518,522
520,789
520,989
520,999
520,1214
520,769
521,529
521,1806
521,1807
522,1318
522,3077
523,524
523,525
523,526
523,527
523,528
523,529
523,530
523,531
523,532
523,533
523,534
523,535
524,1779
524,525
524,527
524,528
524,1780
524,529
524,1781
524,1782
524,1783
524,532
524,1784
524,1785
524,1786
524,1787
524,534
524,1788
525,528
525,1779
525,526
525,527
525,529
525,1789
525,1790
525,1781
525,1782
525,1783
525,990
525,532
525,1784
525,1791
525,1792
525,543
525,1793
525,1785
525,1794
525,1795
526,1780
526,1796
526,1779
526,527
527,528
527,1780
527,529
527,1789
527,1790
527,1781
527,1782
527,710
527,1779
527,1792
527,1793
527,1785
527,1762
528,536
528,1780
528,532
528,1788
529,1780
529,1245
530,538
530,1444
531,2050
531,2051
531,1434
531,698
531,2032
531,1437
531,2052
531,1762
532,1780
532,2057
532,1789
532,698
532,1245
533,2342
533,1457
533,1762
536,537
537,1759
539,540
539,541
539,542
539,543
539,544
539,545
540,1101
540,541
540,2473
541,542
541,1084
541,2479
542,987
542,2071
542,1944
542,1084
542,1199
543,544
543,2352
543,2351
543,2360
543,1196
545,1250
545,2474
545,2477
545,2693
545,2727
545,2001
545,2695
546,547
546,548
547,548
547,2953
548,2954
548,2953
549,550
549,551
549,552
549,553
550,1055
550,1056
550,1057
551,1545
551,1552
551,1553
551,1554
552,2304
552,2792
552,2793
552,1938
554,555
554,556
554,557
555,1814
555,1815
555,1816
556,2726
556,2633
556,2635
556,557
557,2726
558,559
559,860
561,562
561,563
562,564
563,2126
563,2127
563,2128
563,2129
564,713
565,566
567,574
567,568
567,569
567,570
567,575
567,576
567,577
567,578
567,579
567,580
567,581
567,571
567,572
567,582
567,573
568,569
568,570
568,574
568,575
568,576
568,577
568,578
568,579
568,580
568,571
568,572
568,573
569,583
569,574
569,584
569,575
569,576
569,577
569,585
569,586
569,578
569,570
569,571
569,572
569,573
569,587
570,574
570,588
570,576
570,589
570,571
570,572
570,573
571,576
571,578
571,572
571,573
572,574
572,576
572,632
572,578
573,3146
573,3147
573,3006
574,590
574,575
574,576
574,577
574,578
574,579
575,577
575,595
576,577
576,578
576,579
577,583
577,592
577,584
577,596
577,585
577,586
577,593
577,594
578,579
578,580
578,606
579,624
581,2043
581,1203
581,698
582,1985
582,1319
582,1597
582,1427
582,1428
582,1095
582,1393
582,1323
582,1132
582,1352
582,1301
582,1395
582,1148
582,1151
583,591
584,592
584,585
584,593
584,594
585,592
585,597
585,598
585,593
585,594
586,599
586,600
586,601
586,602
586,603
586,604
586,605
587,600
587,1374
587,2544
587,1114
587,1937
587,1137
587,1696
587,589
587,751
587,2633
588,618
588,619
588,620
588,621
588,622
588,623
588,624
588,625
588,626
589,627
589,628
589,629
589,630
589,631
589,632
590,633
590,634
591,1112
591,2147
592,597
592,635
592,636
592,637
592,638
592,639
592,640
592,641
592,642
592,643
592,644
592,645
592,646
592,647
592,648
592,649
592,594
592,650
593,601
593,602
593,605
593,594
594,3131
594,598
594,661
595,2779
595,2778
596,600
596,651
596,640
596,652
596,601
596,653
596,602
596,603
596,654
596,655
596,656
596,657
596,658
596,659
596,660
597,636
597,635
597,661
597,641
597,644
597,662
597,649
597,663
597,657
598,664
599,665
599,600
599,602
599,603
599,651
599,666
600,664
600,667
600,603
600,668
600,669
600,666
600,670
600,671
601,672
601,673
601,669
601,666
601,605
601,670
602,627
602,651
602,629
602,673
602,605
602,670
602,674
603,667
603,675
603,676
603,669
603,677
603,670
603,678
604,2143
604,1613
604,673
604,605
604,1615
606,735
607,948
607,949
607,614
608,609
608,1852
609,1853
609,1854
609,1855
610,1714
610,1856
610,1852
611,2148
611,2149
611,2147
611,617
612,947
613,1153
616,1714
616,1717
616,1705
617,930
617,1710
617,931
617,932
617,934
617,935
617,1705
617,2850
617,938
617,1718
618,629
618,682
618,620
618,683
618,684
618,685
618,624
618,686
619,620
620,682
620,621
620,1773
620,686
621,622
621,624
622,2309
622,1773
622,623
622,624
623,3061
624,685
625,1475
625,735
625,740
625,758
626,1238
627,629
627,687
627,688
627,689
628,693
628,694
628,695
628,696
628,697
629,632
629,682
629,698
629,699
629,681
630,631
630,632
630,682
630,693
630,700
631,701
631,702
631,632
631,682
631,700
632,684
632,702
632,693
632,682
632,703
632,704
632,705
633,653
633,2794
633,833
634,1653
635,636
635,2220
635,642
635,643
635,644
635,645
635,646
635,647
635,2221
635,2145
635,2147
635,650
636,1075
636,1234
636,637
636,638
636,639
636,643
636,644
636,645
636,646
636,647
636,649
636,650
637,638
638,642
639,2003
639,642
640,652
640,653
640,656
640,666
640,649
640,663
640,1906
640,657
640,2794
641,2821
641,1500
641,668
641,649
642,2022
642,644
642,989
642,645
642,646
642,643
643,923
643,1028
643,1102
643,789
643,1104
643,647
643,2220
643,644
643,2003
643,662
643,1092
643,989
643,661
643,645
643,999
643,1200
643,646
644,647
644,645
644,646
644,650
645,647
645,2003
645,646
645,3043
645,650
646,647
646,650
647,1889
647,1888
647,650
648,2726
649,2365
649,2821
649,663
649,659
652,653
652,656
652,657
653,656
653,657
653,833
655,1068
656,2821
656,666
656,663
656,1906
656,657
657,663
657,956
657,1653
657,659
658,2365
659,2821
659,663
659,956
663,2821
663,682
664,666
664,959
665,1880
665,1907
666,1615
667,1124
667,2471
667,2472
668,2822
668,2114
668,2115
668,2054
668,940
668,1146
668,2658
669,672
670,1401
670,673
670,1571
671,2114
671,1399
671,673
671,1616
671,1620
672,1679
672,1691
673,1909
674,1253
675,1891
675,1892
675,1879
675,1880
675,1881
675,1893
675,676
675,677
675,1409
675,1894
676,1882
676,1884
677,1161
677,1408
677,1165
677,1421
677,1420
677,2800
677,1881
677,1422
677,1293
677,1294
677,1295
677,1334
677,1335
677,1336
677,1338
680,2365
680,1897
681,1714
681,925
681,2871
681,3072
681,682
682,1475
682,693
682,1394
683,693
683,1775
683,686
684,693
684,1652
686,3095
686,1752
687,3000
687,1566
687,1246
687,2999
688,777
690,738
690,735
690,740
690,2868
690,761
691,3129
691,692
693,702
693,703
694,2060
697,3041
697,1097
697,1089
697,1181
697,1098
698,965
698,2024
698,2025
698,2026
698,2027
698,990
698,1729
698,2028
698,2029
698,2030
698,1214
698,1000
698,2031
698,2032
698,2033
698,779
698,1198
698,1242
698,1245
699,2165
700,3018
701,1774
702,705
703,1680
703,839
703,3094
703,2313
703,3031
703,838
703,2314
703,2738
703,837
705,1335
706,707
706,708
707,713
708,1058
708,790
709,710
709,711
709,712
710,845
710,885
710,711
710,883
710,886
711,885
711,878
711,2021
711,913
711,883
711,3027
712,2529
712,1664
714,715
714,716
715,758
716,1465
716,758
717,1183
717,735
717,743
718,719
718,720
718,721
718,722
719,728
719,1069
719,1070
719,1071
719,722
721,951
721,728
722,2882
722,728
723,724
724,2104
725,726
725,727
726,1830
726,2223
726,735
726,740
726,1900
726,774
727,1830
727,1659
727,773
730,731
731,1258
731,1922
733,734
733,735
733,736
734,737
735,738
735,739
735,740
735,741
735,742
735,743
735,744
735,745
735,746
735,747
735,748
735,749
735,750
735,751
735,752
735,753
735,754
735,755
735,756
735,757
735,758
735,759
735,760
735,761
735,762
735,763
735,764
735,765
735,766
735,767
735,768
736,1014
736,3174
737,739
737,3166
738,740
738,742
738,746
738,769
738,761
738,770
739,771
739,745
739,746
739,747
739,754
739,756
739,761
740,772
740,741
740,773
740,743
740,774
740,746
740,748
740,775
740,752
740,757
740,759
740,761
740,776
740,777
740,762
740,763
740,766
740,767
740,768
741,1179
741,1206
742,772
742,1253
742,1995
742,768
743,1253
743,1254
743,773
743,2240
743,1206
743,774
743,749
743,753
744,1226
744,1179
744,1206
744,1108
745,2461
745,2460
745,775
746,1124
746,2442
746,769
746,2443
746,747
746,2415
746,748
746,1137
748,772
748,2548
748,775
749,2004
749,1099
749,1127
749,1100
749,1253
749,1180
749,1184
750,2751
751,1278
751,775
751,756
752,1179
752,2548
753,1183
753,1068
753,1277
754,1452
754,764
755,3036
755,759
757,1102
757,1179
757,1092
757,3114
758,1475
759,3036
759,3035
759,760
759,764
759,765
760,3036
760,3035
760,2777
762,1117
762,1133
762,763
762,1899
763,1253
763,1254
763,1206
764,765
764,766
766,2844
769,1028
770,1563
770,1465
770,1564
771,778
771,779
771,780
771,781
771,782
772,783
772,774
773,2205
773,791
773,1253
773,1206
773,1192
774,2223
774,1831
774,1581
775,903
775,858
775,860
775,861
775,2816
775,895
775,855
775,874
775,877
775,875
775,891
775,849
775,882
776,1278
776,831
776,1095
776,1178
776,1173
776,1432
777,1796
777,1246
777,2999
777,986
778,1496
780,2356
780,2358
784,785
784,786
784,787
785,2610
786,1465
786,2787
787,1465
787,2317
788,789
789,978
789,1197
789,979
789,1091
789,1092
789,1106
789,1114
789,1198
789,989
789,980
789,1199
789,997
789,1200
789,1201
789,1202
789,996
791,792
792,794
792,795
792,796
792,797
792,798
792,799
792,800
792,801
792,802
792,803
792,804
792,805
792,806
792,807
792,808
792,809
792,810
792,811
792,812
792,813
792,814
792,815
792,816
792,817
792,818
792,819
792,820
792,821
792,822
792,823
792,824
792,825
792,826
792,827
792,828
792,829
793,1183
793,2165
793,1826
793,3067
794,795
795,796
795,797
795,798
796,797
796,798
796,1838
796,799
796,1839
796,801
796,1840
796,803
796,804
796,1034
796,805
796,806
796,807
796,808
796,809
796,1841
796,811
796,812
796,813
796,1842
796,814
796,1843
796,815
796,818
796,1844
796,1845
796,821
796,823
796,1846
796,1847
796,1848
796,1849
796,827
796,1850
797,1838
797,799
797,1839
797,803
797,1034
797,808
797,1841
797,811
797,812
797,813
797,815
797,1845
797,821
797,1846
797,1847
797,1848
797,1849
797,1850
797,828
798,1838
798,800
799,1851
799,1838
799,1839
799,809
799,1510
799,815
799,1847
800,826
801,2464
802,1840
802,2518
802,2219
802,2577
802,2583
802,2574
802,2585
802,808
802,2575
802,2587
802,2591
802,2602
802,1850
803,1838
803,804
803,1839
803,1034
803,811
803,828
804,805
804,823
804,828
805,1033
805,2711
805,822
805,823
806,2783
806,811
806,813
806,1842
806,814
806,1843
806,1844
806,2784
806,1848
806,1849
807,1680
807,2790
807,1838
807,2791
807,1839
808,1840
808,2518
808,2219
808,1033
808,2590
808,1850
809,2275
809,1838
809,1839
811,1838
811,1034
812,1838
812,2464
813,1838
813,1034
813,2464
813,828
814,2464
815,1838
815,1839
815,1845
816,3056
816,825
818,2244
821,3056
821,1838
821,1839
821,828
822,1967
822,1035
823,1838
823,1839
824,3100
825,826
826,3056
828,1838
828,1839
828,1579
831,1121
831,1122
831,1124
831,1133
831,1411
831,1596
831,1321
831,1322
831,1614
831,1144
831,1173
831,1703
831,1378
831,1386
831,833
832,1162
832,1323
832,1324
832,1133
832,1299
832,1160
833,1595
833,1121
833,1122
833,1124
833,1125
833,1163
833,1321
833,1128
833,2544
833,1592
833,1133
833,1571
833,954
833,1293
833,1294
833,1295
833,1335
836,837
836,838
836,839
837,2313
837,2314
838,839
838,2785
838,2786
839,2093
839,2785
839,2123
839,2787
839,1005
840,841
841,867
842,843
843,920
843,2259
845,854
845,855
845,846
845,852
845,856
845,857
846,858
846,855
846,847
846,851
846,853
846,859
846,857
847,858
847,860
847,861
847,855
847,862
847,863
847,864
847,865
847,866
848,867
848,868
849,860
849,869
849,870
849,871
849,872
849,873
850,862
850,874
850,875
850,873
851,858
851,876
851,877
852,855
852,880
852,853
852,881
853,858
853,861
853,882
853,873
854,855
855,880
855,856
855,883
855,857
855,865
855,884
857,3171
858,861
858,862
858,863
858,876
858,877
858,887
858,888
858,864
858,889
858,865
858,884
858,890
859,1862
859,1857
860,891
860,864
860,892
860,889
860,865
860,866
861,862
861,891
862,897
862,863
862,889
863,897
863,864
863,866
864,877
864,888
866,877
867,2232
867,2809
867,2138
868,2551
868,2552
869,870
869,872
869,894
869,895
869,873
870,872
870,894
870,873
871,892
872,894
872,873
874,875
874,891
874,901
874,902
875,903
875,904
875,901
876,877
878,905
878,906
878,907
878,908
878,909
878,910
878,911
878,912
878,913
878,914
878,915
878,916
878,917
878,918
878,919
879,920
879,921
881,2504
882,888
883,885
883,3028
883,2021
883,2313
883,2667
885,2021
885,890
886,917
887,2140
889,1753
889,1754
890,1858
891,1753
891,1754
891,1755
891,901
894,928
896,2643
899,922
899,923
899,924
899,925
899,909
899,908
899,926
899,914
899,927
900,1681
900,1682
901,1755
901,2339
901,2341
902,2339
902,2343
902,2341
904,2833
905,907
906,1865
906,1046
906,1866
906,1048
908,922
908,923
908,909
908,1003
909,922
909,923
909,924
909,1003
909,927
909,919
910,967
910,963
911,2941
911,912
911,2294
912,2943
912,2944
912,2945
912,2770
914,922
914,923
914,926
914,1631
915,2486
915,2493
915,2498
915,2497
916,2941
916,2887
916,3068
918,1504
918,3188
918,1289
918,2608
919,922
919,923
920,2819
920,2036
922,923
922,924
923,924
923,1003
923,927
924,990
924,927
924,1195
924,2064
926,967
928,1014
929,930
929,931
929,932
929,933
929,934
929,935
929,936
929,937
929,938
929,939
930,931
930,940
930,932
930,941
930,935
930,938
930,942
930,943
930,944
931,941
931,935
931,936
931,945
931,946
931,947
931,942
931,943
931,944
932,1704
932,1710
932,1711
932,941
932,940
932,933
932,1706
932,934
932,935
932,937
932,1712
932,945
932,1707
932,947
932,1708
932,1709
933,941
933,934
933,1713
933,935
933,940
933,1706
933,937
933,1712
933,1708
933,1709
934,1704
934,1714
934,936
934,935
935,1704
935,1714
935,1711
935,1717
935,941
935,936
935,1713
935,937
935,938
935,1707
936,1704
936,1714
936,941
936,937
936,1707
936,1630
937,1714
937,1713
937,940
937,1950
937,938
937,1708
937,1718
938,1704
938,1706
938,940
938,1708
938,942
938,1709
938,2251
939,1991
939,1011
939,1396
940,1704
940,1705
940,1706
940,1707
940,1708
940,942
940,1709
941,1704
941,1710
941,1717
941,945
941,1718
941,943
942,1704
942,1710
942,1706
942,2930
942,2932
942,1045
942,1046
942,1707
942,1709
943,1704
943,1710
943,1624
943,2522
943,1707
943,1718
944,2251
946,1373
946,1721
946,2668
947,2469
947,1946
947,2484
950,951
950,952
951,952
951,955
951,956
951,957
951,958
952,959
952,955
952,958
953,2540
953,1062
953,2543
953,2538
953,2544
953,1061
953,1065
954,1595
954,1118
954,1296
954,1618
954,1095
954,1326
954,1374
954,1321
954,1393
954,1592
954,1329
954,1133
954,1136
954,1137
955,1025
955,1024
955,958
956,2613
957,2347
958,959
958,1212
960,961
960,962
961,2551
961,2670
961,2058
962,2551
962,2670
963,964
963,965
963,966
963,967
963,968
964,1434
965,1763
965,1456
965,1764
965,2042
965,968
966,2709
967,1434
968,2257
968,1763
968,2013
968,1761
968,1765
968,2015
969,970
969,971
970,1592
970,1287
970,1289
970,1290
970,1537
970,1310
970,1130
970,1295
970,1600
970,1177
970,1542
971,1289
971,1537
971,1538
971,1953
971,1295
972,973
973,1497
973,1500
973,1501
973,1502
975,1541
975,1335
975,1582
975,1687
975,2328
975,2329
975,1359
975,1623
977,978
977,979
977,980
977,981
977,982
977,983
977,984
977,985
977,986
978,987
978,988
978,989
978,990
978,980
978,981
978,982
978,983
978,984
978,985
978,991
978,992
978,993
978,994
978,995
978,996
979,1217
979,1218
979,1203
979,1219
980,987
980,988
980,989
981,988
981,990
981,2063
981,989
981,995
982,2118
982,1789
982,2044
982,1000
982,1242
982,983
982,984
982,1001
982,1276
982,2034
982,2119
982,1807
982,2120
982,1245
982,2121
982,2122
982,995
983,2118
983,984
983,1242
983,2044
983,1001
983,2119
983,1807
983,2120
983,1245
983,2121
983,2122
983,995
984,2118
984,1242
984,2044
984,1001
984,985
984,2046
984,2119
984,1807
984,1245
984,993
984,2154
984,994
984,995
984,996
985,988
985,1559
985,2084
985,1221
985,1240
985,2057
985,1114
985,1210
985,1241
985,1211
985,2355
985,1243
985,1244
985,2350
985,991
985,992
985,993
985,994
985,1207
985,996
986,1250
986,1796
986,1195
987,997
988,989
988,997
988,993
988,994
988,995
989,1101
989,1028
989,1197
989,1928
989,1102
989,2026
989,1091
989,1103
989,990
989,1221
989,1240
989,1275
989,1210
989,1241
989,1104
989,1105
989,1106
989,1092
989,1187
989,1198
989,1219
989,2034
989,991
989,2038
989,1201
989,992
990,1928
990,991
990,997
990,992
990,2047
990,993
990,994
990,996
991,1197
991,1059
991,1114
991,2632
991,2077
991,1199
991,996
992,1197
992,1114
992,2632
992,2077
992,1199
992,2974
992,996
993,1001
993,2046
993,2154
994,1559
994,2084
994,1221
994,1240
994,2057
994,1114
994,1210
994,1241
994,1211
994,2355
994,1243
994,1244
995,1558
995,996
996,1102
996,1059
996,1114
996,2077
996,1199
996,1222
996,1198
996,1212
997,2026
997,1001
997,2419
997,2861
999,1208
999,1797
999,1198
999,1002
999,1212
999,1200
999,1190
999,1207
1000,1245
1001,2026
1001,2044
1001,2155
1001,1245
1002,1221
1002,1240
1002,1114
1002,1210
1002,1241
1002,1211
1002,1182
1002,1108
1002,1276
1003,2348
1004,1005
1005,2123
1005,2610
1006,1007
1007,1134
1008,1009
1009,2151
1010,1011
1011,2780
1012,1013
1012,1014
1013,1015
1013,1016
1013,1017
1013,1018
1013,1019
1013,1020
1013,1021
1013,1022
1014,1023
1015,1259
1015,2173
1015,1017
1015,1923
1015,2174
1015,1232
1015,2175
1015,1018
1015,2169
1015,1022
1016,1224
1016,2167
1016,1017
1016,2169
1017,1224
1017,2167
1017,2173
1017,1259
1017,2169
1017,1022
1018,2173
1018,2175
1018,1923
1018,1022
1020,1224
1022,1259
1022,2173
1022,2169
1024,1025
1027,1028
1028,1272
1028,2062
1029,1030
1029,1031
1029,1032
1030,1980
1030,1979
1030,1031
1030,1981
1033,1034
1033,1035
1034,1838
1035,1680
1035,1967
1035,2970
1035,2971
1036,1037
1036,1038
1037,1680
1037,1974
1038,1724
1038,3158
1038,3160
1039,1040
1039,1041
1040,1041
1040,1042
1040,1043
1040,1044
1040,1045
1040,1046
1040,1047
1040,1048
1040,1049
1040,1050
1041,1046
1042,1043
1042,1047
1042,1048
1042,2965
1043,1048
1043,2965
1045,1865
1045,1046
1045,2707
1045,2931
1045,1048
1046,2699
1046,1866
1046,2953
1046,2737
1046,1865
1047,1048
1048,2289
1048,1491
1048,2931
1049,3130
1050,2066
1051,1052
1051,1053
1051,1054
1052,2426
1052,2896
1053,2014
1053,3013
1053,3014
1053,1470
1053,2684
1055,1482
1055,1931
1055,1086
1055,1552
1055,1483
1055,1488
1055,1930
1055,1554
1056,2655
1056,2657
1056,1057
1057,1933
1060,1061
1060,1062
1060,1063
1060,1064
1060,1065
1060,1066
1060,1067
1061,1062
1061,2538
1061,1613
1061,1571
1061,2539
1062,2540
1062,2538
1062,2541
1062,1063
1062,1064
1062,1065
1062,1066
1062,1345
1062,2542
1063,1064
1063,1065
1063,1066
1064,2540
1064,2538
1064,1065
1064,1066
1064,2795
1064,2796
1065,2540
1065,1345
1065,1066
1067,2540
1068,1072
1068,1073
1069,1227
1069,1826
1069,1070
1069,1073
1070,1227
1070,1071
1071,1227
1071,1922
1071,1923
1071,2336
1072,1074
1072,1075
1072,1076
1072,1077
1073,2222
1073,1227
1073,1826
1073,1092
1074,1078
1074,1079
1074,1080
1074,1075
1074,1081
1074,1076
1074,1082
1075,1079
1075,2347
1075,2344
1076,1921
1076,1258
1076,2346
1076,1079
1076,1565
1076,1082
1076,1077
1076,1828
1076,1693
1078,1917
1078,1079
1079,1258
1079,1654
1079,1081
1079,1082
1080,1917
1080,1147
1080,1919
1080,1920
1080,1918
1081,1258
1081,2346
1081,1082
1081,1922
1081,1654
1081,1693
1083,1084
1085,1086
1087,1088
1087,1089
1087,1090
1087,1091
1087,1092
1089,1099
1089,1097
1089,1100
1089,1098
1091,1101
1091,1102
1091,1103
1091,1092
1091,1104
1091,1105
1091,1106
1091,1107
1092,1101
1092,1102
1092,1103
1092,1104
1092,1105
1092,1106
1092,1107
1092,1108
1092,1109
1092,1110
1093,1111
1093,1112
1094,1113
1094,1114
1094,1115
1094,1116
1095,1117
1095,1118
1095,1119
1095,1120
1095,1121
1095,1122
1095,1123
1095,1124
1095,1125
1095,1126
1095,1096
1095,1127
1095,1128
1095,1129
1095,1130
1095,1131
1095,1132
1095,1133
1095,1134
1095,1135
1095,1136
1095,1137
1095,1138
1095,1139
1095,1140
1095,1141
1095,1142
1095,1143
1095,1144
1095,1145
1095,1146
1095,1147
1095,1148
1095,1149
1095,1150
1095,1151
1095,1152
1095,1153
1095,1154
1095,1155
1095,1156
1095,1157
1095,1158
1095,1159
1095,1160
1096,1161
1096,1121
1096,1122
1096,1124
1096,1162
1096,1163
1096,1164
1096,1165
1096,1166
1096,1167
1096,1127
1096,1128
1096,1168
1096,1169
1096,1170
1096,1143
1096,1144
1096,1171
1096,1172
1096,1173
1096,1174
1096,1175
1096,1176
1096,1177
1097,1101
1097,1166
1097,1178
1097,1179
1097,1180
1097,1181
1097,1182
1097,1098
1098,3182
1098,3183
1098,1592
1098,1100
1098,2005
1099,1183
1099,1166
1099,1100
1099,1180
1099,1184
1100,1186
1101,1113
1101,1102
1101,1103
1101,1104
1101,1179
1101,1187
1101,1188
1101,1108
1101,1189
1101,1190
1101,1110
1101,1191
1102,1104
1102,1105
1102,1106
1102,1114
1102,1192
1102,1193
1102,1194
1102,1190
1102,1195
1102,1196
1103,1104
1103,1187
1104,1203
1104,1204
1104,1179
1104,1106
1104,1108
1104,1110
1104,1191
1105,1205
1105,1204
1105,1179
1105,1114
1105,1206
1105,1107
1105,1108
1105,1110
1105,1207
1106,1208
1106,1209
1106,1210
1106,1211
1106,1182
1106,1212
1106,1207
1107,1205
1107,1255
1107,1204
1107,1179
1107,1206
1107,1188
1107,1229
1107,1108
1108,1251
1108,1226
1108,1221
1108,1240
1108,1179
1108,1114
1108,1210
1108,1241
1108,1206
1108,1211
1108,1243
1108,1182
1108,1222
1108,1212
1110,2060
1110,2035
1111,1731
1114,1203
1114,1115
1114,1210
1114,1211
1114,1240
1114,1241
1114,1242
1114,1243
1114,1244
1114,1182
1114,1212
1114,1245
1114,1246
1114,1247
1114,1190
1114,1248
1114,1249
1116,1220
1116,1322
1116,1689
1117,1390
1117,1356
1117,1149
1117,1391
1118,1304
1118,1312
1118,1326
1118,1392
1118,1393
1118,1329
1118,1394
1118,1395
1118,1367
1119,1381
1119,1156
1119,1159
1120,1156
1120,1396
1121,1286
1121,1166
1121,1124
1121,1163
1121,1185
1121,1122
1121,1126
1121,1162
1121,1164
1121,1167
1121,1127
1121,1128
1121,1287
1121,1288
1121,1289
1121,1290
1121,1291
1121,1292
1121,1130
1121,1131
1121,1293
1121,1294
1121,1295
1121,1296
1121,1297
1121,1298
1121,1132
1121,1299
1121,1300
1121,1301
1121,1136
1121,1137
1121,1302
1121,1138
1121,1303
1121,1304
1121,1305
1121,1306
1121,1307
1121,1308
1121,1309
1121,1310
1121,1311
1121,1312
1121,1313
1121,1139
1121,1314
1121,1315
1121,1316
1121,1317
1121,1318
1121,1319
1121,1320
1121,1321
1121,1322
1121,1323
1121,1324
1121,1280
1121,1325
1121,1140
1121,1326
1121,1327
1121,1328
1121,1268
1121,1329
1121,1330
1121,1331
1121,1332
1121,1333
1121,1334
1121,1335
1121,1336
1121,1337
1121,1142
1121,1338
1121,1339
1121,1340
1121,1171
1121,1341
1121,1342
1121,1343
1121,1344
1121,1345
1121,1146
1121,1346
1121,1347
1121,1348
1121,1349
1121,1350
1121,1351
1121,1148
1121,1352
1121,1353
1121,1354
1121,1355
1121,1356
1121,1357
1121,1358
1121,1359
1121,1360
1121,1361
1121,1362
1121,1363
1121,1364
1121,1365
1121,1156
1121,1366
1121,1367
1121,1368
1122,1397
1122,1166
1122,1124
1122,1163
1122,1185
1122,1162
1122,1167
1122,1127
1122,1287
1122,1288
1122,1289
1122,1290
1122,1291
1122,1131
1122,1294
1122,1295
1122,1298
1122,1132
1122,1299
1122,1300
1122,1301
1122,1136
1122,1137
1122,1302
1122,1138
1122,1304
1122,1305
1122,1306
1122,1307
1122,1309
1122,1310
1122,1312
1122,1139
1122,1314
1122,1315
1122,1316
1122,1317
1122,1319
1122,1371
1122,1323
1122,1324
1122,1280
1122,1325
1122,1140
1122,1327
1122,1268
1122,1329
1122,1330
1122,1331
1122,1332
1122,1334
1122,1335
1122,1336
1122,1337
1122,1142
1122,1338
1122,1339
1122,1340
1122,1171
1122,1375
1122,1344
1122,1146
1122,1346
1122,1347
1122,1349
1122,1351
1122,1352
1122,1357
1122,1398
1122,1359
1122,1362
1122,1363
1122,1364
1122,1365
1122,1380
1122,1367
1122,1368
1123,1128
1123,1292
1123,1297
1123,1399
1123,1400
1123,1350
1123,1401
1123,1149
1123,1402
1123,1403
1123,1404
1123,1156
1123,1396
1123,1405
1124,1286
1124,1166
1124,1178
1124,1163
1124,1185
1124,1126
1124,1162
1124,1167
1124,1127
1124,1128
1124,1287
1124,1288
1124,1289
1124,1290
1124,1291
1124,1369
1124,1292
1124,1130
1124,1131
1124,1294
1124,1295
1124,1297
1124,1298
1124,1132
1124,1299
1124,1300
1124,1301
1124,1136
1124,1137
1124,1302
1124,1304
1124,1305
1124,1306
1124,1307
1124,1308
1124,1309
1124,1370
1124,1310
1124,1312
1124,1313
1124,1139
1124,1314
1124,1315
1124,1316
1124,1317
1124,1318
1124,1319
1124,1321
1124,1371
1124,1322
1124,1323
1124,1324
1124,1280
1124,1168
1124,1325
1124,1140
1124,1326
1124,1268
1124,1329
1124,1372
1124,1141
1124,1330
1124,1331
1124,1332
1124,1373
1124,1333
1124,1334
1124,1335
1124,1336
1124,1337
1124,1142
1124,1338
1124,1339
1124,1340
1124,1171
1124,1341
1124,1374
1124,1343
1124,1375
1124,1344
1124,1146
1124,1346
1124,1347
1124,1348
1124,1349
1124,1351
1124,1148
1124,1352
1124,1356
1124,1376
1124,1357
1124,1377
1124,1358
1124,1359
1124,1150
1124,1360
1124,1152
1124,1153
1124,1378
1124,1379
1124,1361
1124,1362
1124,1363
1124,1364
1124,1365
1124,1380
1124,1366
1124,1367
1124,1368
1125,1313
1125,1139
1125,1306
1125,1314
1125,1163
1125,1289
1125,1291
1125,1298
1125,1132
1125,1300
1125,1301
1125,1136
1125,1137
1125,1302
1125,1307
1125,1312
1125,1317
1125,1322
1125,1323
1125,1324
1125,1140
1125,1331
1125,1334
1125,1142
1125,1338
1125,1339
1125,1406
1125,1171
1125,1346
1125,1347
1125,1348
1125,1351
1125,1359
1125,1364
1125,1368
1125,1407
1126,1297
1126,1350
1127,1162
1127,1163
1127,1164
1127,1165
1127,1166
1127,1178
1127,1167
1127,1128
1127,1279
1127,1280
1127,1168
1127,1429
1127,1169
1127,1143
1127,1144
1127,1430
1127,1171
1127,1172
1127,1431
1127,1281
1127,1175
1127,1176
1127,1177
1127,1432
1127,1207
1128,1390
1128,1433
1128,1292
1128,1163
1128,1165
1128,1279
1128,1135
1128,1169
1128,1430
1128,1176
1128,1177
1129,1433
1129,1292
1129,1130
1129,1131
1129,1293
1129,1294
1129,1295
1129,1555
1129,1338
1129,1562
1129,1356
1129,1364
1130,1296
1130,1568
1130,1292
1130,1569
1130,1163
1130,1297
1130,1298
1130,1132
1130,1133
1130,1527
1130,1299
1130,1300
1130,1301
1130,1570
1130,1470
1130,1279
1130,1571
1130,1134
1130,1135
1130,1136
1130,1137
1130,1382
1130,1302
1131,1572
1131,1162
1131,1573
1131,1574
1131,1575
1131,1163
1131,1288
1131,1164
1131,1576
1131,1185
1131,1577
1131,1578
1131,1287
1131,1412
1131,1138
1131,1133
1131,1303
1131,1304
1131,1420
1131,1305
1131,1579
1131,1293
1131,1530
1131,1395
1131,1285
1131,1580
1132,1296
1132,1567
1132,1568
1132,1292
1132,1319
1132,1320
1132,1597
1132,1163
1132,1288
1132,1185
1132,1577
1132,1289
1132,1299
1132,1142
1132,1395
1132,1148
1132,1590
1133,1162
1133,1427
1133,1321
1133,1371
1133,1322
1133,1144
1133,1157
1133,1586
1134,1325
1134,1158
1135,1292
1135,1301
1135,1470
1135,1356
1135,1617
1135,1160
1136,1618
1136,1288
1136,1140
1136,1138
1136,1142
1136,1619
1136,1620
1136,1586
1137,1381
1137,1286
1137,1387
1137,1162
1137,1163
1137,1621
1137,1185
1137,1370
1137,1318
1137,1289
1137,1290
1137,1622
1137,1623
1138,1163
1138,1288
1138,1643
1138,1185
1138,1306
1138,1294
1138,1301
1138,1303
1138,1307
1138,1308
1138,1310
1138,1325
1138,1268
1138,1334
1138,1344
1138,1348
1138,1356
1138,1590
1138,1376
1138,1176
1138,1620
1138,1539
1138,1361
1138,1644
1138,1366
1138,1368
1139,1679
1139,1603
1139,1162
1139,1327
1139,1313
1139,1163
1139,1288
1139,1306
1139,1314
1139,1140
1139,1142
1139,1338
1139,1406
1139,1364
1139,1407
1140,1603
1140,1162
1140,1327
1140,1203
1140,1163
1140,1596
1140,1592
1140,1620
1141,1673
1141,1426
1141,1526
1141,1387
1141,1316
1141,1166
1141,1318
1141,2216
1141,1593
1141,1330
1141,1340
1141,1562
1141,1958
1141,1398
1141,1585
1142,1679
1142,1603
1142,1162
1142,1313
1142,1163
1142,1288
1142,2330
1142,1306
1142,1314
1142,1303
1142,1406
1142,1383
1142,1336
1142,1338
1142,1364
1143,1165
1143,1420
1143,1144
1144,1392
1144,1568
1144,1165
1144,1280
1144,1168
1144,1318
1144,1169
1144,1612
1144,1429
1144,1430
1144,1304
1144,1441
1144,1171
1144,1172
1144,1184
1144,1279
1144,1562
1144,1431
1144,1173
1144,1590
1144,1174
1144,1281
1144,1176
1144,1177
1145,1777
1145,2452
1145,2201
1145,1537
1145,1271
1146,2143
1146,1163
1146,1288
1146,1185
1146,2116
1146,1289
1146,2145
1147,1618
1147,1163
1147,1374
1148,1985
1148,1319
1148,1597
1148,1427
1148,1163
1148,1428
1148,1326
1148,1393
1148,1323
1148,1352
1148,1301
1148,1395
1148,1151
1149,1390
1149,3086
1149,1592
1149,1391
1149,1351
1149,1356
1150,1594
1150,1957
1150,1427
1150,1391
1151,1985
1151,1319
1151,1597
1151,1427
1151,1428
1151,1382
1151,1293
1151,1294
1151,1334
1151,1335
1151,1395
1151,1339
1151,1152
1151,2334
1151,1530
1151,1539
1152,1185
1152,1393
1152,1592
1152,1382
1152,1295
1152,1334
1152,1335
1152,1395
1153,3108
1153,1162
1153,1163
1153,1341
1153,1167
1153,3109
1153,1349
1153,1171
1153,1383
1153,1598
1154,1166
1154,1178
1154,3141
1154,1540
1155,2279
1155,1504
1155,2290
1155,3164
1155,2946
1155,2278
1155,1499
1155,3154
1156,1599
1156,1163
1156,1592
1157,1352
1157,1322
1159,1673
1159,1957
1159,2333
1160,1433
1160,1268
1160,1301
1160,1293
1161,1296
1161,1168
1161,1408
1161,1409
1162,1311
1162,1410
1162,1411
1162,1164
1162,1167
1162,1292
1162,1298
1162,1412
1162,1303
1162,1306
1162,1314
1162,1319
1162,1321
1162,1324
1162,1268
1162,1335
1162,1338
1162,1413
1162,1344
1162,1347
1162,1348
1162,1414
1162,1175
1162,1378
1162,1364
1162,1415
1162,1416
1163,1381
1163,1286
1163,1288
1163,1185
1163,1167
1163,1287
1163,1289
1163,1290
1163,1291
1163,1294
1163,1295
1163,1298
1163,1300
1163,1301
1163,1382
1163,1302
1163,1304
1163,1306
1163,1383
1163,1307
1163,1309
1163,1310
1163,1314
1163,1384
1163,1315
1163,1316
1163,1317
1163,1322
1163,1323
1163,1324
1163,1280
1163,1325
1163,1326
1163,1268
1163,1329
1163,1330
1163,1331
1163,1332
1163,1334
1163,1335
1163,1336
1163,1337
1163,1338
1163,1339
1163,1171
1163,1344
1163,1346
1163,1347
1163,1348
1163,1349
1163,1351
1163,1352
1163,1357
1163,1385
1163,1362
1163,1363
1163,1364
1163,1386
1163,1365
1163,1367
1163,1368
1164,1311
1164,1167
1164,1412
1164,1303
1164,1280
1164,1413
1164,1344
1164,1414
1164,1417
1164,1174
1164,1418
1164,1419
1165,1312
1165,1420
1165,1170
1165,1171
1165,1421
1165,1422
1165,1400
1165,1281
1165,1423
1165,1424
1165,1425
1166,1278
1166,1203
1166,1178
1166,1279
1166,1280
1166,1180
1166,1181
1166,1171
1166,1172
1166,1281
1166,1175
1166,1176
1166,1207
1167,1311
1167,1296
1167,1426
1167,1387
1167,1313
1167,1427
1167,1428
1167,1316
1167,1317
1167,1303
1167,1344
1167,1348
1167,1285
1167,1378
1168,1991
1168,1392
1168,1611
1168,1387
1168,1280
1168,1279
1168,1169
1168,1170
1168,1171
1168,1173
1168,1176
1168,1177
1168,1992
1169,1392
1169,1280
1169,1612
1169,1429
1169,1171
1169,1172
1169,1176
1169,1177
1169,1993
1170,2260
1170,1750
1170,1884
1170,2261
1171,1611
1171,1387
1171,1288
1171,1185
1171,1280
1171,1612
1171,1429
1171,1562
1171,1431
1171,1174
1171,1176
1172,2515
1172,1280
1172,1612
1172,1429
1172,1994
1173,1280
1173,1612
1173,1322
1173,1429
1173,1994
1173,1347
1173,1431
1173,1174
1173,1176
1174,1673
1174,1280
1174,1612
1174,1429
1174,1303
1174,2976
1174,1418
1174,1590
1174,1175
1174,1176
1174,2684
1175,1311
1175,1400
1175,1303
1175,1284
1175,1348
1175,1294
1175,1281
1176,1311
1176,1392
1176,1611
1176,1280
1176,1612
1176,1429
1176,1303
1176,1357
1176,1177
1176,1294
1176,1281
1177,1392
1177,1280
1177,1229
1177,1246
1178,1180
1178,1283
1178,1284
1178,1285
1179,1226
1179,1204
1179,1189
1179,1191
1180,1203
1180,1326
1180,1393
1180,1329
1180,1322
1180,1181
1180,1432
1180,1987
1181,1278
1182,1203
1182,1270
1182,1274
1182,1221
1182,2449
1182,1240
1182,1210
1182,1241
1182,1211
1182,1243
1182,1222
1182,1212
1183,1277
1185,1381
1185,1286
1185,1387
1185,1388
1185,1288
1185,1287
1185,1289
1185,1290
1185,1291
1185,1294
1185,1295
1185,1298
1185,1300
1185,1301
1185,1302
1185,1303
1185,1307
1185,1308
1185,1309
1185,1310
1185,1315
1185,1323
1185,1324
1185,1280
1185,1325
1185,1268
1185,1331
1185,1332
1185,1334
1185,1335
1185,1336
1185,1337
1185,1339
1185,1346
1185,1347
1185,1348
1185,1351
1185,1376
1185,1359
1185,1363
1185,1389
1185,1368
1186,1228
1186,1239
1186,1537
1186,1229
1188,1226
1188,1189
1188,1191
1189,1226
1189,1204
1190,3066
1190,1198
1191,1213
1191,1226
1191,1204
1191,1192
1192,1250
1192,1587
1193,2043
1193,1244
1193,1194
1193,2110
1193,2102
1193,1196
1194,2043
1194,1196
1195,1250
1195,1928
1196,2352
1196,2750
1196,1796
1196,1813
1196,1790
1196,1783
1196,1587
1197,1215
1197,1216
1198,2022
1198,1723
1198,2023
1198,1215
1199,2632
1199,2077
1200,1250
1200,1244
1201,2881
1201,2364
1201,2366
1203,1220
1203,1210
1203,1221
1203,1222
1203,1212
1203,1223
1204,1224
1204,1225
1204,1226
1204,1227
1205,1228
1205,1229
1205,1230
1205,1231
1205,1232
1205,1233
1205,1234
1205,1235
1205,1236
1206,1250
1206,1251
1206,1252
1206,1226
1206,1253
1206,1254
1207,1221
1207,1240
1207,1241
1207,1211
1208,1269
1208,1244
1208,1270
1208,1271
1209,1219
1209,1212
1209,1272
1209,1273
1210,1274
1210,1221
1210,1240
1210,1275
1210,1211
1210,1243
1210,1276
1210,1212
1211,1221
1211,1240
1211,1241
1211,1276
1212,1274
1212,1221
1212,1275
1212,1222
1213,1272
1215,2041
1217,1722
1217,1723
1217,1218
1218,1723
1218,1246
1220,2150
1221,1240
1221,1241
1221,2063
1221,1243
1221,1276
1221,1222
1221,2064
1222,1240
1222,1241
1222,1243
1223,1238
1223,1399
1223,1992
1224,2167
1224,2168
1224,2169
1224,2170
1224,2171
1224,2172
1225,2162
1227,1826
1227,1263
1227,1827
1227,1828
1228,1239
1228,1654
1228,1655
1228,1565
1228,1236
1229,1230
1229,1239
1229,1369
1229,1565
1229,1233
1230,1234
1231,1233
1231,1823
1231,1824
1231,1825
1231,1236
1232,2335
1232,2173
1232,2175
1232,1923
1232,2174
1232,1235
1233,2673
1234,2679
1234,1462
1234,1239
1234,2674
1238,1822
1239,1654
1239,1655
1239,1565
1240,2065
1240,1730
1240,1241
1240,1243
1240,1276
1240,2034
1241,1556
1241,1243
1241,1276
1241,2062
1242,2026
1242,1790
1242,1783
1242,2153
1242,1807
1242,1245
1242,1804
1243,2086
1243,1276
1244,1250
1244,2352
1245,2118
1245,2554
1245,2026
1245,1275
1245,2120
1245,2419
1245,2555
1245,1807
1245,2121
1245,1837
1245,1461
1246,2998
1246,2999
1248,1465
1248,1564
1249,1403
1250,1587
1250,1797
1250,2084
1250,2086
1250,2087
1250,2088
1250,2089
1251,1253
1251,2168
1251,2204
1252,1899
1253,1254
1253,2204
1254,2168
1254,2204
1255,2254
1256,1694
1256,1695
1256,1697
1256,1696
1256,1698
1256,1699
1258,1921
1258,1917
1258,1922
1258,1923
1258,1654
1258,1924
1258,1925
1259,2173
1259,2169
1261,2178
1261,2179
1262,2342
1262,1923
1262,2336
1263,1923
1263,2174
1263,2339
1263,2340
1263,2343
1263,2341
1265,3176
1265,1443
1268,1288
1268,1287
1268,1325
1268,1529
1268,1366
1270,2450
1270,1272
1270,2451
1271,1777
1271,2452
1271,2201
1271,1372
1271,2604
1272,2995
1274,1276
1276,1777
1276,2022
1276,2034
1276,2155
1278,2004
1278,2005
1279,1567
1279,1568
1279,1611
1279,1292
1279,1280
1279,1612
1279,1429
1279,1299
1279,1562
1279,1281
1280,1288
1280,1429
1280,1430
1280,1441
1280,1281
1281,1392
1281,1429
1281,1441
1281,1420
1281,1418
1281,1335
1284,1285
1285,1427
1285,1428
1285,1578
1285,1371
1285,1420
1285,1305
1285,1627
1285,1347
1285,1348
1286,1289
1286,1301
1286,1383
1286,1335
1286,1337
1286,1347
1286,1349
1286,1376
1286,1525
1286,1368
1287,1526
1287,1288
1287,1289
1287,1527
1287,1383
1287,1310
1287,1528
1287,1337
1287,1529
1287,1530
1287,1531
1287,1349
1287,1359
1287,1391
1287,1360
1287,1385
1287,1532
1287,1380
1287,1533
1287,1368
1288,1289
1288,1290
1288,1291
1288,1294
1288,1298
1288,1300
1288,1301
1288,1302
1288,1307
1288,1308
1288,1310
1288,1314
1288,1323
1288,1324
1288,1325
1288,1331
1288,1334
1288,1335
1288,1337
1288,1338
1288,1339
1288,1346
1288,1349
1288,1351
1288,1363
1288,1364
1288,1536
1288,1368
1289,1290
1289,1291
1289,1369
1289,1294
1289,1295
1289,1300
1289,1301
1289,1302
1289,1383
1289,1307
1289,1309
1289,1310
1289,1528
1289,1537
1289,1315
1289,1322
1289,1538
1289,1331
1289,1332
1289,1334
1289,1335
1289,1336
1289,1337
1289,1339
1289,1344
1289,1346
1289,1347
1289,1531
1289,1349
1289,1351
1289,1356
1289,1539
1289,1362
1289,1540
1289,1532
1289,1380
1289,1368
1290,1310
1290,1291
1290,1295
1290,1301
1290,1309
1290,1368
1291,1541
1291,1370
1291,1314
1291,1310
1291,1335
1291,1364
1291,1542
1292,1296
1292,1433
1292,1566
1292,1567
1292,1568
1292,1411
1292,1378
1293,1581
1293,1336
1293,1582
1293,1338
1293,1339
1293,1344
1293,1348
1293,1356
1293,1583
1293,1376
1293,1398
1293,1584
1293,1363
1293,1364
1293,1368
1293,1585
1293,1586
1294,1387
1294,1306
1294,1301
1294,1383
1294,1307
1294,1308
1294,1587
1294,1581
1294,1336
1294,1338
1294,1339
1294,1588
1294,1589
1294,1344
1294,1356
1294,1590
1294,1583
1294,1376
1294,1398
1294,1584
1294,1539
1294,1364
1294,1368
1294,1591
1294,1585
1294,1586
1295,1592
1295,1309
1295,1593
1295,1336
1295,1338
1295,1589
1295,1344
1295,1356
1295,1590
1295,1583
1295,1376
1295,1398
1295,1584
1295,1539
1295,1364
1295,1368
1295,1585
1295,1586
1296,1594
1296,1595
1296,1381
1296,1411
1296,1596
1296,1427
1296,1597
1296,1321
1296,1352
1296,1353
1296,1378
1296,1535
1296,1598
1297,1428
1297,1350
1298,1599
1298,1319
1298,1427
1298,1592
1298,1324
1298,1351
1298,1356
1298,1361
1299,1568
1299,1382
1300,1426
1300,1316
1300,1317
1300,1318
1300,1306
1300,1315
1300,1601
1300,1602
1300,1330
1300,1332
1301,1381
1301,1370
1301,1310
1301,1305
1301,1308
1301,1340
1301,1416
1301,1542
1303,1311
1303,1306
1303,1344
1303,1348
1303,1414
1303,1417
1303,1590
1304,1646
1304,1572
1304,1647
1304,1426
1304,1387
1304,1316
1304,1317
1304,1326
1304,1318
1304,1579
1304,1403
1305,1577
1305,1578
1305,1371
1305,1340
1306,1603
1306,1313
1306,1307
1306,1314
1306,1650
1306,1334
1306,1335
1306,1338
1306,1406
1306,1348
1306,1364
1306,1407
1307,1582
1307,1337
1307,1334
1307,1335
1307,1348
1308,1359
1309,1397
1310,1541
1310,1335
1311,1410
1311,1411
1311,1427
1311,1319
1311,1344
1311,1348
1311,1378
1311,1535
1312,1392
1312,1321
1312,1400
1312,1678
1313,1314
1313,1338
1313,1406
1313,1364
1313,1407
1314,1603
1314,1335
1314,1338
1314,1406
1314,1364
1315,1684
1315,1387
1315,1643
1315,1316
1315,1317
1315,1318
1315,1330
1315,1332
1315,1685
1315,1376
1315,1958
1316,1646
1316,1684
1316,1960
1316,1387
1316,1637
1316,1643
1316,1318
1316,1593
1316,1649
1316,1330
1316,1331
1316,1650
1316,1332
1316,1685
1316,1588
1316,1357
1316,1958
1316,1961
1317,1426
1317,1387
1317,1643
1317,1318
1317,1601
1317,1330
1317,1331
1317,1685
1317,1588
1317,1357
1317,1958
1318,1684
1318,1387
1318,1643
1318,1601
1318,1593
1318,1649
1318,1330
1318,1331
1318,1650
1318,1685
1318,1588
1318,1357
1318,1958
1319,1985
1319,1395
1319,1352
1320,1328
1320,1688
1320,1591
1321,1595
1321,1614
1322,1432
1322,1987
1323,1325
1323,1989
1324,1599
1324,1427
1324,1592
1325,1597
1326,1382
1326,1393
1326,1329
1326,1395
1326,1989
1326,1367
1327,1998
1328,1373
1328,2001
1328,1386
1328,2002
1328,1591
1328,1585
1329,1985
1329,1393
1329,1395
1329,1367
1330,1646
1330,1572
1330,1426
1330,1387
1330,1601
1330,1602
1330,1648
1330,1331
1330,1650
1330,1332
1330,1593
1330,1588
1330,1348
1330,1958
1331,1426
1331,1387
1331,1601
1331,1348
1331,1958
1332,1646
1332,1686
1332,1685
1332,1588
1332,1958
1332,1398
1333,1876
1333,1624
1333,1885
1333,1886
1334,1582
1334,1337
1334,1581
1334,1336
1334,1338
1334,1339
1334,1344
1334,1356
1334,1376
1334,1398
1334,1364
1334,1380
1334,1368
1334,1585
1334,1586
1335,1383
1335,1581
1335,1336
1335,2327
1335,1338
1335,1339
1335,1589
1335,1344
1335,1356
1335,1590
1335,1583
1335,1376
1335,1398
1335,1584
1335,1539
1335,1364
1335,1368
1335,1591
1335,1585
1335,1586
1336,1581
1336,2327
1336,1339
1336,1344
1336,1529
1336,1356
1336,1376
1336,1398
1336,1584
1336,1368
1336,1591
1336,1585
1337,1397
1337,1348
1337,1398
1337,1380
1338,1603
1338,1406
1338,2331
1338,2327
1338,1339
1338,1356
1338,1376
1338,1398
1338,1364
1338,1368
1338,1585
1339,2327
1339,1670
1339,1589
1339,1356
1339,1376
1339,1398
1339,1584
1339,1623
1339,1368
1339,1591
1339,1585
1340,1574
1340,1528
1340,1626
1340,1947
1340,1951
1340,2249
1340,2328
1340,1623
1341,1428
1341,2116
1341,1378
1341,2457
1341,2466
1344,2767
1345,2538
1346,1381
1347,1621
1347,1529
1348,1414
1348,2862
1348,1598
1349,1533
1351,1599
1351,1427
1351,1592
1351,1395
1352,1597
1353,1672
1353,1673
1353,1392
1353,1957
1353,1675
1353,1410
1353,1411
1353,1427
1353,1630
1353,1592
1353,1354
1354,1672
1354,1673
1354,1392
1354,1957
1354,1675
1354,1410
1354,1411
1354,1427
1354,1630
1354,1592
1354,1752
1355,1603
1355,2975
1356,1390
1356,1417
1356,1587
1356,2067
1356,1590
1356,1583
1356,1376
1357,1572
1357,1647
1357,1387
1358,1361
1359,1687
1359,1582
1360,2685
1361,1652
1361,1366
1361,1586
1362,2199
1363,1616
1364,3153
1364,1603
1364,1370
1364,1386
1364,1406
1364,2331
1365,1427
1365,1428
1366,1586
1368,1370
1368,1376
1369,1555
1371,1427
1371,1986
1371,1416
1372,2201
1372,1501
1372,2202
1373,1387
1373,2217
1373,1650
1376,1636
1376,1398
1376,1584
1378,1594
1378,1671
1378,1672
1378,1673
1378,1674
1378,1392
1378,1675
1378,1410
1378,1676
1378,1677
1378,1611
1378,1411
1378,1427
1378,1428
1378,1592
1378,3110
1379,2481
1380,1636
1380,1573
1381,1659
1382,1395
1383,1597
1384,1868
1384,1869
1384,1528
1384,1867
1384,1441
1384,1423
1385,1603
1386,1673
1386,1684
1387,1646
1387,1572
1387,1647
1387,1426
1387,1579
1387,1648
1387,1593
1387,1649
1387,1650
1387,1588
1388,1680
1388,1681
1388,1682
1388,1683
1389,1648
1389,1961
1389,1649
1391,1686
1392,1411
1392,1422
1392,1400
1392,2006
1392,2007
1393,1395
1393,2152
1395,1569
1395,2955
1395,1592
1396,1991
1396,3152
1397,1582
1398,1582
1399,1881
1400,1409
1401,2223
1401,1616
1402,3117
1405,2544
1405,2680
1405,3169
1405,3168
1408,2800
1409,1878
1409,1421
1410,1411
1410,1670
1410,1535
1411,1594
1411,1671
1411,1672
1411,1673
1411,1674
1411,1675
1411,1676
1411,1677
1411,1611
1413,1599
1413,1592
1414,1986
1416,1427
1416,1577
1416,1578
1417,1580
1419,1599
1419,1592
1420,1612
1420,1627
1420,1431
1420,1422
1420,1425
1423,1868
1423,1441
1423,1872
1426,1601
1427,1956
1427,1672
1427,1673
1427,1957
1427,1675
1427,1592
1427,1428
1429,1612
1429,1994
1429,1431
1430,1992
1431,1612
1432,1987
1433,1527
1434,1435
1434,1436
1434,1437
1435,2433
1435,2434
1435,2432
1435,2058
1435,2435
1436,2436
1436,1762
1437,1451
1437,2052
1437,3052
1437,1762
1438,1439
1439,1440
1439,1441
1439,1442
1439,1443
1440,2209
1441,2514
1442,1443
1443,2780
1444,1445
1444,1446
1446,3185
1447,1448
1448,2234
1448,2236
1448,2239
1448,2238
1449,2881
1450,1451
1450,1452
1450,1453
1450,1454
1451,1455
1451,1456
1451,1457
1451,1458
1451,1459
1451,1460
1452,1461
1453,1462
1453,1454
1453,1463
1453,1464
1453,1465
1453,1466
1453,1460
1453,1467
1453,1468
1453,1469
1454,1462
1454,1470
1454,1471
1454,1472
1454,1473
1454,1474
1454,1467
1455,2241
1455,1456
1456,1763
1456,2241
1456,2363
1456,1761
1456,2242
1457,2342
1457,2056
1457,1762
1458,1459
1459,1475
1459,1460
1459,2825
1460,2050
1460,2051
1460,1475
1460,1762
1460,3054
1460,3126
1461,1805
1462,1475
1462,1476
1462,1477
1467,1605
1467,1607
1467,3010
1467,1470
1467,1472
1468,3094
1469,2098
1469,2308
1470,1604
1470,1605
1470,1606
1470,1607
1470,1608
1470,1609
1470,1610
1471,2221
1472,1609
1472,1860
1473,2128
1474,3068
1476,2476
1478,1479
1478,1480
1478,1481
1479,1482
1479,1481
1479,1483
1479,1484
1479,1485
1479,1486
1479,1487
1480,1481
1480,1483
1480,1488
1480,1484
1480,1486
1480,1487
1480,1489
1480,1490
1480,1491
1481,1492
1481,1487
1482,1484
1482,1485
1482,1487
1483,1484
1483,1488
1483,1486
1483,1932
1484,1936
1486,2310
1486,1487
1486,2633
1487,1545
1488,1931
1488,1933
1489,2699
1489,1936
1489,2290
1489,1507
1489,2287
1489,2288
1489,1510
1489,2305
1489,2284
1489,1519
1489,2306
1489,1524
1490,2824
1492,1493
1492,1494
1492,1495
1493,1494
1493,2262
1493,1977
1493,2267
1494,2269
1494,2270
1494,2271
1494,2272
1494,2213
1494,1495
1494,2055
1494,2264
1495,2651
1495,2901
1495,3106
1497,1498
1497,1499
1497,1500
1498,1503
1498,1500
1499,1504
1500,1505
1502,1525
1503,1506
1504,1507
1504,1508
1504,1509
1504,1510
1504,1511
1504,1512
1504,1513
1504,1514
1504,1515
1504,1516
1504,1517
1504,1518
1504,1519
1504,1520
1504,1521
1504,1522
1504,1523
1504,1524
1507,2279
1507,2281
1507,1512
1508,2486
1508,2898
1508,2489
1508,2530
1508,2495
1508,2899
1508,2900
1509,2530
1509,2902
1509,1520
1510,2699
1510,2278
1510,2305
1510,1845
1510,1524
1511,2946
1511,2507
1511,2495
1511,1514
1512,2279
1512,3001
1512,2486
1512,2280
1512,2281
1512,3002
1512,2739
1512,2297
1513,3023
1513,3024
1513,3025
1514,2486
1514,2495
1516,1936
1516,2297
1518,2699
1518,2700
1518,2284
1518,1845
1519,2279
1519,2699
1519,2280
1519,2281
1519,2292
1519,2278
1519,2296
1519,2305
1519,2293
1519,2288
1519,2704
1519,2284
1519,2289
1519,2283
1519,1845
1519,1524
1520,2291
1520,2699
1520,1814
1520,2280
1520,2281
1520,2293
1520,2288
1520,2704
1520,2284
1521,3138
1521,2284
1522,2279
1522,2281
1522,2293
1522,2704
1522,2289
1524,2279
1524,2699
1524,2281
1524,2290
1524,2305
1524,2293
1524,2289
1524,1721
1525,2216
1525,1532
1526,1527
1526,1534
1526,1535
1528,1573
1528,1575
1529,2606
1530,1577
1530,1986
1530,1531
1530,2331
1530,2334
1530,1752
1531,2334
1533,1575
1533,2483
1535,1672
1535,1673
1535,1674
1535,1675
1535,1676
1537,1953
1537,1538
1537,1954
1537,1955
1537,1540
1538,1953
1538,1955
1539,2334
1539,1629
1539,1670
1541,1687
1541,1582
1541,1688
1542,1948
1542,2606
1542,1624
1542,1947
1542,3178
1542,1600
1542,1688
1542,2328
1543,1544
1543,1545
1543,1546
1543,1547
1543,1548
1543,1549
1543,1550
1544,1546
1544,1548
1544,1549
1544,1550
1545,1547
1545,1549
1545,1550
1546,1547
1546,1548
1546,1549
1546,1550
1547,1548
1547,1549
1548,1551
1548,1549
1550,2638
1552,1931
1552,1554
1553,2023
1553,2074
1553,2075
1554,1931
1554,1937
1555,1556
1555,1557
1555,1558
1556,1558
1558,1559
1558,1560
1558,1561
1559,1563
1559,1564
1560,1561
1562,1568
1562,1612
1563,1656
1563,1657
1564,1656
1565,2236
1565,2162
1565,1693
1567,1568
1571,1596
1571,1613
1571,1614
1571,1615
1571,1616
1572,1602
1572,1635
1573,1636
1573,1575
1573,1637
1574,1624
1574,1638
1575,1639
1575,1585
1577,1640
1578,1641
1578,1642
1580,2217
1580,3090
1581,2327
1582,1687
1582,2328
1582,2329
1585,3109
1588,2690
1589,2734
1589,2038
1592,1599
1592,1629
1592,1651
1592,1652
1593,1649
1594,1669
1596,1674
1596,1614
1598,2822
1599,1651
1599,1652
1600,1946
1600,1947
1601,1648
1602,1988
1602,1635
1603,1749
1603,1916
1604,1607
1604,1660
1605,1661
1605,1607
1605,1662
1605,1663
1605,1664
1606,1608
1606,1665
1606,1666
1606,1667
1607,1668
1607,1610
1609,1800
1610,2781
1610,3189
1611,1989
1612,1992
1612,1993
1613,1615
1615,1616
1616,2882
1616,2463
1616,1775
1616,1880
1616,2512
1617,2674
1617,2038
1618,1995
1621,1996
1621,1997
1622,1673
1623,2328
1623,2331
1624,1949
1624,1625
1624,1946
1624,1950
1624,1626
1624,1951
1624,1627
1624,1721
1624,1631
1624,1952
1626,1627
1626,1631
1627,1628
1627,1951
1627,1629
1631,3071
1631,2048
1632,2978
1633,1634
1635,1988
1637,1960
1638,2302
1641,3020
1641,3021
1641,3022
1643,1684
1643,1685
1643,1686
1645,2940
1646,1650
1647,1962
1650,1685
1653,3128
1654,2345
1654,2346
1654,1655
1654,1922
1654,2162
1654,2344
1654,1693
1655,2349
1656,3065
1657,1770
1659,1830
1660,3009
1660,2595
1661,1662
1662,2482
1662,1664
1663,3070
1664,2482
1664,2529
1668,3125
1671,2006
1671,2007
1673,1999
1673,2000
1676,2659
1677,2660
1680,1963
1680,1964
1680,1965
1680,1966
1680,1967
1680,1683
1680,1968
1680,1969
1680,1970
1680,1971
1680,1972
1680,1973
1680,1974
1680,1774
1680,1726
1681,1682
1681,1964
1681,1975
1682,1964
1682,2664
1682,2665
1682,2666
1682,2667
1682,2668
1682,1975
1683,1964
1684,1686
1684,1958
1684,1959
1685,1686
1687,2328
1689,2413
1691,3062
1691,2472
1692,1693
1693,2166
1693,2162
1694,1695
1694,1696
1695,1700
1695,1697
1695,1696
1695,1699
1696,1699
1697,1701
1699,1700
1701,2549
1704,1705
1704,1707
1705,1707
1706,1714
1706,1715
1706,1707
1706,1708
1706,1709
1707,2117
1707,1880
1707,1709
1708,1714
1708,2870
1708,1715
1708,2953
1708,1709
1709,1714
1709,2870
1709,1952
1709,1715
1709,2953
1711,1716
1714,1719
1716,1721
1719,3108
1723,2035
1723,2036
1723,2037
1724,1725
1724,1726
1725,3158
1726,2563
1728,1729
1728,1730
1728,1731
1730,2065
1730,2063
1732,1733
1732,1734
1732,1735
1733,1735
1734,1736
1734,1735
1735,1737
1738,1744
1739,1740
1739,1741
1739,1742
1743,1744
1743,1745
1743,1746
1743,1747
1743,1748
1744,1745
1745,1746
1745,1748
1747,1925
1747,1748
1748,1925
1750,1751
1750,2260
1750,2261
1752,2334
1754,1756
1756,1919
1756,2001
1756,2730
1756,2002
1757,1758
1758,2958
1758,2888
1759,1781
1760,1761
1760,1762
1761,1763
1761,1764
1761,1762
1762,2050
1762,2051
1762,2364
1762,2106
1762,1781
1762,1782
1762,1779
1762,2434
1763,1765
1765,2766
1766,1767
1767,2318
1767,2319
1767,2320
1767,2321
1767,2322
1768,1769
1768,1770
1768,1771
1768,1772
1769,2013
1769,1770
1769,1771
1770,1771
1770,1772
1776,1777
1777,2452
1777,2034
1777,2453
1777,2439
1780,1782
1780,1783
1780,1784
1780,1795
1780,1788
1781,1796
1781,1790
1781,1783
1781,1792
1781,1785
1781,1786
1782,1784
1782,1791
1782,1804
1782,1793
1782,1785
1783,1813
1783,1790
1783,1791
1783,1792
1783,1804
1783,1786
1783,1805
1785,1793
1786,1796
1786,1790
1786,1792
1789,1800
1789,1801
1789,1802
1790,1803
1790,1791
1790,1792
1790,1804
1790,1805
1792,1796
1792,1813
1792,1798
1794,3123
1796,1797
1796,1798
1796,1799
1798,1813
1798,2753
1800,1801
1800,1808
1800,1809
1800,1810
1800,1811
1800,1812
1802,2601
1802,2519
1802,2571
1804,2118
1804,1807
1804,2553
1805,2750
1806,1929
1807,2118
1807,2120
1807,2153
1807,2121
1807,2553
1807,2407
1807,1837
1808,1809
1808,2750
1809,2750
1810,2672
1810,2593
1813,2156
1814,2635
1816,2828
1816,2829
1817,1818
1818,2302
1818,1936
1818,2158
1818,2792
1818,1933
1818,1940
1818,2793
1818,1939
1818,1938
1818,1932
1818,3124
1821,2260
1821,1884
1821,2261
1823,2870
1826,1900
1826,1902
1826,1828
1827,3055
1828,2165
1828,1902
1828,2338
1829,1830
1830,1831
1830,1832
1830,1833
1830,1834
1830,1835
1832,1833
1832,2755
1834,2207
1834,2208
1836,1837
1837,2118
1837,2013
1837,2402
1837,2122
1837,2407
1838,1839
1838,1841
1838,1843
1838,1844
1838,1845
1838,1846
1838,1847
1838,1848
1838,1849
1838,1850
1839,1841
1839,1842
1839,1843
1839,1844
1839,1847
1840,2583
1840,2568
1840,2577
1840,2219
1840,2584
1840,2574
1840,2585
1840,2519
1840,2575
1840,2581
1840,2586
1840,2587
1840,2582
1840,2588
1840,2589
1840,2590
1840,2591
1840,2592
1840,1850
1840,2593
1841,2563
1841,2519
1841,2571
1841,2893
1841,2572
1842,1843
1842,2464
1843,1844
1845,2699
1845,2281
1845,2284
1848,1849
1851,2383
1851,2384
1851,2385
1851,2306
1851,2386
1852,1856
1857,1858
1858,1860
1858,1861
1859,1863
1859,1864
1860,2045
1865,2705
1865,2737
1867,1868
1867,1869
1867,1870
1867,1871
1868,1869
1868,1870
1868,1872
1869,1873
1869,1874
1869,1870
1869,1872
1869,1875
1871,1879
1871,1882
1871,1872
1871,1883
1871,1884
1873,1874
1873,1877
1875,2963
1876,1888
1876,1885
1876,1886
1876,1887
1878,1890
1879,1891
1879,1895
1879,1880
1879,1893
1879,1896
1880,1891
1880,1897
1880,1895
1880,1898
1880,1893
1881,1882
1881,1884
1882,1898
1882,1884
1884,3038
1884,2260
1884,1898
1885,1886
1888,1946
1888,1901
1889,1900
1889,1901
1889,1902
1891,1895
1891,1893
1891,1903
1892,1904
1893,1895
1893,1898
1893,1896
1894,1895
1894,1896
1895,1896
1897,1905
1897,1906
1898,1908
1898,1909
1898,1910
1898,1911
1899,2103
1900,2222
1900,1902
1908,2115
1908,2054
1908,3038
1908,2117
1908,3039
1908,1909
1908,1911
1908,3144
1909,2115
1909,2054
1909,2117
1909,1911
1909,3144
1910,2977
1911,3144
1912,1913
1913,1914
1913,1915
1914,2646
1914,3050
1916,3163
1917,1918
1918,2915
1918,1919
1918,2001
1918,2730
1918,3010
1918,2002
1919,2915
1919,2914
1919,2002
1920,2682
1921,1924
1921,1926
1921,1927
1923,2335
1923,2173
1923,2175
1923,2174
1923,2338
1923,2339
1923,2343
1923,2341
1928,1929
1932,2302
1932,1936
1932,2631
1932,1933
1932,3112
1933,1937
1933,1938
1933,1939
1933,1940
1933,1941
1934,1935
1936,2098
1936,2302
1936,2066
1936,2281
1936,2288
1936,2303
1936,2304
1936,2305
1936,2306
1937,2302
1937,2725
1937,2186
1937,2069
1937,2188
1937,2635
1938,2304
1938,2792
1938,2793
1939,1941
1942,1943
1943,2050
1943,2051
1943,2825
1943,2106
1943,2109
1944,1945
1947,1948
1949,1951
1951,2469
1951,2470
1953,2199
1958,2690
1963,2646
1963,2647
1963,2648
1964,2664
1964,1975
1965,1966
1965,2315
1967,2970
1967,2971
1968,2244
1968,1971
1972,3175
1972,1975
1972,2244
1975,2665
1975,2666
1976,1977
1977,2262
1978,1979
1979,1980
1979,1981
1979,1982
1979,1983
1980,1984
1981,1983
1983,2769
1986,2003
1995,2867
1995,2865
1996,1997
1997,2362
2000,2333
2001,2695
2001,2730
2001,2731
2001,2002
2001,2732
2001,2733
2002,2732
2002,2733
2003,2755
2005,2060
2005,3041
2005,3098
2008,2009
2009,2010
2009,2011
2009,2012
2010,2011
2010,2013
2010,2014
2010,2015
2010,2016
2010,2017
2010,2018
2011,2013
2012,2019
2012,2020
2013,2401
2013,2388
2013,2402
2013,2403
2013,2404
2013,2405
2013,2406
2013,2407
2013,2015
2013,2016
2013,2017
2013,2408
2013,2409
2013,2410
2013,2133
2013,2134
2013,2411
2013,2412
2013,2397
2014,2727
2014,2684
2015,2257
2015,2393
2015,2973
2015,2407
2016,2257
2016,2393
2016,2973
2016,2982
2017,2444
2017,2897
2018,3101
2019,2895
2019,2894
2020,2388
2022,2034
2023,2039
2023,2040
2024,2033
2026,2044
2026,2045
2026,2034
2026,2046
2026,2047
2029,2053
2030,2054
2030,2055
2031,2050
2031,2051
2031,2056
2033,2058
2034,2046
2035,2060
2035,2037
2036,2061
2037,2131
2038,2674
2039,2069
2039,2070
2039,2071
2039,2072
2039,2073
2040,2076
2041,2047
2041,3148
2043,2101
2043,2102
2044,2118
2044,2155
2044,2119
2045,2419
2045,2421
2046,2454
2047,2624
2047,3148
2050,2051
2050,2056
2050,2105
2050,2106
2050,2107
2050,2108
2050,2109
2051,2106
2051,2107
2051,2108
2051,2109
2053,2112
2053,2094
2053,2113
2054,2114
2054,2115
2054,2116
2054,2117
2055,2830
2056,2105
2056,2123
2056,2124
2057,2125
2058,2432
2058,2433
2058,2434
2058,2435
2060,2130
2063,2065
2063,2079
2064,2623
2065,2078
2066,2080
2066,2081
2066,2082
2066,2083
2069,2070
2069,2090
2069,2072
2069,2091
2069,2092
2069,2093
2069,2094
2069,2095
2069,2096
2070,2097
2071,2628
2071,2629
2072,2723
2072,2158
2072,2090
2072,2091
2072,2097
2072,2633
2072,2637
2072,2092
2072,2159
2072,2635
2072,2096
2074,2326
2074,2320
2074,2325
2075,2827
2075,2628
2075,2916
2076,2098
2076,2099
2076,2100
2077,2632
2078,2869
2080,2533
2080,2081
2080,2523
2080,2527
2080,2528
2080,2083
2080,2534
2081,2533
2081,2537
2081,2083
2081,2534
2082,2302
2082,2309
2082,2310
2082,2846
2082,2932
2083,2533
2084,2111
2086,2365
2090,2635
2090,2633
2090,2092
2090,2639
2090,2095
2090,2096
2091,2635
2092,2097
2092,2639
2092,2096
2093,2635
2093,2094
2095,2723
2095,2097
2095,2639
2096,2158
2096,2639
2096,2633
2096,3124
2097,2723
2097,2724
2098,2307
2098,2293
2098,2308
2101,2110
2105,3073
2105,2123
2106,2109
2107,2342
2107,2108
2114,2116
2114,2658
2115,2117
2118,2153
2118,2119
2118,2120
2118,2121
2119,2153
2119,2121
2120,2121
2120,2122
2121,2557
2121,2663
2121,2125
2121,2122
2122,2126
2122,2402
2123,2785
2123,3073
2124,3073
2125,2554
2125,2558
2125,2559
2125,2764
2126,2765
2127,2128
2127,2129
2128,2129
2130,3165
2132,2133
2132,2134
2133,2134
2135,2136
2135,2137
2135,2138
2137,2754
2139,2140
2141,2142
2142,2379
2143,2144
2143,2145
2143,2146
2144,2819
2146,2235
2147,2850
2149,2850
2153,2352
2154,3157
2154,3088
2154,2860
2154,3113
2157,2603
2157,2604
2158,2159
2158,2160
2158,2161
2160,3124
2162,2165
2162,2166
2163,3181
2167,2169
2167,2172
2168,2222
2168,2226
2169,2173
2170,2611
2170,2171
2173,2175
2173,2174
2174,2335
2174,2175
2174,2339
2174,2341
2178,2179
2180,2181
2180,2182
2180,2183
2181,2184
2181,2185
2181,2186
2181,2187
2181,2188
2181,2189
2181,2190
2181,2191
2181,2192
2181,2193
2181,2194
2181,2195
2181,2196
2181,2197
2181,2198
2182,2188
2182,2190
2183,3143
2184,2186
2184,2185
2184,2367
2185,2368
2185,2187
2185,2190
2185,2191
2185,2192
2185,2195
2185,2371
2186,2372
2186,2187
2186,2188
2186,2190
2186,2191
2186,2192
2186,2193
2186,2373
2186,2369
2186,2195
2186,2374
2186,2375
2186,2376
2187,2188
2187,2189
2187,2190
2187,2191
2188,2189
2188,2190
2188,2191
2188,2195
2188,2375
2188,2196
2188,2826
2188,2198
2189,2192
2189,2827
2189,2826
2190,2375
2190,2826
2191,2827
2191,2195
2192,2318
2192,2828
2192,2368
2192,2369
2192,2370
2193,2373
2193,2195
2194,3026
2195,3083
2195,2372
2195,2628
2195,2373
2196,2811
2201,2202
2205,2207
2205,2208
2209,2210
2211,2212
2211,2213
2211,2214
2211,2215
2214,2215
2217,2838
2217,2842
2217,2839
2218,2219
2219,2581
2219,2582
2219,2588
2219,2589
2219,2592
2219,2593
2222,2226
2224,2225
2224,2227
2224,2228
2224,2229
2224,2230
2224,2231
2225,2227
2225,2228
2225,2232
2225,2229
2225,2230
2225,2233
2225,2231
2227,2228
2227,2232
2227,2229
2227,2230
2227,2233
2227,2231
2229,2230
2230,2951
2232,2233
2232,2810
2233,2927
2234,2236
2234,2237
2234,2238
2236,2344
2241,2242
2242,2397
2243,2244
2243,2245
2243,2246
2244,3078
2250,2989
2252,2253
2253,2746
2253,2745
2253,2743
2254,2889
2256,2257
2260,2261
2261,2657
2262,2268
2263,2933
2264,2268
2264,2651
2265,2901
2266,2268
2266,2399
2266,2408
2269,2273
2269,2270
2269,2274
2270,2273
2270,2746
2270,2748
2270,2745
2270,2740
2270,2742
2270,2743
2271,2274
2271,2749
2273,2744
2273,2745
2273,2740
2273,2743
2273,2746
2273,2747
2274,2740
2275,2276
2275,2277
2278,2279
2278,2280
2278,2281
2278,2282
2278,2283
2278,2284
2278,2285
2278,2286
2279,2280
2279,2281
2279,2287
2279,2288
2279,2289
2279,2290
2279,2291
2279,2292
2279,2293
2279,2294
2279,2295
2279,2284
2279,2296
2279,2297
2279,2286
2280,2298
2280,2282
2280,2299
2280,2283
2280,2284
2281,2289
2281,2292
2281,2293
2282,2299
2282,2283
2282,2284
2283,3069
2283,2299
2283,2285
2284,2699
2284,2384
2284,2296
2284,2305
2284,2293
2284,2288
2285,2507
2285,2293
2285,2715
2285,2530
2287,2699
2287,2700
2287,2288
2287,2289
2288,2702
2288,2291
2288,2699
2288,2303
2288,2292
2288,2700
2288,2289
2288,2703
2289,2704
2291,2702
2291,2303
2291,2706
2291,2707
2291,2708
2294,2495
2294,2714
2295,2306
2296,2306
2297,2699
2297,2486
2297,2704
2298,2301
2302,2309
2302,2310
2302,2311
2302,2312
2303,2702
2303,2706
2303,2708
2304,2310
2304,2789
2305,2699
2305,2700
2305,2701
2306,2699
2306,3001
2306,2383
2307,2367
2309,2381
2311,3040
2312,3099
2312,2546
2313,2314
2313,2315
2313,2316
2313,2317
2318,2321
2318,2323
2318,2324
2320,2321
2320,2322
2320,2325
2321,2322
2322,2325
2323,2324
2324,3083
2324,3150
2325,2408
2325,2910
2330,2332
2331,2333
2331,2334
2332,2606
2335,2338
2335,2339
2335,2340
2335,2341
2338,2339
2338,2343
2338,2341
2339,2833
2339,2340
2339,2343
2339,2341
2340,2341
2341,2833
2341,2343
2346,2348
2348,3034
2350,2351
2351,2352
2351,2353
2351,2354
2352,2360
2352,2354
2352,2361
2356,2362
2359,2754
2361,2688
2362,3103
2364,2366
2365,2466
2365,2467
2365,2468
2367,2368
2368,2369
2368,2370
2369,2372
2369,2373
2370,2828
2370,2371
2371,2864
2372,2440
2372,2373
2372,2376
2373,2440
2373,2376
2374,2725
2374,3127
2375,2628
2377,2378
2377,2379
2378,2380
2378,2381
2378,2382
2379,2845
2379,2846
2379,2847
2380,2437
2380,2438
2381,3140
2382,2936
2382,2984
2382,3180
2382,2605
2384,2618
2386,3130
2386,3173
2387,2388
2387,2389
2387,2390
2388,2391
2388,2392
2388,2393
2388,2394
2388,2395
2388,2396
2388,2390
2388,2397
2388,2398
2389,2390
2391,2393
2392,2399
2392,2400
2393,2395
2393,2398
2394,2398
2395,2402
2395,2407
2400,2894
2402,2620
2402,2621
2402,2407
2404,2874
2405,2445
2405,2897
2405,2406
2405,2446
2406,2967
2406,2966
2407,2624
2407,2411
2407,2972
2408,2909
2408,2907
2408,2911
2409,2897
2409,2973
2411,2624
2411,2972
2415,2416
2416,2417
2416,2418
2419,2420
2422,2423
2422,2424
2423,2425
2423,2424
2424,2425
2424,3186
2424,2593
2426,2427
2426,2428
2426,2429
2426,2430
2426,2431
2427,2428
2427,2430
2428,2920
2428,2429
2428,2430
2430,2920
2430,2751
2433,2434
2433,2435
2434,2436
2437,2438
2438,3033
2441,2442
2442,2443
2443,2547
2444,2445
2444,2446
2445,2447
2445,2448
2454,2819
2454,3159
2455,2456
2455,2457
2458,2459
2458,2460
2459,2460
2462,2463
2464,3004
2464,3005
2466,2821
2467,2870
2469,2470
2473,2474
2474,2475
2474,2476
2474,2477
2474,2478
2475,2476
2475,2477
2475,2693
2476,2477
2477,2478
2477,2694
2478,2693
2478,2694
2478,2892
2478,2697
2478,3075
2478,3076
2478,2698
2479,3134
2480,2481
2483,2484
2485,2486
2485,2487
2486,2488
2486,2489
2486,2490
2486,2491
2486,2492
2486,2493
2486,2494
2486,2495
2486,2496
2486,2497
2486,2498
2486,2499
2486,2500
2486,2501
2486,2502
2486,2503
2486,2504
2487,2505
2487,2506
2487,2507
2487,2508
2487,2509
2488,2495
2488,2496
2489,2494
2489,2496
2490,2904
2490,2491
2490,2492
2490,2501
2491,2904
2491,2492
2491,2493
2491,2501
2492,2904
2492,2493
2492,2501
2493,2501
2495,2496
2497,2498
2497,2502
2500,3092
2504,3155
2504,2712
2504,2713
2505,2510
2505,2511
2505,2508
2505,2509
2506,2712
2506,2713
2506,2507
2507,2714
2507,2715
2509,2713
2511,3139
2512,2882
2518,2519
2518,2520
2518,2521
2519,2601
2519,2571
2519,2590
2521,2601
2521,2571
2522,2523
2522,2524
2522,2525
2522,2526
2523,2527
2523,2524
2523,2525
2523,2528
2523,2526
2523,2529
2524,2530
2525,2531
2525,2526
2525,2532
2526,2527
2526,2528
2527,2528
2527,2534
2530,2901
2530,2898
2530,2902
2530,2903
2530,2900
2531,2535
2532,2579
2533,2536
2533,2537
2533,2534
2534,2536
2536,2718
2536,2720
2538,2540
2540,2541
2544,2545
2545,3190
2549,2550
2550,2983
2550,2984
2551,2552
2554,2556
2554,2557
2554,2558
2554,2559
2554,2560
2558,2559
2558,2560
2561,2562
2561,2563
2561,2564
2561,2565
2561,2566
2562,2567
2562,2564
2562,2565
2562,2568
2562,2566
2562,2569
2562,2570
2563,2571
2563,2572
2564,2568
2564,2573
2564,2565
2564,2566
2564,2574
2564,2575
2565,2566
2566,2568
2566,2574
2568,2576
2568,2577
2568,2574
2568,2578
2568,2579
2568,2580
2569,2578
2569,2595
2569,2878
2569,2879
2569,2596
2569,2880
2571,2893
2571,2572
2572,3096
2573,2581
2573,2582
2574,2583
2574,2584
2574,2585
2574,2577
2574,2575
2575,2583
2575,2584
2575,2577
2575,2581
2577,2583
2577,2584
2577,2585
2579,2580
2581,2586
2581,2783
2581,2587
2581,2582
2581,2588
2581,3042
2583,2584
2583,2585
2584,2601
2585,2654
2585,2587
2585,2590
2586,2588
2586,3042
2587,2783
2587,3042
2588,3042
2589,3046
2592,2772
2593,2772
2594,2595
2594,2596
2596,2878
2596,2879
2597,2598
2597,2599
2597,2600
2598,2646
2598,2649
2605,2606
2605,2607
2606,2608
2606,2609
2610,2913
2610,2914
2610,2787
2611,2612
2613,2614
2615,2616
2617,2618
2620,2622
2620,2621
2621,2622
2621,2623
2623,2624
2623,2625
2623,2626
2624,2974
2624,2625
2624,2972
2627,2628
2633,2634
2633,2635
2633,2636
2633,2637
2633,2638
2634,2640
2634,2635
2635,2637
2641,2642
2642,2643
2642,2644
2643,2645
2646,2647
2646,2649
2646,2650
2647,2649
2649,2650
2650,3016
2651,2652
2651,2653
2653,3107
2655,2656
2661,2662
2662,3162
2669,2673
2674,2675
2674,2676
2674,2677
2675,2676
2675,2678
2675,2677
2676,2678
2677,3131
2677,2678
2681,2682
2682,2683
2682,2684
2684,3010
2684,3011
2686,2687
2686,2688
2687,2688
2687,2689
2690,2691
2691,2692
2693,2695
2693,2696
2693,2697
2693,2694
2693,2698
2694,3074
2694,3075
2694,2698
2695,2727
2695,2728
2697,3074
2698,2873
2699,2701
2702,2706
2702,2707
2707,2992
2709,2710
2712,2713
2713,2714
2714,2942
2716,2890
2717,2718
2717,2719
2718,2719
2718,2720
2718,2721
2718,2722
2720,3017
2723,2724
2725,2857
2726,2823
2727,2729
2728,2732
2728,2733
2730,2915
2730,2914
2730,2916
2732,2733
2735,2736
2735,2737
2736,2738
2737,2739
2740,2741
2740,2742
2740,2743
2741,2743
2742,2743
2743,2746
2743,2745
2744,2745
2745,2746
2745,2747
2757,2852
2757,2853
2757,2758
2757,2854
2758,2854
2758,2856
2758,2763
2760,2938
2765,2766
2768,2769
2768,2770
2768,2771
2770,3019
2771,2799
2772,2773
2772,2774
2772,2775
2772,2776
2773,2774
2773,2777
2774,2775
2774,3087
2774,2777
2775,2776
2775,2777
2777,3172
2778,2779
2782,2783
2783,2784
2784,3097
2785,2788
2792,2793
2795,2959
2795,2960
2795,2961
2795,2962
2795,2963
2798,2799
2801,2802
2801,2803
2802,2805
2803,2806
2803,2804
2804,2808
2806,2807
2812,2813
2812,2814
2812,2815
2813,2814
2816,2817
2819,2820
2828,2829
2830,2831
2831,2851
2832,2833
2832,2834
2833,2834
2833,2835
2833,2836
2834,2927
2834,2836
2836,2927
2836,2925
2836,3091
2836,2928
2837,2838
2837,2839
2837,2840
2838,2841
2839,2843
2840,2843
2840,3090
2841,2843
2842,2883
2843,3090
2848,2849
2852,2853
2852,2855
2853,2855
2859,2860
2860,2861
2865,2866
2870,2871
2872,2873
2875,2899
2875,2956
2878,2879
2878,2880
2879,3115
2880,3059
2884,2885
2884,2886
2885,2886
2888,3122
2890,2891
2898,2900
2905,2906
2905,2907
2906,2907
2906,2908
2907,2909
2907,2910
2907,2911
2908,2980
2909,2912
2910,2911
2914,2915
2917,2918
2917,2919
2917,2920
2917,2921
2917,2922
2917,2923
2919,2921
2920,3104
2920,2921
2921,2922
2921,3104
2922,2923
2924,2925
2924,2926
2925,2927
2925,2926
2925,2928
2926,2927
2927,2928
2929,2930
2930,2931
2930,2932
2935,2936
2936,2937
2939,2940
2940,3049
2940,3149
2942,2947
2942,2948
2942,2949
2943,2944
2947,2948
2947,2949
2947,3044
2948,3044
2950,2951
2950,2952
2951,2952
2953,2991
2958,3063
2959,2963
2960,2961
2960,2964
2961,2964
2966,2967
2967,2968
2967,2969
2969,3177
2971,3032
2978,2979
2983,2984
2985,2986
2985,2987
2985,2988
2986,2987
2986,3120
2986,2988
2987,3120
2988,3120
2989,2990
2992,2993
3000,3135
3000,3136
3001,3003
3006,3007
3006,3008
3010,3011
3011,3012
3014,3015
3023,3025
3024,3025
3028,3031
3029,3030
3031,3094
3035,3036
3036,3037
3038,3039
3043,3081
3043,3082
3044,3045
3045,3046
3045,3047
3045,3048
3051,3052
3052,3053
3052,3054
3057,3058
3060,3061
3065,3066
3075,3105
3078,3079
3079,3080
3081,3082
3083,3084
3088,3089
3101,3102
3111,3156
3115,3116
3119,3121
3121,3145
3131,3132
3135,3142
3137,3138
3154,3155
3161,3162
3166,3167
3170,3171
3182,3183
