source,target
0,1
0,2
0,3
0,4
0,5
0,6
0,7
1,1262
1,484
1,485
1,481
1,490
1,524
1,499
1,772
1,503
1,506
1,518
1,75
3,4
3,2880
5,2181
6,1262
6,484
6,1263
7,2448
7,2937
7,296
7,2936
7,2938
8,9
8,10
8,11
8,12
8,13
8,14
8,15
9,16
9,17
9,18
9,19
9,20
10,21
10,11
10,14
10,22
10,23
10,24
10,25
10,26
10,27
10,28
10,29
10,30
10,31
10,32
10,33
10,34
10,35
11,36
11,14
11,15
11,24
11,28
11,32
11,34
11,37
11,38
13,39
13,40
13,15
13,41
14,17
14,42
14,22
14,43
14,36
14,37
15,44
15,45
15,46
15,47
15,48
15,49
15,40
15,50
15,51
15,52
15,41
16,53
16,42
16,54
16,24
16,55
16,28
16,56
16,57
16,58
16,59
16,60
16,61
16,62
16,63
16,34
16,64
16,65
16,35
16,66
17,42
17,24
17,67
17,68
17,35
18,257
19,42
19,1392
19,59
19,74
19,592
19,2125
20,445
20,2687
21,69
21,70
22,77
22,78
22,44
22,43
22,79
22,28
22,80
22,81
22,34
22,64
22,82
22,83
22,84
23,54
23,327
23,367
23,368
23,369
23,370
23,371
23,372
23,373
23,374
23,375
23,376
23,377
24,133
24,934
24,697
24,72
24,935
24,134
24,242
24,907
24,240
24,135
24,42
24,936
24,937
24,938
24,324
24,325
24,903
24,73
24,698
24,92
24,939
24,389
24,334
24,940
24,561
24,562
24,392
24,53
24,244
24,769
24,51
24,648
24,941
24,942
24,123
24,58
24,31
24,101
24,60
24,105
24,943
24,63
24,267
24,734
24,110
24,944
24,945
24,269
24,946
24,66
26,695
26,935
26,51
26,878
26,71
26,1939
26,63
26,1940
27,695
27,1977
27,1979
27,810
28,77
28,78
28,42
28,552
28,92
28,43
28,96
28,2039
29,397
29,833
29,763
29,1002
30,1543
30,1264
30,33
30,2227
30,35
30,1406
31,937
31,903
31,92
31,51
31,389
31,392
31,59
31,1539
31,738
32,2678
32,60
32,63
32,704
33,1447
33,1115
33,833
33,763
33,792
33,760
33,489
33,1315
33,481
33,1118
33,2018
33,486
33,210
33,806
33,153
34,42
34,64
34,62
34,35
35,619
36,71
36,72
36,73
36,74
37,324
37,325
37,337
37,336
37,326
37,327
37,85
37,328
38,49
38,40
38,50
39,41
40,47
40,48
40,49
40,52
40,41
40,75
41,697
41,937
41,1950
41,246
42,53
42,73
42,58
42,59
42,64
42,76
42,68
42,66
43,77
43,85
43,86
43,87
43,81
43,88
43,83
43,84
44,89
44,90
44,91
44,79
44,92
44,93
44,94
44,95
44,96
44,97
44,81
44,98
44,99
44,100
44,101
44,102
44,103
44,104
44,105
44,106
44,107
44,108
44,109
44,110
44,111
44,112
45,113
45,114
45,115
45,116
45,117
45,118
45,119
45,120
46,121
46,122
46,51
46,123
47,52
48,124
48,125
48,126
49,50
49,127
51,489
51,52
51,329
51,60
51,119
51,943
51,63
51,75
51,946
52,2474
53,133
53,134
53,135
53,58
53,66
54,444
54,445
54,406
54,408
54,446
55,934
55,1408
55,552
55,1407
55,940
55,942
55,1410
55,57
55,524
55,1414
55,1409
55,64
55,1214
55,65
56,89
56,2119
56,903
56,732
56,481
56,941
56,1672
56,153
56,736
56,1951
56,738
56,735
56,2120
56,2121
56,143
57,934
57,2345
57,1408
57,1410
57,64
58,92
58,586
58,524
58,59
59,74
60,696
60,402
60,2678
60,2679
60,355
60,849
60,123
60,244
61,324
61,325
61,92
61,334
61,336
61,326
61,327
61,85
61,328
61,329
62,167
62,389
62,458
62,2623
63,697
63,287
63,696
63,936
63,937
63,590
63,903
63,1950
63,699
63,1544
63,2444
63,246
63,453
63,738
63,244
65,552
66,92
66,1368
67,1837
67,831
67,235
67,674
68,325
68,328
69,1669
70,389
71,92
71,1941
72,590
72,73
72,74
72,101
72,1817
72,1941
73,133
73,1952
73,74
73,1676
73,75
73,1955
74,133
74,1921
74,306
74,101
75,1765
75,1324
75,2674
75,484
75,116
75,1536
75,2675
75,489
75,1754
75,481
75,2673
75,1952
75,486
75,1946
75,2344
75,1941
75,853
75,3009
77,81
77,111
78,136
78,79
78,137
78,138
78,81
78,139
78,98
78,140
78,82
78,141
78,84
78,111
78,142
79,570
79,571
79,572
79,137
79,550
79,552
79,92
79,553
79,93
79,138
79,561
79,562
79,547
79,537
79,538
79,539
79,91
81,584
81,571
81,594
81,137
81,2626
81,92
81,2627
81,139
81,138
81,98
81,1602
81,547
81,96
81,538
81,524
82,900
82,699
82,138
82,2953
82,84
83,389
83,86
83,2977
84,136
84,137
84,138
84,3003
85,324
85,325
85,326
85,327
85,328
85,329
85,330
87,566
88,2254
89,143
90,144
90,145
90,146
91,536
91,537
91,538
91,539
91,540
91,541
91,542
91,543
91,544
91,545
92,584
92,539
92,541
92,547
92,561
92,562
92,563
92,94
92,564
92,585
92,96
92,153
92,524
92,586
92,101
92,105
92,556
92,109
92,110
92,557
92,587
92,558
92,565
92,112
93,550
93,539
93,543
93,545
93,568
93,569
93,524
93,579
93,577
93,112
94,589
94,590
94,552
94,563
94,541
94,104
94,105
94,591
95,1603
95,1601
95,1602
95,551
96,524
96,1409
96,587
99,1603
99,139
99,1607
100,465
100,2470
101,133
101,561
101,562
101,2751
101,1545
102,571
102,472
103,2719
103,2842
103,576
103,108
103,2843
104,105
105,537
105,563
105,565
106,2575
106,107
107,1442
107,2575
108,2842
108,2843
109,571
109,536
109,550
109,561
109,562
109,547
109,537
109,538
109,539
109,540
109,596
109,543
109,1601
110,561
110,562
110,586
110,541
112,550
112,579
112,575
112,565
114,463
115,475
115,474
115,340
115,1877
115,1878
116,243
116,289
116,2254
117,1316
117,414
117,402
117,416
117,361
117,417
117,355
117,2694
117,1401
117,2305
117,1643
117,420
117,352
117,230
117,436
119,697
119,1950
119,908
119,2810
121,147
121,148
121,149
121,150
121,151
121,152
121,153
121,154
121,155
121,156
121,157
121,158
121,159
121,160
122,879
122,906
122,913
122,914
122,907
122,240
122,903
122,732
122,241
122,915
122,234
122,769
122,272
122,273
122,123
122,916
122,499
122,899
122,386
123,879
123,906
123,907
123,240
123,245
123,771
123,916
123,769
123,756
123,909
123,2474
123,734
124,1516
124,125
125,1527
126,1527
127,775
128,129
128,130
128,131
128,132
129,757
129,388
129,758
129,759
129,760
129,761
129,263
129,751
129,753
129,148
129,494
129,762
129,462
131,168
131,2901
132,2730
132,431
133,616
133,558
134,135
134,942
134,945
135,1954
136,139
136,140
136,141
138,142
139,571
139,2626
143,903
143,1543
143,210
143,965
143,2128
143,1364
143,488
143,736
143,738
143,735
143,741
143,230
144,1733
144,1182
144,145
144,2045
144,2046
144,2047
144,2048
147,531
148,765
148,902
148,833
148,792
148,761
148,878
148,766
148,753
148,755
148,847
148,771
148,768
148,947
148,769
148,838
148,775
148,881
148,462
149,1620
149,1548
149,1542
149,1069
149,202
149,1616
149,966
149,1629
149,1112
149,155
149,1630
149,854
149,1631
150,1529
150,1934
150,154
150,158
151,852
151,1987
151,489
151,481
151,486
151,1647
151,1989
151,488
151,152
151,153
151,156
151,157
151,1650
151,959
151,159
151,881
152,227
152,845
152,1987
152,2017
152,522
152,2018
152,490
152,1647
152,1989
152,488
152,504
152,156
153,903
153,489
153,481
153,486
153,1672
154,857
154,2518
154,158
155,1620
155,1542
155,1551
155,1453
156,396
156,398
156,1856
156,410
156,1647
157,522
157,489
157,481
157,486
157,1647
158,857
158,2518
159,852
159,531
159,489
159,481
159,486
159,1545
160,1633
160,1647
160,488
161,162
161,163
163,388
163,2744
163,2644
163,2927
164,165
165,878
165,766
165,755
166,167
167,776
169,170
170,1792
170,1884
170,1885
171,172
171,173
171,174
171,175
171,176
172,251
172,872
172,674
172,252
172,675
172,665
172,173
172,669
172,1522
172,897
172,890
172,874
172,679
173,707
173,1829
173,673
173,779
173,685
173,251
173,252
173,406
173,874
173,174
173,176
174,175
174,252
174,251
175,176
176,2794
176,2879
176,1875
176,2710
176,2795
176,262
176,1829
176,865
176,1792
176,1511
176,257
176,1884
176,251
176,256
177,178
177,179
177,180
177,181
178,1829
178,463
179,2466
179,2464
179,1895
179,2465
180,721
181,2549
181,2052
181,721
182,183
182,184
182,185
182,186
182,187
183,348
183,389
183,455
183,456
183,457
184,2007
184,2010
184,2008
184,941
184,2011
184,2120
185,396
185,405
185,406
186,448
186,2875
186,347
186,1162
186,481
186,382
186,486
186,2876
187,2007
187,2010
187,2008
188,189
188,190
188,191
188,192
188,193
188,194
188,195
188,196
189,197
189,198
189,199
189,200
190,786
190,789
190,830
190,855
190,753
190,193
190,848
190,849
190,820
191,202
192,786
192,787
192,789
192,1298
192,830
192,1010
192,1005
192,798
192,278
192,193
192,1120
192,341
192,813
192,1036
192,841
192,535
193,1917
193,980
193,786
193,787
193,1267
193,789
193,1314
193,877
193,1298
193,830
193,831
193,1918
193,1010
193,981
193,833
193,1919
193,1293
193,761
193,973
193,797
193,983
193,987
193,848
193,371
193,1920
193,849
193,1067
193,1627
193,817
194,789
194,1331
194,830
194,971
194,1227
194,1068
195,2309
195,1132
195,2310
196,644
196,1748
196,2928
197,2909
197,395
197,208
197,219
197,1363
198,2794
198,349
198,393
198,284
198,395
198,283
198,277
198,1363
201,202
202,1620
202,1617
202,1618
202,1612
202,1096
202,1621
202,832
202,440
202,1622
202,1613
202,273
202,1623
202,1069
202,1624
202,1625
202,1615
202,1626
202,1616
202,274
202,271
202,1611
202,1614
202,1627
203,204
204,1348
205,206
205,207
205,208
206,533
206,532
206,534
206,535
207,905
207,910
207,1363
208,1005
209,210
209,211
209,212
210,915
210,1364
210,741
210,743
210,1264
210,1405
210,1406
211,1415
211,980
211,1384
211,533
211,1149
211,1297
211,221
212,1269
212,1749
213,214
214,1686
214,1682
214,1683
214,1687
215,216
215,217
215,218
216,961
216,1269
216,804
216,807
216,1380
216,1748
217,330
218,223
219,220
221,222
222,2630
222,351
222,2671
222,2670
222,1299
223,224
223,225
224,1087
224,2252
224,1644
224,225
224,481
224,486
224,806
225,644
226,227
226,228
227,2018
227,1923
227,2019
228,406
228,1923
229,230
230,852
230,2006
230,788
230,1087
230,845
230,733
230,847
230,500
230,2693
230,488
230,419
230,501
230,502
230,741
231,232
231,233
232,741
235,236
235,237
235,238
236,951
236,913
236,914
236,905
236,844
236,1094
237,238
237,913
237,914
237,2477
238,265
238,2483
239,240
239,241
239,242
239,243
240,879
240,769
240,771
240,905
240,910
240,734
241,769
242,244
242,245
242,249
244,245
244,246
244,247
244,248
244,249
244,250
245,906
245,914
245,834
245,908
245,249
246,697
246,1946
246,704
247,696
247,2797
248,2872
248,2873
248,249
249,2445
249,2872
249,619
249,2873
249,1882
251,252
251,253
251,254
251,255
252,1695
252,872
252,772
252,255
252,405
252,406
252,681
253,664
253,665
253,1833
253,676
253,1849
253,1507
253,255
253,1148
253,677
253,1809
253,680
253,681
254,323
254,2666
255,1859
255,1677
255,305
255,2773
255,1678
255,1826
255,779
255,304
255,1784
255,1804
255,1142
255,1849
255,1496
255,300
255,772
255,1508
255,1932
255,1499
256,257
256,258
256,259
256,260
256,261
256,262
257,927
257,1511
257,685
257,1512
257,526
257,670
257,1514
257,869
258,2140
258,2141
258,2142
258,2135
258,2143
258,1141
258,259
258,2134
258,261
258,2144
259,2140
259,1136
259,2141
259,2142
259,2135
259,2149
259,2143
259,1141
259,323
259,261
259,2144
261,2148
261,875
261,2134
262,2790
263,264
263,265
263,266
263,267
263,268
263,269
263,270
264,2472
265,659
265,804
265,2483
265,798
265,1031
265,2477
266,2412
266,267
266,1941
267,2412
268,765
268,902
268,878
268,847
268,859
269,2412
269,446
271,272
271,273
272,951
272,914
272,883
272,273
272,905
272,844
272,1082
273,914
273,1536
273,1535
273,1537
273,443
273,1082
275,276
276,571
276,614
276,615
276,599
276,463
276,1816
276,600
276,689
276,1817
277,278
277,279
277,280
277,281
277,282
277,283
277,284
277,285
277,286
277,287
277,288
277,289
277,290
277,291
277,292
277,293
278,1295
278,980
278,1076
278,786
278,1305
278,1266
278,787
278,1267
278,1007
278,281
278,1008
278,795
278,286
278,814
278,651
279,280
279,1492
281,789
282,2244
283,1917
283,1317
283,414
283,1918
283,1318
283,438
283,725
283,1320
283,364
283,356
284,286
285,350
287,342
288,373
289,2024
289,490
289,290
293,3001
294,295
295,929
295,2200
295,1945
295,476
295,2009
296,297
296,298
296,299
296,300
296,301
296,302
296,303
296,304
296,305
296,306
296,307
296,308
296,309
297,1493
297,298
297,300
297,301
297,1494
297,302
297,1495
297,1496
297,1497
297,304
297,1498
297,1499
297,1500
297,1501
297,308
297,1502
298,301
298,1493
298,299
298,300
298,302
298,1503
298,1504
298,1495
298,1496
298,1497
298,675
298,304
298,1498
298,1505
298,1506
298,772
298,1507
298,1508
298,1499
298,1509
298,1510
299,1494
299,1511
299,1493
299,300
300,301
300,1494
300,302
300,1503
300,1504
300,1495
300,1496
300,1493
300,1506
300,1508
300,1499
300,1474
301,310
301,1494
301,304
301,1502
302,1494
302,1515
302,922
303,1818
303,1819
303,1124
303,463
303,1796
303,1128
303,1820
303,1474
304,1494
304,1826
304,1503
304,463
304,922
305,1677
305,1678
305,772
305,1679
305,868
305,308
306,1824
306,310
306,1804
306,1148
306,1145
306,1857
307,2126
307,1143
307,1474
308,1677
310,311
311,1471
312,313
312,314
313,314
313,2770
314,2770
315,316
315,317
315,318
316,1244
316,1251
316,1252
316,1253
317,2087
317,2599
317,2600
317,1690
319,320
319,321
319,322
320,1530
320,1531
320,1532
321,2529
321,2435
321,2437
321,322
322,2529
324,331
324,332
324,325
324,326
324,327
324,333
324,334
324,335
324,336
324,337
324,338
324,339
324,340
324,328
324,329
324,341
324,330
325,331
325,326
325,327
325,332
325,333
325,334
325,335
325,336
325,337
325,338
325,328
325,329
325,330
326,342
326,331
326,332
326,343
326,333
326,334
326,335
326,344
326,345
326,336
326,327
326,328
326,329
326,330
326,346
327,331
327,332
327,347
327,334
327,348
327,328
327,329
327,330
328,331
328,334
328,336
328,329
328,330
329,331
329,332
329,334
329,392
329,336
330,2966
330,2967
331,332
331,334
331,335
331,336
331,337
331,340
332,349
332,333
332,334
332,335
332,336
332,337
333,335
333,354
334,335
334,336
334,337
335,342
335,351
335,343
335,355
335,344
335,345
335,352
335,356
335,353
336,337
336,338
336,366
337,384
339,1443
339,411
340,1811
340,877
340,463
341,1742
341,1003
341,1298
341,1116
341,1117
341,759
341,1079
341,1007
341,797
341,1036
341,985
341,1081
341,813
341,816
342,350
343,351
343,344
343,352
343,353
344,351
344,357
344,358
344,352
344,353
345,359
345,360
345,361
345,362
345,363
345,364
345,365
345,356
346,360
346,1059
346,2340
346,779
346,1689
346,802
346,1409
346,348
346,499
346,2435
347,378
347,379
347,380
347,381
347,382
347,383
347,384
347,385
347,386
348,387
348,388
348,389
348,390
348,391
348,392
349,393
349,394
349,395
350,414
350,777
350,1924
351,357
351,396
351,397
351,398
351,399
351,400
351,401
351,402
351,403
351,404
351,405
351,406
351,407
351,408
351,409
351,410
351,411
351,412
351,353
351,413
352,414
352,361
352,362
352,365
352,353
353,2951
353,358
353,426
354,2584
354,2583
355,414
355,360
355,415
355,402
355,416
355,361
355,417
355,362
355,363
355,418
355,419
355,420
355,421
355,422
355,423
355,424
355,425
356,1917
356,1317
356,414
356,432
356,1918
356,1318
356,438
356,1489
356,365
356,435
356,364
356,436
357,397
357,396
357,426
357,403
357,404
357,407
357,427
357,412
357,428
357,422
358,429
359,430
359,360
359,362
359,363
359,415
359,404
359,431
360,429
360,414
360,432
360,363
360,433
360,434
360,404
360,431
360,435
360,436
361,437
361,414
361,438
361,434
361,431
361,365
361,435
362,387
362,415
362,389
362,438
362,365
362,435
362,439
363,432
363,440
363,441
363,434
363,442
363,435
363,443
364,1917
364,1317
364,414
364,1918
364,1318
364,438
364,365
364,1320
365,414
366,481
367,641
367,642
367,374
368,369
368,1596
369,1597
369,1598
369,1599
370,1428
370,1600
370,1596
371,1925
371,1926
371,1924
371,377
372,627
372,630
372,640
373,818
376,1428
376,1431
376,1419
377,621
377,1424
377,622
377,623
377,625
377,626
377,1419
377,2658
377,631
377,1432
378,389
378,447
378,380
378,448
378,449
378,450
378,384
378,451
379,380
380,447
380,381
380,1487
380,451
381,382
381,384
382,2092
382,1487
382,383
382,384
383,2876
384,450
385,1162
385,481
385,486
385,508
385,737
386,914
387,389
387,452
387,453
387,454
388,458
388,459
388,460
388,461
388,462
389,392
389,447
389,463
389,464
389,446
390,391
390,392
390,447
390,458
390,465
391,466
391,467
391,392
391,447
391,465
392,449
392,467
392,458
392,447
392,468
392,469
392,470
393,1447
393,1443
393,1445
393,395
393,1363
394,417
394,2601
394,535
395,1363
396,397
396,2003
396,398
396,405
396,406
396,407
396,408
396,409
396,410
396,2004
396,1922
396,1924
396,854
396,413
397,398
397,743
397,910
397,399
397,400
397,401
397,404
397,406
397,407
397,408
397,409
397,410
397,412
397,413
398,1762
398,405
398,406
398,407
398,408
398,409
398,410
398,642
398,1922
398,854
398,413
399,400
400,405
401,1762
401,405
402,416
402,417
402,404
402,420
402,431
402,412
402,428
402,1654
402,422
402,2601
403,2629
403,1187
403,433
403,412
404,1316
404,1317
404,414
404,2252
404,416
404,412
405,1784
405,407
405,674
405,408
405,409
405,406
406,614
406,707
406,766
406,673
406,768
406,410
406,2003
406,407
406,1762
406,427
406,756
406,674
406,426
406,408
406,685
406,874
406,409
407,410
407,408
407,409
407,413
408,410
408,1762
408,409
408,2856
408,413
409,410
409,413
410,1633
410,1632
410,413
411,2529
412,2150
412,2629
412,428
412,424
414,1316
414,437
414,1317
414,438
414,1400
414,1401
414,434
414,899
414,435
414,1402
414,1403
416,417
416,420
416,422
417,420
417,422
417,535
419,733
420,2629
420,431
420,428
420,1654
420,422
421,437
421,1978
421,1979
421,1070
421,1236
422,428
422,654
422,1363
422,424
423,2150
424,2629
424,428
424,654
428,2629
428,447
429,431
429,657
430,1624
430,1655
431,1317
431,1320
432,789
432,2260
432,2261
433,2630
433,1888
433,1889
433,1822
433,633
433,811
433,2461
434,1316
434,437
435,1087
435,2694
435,438
435,1270
436,1888
436,1301
436,1085
436,2694
436,438
436,1321
436,1326
437,1389
437,1404
438,1657
439,930
440,1635
440,1636
440,1623
440,1624
440,1625
440,1637
440,441
440,442
440,1098
440,1638
441,1626
441,1628
442,828
442,1097
442,1096
442,832
442,1110
442,1109
442,2607
442,1625
442,1111
442,977
442,978
442,979
442,1018
442,1019
442,1020
442,1022
445,2150
445,1641
446,1428
446,616
446,2679
446,2887
446,447
447,1162
447,458
447,1080
448,458
448,1489
448,451
449,458
449,1362
451,1348
451,2911
451,1464
452,2816
452,1265
452,923
452,2815
453,526
455,484
455,481
455,486
455,2676
455,511
456,2949
456,457
458,467
458,468
459,1830
462,2854
462,761
462,753
462,850
462,762
463,662
463,1478
463,1786
463,1787
463,1788
463,1789
463,1790
463,675
463,1791
463,1792
463,1793
463,1794
463,888
463,686
463,1795
463,1796
463,1797
463,1798
463,1799
463,872
463,919
463,922
464,1942
465,2831
466,1488
467,470
468,1390
468,2527
468,2910
468,2097
468,2844
468,2590
468,2098
468,2541
468,2096
470,1019
471,472
471,473
472,1782
472,571
472,1783
472,604
472,576
472,2840
473,2323
473,1374
474,475
475,1878
477,478
478,936
478,1671
479,480
479,481
479,482
480,483
481,484
481,485
481,486
481,487
481,488
481,489
481,490
481,491
481,492
481,493
481,494
481,495
481,496
481,497
481,498
481,499
481,500
481,501
481,502
481,503
481,504
481,505
481,506
481,507
481,508
481,509
481,510
481,511
481,512
481,513
481,514
481,515
481,516
481,517
481,518
482,696
482,2996
483,485
483,2988
484,486
484,489
484,494
484,519
484,511
484,520
485,493
485,494
485,495
485,503
485,506
485,511
486,521
486,487
486,522
486,490
486,491
486,523
486,494
486,496
486,524
486,500
486,504
486,507
486,509
486,511
486,525
486,526
486,512
486,513
486,516
486,517
486,518
487,847
487,880
488,2005
488,2006
488,1633
488,1450
488,903
488,732
488,733
488,1543
488,2007
488,2008
488,1647
488,965
488,735
488,741
488,1545
489,521
489,930
489,1754
489,518
490,930
490,931
490,522
490,2024
490,880
490,523
490,497
490,501
490,502
491,903
491,966
491,959
492,902
492,847
492,880
492,773
493,2250
493,2249
493,524
494,789
494,2230
494,519
494,2231
494,495
494,2201
494,496
494,802
496,521
496,2344
496,524
497,1765
497,763
497,792
497,764
497,930
497,848
497,853
498,2555
499,961
499,524
499,506
500,845
500,847
500,2344
500,959
501,852
501,1920
501,647
501,734
502,852
502,1987
502,733
502,957
503,1137
503,514
504,1547
504,2006
504,1647
504,523
505,2849
505,509
507,766
507,847
507,756
507,2931
508,1162
508,2946
508,2704
509,2849
509,2848
509,510
509,514
509,515
510,2849
510,2848
510,2582
512,782
512,798
512,513
512,1646
513,930
513,931
513,880
514,515
514,516
516,2652
519,707
519,870
520,1262
520,1152
520,1263
521,523
522,1988
522,1987
522,531
522,930
522,880
522,864
522,1763
522,1764
522,1553
523,2006
523,1548
523,845
523,1282
524,594
524,550
524,552
524,553
524,2624
524,586
524,547
524,566
524,569
524,567
524,582
524,541
524,575
525,961
525,533
525,759
525,846
525,840
525,1121
526,1511
526,923
526,2815
526,670
527,528
527,529
527,530
528,2409
529,1152
529,2593
530,1152
530,2101
533,786
533,787
533,789
533,798
533,1100
533,1297
533,1005
533,1006
533,1319
533,809
533,898
533,840
533,1417
533,1063
533,1072
533,535
534,829
534,1007
534,1008
534,798
534,983
534,827
535,1296
535,786
535,787
535,789
535,790
535,830
535,1005
535,793
535,2340
535,1293
535,798
535,1270
535,651
535,977
535,978
535,979
535,1019
537,546
537,547
537,538
537,544
537,548
537,549
538,550
538,547
538,539
538,543
538,545
538,551
538,549
539,550
539,552
539,553
539,547
539,554
539,555
539,556
539,557
539,558
540,559
540,560
541,552
541,561
541,562
541,563
541,564
541,565
542,554
542,566
542,567
542,565
543,550
543,568
543,569
544,547
544,573
544,545
544,574
545,550
545,553
545,575
545,565
546,547
547,573
547,548
547,576
547,549
547,557
547,577
549,2993
550,553
550,554
550,555
550,568
550,569
550,578
550,579
550,556
550,580
550,557
550,577
550,581
551,1606
551,1601
552,570
552,582
552,556
552,583
552,580
552,557
552,558
553,554
553,582
554,588
554,555
554,580
555,588
555,556
555,558
556,569
556,579
558,569
559,2015
559,2616
559,1912
559,2617
560,2348
560,2349
561,562
561,564
561,585
561,586
561,565
562,564
562,585
562,565
563,583
564,585
564,565
566,567
566,582
566,592
566,593
567,594
567,595
567,592
568,569
571,596
571,597
571,598
571,599
571,600
571,601
571,602
571,603
571,604
571,605
571,606
571,607
571,608
571,609
571,610
572,611
572,612
574,2297
575,579
576,1782
576,2841
576,1783
576,2097
576,2470
578,1914
580,1465
580,1466
581,1782
581,1602
582,1465
582,1466
582,1467
582,592
585,619
587,2445
590,613
590,614
590,615
590,616
590,600
590,599
590,617
590,605
590,618
591,1391
591,1392
592,1467
592,2123
592,2125
593,2123
593,2127
593,2125
595,2641
596,598
597,1609
597,716
597,1610
597,718
599,613
599,614
599,600
599,689
600,613
600,614
600,615
600,689
600,618
600,610
601,1126
602,2758
602,603
602,2076
603,2760
603,2761
603,2762
603,2575
605,613
605,614
605,617
605,1339
606,2277
606,2286
606,2291
606,2290
607,2758
607,2701
607,2883
608,2984
609,1192
609,3010
609,973
609,2407
610,613
610,614
611,2627
611,1802
611,2041
613,614
613,615
614,615
614,689
614,618
615,675
615,618
615,868
615,1834
617,1126
619,696
620,621
620,622
620,623
620,624
620,625
620,626
620,627
620,628
620,629
620,630
620,631
620,632
621,622
621,633
621,623
621,634
621,626
621,627
621,630
621,631
621,635
621,636
621,637
622,634
622,626
622,627
622,628
622,630
622,638
622,639
622,640
622,635
622,636
622,637
623,1418
623,1424
623,1425
623,634
623,633
623,624
623,1420
623,625
623,626
623,627
623,629
623,630
623,1426
623,638
623,1421
623,640
623,1422
623,1423
624,634
624,625
624,1427
624,626
624,633
624,1420
624,627
624,629
624,1426
624,1422
624,1423
625,1418
625,1428
625,628
625,626
626,1418
626,1428
626,1425
626,1431
626,634
626,628
626,1427
626,629
626,630
626,631
626,1421
627,1271
627,1425
627,1330
627,1017
627,1420
627,633
627,634
627,630
627,631
627,1426
627,638
627,1422
627,1434
627,636
627,1423
628,1418
628,1428
628,634
628,629
628,1421
628,1337
629,1428
629,1427
629,630
629,633
629,1703
629,631
629,1422
629,1432
630,1271
630,1425
630,1702
630,1330
630,1427
630,1017
630,2031
630,1420
630,1278
630,633
630,1703
630,631
630,2032
630,966
630,2033
630,1422
630,1340
630,1423
631,1418
631,1420
631,633
631,1422
631,635
631,1423
631,2034
632,1750
632,2932
632,1082
633,1418
633,1419
633,1420
633,1421
633,1422
633,635
633,1423
634,1418
634,1424
634,1431
634,638
634,1432
634,636
635,1418
635,1424
635,1420
635,2746
635,2748
635,715
635,716
635,1421
635,1423
636,1418
636,1424
636,1330
636,2316
636,1421
636,1432
637,2034
639,1058
639,1435
639,2471
640,2258
640,1699
640,2275
643,644
643,645
643,646
644,646
644,647
644,648
644,649
644,650
644,651
645,646
645,652
645,653
645,654
645,655
645,656
646,657
646,653
646,656
647,732
647,733
647,734
648,650
648,651
649,2335
649,726
649,2339
649,2333
649,2340
649,725
649,729
650,1401
651,1296
651,783
651,980
651,1324
651,759
651,1010
651,1059
651,1005
651,1079
651,1293
651,1013
651,798
651,801
651,802
651,1045
653,2915
653,656
653,1239
654,2413
655,2131
656,657
656,886
658,659
659,1184
659,1187
659,1188
659,1189
659,824
659,1190
660,661
660,662
660,663
660,664
660,665
660,666
660,667
660,668
660,669
660,670
661,671
661,672
661,662
661,673
661,674
661,675
661,664
661,665
661,666
661,667
661,668
661,669
661,676
661,677
661,678
661,679
661,680
661,681
662,684
662,671
662,685
662,686
662,664
662,665
662,666
662,667
662,668
662,687
662,669
662,688
662,683
662,679
662,680
662,681
663,891
663,892
663,877
663,673
663,893
664,671
664,672
664,673
664,674
665,672
665,675
665,1833
665,674
665,680
666,1892
666,1503
666,1812
666,686
666,919
666,667
666,668
666,687
666,956
666,1800
666,1893
666,1523
666,1894
666,922
666,1895
666,1896
666,680
667,1892
667,668
667,919
667,1812
667,687
667,1893
667,1523
667,1894
667,922
667,1895
667,1896
667,680
668,1892
668,919
668,1812
668,687
668,669
668,1814
668,1893
668,1523
668,922
668,678
668,1931
668,679
668,680
668,681
669,672
669,1258
669,1856
669,895
669,917
669,1826
669,779
669,884
669,918
669,885
669,2139
669,920
669,921
669,2134
669,676
669,677
669,678
669,679
669,881
669,681
670,927
670,1511
670,868
671,682
671,683
672,674
672,682
672,678
672,679
672,680
673,870
673,871
673,755
673,756
673,770
673,779
673,872
673,674
673,873
673,682
673,874
673,875
673,876
673,681
674,765
674,707
674,870
674,871
674,1678
674,766
674,1789
674,755
674,767
674,675
674,895
674,917
674,955
674,884
674,918
674,768
674,769
674,1804
674,770
674,1805
674,756
674,858
674,872
674,893
674,1800
674,676
674,1806
674,875
674,677
675,1678
675,676
675,682
675,677
675,1815
675,678
675,679
675,681
676,871
676,723
676,779
676,2434
676,1849
676,873
676,681
677,2940
677,871
677,779
677,2434
677,1849
677,873
677,2790
677,681
678,687
678,1814
678,1931
679,1258
679,1856
679,895
679,917
679,1826
679,779
679,884
679,918
679,885
679,2139
679,920
679,921
680,1257
680,681
681,766
681,723
681,779
681,1849
681,873
681,897
681,872
681,886
682,1789
682,687
682,2205
682,2669
683,2268
683,1843
683,1697
683,2269
683,873
683,772
685,870
685,882
685,1512
685,872
685,688
685,886
685,874
685,862
685,881
686,1824
686,922
687,1789
687,1812
687,1932
687,922
688,895
688,917
688,779
688,884
688,918
688,885
688,896
688,851
688,773
688,956
689,2132
690,691
691,2527
691,1897
691,2409
692,693
693,1928
693,1918
694,695
694,696
695,697
695,698
695,699
695,700
695,701
695,702
695,703
695,704
696,705
697,937
697,1950
697,699
697,1672
697,1951
697,908
697,1952
697,700
697,1946
697,1953
697,704
698,900
698,1944
698,699
698,1946
699,900
699,1944
699,1950
699,937
699,1946
699,704
700,1950
700,1952
700,1672
700,704
702,900
704,937
704,1950
704,1946
706,707
707,952
707,1832
708,709
708,710
709,710
709,711
709,712
709,713
709,714
709,715
709,716
709,717
709,718
709,719
709,720
710,716
711,2503
711,2508
711,714
711,1609
711,715
711,716
711,1204
711,718
712,713
712,717
712,718
712,2781
713,718
713,2781
715,1609
715,716
715,2510
715,2747
715,718
716,2502
716,1610
716,2770
716,2540
716,1609
717,718
718,2071
718,1178
718,2747
719,2950
720,1837
721,722
724,725
724,726
724,727
724,728
724,729
724,730
724,731
725,1317
725,726
725,2333
725,1318
725,1270
725,2334
726,2335
726,2333
726,2336
726,727
726,728
726,729
726,730
726,1029
726,2337
727,728
727,729
727,730
728,2335
728,2333
728,729
728,730
728,2338
728,2602
728,2603
729,2335
729,2338
729,1029
729,730
731,2335
732,735
732,736
732,737
732,738
732,739
733,740
733,741
734,852
734,879
734,910
734,847
734,771
734,1920
734,905
735,903
735,1543
735,736
735,741
736,903
736,737
736,738
737,879
737,903
738,903
738,1671
738,1672
738,2120
739,2695
739,845
740,742
740,743
740,744
740,745
741,2005
741,903
741,1543
741,756
742,746
742,747
742,748
742,743
742,749
742,744
742,750
743,747
743,2131
743,2128
744,1670
744,936
744,2130
744,747
744,1264
744,750
744,745
744,1545
744,1406
746,1666
746,747
747,936
747,1364
747,749
747,750
748,1666
748,812
748,1668
748,1669
748,1667
749,936
749,2130
749,750
749,1671
749,1364
749,1406
751,752
751,753
751,754
751,755
751,756
753,763
753,761
753,764
753,762
755,765
755,766
755,767
755,756
755,768
755,769
755,770
755,771
755,772
756,765
756,766
756,767
756,768
756,769
756,770
756,771
756,773
756,774
756,775
757,776
757,777
758,778
758,779
758,780
758,781
759,782
759,783
759,784
759,785
759,786
759,787
759,788
759,789
759,790
759,791
759,760
759,792
759,793
759,794
759,795
759,796
759,797
759,798
759,799
759,800
759,801
759,802
759,803
759,804
759,805
759,806
759,807
759,808
759,809
759,810
759,811
759,812
759,813
759,814
759,815
759,816
759,817
759,818
759,819
759,820
759,821
759,822
759,823
759,824
759,825
759,826
759,827
760,828
760,786
760,787
760,789
760,829
760,830
760,831
760,832
760,833
760,834
760,792
760,793
760,835
760,836
760,837
760,808
760,809
760,838
760,839
760,840
760,841
760,842
760,843
760,844
761,765
761,845
761,833
761,846
761,847
761,848
761,849
761,850
761,851
761,762
762,3005
762,3006
762,1293
762,764
762,1766
763,852
763,833
763,764
763,848
763,853
763,854
764,856
765,857
765,778
765,766
765,767
765,768
765,847
765,858
765,859
765,773
765,860
765,861
765,862
765,775
765,863
766,857
766,768
766,769
766,770
766,779
766,864
766,865
766,866
766,772
766,867
766,862
766,868
766,869
767,768
767,858
768,877
768,878
768,847
768,770
768,773
768,775
768,863
769,879
769,878
769,847
769,779
769,880
769,771
769,773
769,772
769,775
769,881
770,882
770,883
770,884
770,885
770,851
770,886
770,881
771,879
771,932
771,878
771,847
771,880
771,859
771,905
771,773
771,933
772,927
772,1859
772,1811
772,2268
772,1677
772,865
772,864
772,1874
772,1695
772,867
772,1862
773,928
773,902
773,895
773,917
773,847
773,779
773,884
773,918
773,880
773,885
773,920
773,896
773,851
773,897
773,886
774,857
775,1830
775,1801
776,2412
779,877
779,780
779,884
779,885
779,917
779,918
779,919
779,920
779,921
779,896
779,851
779,886
779,922
779,923
779,924
779,862
779,925
779,926
781,894
781,2198
781,1006
781,1400
782,1076
782,1040
782,814
782,1077
782,1045
783,988
783,996
783,1010
783,1078
783,1079
783,1013
783,1080
783,1081
783,1052
784,1066
784,822
784,826
785,822
785,1082
786,970
786,833
786,789
786,830
786,855
786,787
786,791
786,829
786,831
786,834
786,792
786,793
786,971
786,972
786,973
786,974
786,975
786,976
786,795
786,796
786,977
786,978
786,979
786,980
786,981
786,982
786,797
786,983
786,984
786,985
786,801
786,802
786,986
786,803
786,987
786,988
786,989
786,990
786,991
786,992
786,993
786,994
786,995
786,996
786,997
786,804
786,998
786,999
786,1000
786,1001
786,1002
786,1003
786,1004
786,1005
786,1006
786,1007
786,1008
786,963
786,1009
786,805
786,1010
786,1011
786,1012
786,947
786,849
786,1013
786,1014
786,1015
786,1016
786,1017
786,1018
786,1019
786,1020
786,1021
786,807
786,1022
786,1023
786,1024
786,838
786,1025
786,1026
786,1027
786,1028
786,1029
786,811
786,1030
786,1031
786,1032
786,1033
786,1034
786,1035
786,813
786,1036
786,1037
786,1038
786,1039
786,1040
786,1041
786,1042
786,1043
786,1044
786,1045
786,1046
786,1047
786,1048
786,1049
786,1050
786,822
786,824
786,1051
786,1052
786,1053
787,1083
787,833
787,789
787,830
787,855
787,829
787,834
787,792
787,971
787,972
787,973
787,974
787,975
787,796
787,978
787,979
787,982
787,797
787,983
787,984
787,985
787,801
787,802
787,986
787,803
787,988
787,989
787,990
787,991
787,993
787,994
787,996
787,804
787,998
787,999
787,1000
787,1001
787,1003
787,1056
787,1007
787,1008
787,963
787,1009
787,805
787,1011
787,947
787,849
787,1013
787,1014
787,1015
787,1016
787,1018
787,1019
787,1020
787,1021
787,807
787,1022
787,1023
787,1024
787,838
787,1060
787,1028
787,811
787,1030
787,1031
787,1033
787,1035
787,1036
787,1041
787,1084
787,1043
787,1047
787,1048
787,1049
787,1050
787,1065
787,1052
787,1053
788,793
788,976
788,981
788,1085
788,1086
788,1034
788,1087
788,814
788,1088
788,1089
788,1090
788,822
788,1082
788,1091
789,970
789,833
789,846
789,830
789,855
789,791
789,829
789,834
789,792
789,793
789,971
789,972
789,973
789,974
789,975
789,1054
789,976
789,795
789,796
789,978
789,979
789,981
789,982
789,797
789,983
789,984
789,985
789,801
789,802
789,986
789,988
789,989
789,990
789,991
789,992
789,993
789,1055
789,994
789,996
789,997
789,804
789,998
789,999
789,1000
789,1001
789,1002
789,1003
789,1005
789,1056
789,1006
789,1007
789,1008
789,963
789,835
789,1009
789,805
789,1010
789,947
789,849
789,1013
789,1057
789,806
789,1014
789,1015
789,1016
789,1058
789,1017
789,1018
789,1019
789,1020
789,1021
789,807
789,1022
789,1023
789,1024
789,838
789,1025
789,1059
789,1027
789,1060
789,1028
789,811
789,1030
789,1031
789,1032
789,1033
789,1035
789,813
789,1036
789,1040
789,1061
789,1041
789,1062
789,1042
789,1043
789,815
789,1044
789,1045
789,817
789,818
789,1063
789,1064
789,1046
789,1047
789,1048
789,1049
789,1050
789,854
789,1065
789,1051
789,1052
789,1053
790,997
790,804
790,990
790,998
790,830
790,973
790,975
790,982
790,797
790,984
790,985
790,801
790,802
790,986
790,991
790,996
790,1001
790,1006
790,1007
790,1008
790,805
790,1015
790,1018
790,807
790,1022
790,1023
790,1092
790,838
790,1030
790,1031
790,1032
790,1035
790,1043
790,1049
790,1053
790,1093
791,981
791,1034
791,1094
791,1095
792,829
792,830
792,831
792,832
792,833
792,846
792,834
792,793
792,962
792,963
792,835
792,1118
792,836
792,808
792,809
792,1119
792,838
792,839
792,1120
792,964
792,842
792,843
792,844
792,1121
792,881
793,1076
793,1122
793,976
793,830
793,832
793,962
793,800
793,836
793,1119
793,843
793,844
794,1122
794,976
794,795
794,796
794,977
794,978
794,979
794,1254
794,1022
794,1261
794,1040
794,1045
794,1049
795,980
795,1267
795,976
795,1268
795,830
795,981
795,982
795,797
795,798
795,1221
795,983
795,1222
795,984
795,985
795,1269
795,1157
795,962
795,1270
795,799
795,800
795,801
795,802
795,1067
795,986
796,1271
796,1272
796,829
796,1273
796,1274
796,1275
796,830
796,972
796,831
796,1276
796,855
796,1277
796,1278
796,971
796,1101
796,803
796,1188
796,798
796,987
796,988
796,1109
796,989
796,1279
796,977
796,1226
796,1081
796,1280
796,969
796,1281
797,980
797,1266
797,1267
797,976
797,1003
797,1004
797,1298
797,830
797,972
797,855
797,1277
797,973
797,983
797,807
797,1081
797,813
797,1291
798,1301
798,829
798,1116
798,1005
798,1056
798,1006
798,809
798,823
798,1287
799,1322
799,1009
799,825
800,976
800,985
800,1157
800,1040
800,1323
800,1045
800,827
801,1324
801,972
801,805
801,803
801,807
801,1325
801,1326
801,1287
802,1066
802,970
802,1073
802,829
802,830
802,1327
802,855
802,1055
802,1002
802,973
802,974
802,1328
802,1329
803,830
803,972
803,1352
803,855
803,990
803,978
803,985
803,987
803,991
803,992
803,994
803,1009
803,947
803,1018
803,1028
803,1032
803,1040
803,1291
803,1061
803,843
803,1326
803,1237
803,1045
803,1046
803,1353
803,1051
803,1053
804,1389
804,1305
804,829
804,1011
804,997
804,830
804,972
804,990
804,998
804,805
804,807
804,1022
804,1092
804,1049
804,1093
805,1305
805,829
805,1011
805,877
805,830
805,1297
805,1293
805,1326
806,1383
806,1115
806,1220
806,1073
806,1000
806,833
806,1002
806,1999
806,1294
806,1014
806,1024
806,1224
806,1261
806,1711
806,1084
806,1286
807,1389
807,1305
807,829
807,997
807,830
807,972
807,2114
807,990
807,998
807,987
807,1092
807,1068
807,1020
807,1022
807,1049
808,832
808,1109
808,809
809,1078
809,1267
809,832
809,963
809,835
809,1002
809,836
809,1315
809,1118
809,1119
809,988
809,898
809,1132
809,838
809,839
809,853
809,962
809,1261
809,1120
809,840
809,1291
809,841
809,964
809,843
809,844
810,1491
810,2241
810,1981
810,1978
810,1979
810,1234
810,950
811,1917
811,830
811,972
811,1918
811,855
811,1890
811,973
811,1922
812,1324
812,830
812,1059
813,1742
813,1003
813,1298
813,1116
813,830
813,1117
813,1010
813,1079
813,1007
813,1036
813,985
813,1081
813,816
814,1076
814,2902
814,1293
814,1077
814,1035
814,1040
814,1045
815,1295
815,1710
815,1116
815,1077
816,1742
816,1003
816,1298
816,1116
816,1117
816,1067
816,977
816,978
816,1018
816,1019
816,1081
816,1023
816,817
816,2118
816,1226
816,1237
817,855
817,1079
817,1293
817,1067
817,979
817,1018
817,1019
817,1081
818,2924
818,829
818,830
818,1025
818,834
818,2925
818,1033
818,838
818,1068
818,1280
818,1299
819,1096
819,877
819,1622
820,833
820,846
820,1070
820,2961
820,1238
821,2061
821,1192
821,2072
821,2986
821,2763
821,2060
821,1186
821,2975
822,1300
822,830
822,1293
823,1036
823,1006
823,898
823,2694
823,1401
824,1271
824,995
824,1220
824,1099
824,829
824,1116
824,831
824,1117
824,846
824,834
826,1383
826,1710
826,2117
827,1122
827,947
827,985
827,977
828,980
828,1096
828,835
828,1097
828,1098
829,995
829,1099
829,1100
829,831
829,834
829,976
829,982
829,1101
829,987
829,990
829,998
829,1003
829,1005
829,1008
829,947
829,1019
829,1022
829,1102
829,1028
829,1031
829,1032
829,1103
829,842
829,1063
829,1049
829,1104
829,1105
830,1066
830,970
830,972
830,855
830,834
830,971
830,973
830,974
830,975
830,978
830,979
830,982
830,984
830,985
830,1067
830,986
830,988
830,990
830,1068
830,991
830,993
830,994
830,998
830,1069
830,999
830,1000
830,1001
830,1006
830,1007
830,1008
830,963
830,1009
830,1010
830,947
830,849
830,1013
830,1070
830,1014
830,1015
830,1016
830,1018
830,1019
830,1020
830,1021
830,1022
830,1023
830,838
830,1028
830,1030
830,1031
830,1032
830,1033
830,1035
830,1036
830,1041
830,1071
830,1047
830,1048
830,1049
830,1072
830,1050
830,1052
830,1053
831,995
831,834
831,1101
831,987
831,963
831,1102
831,1028
831,1103
831,1106
831,841
831,1107
831,1108
832,996
832,1109
832,837
832,838
832,1110
832,1111
832,1086
832,964
832,1112
832,1113
832,1114
833,961
833,877
833,846
833,962
833,963
833,848
833,849
833,850
833,838
833,839
833,964
833,842
833,843
833,881
834,995
834,980
834,1115
834,1073
834,997
834,1116
834,1117
834,1000
834,1001
834,987
834,1028
834,1032
834,969
834,1063
835,1750
835,1078
835,1314
835,1073
835,963
835,962
835,836
835,837
835,838
835,840
835,843
835,844
835,1751
836,1078
836,963
836,1315
836,1118
836,838
836,839
836,843
836,844
836,1752
837,2042
837,1462
837,1628
837,2043
838,1314
838,1073
838,972
838,855
838,963
838,1315
838,1118
838,1261
838,1120
838,841
838,843
839,2308
839,963
839,1315
839,1118
839,1753
840,963
840,1315
840,1006
840,1118
840,1753
840,1031
840,1120
840,841
840,843
841,1383
841,963
841,1315
841,1118
841,987
841,2792
841,1107
841,1291
841,842
841,843
841,2487
842,995
842,1086
842,987
842,968
842,1032
842,978
842,964
843,995
843,1078
843,1314
843,963
843,1315
843,1118
843,987
843,1041
843,844
843,978
843,964
844,1078
844,951
844,1094
844,963
844,1222
844,905
844,923
845,852
845,847
845,903
845,965
845,966
845,854
846,848
846,849
846,967
846,968
846,969
847,857
847,902
847,878
847,861
847,863
848,877
848,1010
848,1079
848,1013
848,1006
848,850
848,849
848,1121
848,1745
849,877
849,1575
849,1112
850,961
851,877
851,949
851,954
851,895
851,2238
851,917
851,884
851,918
851,885
851,920
851,896
851,897
851,886
852,957
852,958
852,959
852,960
854,1620
854,1271
854,1096
854,1331
854,1017
854,963
854,1629
854,1222
854,1109
855,1066
855,970
855,1073
855,1074
855,972
855,971
855,973
855,974
855,975
855,978
855,979
855,982
855,984
855,985
855,986
855,987
855,991
855,992
855,993
855,994
855,999
855,1007
855,1008
855,963
855,1009
855,947
855,1015
855,1016
855,1018
855,1019
855,1020
855,1021
855,1023
855,1030
855,1031
855,1032
855,1035
855,1061
855,1043
855,1048
855,1075
855,1053
856,904
856,915
856,1234
856,905
857,878
857,887
859,902
859,861
859,863
860,2268
860,2262
861,902
861,878
862,2881
862,872
863,887
863,902
863,878
863,864
864,927
864,1288
865,1811
865,921
865,1874
865,867
865,1884
865,1876
865,869
867,1811
867,1874
867,869
868,927
868,1678
869,2136
869,2554
869,1511
869,1529
869,1874
869,1504
869,1497
869,1507
869,1288
870,888
871,889
871,890
872,1784
872,1437
872,1785
872,889
873,2434
873,1849
874,927
874,921
875,2692
875,2149
875,2151
877,894
877,884
877,895
877,896
877,897
877,886
877,898
877,899
878,900
878,901
878,902
878,903
879,904
879,905
879,906
879,907
879,908
879,909
879,910
879,911
879,912
880,927
880,928
880,929
880,902
880,930
880,931
881,895
881,917
881,918
881,885
882,948
882,921
882,949
882,950
883,951
883,896
883,893
883,886
883,952
883,953
884,954
884,895
884,917
884,955
884,885
884,920
884,896
884,956
884,886
885,895
885,917
885,918
885,956
886,954
886,895
886,955
886,896
886,897
887,952
889,1809
891,1436
891,1437
891,892
892,1437
892,923
893,951
893,896
894,1927
895,917
895,918
895,1833
895,920
895,896
895,956
895,897
895,1834
896,954
896,917
896,918
896,920
896,956
896,897
897,917
897,918
897,920
898,1301
898,1110
898,1119
898,1753
898,2305
898,1321
898,2306
899,914
899,1085
899,1751
900,1944
900,1945
900,1946
900,1947
900,1948
900,1949
901,1939
903,1542
903,1543
903,942
903,1544
903,1545
904,915
904,1364
904,1365
904,1264
904,912
905,906
905,915
905,1054
905,1264
905,909
906,910
907,909
907,1539
907,1540
907,1541
907,912
908,2119
908,1950
908,1952
908,1672
908,1951
908,911
909,2476
910,2482
910,1149
910,915
910,2477
913,916
914,916
914,1538
915,1364
915,1365
915,1264
916,2475
917,1835
917,1836
917,918
917,920
917,956
917,1800
918,1255
918,920
918,956
918,1832
919,1789
919,1504
919,1497
919,1930
919,1523
919,922
919,1520
920,1858
920,956
921,927
921,2136
921,1874
922,1892
922,2352
922,1789
922,955
922,1894
922,2205
922,2353
922,1523
922,1895
922,1555
922,1148
923,2814
923,2815
925,1152
925,1263
926,1089
927,1288
927,1512
927,1856
927,1858
927,1859
927,1860
927,1861
927,1862
928,930
928,1945
928,1986
929,1096
929,1646
930,1987
930,931
930,1986
930,933
931,1945
931,1986
932,2035
933,2017
933,2991
933,2018
934,1407
934,1408
934,940
934,1410
934,1409
934,1411
934,1412
936,1670
936,1666
936,1671
936,1672
936,1364
936,1673
936,1674
937,1950
937,1946
939,1956
939,1957
940,1408
940,1410
940,1409
940,1214
941,2126
941,1672
941,2120
942,1672
942,1951
942,2123
942,2124
942,2127
942,2125
944,2998
944,1134
947,972
947,971
947,1009
947,1225
947,1051
949,2239
949,952
949,2240
950,1491
950,2241
950,1981
950,1057
950,1979
950,2403
951,1325
951,952
951,2036
951,953
952,2811
954,956
956,1491
956,1784
956,1800
956,1932
958,1942
958,1543
958,2882
959,1987
959,1763
959,2693
960,1942
961,1765
961,1766
962,1266
962,1267
962,1314
962,976
962,963
962,1315
962,1118
962,983
962,1261
962,964
963,972
963,1118
963,1119
963,1132
963,964
964,1078
964,1118
964,1132
964,1109
964,1920
964,1107
964,1019
966,1620
966,1331
966,1017
966,1629
968,969
969,1271
969,1116
969,1117
969,1278
969,1056
969,1109
969,989
969,1333
969,1031
969,1032
969,1045
970,973
970,985
970,1068
970,1019
970,1021
970,1031
970,1033
970,1061
970,1219
970,1053
971,1220
971,972
971,973
971,1221
971,1222
971,1188
971,1068
971,994
971,1223
971,1021
971,1224
971,1225
971,1226
971,1227
971,1033
971,1043
971,1077
971,1044
971,1228
971,1071
971,1229
971,1065
971,1230
971,1053
972,973
972,974
972,975
972,978
972,982
972,984
972,985
972,986
972,991
972,992
972,994
972,998
972,1007
972,1008
972,1009
972,1015
972,1018
972,1019
972,1021
972,1022
972,1023
972,1030
972,1033
972,1035
972,1048
972,1049
972,1233
972,1053
973,974
973,975
973,1054
973,978
973,979
973,1222
973,984
973,985
973,986
973,1188
973,1068
973,991
973,993
973,994
973,1223
973,1234
973,999
973,1006
973,1235
973,1015
973,1016
973,1018
973,1019
973,1020
973,1021
973,1023
973,1224
973,1028
973,1030
973,1031
973,1227
973,1033
973,1035
973,1236
973,1040
973,1237
973,1045
973,1047
973,1238
973,1229
973,1065
973,1239
973,1053
974,994
974,975
974,979
974,1222
974,985
974,993
974,1224
974,1053
975,1240
975,1055
975,998
975,994
975,1019
975,1049
975,1241
976,980
976,1122
976,1265
976,1266
976,1267
976,1100
976,1063
977,1282
977,1020
977,1283
977,1022
977,1023
977,1224
977,1028
977,1032
977,1040
977,1284
977,1061
977,1084
977,1285
977,1280
977,1045
977,1048
977,1049
977,1053
977,1286
977,1287
978,1073
978,990
978,985
978,1068
978,991
978,992
978,1288
978,1282
978,1020
978,1022
978,1023
978,1289
978,1290
978,1224
978,1028
978,1040
978,1291
978,1284
978,1061
978,1084
978,1285
978,1237
978,1045
978,1049
978,1053
978,1292
978,1286
978,1287
979,1293
979,1222
979,993
979,1294
979,1020
979,1022
979,1290
979,1224
979,1028
979,1236
979,1040
979,1291
979,1284
979,1061
979,1084
979,1285
979,1237
979,1280
979,1045
979,1049
979,1053
979,1286
979,1287
980,1295
980,1296
980,1066
980,1271
980,1100
980,1297
980,1116
980,1298
980,1005
980,1036
980,1037
980,1063
980,1232
980,1299
981,1117
981,1034
982,1300
982,1003
982,1116
982,1293
982,1008
982,1035
982,1040
982,1045
982,1046
983,1267
983,1067
984,1115
984,1000
984,1001
984,1002
984,990
984,999
984,1303
984,1304
984,1014
984,1016
985,1066
985,1055
985,994
985,989
985,992
985,1024
985,1105
985,1241
987,995
987,990
987,1028
987,1032
987,1103
987,1106
987,1291
988,1355
988,1272
988,1356
988,1115
988,1073
988,1000
988,1001
988,1010
988,1002
988,1279
988,1089
989,1271
989,1277
989,1278
989,1056
989,1024
990,1305
990,997
990,991
990,998
990,1360
990,1018
990,1019
990,1022
990,1092
990,1032
990,1049
990,1093
991,1283
991,1021
991,1018
991,1019
991,1032
992,1043
993,1083
993,1224
994,1240
994,1222
994,1019
994,1224
995,1099
995,1100
995,1116
995,1003
995,1028
995,1032
995,1063
995,1232
996,1078
996,1005
996,1086
996,1388
997,998
997,1022
997,1092
997,1049
997,1093
998,1305
998,1019
998,1022
998,1092
998,1049
999,1394
999,1073
999,1352
999,1000
999,1001
999,1002
999,1014
999,1016
999,1395
999,1061
999,1711
1000,1355
1000,1394
1000,1713
1000,1073
1000,1345
1000,1352
1000,1002
1000,1294
1000,1359
1000,1014
1000,1015
1000,1360
1000,1016
1000,1395
1000,1289
1000,1041
1000,1711
1000,1714
1001,1115
1001,1073
1001,1352
1001,1002
1001,1303
1001,1014
1001,1015
1001,1395
1001,1289
1001,1041
1001,1711
1002,1394
1002,1073
1002,1352
1002,1303
1002,1294
1002,1359
1002,1014
1002,1015
1002,1360
1002,1395
1002,1289
1002,1041
1002,1711
1002,1715
1003,1742
1003,1081
1003,1036
1004,1012
1004,1399
1004,1292
1005,1296
1005,1319
1006,1224
1006,1121
1006,1745
1007,1009
1007,1747
1008,1300
1008,1116
1008,1293
1009,1298
1010,1067
1010,1079
1010,1013
1010,1081
1010,1747
1010,1052
1011,1757
1012,1058
1012,1760
1012,1072
1012,1761
1012,1292
1012,1286
1013,1742
1013,1079
1013,1081
1013,1052
1014,1355
1014,1272
1014,1115
1014,1073
1014,1303
1014,1304
1014,1358
1014,1015
1014,1360
1014,1016
1014,1294
1014,1289
1014,1032
1014,1711
1015,1115
1015,1073
1015,1303
1015,1032
1015,1711
1016,1355
1016,1396
1016,1395
1016,1289
1016,1711
1016,1084
1017,1620
1017,1330
1017,1629
1017,1648
1017,1630
1018,1283
1018,1021
1018,1282
1018,1020
1018,1022
1018,1023
1018,1224
1018,1028
1018,1040
1018,1061
1018,1084
1018,1045
1018,1049
1018,1065
1018,1053
1018,1286
1018,1287
1019,1398
1019,1068
1019,1282
1019,1020
1019,2111
1019,1022
1019,1023
1019,1290
1019,1224
1019,1028
1019,1040
1019,1291
1019,1284
1019,1061
1019,1084
1019,1285
1019,1237
1019,1280
1019,1045
1019,1049
1019,1053
1019,1292
1019,1286
1019,1287
1020,1282
1020,2111
1020,1023
1020,1224
1020,1028
1020,1225
1020,1040
1020,1061
1020,1084
1020,1285
1020,1045
1020,1053
1020,1292
1020,1286
1021,1083
1021,1032
1021,1084
1021,1065
1022,1305
1022,1092
1022,2115
1022,2111
1022,1023
1022,1224
1022,1040
1022,1061
1022,1084
1022,1045
1022,1049
1022,1053
1022,1286
1023,2111
1023,1380
1023,1290
1023,1224
1023,1040
1023,1061
1023,1084
1023,1285
1023,1045
1023,1329
1023,1053
1023,1292
1023,1286
1024,1274
1024,1223
1024,1332
1024,1700
1024,1704
1024,2032
1024,2112
1024,1329
1025,1117
1025,1890
1025,1063
1025,2246
1025,2255
1028,2572
1028,1224
1029,2333
1030,1066
1031,1327
1031,1225
1032,1103
1032,2670
1032,1299
1033,1230
1035,1300
1035,1116
1035,1293
1035,1081
1035,1239
1036,1298
1037,1382
1037,1271
1037,1383
1037,1078
1037,1710
1037,1385
1037,1099
1037,1100
1037,1116
1037,1337
1037,1293
1037,1038
1038,1382
1038,1271
1038,1383
1038,1078
1038,1710
1038,1385
1038,1099
1038,1100
1038,1116
1038,1337
1038,1293
1038,1464
1039,1305
1039,2791
1040,1076
1040,1106
1040,1288
1040,1839
1040,1291
1040,1284
1040,1224
1040,1061
1040,1045
1041,1272
1041,1356
1041,1073
1042,1046
1043,1397
1043,1398
1043,1283
1044,2488
1045,1076
1045,1106
1045,1288
1045,1839
1045,1291
1045,1284
1045,1224
1045,1061
1045,1120
1045,1290
1045,1237
1046,1362
1046,1051
1046,1287
1047,1977
1048,1321
1049,2974
1049,1305
1049,1055
1049,1072
1049,1092
1049,2115
1050,1116
1050,1117
1051,1287
1053,1055
1053,1061
1054,1254
1056,1116
1056,1744
1056,1105
1057,1981
1057,1978
1057,1189
1057,1982
1058,1073
1058,2000
1058,1360
1060,1224
1061,1344
1061,1084
1061,1285
1063,1295
1063,1381
1063,1382
1063,1271
1063,1383
1063,1384
1063,1078
1063,1385
1063,1099
1063,1386
1063,1387
1063,1314
1063,1100
1063,1116
1063,1117
1063,1293
1063,2926
1064,2272
1065,1344
1065,1273
1066,1369
1067,1081
1068,1298
1069,1612
1069,1613
1069,1223
1069,1611
1069,1132
1069,1112
1070,1295
1070,1979
1070,1706
1070,1980
1071,1305
1071,1228
1072,1383
1072,1394
1073,1355
1073,1272
1073,1356
1073,1115
1073,1279
1073,1358
1073,1294
1073,1359
1073,1360
1073,1289
1074,1390
1074,1391
1074,1392
1074,1393
1075,1358
1075,1714
1075,1359
1077,1396
1078,1100
1078,1111
1078,1086
1078,1767
1078,1768
1079,1081
1079,1929
1081,1268
1081,2771
1081,1293
1082,1750
1082,2973
1083,1283
1084,1283
1085,1625
1086,1098
1087,2006
1087,1321
1088,2935
1091,2340
1091,2483
1091,2991
1091,2990
1094,2812
1094,2813
1096,1633
1096,1622
1096,1634
1096,1098
1097,2607
1098,1622
1098,1110
1099,1100
1099,1380
1099,1232
1100,1295
1100,1381
1100,1382
1100,1271
1100,1383
1100,1384
1100,1385
1100,1386
1100,1387
1100,1314
1102,1300
1102,1293
1103,1744
1105,1116
1105,1277
1105,1278
1106,1281
1108,1300
1108,1293
1109,1315
1109,1333
1109,1120
1109,1111
1109,1114
1111,1271
1112,1612
1112,1132
1112,1616
1114,1348
1115,1303
1116,1709
1116,1382
1116,1271
1116,1383
1116,1710
1116,1385
1116,1293
1116,1117
1116,1280
1117,1280
1118,1315
1118,1753
1118,1120
1119,1751
1120,1315
1121,1745
1122,1221
1123,1124
1124,1125
1124,1126
1124,1127
1124,1128
1125,2220
1125,2221
1125,2219
1125,1827
1125,2222
1127,2224
1127,1474
1128,1136
1128,1820
1128,2865
1128,1474
1129,1130
1130,1131
1130,1132
1130,1133
1130,1134
1131,1992
1132,2307
1133,1134
1134,2585
1135,1136
1135,1137
1135,1138
1135,1139
1136,1140
1136,1141
1136,1142
1136,1143
1136,1144
1136,1145
1136,1146
1136,1147
1137,1148
1138,1149
1138,1139
1138,1150
1138,1151
1138,1152
1138,1153
1138,1146
1138,1154
1138,1155
1138,1156
1139,1149
1139,1157
1139,1158
1139,1159
1139,1160
1139,1161
1139,1154
1140,2025
1140,1141
1141,1475
1141,2025
1141,2148
1141,1473
1141,1478
1141,2026
1142,1804
1142,1805
1142,1839
1142,1145
1142,1147
1143,2126
1143,1825
1143,1474
1144,1145
1145,1162
1145,1146
1145,2633
1145,1804
1146,1818
1146,1819
1146,1162
1146,1474
1146,2867
1146,2945
1147,1805
1148,1521
1149,1162
1149,1163
1149,1164
1152,2704
1154,1307
1154,1309
1154,2823
1154,1157
1154,1159
1155,2910
1156,1871
1156,2091
1157,1306
1157,1307
1157,1308
1157,1309
1157,1310
1157,1311
1157,1312
1157,1313
1158,2004
1159,1311
1159,1604
1160,1902
1161,2883
1163,2265
1165,1166
1165,1167
1165,1168
1166,1169
1166,1168
1166,1170
1166,1171
1166,1172
1166,1173
1166,1174
1167,1168
1167,1170
1167,1175
1167,1171
1167,1173
1167,1174
1167,1176
1167,1177
1167,1178
1168,1179
1168,1174
1169,1180
1169,1171
1169,1172
1169,1174
1170,1171
1170,1180
1170,1175
1170,1173
1170,1684
1171,1688
1173,2093
1173,1174
1173,2435
1174,1244
1175,1681
1175,1685
1175,1180
1176,2502
1176,1688
1176,2072
1176,1197
1176,2069
1176,2070
1176,1202
1176,2088
1176,2066
1176,1212
1176,2089
1176,1218
1177,2632
1179,1181
1179,1182
1179,1183
1180,1681
1180,1682
1180,1251
1180,1683
1180,1680
1180,1253
1181,1182
1181,2044
1181,1733
1181,2049
1182,2051
1182,2052
1182,2053
1182,2054
1182,1996
1182,1183
1182,1823
1182,2046
1183,2453
1183,2716
1183,2922
1184,1185
1184,1186
1184,1187
1185,1191
1185,1187
1186,1192
1186,1193
1186,1194
1187,1195
1188,1348
1188,1277
1188,1354
1190,1219
1191,1196
1192,1197
1192,1198
1192,1199
1192,1200
1192,1201
1192,1202
1192,1203
1192,1204
1192,1205
1192,1194
1192,1206
1192,1207
1192,1208
1192,1209
1192,1210
1192,1211
1192,1212
1192,1213
1192,1214
1192,1215
1192,1216
1192,1217
1192,1218
1193,2081
1193,2560
1193,2608
1193,2611
1193,1205
1193,2567
1194,2416
1194,2684
1194,2685
1194,1391
1194,1718
1194,1393
1194,2884
1194,2763
1194,2281
1194,2467
1194,2686
1194,2292
1197,2061
1197,2063
1197,1199
1197,1204
1198,2062
1198,2060
1198,2064
1198,2082
1198,1199
1198,2683
1199,2061
1199,2684
1199,2685
1199,2060
1199,2075
1199,2683
1199,1215
1200,2277
1200,2713
1200,2281
1200,2324
1200,2288
1200,2714
1200,1208
1200,2715
1200,2325
1201,2324
1201,2717
1201,1208
1201,1213
1201,2325
1202,2502
1202,1562
1202,2060
1202,2088
1202,1584
1202,1218
1203,2699
1203,2763
1203,2300
1203,2288
1203,1206
1204,2061
1204,2817
1204,2277
1204,2062
1204,2063
1204,2818
1204,2542
1204,2079
1205,2836
1205,2837
1205,2838
1206,2277
1206,2288
1208,2277
1208,2716
1208,2713
1208,2281
1208,2657
1208,2060
1208,2717
1208,2324
1209,1688
1209,2079
1211,2502
1211,2503
1211,2066
1211,1584
1212,2061
1212,2502
1212,2062
1212,2063
1212,2074
1212,2060
1212,2078
1212,2088
1212,2075
1212,2070
1212,2507
1212,2066
1212,2071
1212,2065
1212,1584
1212,1218
1213,2073
1213,2502
1213,1530
1213,2062
1213,2063
1213,2075
1213,2070
1213,2507
1213,2066
1214,2958
1214,2066
1215,2061
1215,2063
1215,2075
1215,2507
1215,2071
1217,2573
1217,1594
1217,2169
1218,2061
1218,2502
1218,2063
1218,2072
1218,2088
1218,2075
1218,2071
1218,1435
1219,1999
1219,1229
1220,1221
1220,1231
1220,1232
1222,1293
1222,1234
1222,1302
1222,1241
1223,1348
1223,1273
1223,1275
1223,1224
1224,1397
1224,1398
1224,1283
1224,1293
1224,1234
1224,2112
1224,2113
1224,2115
1224,1236
1224,1285
1224,1239
1225,2405
1225,1648
1226,1277
1226,1744
1226,1227
1226,2115
1226,2118
1226,1280
1226,1464
1227,2118
1228,1348
1230,1275
1230,2274
1232,1382
1232,1383
1232,1384
1232,1385
1232,1386
1234,1706
1234,1235
1234,1236
1234,1707
1234,1708
1234,1238
1235,1706
1235,1236
1235,1708
1236,1979
1236,1706
1237,2118
1237,1280
1237,1336
1237,1380
1239,1293
1240,1397
1240,1398
1240,1283
1240,1399
1241,1701
1241,2405
1241,1330
1241,1700
1241,3000
1241,1302
1241,1399
1241,2112
1242,1243
1242,1244
1242,1245
1242,1246
1242,1247
1242,1248
1242,1249
1243,1245
1243,1247
1243,1248
1243,1249
1244,1246
1244,1248
1244,1249
1245,1246
1245,1247
1245,1248
1245,1249
1246,1247
1246,1248
1247,1250
1247,1248
1249,2440
1251,1681
1251,1253
1252,1785
1252,1846
1252,1847
1253,1681
1253,1689
1254,1255
1254,1256
1254,1257
1255,1257
1257,1258
1257,1259
1257,1260
1258,1262
1258,1263
1259,1260
1261,1267
1261,1315
1262,1366
1262,1367
1263,1366
1264,2020
1264,1939
1264,1406
1266,1267
1270,1316
1270,1317
1270,1297
1270,1318
1270,1319
1270,1320
1270,1321
1271,1277
1271,1330
1271,1331
1271,1332
1271,1333
1271,1334
1271,1335
1271,1336
1271,1337
1271,1338
1271,1339
1271,1280
1271,1340
1271,1341
1271,1342
1272,1304
1272,1343
1273,1344
1273,1275
1273,1345
1274,1330
1274,1346
1275,1347
1275,1286
1277,1348
1277,1349
1278,1350
1278,1351
1279,1357
1280,1348
1280,2118
1280,1464
1281,2000
1281,2906
1282,2111
1283,1397
1283,1398
1283,2112
1283,2113
1286,2925
1289,2493
1290,2537
1290,1806
1293,1300
1293,1336
1293,1361
1293,1362
1294,1359
1295,1379
1297,1384
1297,1319
1299,2630
1300,1361
1300,1362
1301,1316
1301,1317
1301,1401
1301,1743
1302,1699
1302,1700
1303,1358
1304,1746
1304,1343
1305,1461
1305,1665
1306,1309
1306,1370
1307,1371
1307,1309
1307,1372
1307,1373
1307,1374
1308,1310
1308,1375
1308,1376
1308,1377
1309,1378
1309,1313
1311,1516
1312,1775
1312,2826
1312,2827
1312,2487
1313,2586
1313,3011
1314,1747
1315,1751
1315,1752
1316,1401
1316,1403
1317,1318
1317,1320
1317,1321
1318,1320
1320,1321
1321,2695
1321,2252
1321,1489
1321,1624
1321,2305
1323,2477
1323,1806
1324,1754
1327,1755
1327,1756
1328,1383
1329,1398
1329,2112
1329,2115
1330,1702
1330,1331
1330,1699
1330,1703
1330,1332
1330,1704
1330,1333
1330,1648
1330,1435
1330,1339
1330,1705
1332,1333
1332,1339
1333,1334
1333,1704
1333,1336
1339,2886
1339,1816
1340,2794
1341,1342
1342,1348
1343,1746
1345,1713
1346,2085
1348,1461
1348,1462
1348,1463
1348,1464
1350,2833
1350,2834
1350,2835
1352,1394
1352,1395
1352,1396
1354,2757
1355,1360
1356,1716
1357,1561
1357,1567
1357,1563
1357,1559
1357,1585
1357,1566
1357,1577
1360,1395
1363,2948
1364,2129
1364,2130
1364,1365
1364,1671
1364,1939
1364,2128
1364,1406
1365,2133
1366,2880
1367,1484
1369,1547
1369,1553
1370,2822
1370,2393
1371,1372
1372,2273
1372,1374
1373,2885
1374,2273
1374,2323
1378,2944
1381,1767
1381,1768
1383,1758
1383,1759
1386,2462
1387,2463
1390,1717
1390,1718
1390,1571
1390,1719
1390,1720
1390,1721
1390,1722
1390,1723
1390,1393
1390,1724
1390,1725
1390,1726
1390,1727
1390,1728
1390,1729
1390,1730
1390,1488
1390,1441
1391,1392
1391,1718
1391,1731
1392,1718
1392,2467
1392,2468
1392,2469
1392,2470
1392,2471
1392,1731
1393,1718
1394,1396
1394,1711
1394,1712
1395,1396
1397,1398
1397,2112
1398,2112
1398,2113
1400,2199
1404,2877
1404,2261
1405,1406
1406,1943
1406,1939
1407,1408
1407,1409
1408,1413
1408,1410
1408,1409
1408,1412
1409,1412
1410,1414
1412,1413
1414,2346
1415,1416
1418,1419
1418,1421
1419,1421
1420,1428
1420,1429
1420,1421
1420,1422
1420,1423
1421,1891
1421,1624
1421,1423
1422,1428
1422,2678
1422,1429
1422,2770
1422,1423
1423,1428
1423,2678
1423,1705
1423,1429
1423,2770
1425,1430
1428,1433
1430,1435
1433,2924
1437,1801
1437,1802
1437,1803
1438,1439
1438,1440
1438,1441
1439,2979
1439,2981
1440,2979
1441,2361
1443,1444
1443,1445
1443,1446
1444,1446
1445,1448
1445,1446
1446,1449
1447,1450
1450,1456
1451,1452
1451,1453
1451,1454
1453,1987
1455,1456
1455,1457
1455,1458
1455,1459
1455,1460
1456,1457
1457,1458
1457,1460
1459,1674
1459,1460
1460,1674
1462,1463
1462,2042
1462,2043
1464,2118
1466,1468
1468,1668
1468,1760
1468,2533
1468,1761
1469,1470
1470,2774
1470,2702
1471,1495
1472,1473
1472,1474
1473,1475
1473,1476
1473,1474
1473,1477
1474,1818
1474,1819
1474,2149
1474,1880
1474,1495
1474,1496
1474,1493
1474,2221
1475,1478
1475,1479
1475,1477
1476,1478
1477,2038
1477,1774
1477,1479
1477,1478
1477,1776
1478,1810
1479,2571
1480,1481
1481,2102
1481,2103
1481,2104
1481,2105
1481,2106
1482,1483
1482,1484
1482,1485
1482,1486
1483,1774
1483,1484
1483,1485
1484,1485
1484,1486
1490,1491
1491,2241
1491,1800
1491,2242
1491,2227
1494,1496
1494,1497
1494,1498
1494,1510
1494,1502
1495,1511
1495,1504
1495,1497
1495,1506
1495,1499
1495,1500
1496,1498
1496,1505
1496,1520
1496,1508
1496,1499
1497,1529
1497,1504
1497,1505
1497,1506
1497,1520
1497,1500
1497,1521
1499,1508
1500,1511
1500,1504
1500,1506
1503,1516
1503,1517
1503,1518
1504,1519
1504,1505
1504,1506
1504,1520
1504,1521
1506,1511
1506,1529
1506,1513
1507,2749
1507,2136
1507,2135
1507,2145
1509,2942
1511,1512
1511,1513
1511,1514
1513,1529
1513,2556
1515,1522
1515,1523
1516,1517
1516,1524
1516,1525
1516,1526
1516,1527
1516,1528
1518,2399
1518,2313
1518,2369
1520,1892
1520,1523
1520,2351
1521,2554
1522,1679
1523,1892
1523,1894
1523,1930
1523,1895
1523,2351
1523,2192
1523,1555
1524,1525
1524,2554
1525,2554
1526,2475
1526,2391
1529,1933
1530,2437
1532,2636
1532,2637
1533,1534
1534,2085
1534,1688
1534,1935
1534,2599
1534,1685
1534,1692
1534,2600
1534,1691
1534,1690
1534,1684
1534,2943
1537,2042
1537,1628
1537,2043
1539,2678
1543,1647
1543,1650
1543,1545
1544,2868
1545,1942
1545,1650
1545,2122
1546,1547
1547,1548
1547,1549
1547,1550
1547,1551
1547,1552
1547,1553
1548,1643
1548,1644
1548,1645
1549,1550
1549,2558
1551,1990
1551,1991
1553,1763
1554,1555
1555,1892
1555,1774
1555,2187
1555,1896
1555,2192
1556,1557
1557,1558
1557,1559
1557,1560
1558,1559
1558,1560
1558,1561
1558,1562
1558,1563
1558,1564
1558,1565
1558,1566
1558,1567
1558,1568
1558,1569
1558,1570
1558,1571
1558,1572
1558,1573
1558,1574
1558,1575
1558,1576
1558,1577
1558,1578
1558,1579
1558,1580
1558,1581
1558,1582
1558,1583
1558,1584
1558,1585
1558,1586
1558,1587
1558,1588
1558,1589
1558,1590
1558,1591
1558,1592
1559,1561
1559,1562
1559,1563
1559,1566
1559,1568
1559,1572
1559,1574
1559,1575
1559,1576
1559,1577
1559,1581
1559,1584
1559,1585
1559,1587
1559,1588
1559,1589
1559,1590
1559,1592
1560,1561
1560,1593
1561,1562
1561,1563
1561,1566
1561,1568
1561,1571
1561,1573
1561,1574
1561,1575
1561,1576
1561,1577
1561,1580
1561,1581
1561,1583
1561,1584
1561,1585
1561,1586
1561,1587
1561,1588
1561,1589
1561,1590
1561,1592
1562,1594
1562,1563
1562,1573
1562,1581
1562,1588
1563,1566
1563,1571
1563,1573
1563,1574
1563,1578
1563,1580
1563,1581
1563,1583
1563,1585
1563,1586
1563,1588
1564,2253
1565,2381
1565,2366
1565,2375
1565,2002
1565,2382
1565,2312
1565,2372
1565,2383
1565,1572
1565,2313
1565,2373
1565,2379
1565,2384
1565,2385
1565,2380
1565,2386
1565,2387
1565,2388
1565,2389
1565,2390
1565,1592
1565,2391
1566,1567
1566,1568
1566,1575
1567,1569
1567,1586
1568,1575
1568,1577
1569,2512
1569,2513
1569,1586
1570,2588
1570,1575
1570,1577
1570,1578
1570,1579
1570,1580
1570,1583
1570,2589
1570,1589
1570,1590
1571,2597
1571,2598
1572,2311
1572,2002
1572,2312
1572,2388
1572,1592
1573,2057
1574,2361
1574,2313
1574,2369
1574,2708
1574,2370
1576,2253
1577,2253
1578,1580
1578,2253
1579,2253
1580,1583
1581,1584
1582,2028
1584,2502
1584,2063
1584,2066
1585,2870
1589,1590
1592,2312
1593,1595
1594,2168
1594,2169
1594,2170
1594,2089
1594,2171
1595,2870
1595,2871
1596,1600
1601,1602
1602,1604
1602,1605
1603,1607
1603,1608
1604,1813
1609,2508
1609,2540
1611,1612
1611,1613
1611,1614
1611,1615
1612,1613
1612,1614
1612,1616
1613,1617
1613,1618
1613,1614
1613,1616
1613,1619
1615,1623
1615,1626
1615,1616
1615,1627
1615,1628
1617,1618
1617,1621
1619,2779
1620,1632
1620,1629
1620,1630
1620,1631
1622,1634
1623,1635
1623,1639
1623,1624
1623,1637
1623,1640
1624,1635
1624,1641
1624,1639
1624,1642
1624,1637
1625,1626
1625,1628
1626,1642
1626,1628
1628,2851
1628,2042
1628,1642
1629,1630
1632,1699
1632,1649
1633,1647
1633,1648
1633,1649
1633,1650
1635,1639
1635,1637
1635,1651
1636,1652
1637,1639
1637,1642
1637,1640
1638,1639
1638,1640
1639,1640
1641,1653
1641,1654
1642,1656
1642,1657
1642,1658
1642,1659
1646,1877
1647,2005
1647,1650
1648,2407
1656,1889
1656,1822
1656,2851
1656,1891
1656,2852
1656,1657
1656,1659
1656,2964
1657,1889
1657,1822
1657,1891
1657,1659
1657,2964
1658,2793
1659,2964
1660,1661
1661,1662
1661,1663
1661,1664
1662,2338
1663,2448
1663,2863
1665,2985
1666,1667
1667,2731
1667,1668
1667,1760
1667,2533
1667,2823
1667,1761
1668,2731
1668,2730
1668,1761
1669,2485
1670,1673
1670,1675
1670,1676
1672,2119
1672,1950
1672,1952
1672,1951
1672,2122
1672,2123
1672,2127
1672,2125
1676,2401
1676,1984
1677,1678
1677,1679
1678,1679
1682,1683
1684,2085
1684,1688
1684,2433
1684,1685
1684,2929
1685,1689
1685,1690
1685,1691
1685,1692
1685,1693
1685,1694
1686,1687
1688,1871
1688,2085
1688,1837
1688,2063
1688,2070
1688,2086
1688,2087
1688,2088
1688,2089
1689,2085
1689,2528
1689,1964
1689,1841
1689,1966
1689,2437
1690,2087
1690,2599
1690,2600
1691,1694
1693,2458
1695,1696
1696,1818
1696,1819
1696,2633
1696,1880
1696,1883
1697,1698
1700,1701
1702,1704
1704,2258
1704,2259
1706,1977
1706,1978
1711,2493
1715,2893
1717,2448
1717,2449
1717,2450
1718,2467
1718,1731
1719,1720
1719,2099
1721,2786
1721,1722
1721,2787
1721,2513
1722,2786
1722,2787
1722,2513
1723,1730
1724,2028
1724,1727
1728,2997
1728,1731
1728,2028
1731,2468
1731,2469
1732,1733
1733,2044
1734,1735
1735,1736
1735,1737
1735,1738
1735,1739
1735,1740
1736,1741
1736,1737
1737,2892
1737,1738
1738,1740
1740,2574
1743,1856
1744,1762
1744,1763
1744,1764
1748,2928
1754,2675
1754,2673
1755,1756
1756,2147
1759,2117
1760,2498
1760,2533
1760,2534
1760,1861
1760,1761
1760,2535
1760,2536
1761,2535
1761,2536
1762,2558
1763,2968
1763,1987
1764,2968
1764,1987
1766,1830
1766,2854
1766,2914
1769,1770
1770,1771
1770,1772
1770,1773
1771,1772
1771,1774
1771,1775
1771,1776
1771,1777
1771,1778
1771,1779
1772,1774
1773,1780
1773,1781
1774,2186
1774,2173
1774,2187
1774,2188
1774,2189
1774,2190
1774,2191
1774,2192
1774,1776
1774,1777
1774,1778
1774,2193
1774,2194
1774,2195
1774,1907
1774,1908
1774,2196
1774,2197
1774,2182
1775,2530
1775,2487
1776,2038
1776,2178
1776,2789
1776,2192
1777,2038
1777,2178
1777,2789
1777,2798
1778,2232
1778,2712
1779,2917
1780,2710
1780,2709
1781,2173
1782,1783
1784,1800
1785,1807
1785,1808
1786,1797
1789,1812
1789,1813
1789,1800
1789,1814
1789,1815
1793,1821
1794,1822
1794,1823
1795,1818
1795,1819
1795,1825
1797,1827
1798,1828
1800,1814
1801,1830
1801,1803
1802,1831
1803,1905
1804,1824
1804,1838
1805,1839
1805,1840
1806,2477
1807,1841
1807,1842
1807,1843
1807,1844
1807,1845
1808,1848
1809,1815
1809,2969
1811,1874
1811,1875
1811,1876
1812,1892
1812,1932
1812,1893
1813,2205
1813,2207
1814,2243
1815,2423
1815,2969
1818,1819
1818,1825
1818,1879
1818,1880
1818,1881
1818,1882
1818,1883
1819,1880
1819,1881
1819,1882
1819,1883
1821,1886
1821,1867
1821,1887
1822,1888
1822,1889
1822,1890
1822,1891
1823,2638
1824,1856
1825,1879
1825,1897
1825,1898
1826,1899
1827,2219
1827,2220
1827,2221
1827,2223
1827,2222
1829,1900
1829,1901
1829,1902
1829,1903
1830,1904
1833,1835
1833,1851
1833,1836
1834,2422
1835,1836
1835,1850
1837,1852
1837,1853
1837,1854
1837,1855
1841,1842
1841,1863
1841,1844
1841,1864
1841,1865
1841,1866
1841,1867
1841,1868
1841,1869
1842,1870
1843,2428
1843,2427
1843,2429
1843,2430
1843,2431
1844,2525
1844,1935
1844,1863
1844,1864
1844,1870
1844,2435
1844,2439
1844,1865
1844,1936
1844,2437
1844,1869
1846,2110
1846,2104
1846,2109
1847,2635
1847,2427
1847,2732
1848,1871
1848,1872
1848,1873
1849,2434
1850,2677
1852,2328
1852,1853
1852,2317
1852,2321
1852,2322
1852,1855
1852,2329
1853,2328
1853,2332
1853,1855
1853,2329
1854,2085
1854,2092
1854,2093
1854,2654
1854,2748
1855,2328
1856,1885
1858,2150
1861,2263
1861,2266
1861,2496
1861,2530
1861,2498
1863,2437
1863,2435
1863,1865
1863,2441
1863,1868
1863,1869
1864,2437
1865,1870
1865,2441
1865,1869
1866,2527
1866,2437
1866,1867
1868,2525
1868,1870
1868,2441
1869,1935
1869,2441
1869,2435
1869,2943
1870,2525
1870,2526
1871,2090
1871,2075
1871,2091
1875,1884
1879,2888
1879,1897
1880,1883
1881,2126
1881,1882
1888,1890
1888,2461
1889,1891
1892,1930
1892,1893
1892,1894
1892,1895
1893,1930
1893,1895
1894,1895
1894,1896
1895,2355
1895,2466
1895,1899
1895,1896
1896,1900
1896,2187
1897,2527
1897,2591
1897,2888
1897,2595
1898,2888
1899,2352
1899,2356
1899,2357
1899,2569
1900,2570
1901,1902
1901,1903
1902,1903
1904,2987
1906,1907
1906,1908
1907,1908
1909,1910
1909,1911
1909,1912
1911,2557
1913,1914
1915,1916
1916,2164
1917,1918
1917,1921
1917,1922
1917,1923
1918,1922
1918,1924
1921,2627
1923,2019
1924,2658
1926,2658
1930,2136
1931,2978
1931,2904
1931,2668
1931,2930
1934,2402
1934,2403
1935,1936
1935,1937
1935,1938
1937,2943
1939,1942
1939,1943
1940,3004
1944,1946
1944,1949
1945,2005
1945,2009
1946,1950
1947,2410
1947,1948
1950,1952
1950,1951
1951,2119
1951,1952
1951,2123
1951,2125
1956,1957
1958,1959
1958,1960
1958,1961
1959,1962
1959,1963
1959,1964
1959,1965
1959,1966
1959,1967
1959,1968
1959,1969
1959,1970
1959,1971
1959,1972
1959,1973
1959,1974
1959,1975
1959,1976
1960,1966
1960,1968
1961,2963
1962,1964
1962,1963
1962,2152
1963,2153
1963,1965
1963,1968
1963,1969
1963,1970
1963,1973
1963,2156
1964,2157
1964,1965
1964,1966
1964,1968
1964,1969
1964,1970
1964,1971
1964,2158
1964,2154
1964,1973
1964,2159
1964,2160
1964,2161
1965,1966
1965,1967
1965,1968
1965,1969
1966,1967
1966,1968
1966,1969
1966,1973
1966,2160
1966,1974
1966,2634
1966,1976
1967,1970
1967,2635
1967,2634
1968,2160
1968,2634
1969,2635
1969,1973
1970,2102
1970,2636
1970,2153
1970,2154
1970,2155
1971,2158
1971,1973
1972,2839
1973,2899
1973,2157
1973,2427
1973,2158
1974,2619
1977,1978
1978,1979
1979,1983
1979,1984
1979,1985
1981,1982
1983,1984
1984,2401
1987,1988
1987,1989
1988,1990
1988,1991
1992,1993
1994,1995
1994,1996
1994,1997
1994,1998
1997,1998
2000,2646
2000,2650
2000,2647
2001,2002
2002,2312
2002,2379
2002,2380
2002,2386
2002,2387
2002,2390
2002,2391
2005,2009
2007,2008
2007,2010
2007,2011
2007,2012
2007,2013
2007,2014
2008,2010
2008,2011
2008,2015
2008,2012
2008,2013
2008,2016
2008,2014
2010,2011
2010,2015
2010,2012
2010,2013
2010,2016
2010,2014
2012,2013
2013,2768
2015,2016
2015,2618
2016,2743
2017,2018
2017,2020
2017,2021
2017,2022
2018,2020
2018,2023
2018,2022
2020,2128
2025,2026
2026,2182
2027,2028
2027,2029
2027,2030
2028,2894
2033,2805
2035,2703
2037,2038
2040,2041
2042,2043
2043,2460
2044,2050
2045,2750
2046,2050
2046,2453
2047,2716
2048,2050
2048,2184
2048,2193
2051,2055
2051,2052
2051,2056
2052,2055
2052,2549
2052,2551
2052,2548
2052,2543
2052,2545
2052,2546
2053,2056
2053,2553
2055,2547
2055,2548
2055,2543
2055,2546
2055,2549
2055,2550
2056,2543
2057,2058
2057,2059
2060,2061
2060,2062
2060,2063
2060,2064
2060,2065
2060,2066
2060,2067
2060,2068
2061,2062
2061,2063
2061,2069
2061,2070
2061,2071
2061,2072
2061,2073
2061,2074
2061,2075
2061,2076
2061,2077
2061,2066
2061,2078
2061,2079
2061,2068
2062,2080
2062,2081
2062,2064
2062,2082
2062,2065
2062,2066
2063,2071
2063,2074
2063,2075
2064,2082
2064,2065
2064,2066
2065,2884
2065,2082
2065,2067
2066,2502
2066,2169
2066,2078
2066,2088
2066,2075
2066,2070
2067,2300
2067,2075
2067,2517
2067,2324
2069,2502
2069,2503
2069,2070
2069,2071
2070,2505
2070,2073
2070,2502
2070,2086
2070,2074
2070,2503
2070,2071
2070,2506
2071,2507
2073,2505
2073,2086
2073,2509
2073,2510
2073,2511
2076,2699
2076,2288
2076,2516
2077,2089
2078,2089
2079,2502
2079,2277
2079,2507
2080,2083
2081,2084
2085,2092
2085,2093
2085,2094
2085,2095
2086,2505
2086,2509
2086,2511
2087,2093
2087,2596
2088,2502
2088,2503
2088,2504
2089,2502
2089,2817
2089,2168
2090,2152
2092,2166
2094,2853
2095,2916
2095,2342
2096,2097
2096,2098
2097,2098
2097,2099
2097,2100
2097,2101
2102,2105
2102,2107
2102,2108
2104,2105
2104,2106
2104,2109
2105,2106
2106,2109
2107,2108
2108,2899
2108,2971
2109,2193
2109,2726
2114,2116
2115,2117
2115,2118
2116,2405
2119,2122
2119,2123
2119,2124
2119,2125
2122,2123
2122,2127
2122,2125
2123,2641
2123,2124
2123,2127
2123,2125
2124,2125
2125,2641
2125,2127
2130,2132
2132,2847
2134,2135
2135,2136
2135,2137
2135,2138
2136,2145
2136,2138
2136,2146
2140,2141
2140,2143
2141,2147
2144,2557
2146,2491
2147,2919
2149,2151
2150,2255
2150,2256
2150,2257
2152,2153
2153,2154
2153,2155
2154,2157
2154,2158
2155,2636
2155,2156
2156,2672
2157,2228
2157,2158
2157,2161
2158,2228
2158,2161
2159,2528
2159,2947
2160,2427
2162,2163
2162,2164
2163,2165
2163,2166
2163,2167
2164,2653
2164,2654
2164,2655
2165,2225
2165,2226
2166,2960
2167,2753
2167,2800
2167,3002
2167,2404
2169,2418
2171,2950
2171,2995
2172,2173
2172,2174
2172,2175
2173,2176
2173,2177
2173,2178
2173,2179
2173,2180
2173,2181
2173,2175
2173,2182
2173,2183
2174,2175
2176,2178
2177,2184
2177,2185
2178,2180
2178,2183
2179,2183
2180,2187
2180,2192
2185,2709
2187,2419
2187,2420
2187,2192
2189,2682
2190,2233
2190,2712
2190,2191
2190,2234
2191,2783
2191,2782
2192,2423
2192,2196
2192,2788
2193,2725
2193,2722
2193,2727
2194,2712
2194,2789
2196,2423
2196,2788
2198,2199
2201,2202
2202,2203
2202,2204
2205,2206
2208,2209
2208,2210
2209,2211
2209,2210
2210,2211
2210,3008
2210,2391
2212,2213
2212,2214
2212,2215
2212,2216
2212,2217
2212,2218
2213,2711
2214,2215
2214,2217
2215,2736
2215,2216
2215,2217
2217,2736
2217,2555
2220,2221
2220,2222
2221,2224
2223,2348
2223,2473
2225,2226
2226,2846
2229,2230
2230,2231
2231,2343
2232,2233
2232,2234
2233,2235
2233,2236
2233,2237
2235,2236
2235,2972
2235,2496
2243,2627
2243,2980
2244,2245
2244,2246
2247,2248
2247,2249
2248,2249
2251,2252
2253,2820
2253,2821
2255,2629
2256,2678
2258,2259
2262,2263
2263,2264
2263,2265
2263,2266
2263,2267
2264,2265
2264,2266
2264,2496
2265,2266
2266,2267
2266,2497
2267,2496
2267,2497
2267,2707
2267,2500
2267,2890
2267,2891
2267,2501
2268,2269
2268,2270
2270,2954
2271,2272
2274,2275
2276,2277
2276,2278
2277,2279
2277,2280
2277,2281
2277,2282
2277,2283
2277,2284
2277,2285
2277,2286
2277,2287
2277,2288
2277,2289
2277,2290
2277,2291
2277,2292
2277,2293
2277,2294
2277,2295
2277,2296
2277,2297
2278,2298
2278,2299
2278,2300
2278,2301
2278,2302
2279,2288
2279,2289
2280,2281
2281,2287
2281,2289
2282,2719
2282,2283
2282,2284
2282,2285
2282,2294
2283,2719
2283,2284
2283,2285
2283,2286
2283,2294
2284,2719
2284,2285
2284,2286
2284,2294
2285,2286
2285,2294
2286,2294
2288,2289
2290,2291
2290,2295
2293,2908
2297,2976
2297,2514
2297,2515
2298,2303
2298,2304
2298,2301
2298,2302
2299,2514
2299,2515
2299,2300
2300,2516
2300,2517
2302,2515
2304,2959
2305,2695
2311,2312
2311,2313
2311,2314
2311,2315
2312,2375
2312,2381
2312,2372
2312,2383
2312,2373
2312,2385
2312,2389
2312,2400
2313,2399
2313,2369
2313,2388
2315,2399
2315,2369
2316,2317
2316,2318
2316,2319
2316,2320
2317,2321
2317,2318
2317,2319
2317,2322
2317,2320
2317,2323
2318,2324
2318,2325
2319,2326
2319,2320
2319,2327
2320,2321
2320,2322
2321,2322
2321,2329
2324,2716
2324,2713
2324,2717
2324,2718
2324,2715
2324,2325
2325,2716
2325,2713
2325,2717
2325,2715
2326,2330
2327,2377
2328,2331
2328,2332
2328,2329
2329,2331
2331,2520
2331,2522
2333,2335
2333,2338
2335,2336
2335,2338
2338,2604
2340,2341
2341,3012
2345,2346
2346,2347
2347,2799
2347,2800
2348,2349
2348,2350
2350,2473
2352,2354
2352,2355
2352,2356
2352,2357
2352,2358
2356,2357
2356,2358
2359,2360
2359,2361
2359,2362
2359,2363
2359,2364
2360,2365
2360,2362
2360,2363
2360,2366
2360,2364
2360,2367
2360,2368
2361,2369
2361,2370
2362,2366
2362,2371
2362,2363
2362,2364
2362,2372
2362,2373
2363,2364
2364,2366
2364,2372
2366,2374
2366,2375
2366,2372
2366,2376
2366,2377
2366,2378
2367,2376
2367,2393
2367,2688
2367,2689
2367,2394
2367,2690
2369,2708
2369,2370
2370,2912
2371,2379
2371,2380
2372,2381
2372,2382
2372,2383
2372,2375
2372,2373
2373,2381
2373,2382
2373,2375
2373,2379
2375,2381
2375,2382
2375,2383
2377,2378
2379,2384
2379,2588
2379,2385
2379,2380
2379,2386
2379,2855
2381,2382
2381,2383
2382,2399
2383,2456
2383,2385
2383,2388
2384,2386
2384,2855
2385,2588
2385,2855
2386,2855
2387,2859
2390,2577
2391,2577
2392,2393
2392,2394
2394,2688
2394,2689
2395,2396
2395,2397
2395,2398
2396,2448
2396,2451
2404,2405
2404,2406
2405,2407
2405,2408
2409,2729
2409,2730
2409,2593
2410,2411
2413,2414
2415,2416
2417,2418
2419,2421
2419,2420
2420,2421
2420,2422
2422,2423
2422,2424
2422,2425
2423,2790
2423,2424
2423,2788
2426,2427
2428,2432
2428,2430
2435,2436
2435,2437
2435,2438
2435,2439
2435,2440
2436,2442
2436,2437
2437,2439
2443,2444
2444,2445
2444,2446
2445,2447
2448,2449
2448,2451
2448,2452
2449,2451
2451,2452
2452,2829
2453,2454
2453,2455
2455,2923
2457,2458
2457,2459
2458,2460
2464,2465
2465,2983
2472,2476
2477,2478
2477,2479
2477,2480
2478,2479
2478,2481
2478,2480
2479,2481
2480,2951
2480,2481
2484,2485
2485,2486
2485,2487
2487,2823
2487,2824
2489,2490
2489,2491
2490,2491
2490,2492
2493,2494
2494,2495
2496,2498
2496,2499
2496,2500
2496,2497
2496,2501
2497,2889
2497,2890
2497,2501
2498,2530
2498,2531
2500,2889
2501,2681
2502,2504
2505,2509
2505,2510
2510,2808
2514,2515
2515,2516
2516,2759
2518,2705
2519,2520
2519,2521
2520,2521
2520,2522
2520,2523
2520,2524
2522,2830
2525,2526
2527,2590
2527,2591
2527,2593
2528,2665
2529,2631
2530,2532
2531,2535
2531,2536
2533,2731
2533,2730
2533,2732
2535,2536
2538,2539
2538,2540
2539,2541
2540,2542
2543,2544
2543,2545
2543,2546
2544,2546
2545,2546
2546,2549
2546,2548
2546,2552
2547,2548
2548,2549
2548,2552
2548,2550
2549,2552
2559,2560
2560,2561
2560,2562
2560,2563
2560,2564
2560,2565
2560,2566
2560,2567
2560,2568
2562,2660
2562,2661
2562,2563
2562,2662
2563,2662
2563,2664
2563,2568
2565,2755
2567,3003
2570,2571
2573,2574
2573,2575
2573,2576
2575,2832
2576,2606
2577,2578
2577,2579
2577,2580
2577,2581
2578,2579
2578,2582
2579,2580
2579,2903
2579,2582
2580,2581
2580,2582
2582,2994
2583,2584
2585,2932
2587,2588
2588,2589
2589,2913
2590,2591
2590,2592
2591,2594
2591,2595
2595,2888
2599,2600
2602,2775
2602,2776
2602,2777
2602,2778
2602,2779
2605,2606
2608,2609
2608,2610
2609,2612
2610,2613
2610,2611
2611,2615
2613,2614
2620,2621
2620,2622
2620,2623
2621,2622
2624,2625
2627,2628
2636,2637
2638,2639
2639,2659
2640,2641
2640,2642
2641,2642
2641,2643
2641,2644
2642,2743
2642,2644
2644,2743
2644,2741
2644,2907
2644,2744
2645,2646
2645,2647
2645,2648
2646,2649
2647,2651
2648,2651
2648,2906
2649,2651
2650,2696
2651,2906
2656,2657
2660,2661
2660,2663
2661,2663
2667,2668
2668,2669
2673,2674
2678,2679
2680,2681
2683,2714
2683,2772
2684,2685
2684,2686
2685,2686
2688,2689
2688,2690
2689,2933
2690,2874
2691,2692
2697,2698
2697,2699
2697,2700
2698,2700
2699,2701
2699,2700
2699,2702
2702,2941
2705,2706
2713,2715
2720,2721
2720,2722
2720,2723
2721,2722
2721,2723
2721,2724
2722,2725
2722,2723
2722,2726
2722,2727
2723,2725
2724,2796
2725,2728
2726,2727
2730,2731
2733,2734
2733,2735
2733,2736
2733,2737
2733,2738
2733,2739
2735,2737
2736,2920
2736,2737
2737,2738
2737,2920
2738,2739
2740,2741
2740,2742
2741,2743
2741,2742
2741,2744
2742,2743
2743,2744
2745,2746
2746,2747
2746,2748
2752,2753
2753,2754
2756,2757
2757,2862
2757,2970
2759,2764
2759,2765
2759,2766
2760,2761
2764,2765
2764,2766
2764,2857
2765,2857
2767,2768
2767,2769
2768,2769
2770,2807
2774,2878
2775,2779
2776,2777
2776,2780
2777,2780
2782,2783
2783,2784
2783,2785
2785,2999
2787,2845
2794,2795
2799,2800
2801,2802
2801,2803
2801,2804
2802,2803
2802,2938
2802,2804
2803,2938
2804,2938
2805,2806
2808,2809
2816,2955
2816,2956
2817,2819
2823,2824
2824,2825
2827,2828
2836,2838
2837,2838
2841,2844
2842,2843
2844,2910
2848,2849
2849,2850
2851,2852
2856,2897
2856,2898
2857,2858
2858,2859
2858,2860
2858,2861
2864,2865
2865,2866
2865,2867
2869,2870
2869,2871
2872,2873
2875,2876
2880,2881
2890,2921
2894,2895
2895,2896
2897,2898
2899,2900
2904,2905
2917,2918
2927,2977
2928,3007
2933,2934
2937,2939
2939,2965
2951,2952
2955,2962
2957,2958
2975,2976
2982,2983
2988,2989
2992,2993
3005,3006
