source,target
0,1
0,2
0,3
0,4
0,5
0,6
0,7
1,8
1,9
1,10
1,11
1,12
2,3
2,6
2,13
2,14
2,15
2,16
2,17
2,18
2,19
2,20
2,21
2,22
2,23
2,24
2,25
2,26
3,6
3,7
3,15
3,19
3,23
3,25
3,27
3,28
5,29
5,30
5,7
5,31
6,9
6,32
6,13
6,33
6,27
7,34
7,35
7,36
7,37
7,38
7,39
7,30
7,40
7,41
7,42
7,31
8,32
8,43
8,15
8,44
8,19
8,45
8,46
8,47
8,48
8,49
8,50
8,51
8,52
8,25
8,53
8,54
8,26
8,55
9,32
9,15
9,56
9,57
9,26
10,1361
11,32
11,1239
11,48
11,1723
11,406
11,2000
12,259
12,2583
13,61
13,62
13,34
13,33
13,63
13,19
13,64
13,65
13,25
13,53
13,66
13,67
13,68
14,43
14,136
14,177
14,178
14,179
14,180
14,181
14,182
14,183
14,184
14,185
14,186
14,187
15,757
15,758
15,510
15,429
15,759
15,760
15,761
15,727
15,698
15,762
15,32
15,763
15,764
15,765
15,133
15,134
15,723
15,59
15,511
15,75
15,766
15,201
15,143
15,767
15,374
15,375
15,204
15,583
15,41
15,465
15,768
15,769
15,106
15,47
15,22
15,84
15,49
15,88
15,770
15,52
15,771
15,546
15,93
15,772
15,773
15,774
15,775
15,55
17,508
17,759
17,41
17,696
17,399
17,1807
17,52
17,1808
18,508
18,1847
18,1849
18,625
19,61
19,62
19,32
19,365
19,75
19,33
19,79
19,1914
20,210
20,648
20,576
20,832
21,1396
21,1107
21,24
21,2106
21,26
21,1254
22,764
22,723
22,75
22,41
22,201
22,204
22,48
22,1392
22,550
23,2573
23,49
23,52
23,517
24,1295
24,949
24,648
24,576
24,607
24,573
24,298
24,1161
24,290
24,953
24,1892
24,295
24,1210
24,621
24,125
25,32
25,53
25,51
25,26
26,436
27,133
27,134
27,146
27,145
27,135
27,136
27,69
27,137
28,39
28,30
28,40
29,31
30,37
30,38
30,39
30,42
30,31
30,58
31,510
31,764
31,1818
31,1821
32,59
32,47
32,48
32,53
32,60
32,57
32,55
33,61
33,69
33,70
33,71
33,65
33,72
33,67
33,68
34,73
34,74
34,63
34,75
34,76
34,77
34,78
34,79
34,80
34,65
34,81
34,82
34,83
34,84
34,85
34,86
34,87
34,88
34,89
34,90
34,91
34,92
34,93
34,94
34,95
35,96
35,97
35,98
35,99
35,100
35,101
35,102
35,103
36,104
36,105
36,41
36,106
37,42
38,107
38,108
38,109
39,40
39,110
41,298
41,42
41,138
41,49
41,102
41,770
41,52
41,58
41,775
42,2364
43,258
43,259
43,220
43,222
43,260
44,758
44,1256
44,365
44,1255
44,767
44,769
44,1258
44,46
44,336
44,1262
44,1257
44,53
44,1054
44,54
45,73
45,1994
45,723
45,544
45,290
45,768
45,1528
45,125
45,548
45,1819
45,550
45,547
45,1995
45,1996
45,118
46,758
46,2228
46,1256
46,1258
46,53
47,75
47,400
47,336
47,48
48,1723
49,509
49,215
49,2573
49,2574
49,165
49,665
49,106
50,133
50,134
50,75
50,143
50,145
50,135
50,136
50,69
50,137
50,138
51,2296
51,201
51,273
51,2519
52,510
52,159
52,509
52,763
52,764
52,404
52,723
52,1818
52,512
52,1397
52,2331
52,1821
52,267
52,550
54,365
55,75
55,1215
56,1702
56,646
56,491
57,134
57,137
58,1625
58,1170
58,2569
58,293
58,99
58,59
58,1388
58,2570
58,298
58,1614
58,290
58,301
58,2568
58,1820
58,295
58,1814
58,2227
58,1809
58,669
58,2920
59,757
59,429
59,1820
59,1723
59,1532
59,1825
61,65
61,94
62,111
62,63
62,112
62,113
62,65
62,114
62,81
62,115
62,66
62,116
62,68
62,94
62,117
63,383
63,384
63,385
63,112
63,363
63,365
63,75
63,366
63,76
63,113
63,374
63,375
63,360
63,350
63,351
63,352
63,74
65,397
65,384
65,408
65,112
65,2522
65,75
65,2523
65,114
65,113
65,81
65,1455
65,360
65,79
65,351
65,336
66,720
66,512
66,113
66,2861
66,68
67,201
67,70
67,2888
68,111
68,112
68,113
68,2914
69,133
69,134
69,135
69,136
69,137
69,138
69,139
71,379
72,2136
73,118
74,349
74,350
74,351
74,352
74,353
74,354
74,355
74,356
74,357
74,358
75,397
75,352
75,354
75,360
75,374
75,375
75,376
75,77
75,377
75,398
75,399
75,79
75,125
75,336
75,400
75,84
75,88
75,369
75,92
75,93
75,370
75,401
75,371
75,378
75,95
76,363
76,352
76,356
76,358
76,381
76,382
76,336
76,392
76,390
76,95
77,403
77,404
77,365
77,376
77,354
77,87
77,88
77,405
78,1456
78,1454
78,1455
78,364
79,336
79,1257
79,401
82,1456
82,114
82,1460
83,282
83,2359
84,757
84,429
84,374
84,375
84,1723
84,2648
84,1398
85,384
85,419
86,2615
86,2742
86,389
86,91
86,2743
87,88
88,350
88,376
88,378
89,2469
89,90
90,1290
90,2469
91,2742
91,2743
92,384
92,349
92,363
92,374
92,375
92,360
92,350
92,351
92,352
92,353
92,410
92,356
92,1454
93,374
93,375
93,400
93,354
95,363
95,392
95,388
95,378
97,279
98,1744
98,149
98,1745
98,1746
99,2135
99,1899
99,2136
100,1162
100,228
100,215
100,230
100,171
100,231
100,165
100,2590
100,1249
100,2187
100,1497
100,234
100,162
100,554
100,250
102,510
102,1818
102,728
102,2710
104,119
104,120
104,121
104,122
104,123
104,124
104,125
104,126
104,127
104,128
104,129
104,130
104,131
104,132
105,697
105,726
105,733
105,734
105,727
105,698
105,723
105,544
105,699
105,735
105,583
105,736
105,737
105,106
105,738
105,309
105,719
105,197
106,697
106,726
106,727
106,698
106,952
106,585
106,738
106,583
106,569
106,729
106,2364
106,546
107,1367
107,108
108,1378
109,1378
110,590
111,114
111,115
111,116
113,117
114,384
114,2522
118,723
118,1396
118,1210
118,794
118,2003
118,1211
118,297
118,548
118,550
118,547
118,553
118,554
119,343
120,579
120,722
120,272
120,648
120,607
120,574
120,696
120,580
120,566
120,568
120,662
120,585
120,582
120,776
120,583
120,653
120,590
120,701
120,278
121,1473
121,1401
121,1395
121,902
121,943
121,1469
121,795
121,1483
121,946
121,127
121,1484
121,670
121,1485
122,1380
122,1802
122,126
122,130
123,668
123,1857
123,298
123,290
123,295
123,1502
123,1859
123,297
123,124
123,125
123,128
123,129
123,1505
123,788
123,131
123,701
124,1890
124,660
124,1857
124,1891
124,334
124,1892
124,299
124,1502
124,1859
124,297
124,314
124,128
125,723
125,298
125,290
125,295
125,1528
126,673
126,2409
126,130
127,1473
127,1395
127,1404
127,1860
128,209
128,211
128,1722
128,224
128,1502
129,334
129,298
129,290
129,295
129,1502
130,673
130,2409
131,668
131,343
131,298
131,290
131,295
131,1398
132,1487
132,1502
132,297
133,140
133,141
133,134
133,135
133,136
133,142
133,143
133,144
133,145
133,146
133,147
133,148
133,149
133,137
133,138
133,150
133,139
134,140
134,135
134,136
134,141
134,142
134,143
134,144
134,145
134,146
134,147
134,137
134,138
134,139
135,151
135,140
135,141
135,152
135,142
135,143
135,144
135,153
135,154
135,145
135,136
135,137
135,138
135,139
135,155
136,140
136,141
136,156
136,143
136,157
136,137
136,138
136,139
137,140
137,143
137,145
137,138
137,139
138,140
138,141
138,143
138,204
138,145
139,2875
139,2876
139,2877
140,141
140,143
140,144
140,145
140,146
140,149
141,158
141,142
141,143
141,144
141,145
141,146
142,144
142,164
143,144
143,145
143,146
144,151
144,161
144,152
144,165
144,153
144,154
144,162
144,166
144,163
145,146
145,147
145,176
146,195
148,1291
148,225
149,1674
149,695
149,279
150,1601
150,833
150,1141
150,950
150,951
150,572
150,912
150,838
150,836
150,612
150,867
150,814
150,914
150,628
150,631
151,159
151,160
152,161
152,153
152,162
152,163
153,161
153,167
153,168
153,162
153,163
154,169
154,170
154,171
154,172
154,173
154,174
154,175
154,166
155,170
155,892
155,2223
155,594
155,1547
155,617
155,1257
155,157
155,309
155,2321
156,188
156,189
156,190
156,191
156,192
156,193
156,194
156,195
156,196
156,197
157,198
157,199
157,200
157,201
157,202
157,203
157,204
158,205
158,206
158,207
158,208
160,228
160,2416
160,592
160,1793
161,167
161,209
161,210
161,211
161,212
161,213
161,214
161,215
161,216
161,217
161,218
161,219
161,220
161,221
161,222
161,223
161,224
161,225
161,226
161,163
161,227
162,228
162,171
162,172
162,175
162,163
163,2859
163,168
163,240
164,2478
164,2477
165,228
165,170
165,229
165,215
165,230
165,171
165,231
165,172
165,173
165,232
165,233
165,234
165,235
165,236
165,237
165,238
165,239
166,1785
166,1163
166,228
166,246
166,1786
166,1164
166,252
166,1247
166,1333
166,175
166,249
166,174
166,250
167,210
167,209
167,240
167,216
167,218
167,221
167,241
167,226
167,242
167,236
168,243
169,244
169,170
169,172
169,173
169,229
169,218
169,245
170,243
170,228
170,246
170,173
170,247
170,248
170,218
170,245
170,249
170,250
171,251
171,228
171,252
171,248
171,245
171,175
171,249
172,198
172,229
172,201
172,252
172,175
172,249
172,253
173,246
173,254
173,255
173,248
173,256
173,249
173,257
174,1785
174,1163
174,228
174,1786
174,1164
174,252
174,1247
174,175
174,1166
175,228
176,290
177,458
177,459
177,184
178,179
178,1449
179,1450
179,1451
179,1452
180,1276
180,1453
180,1449
181,663
181,1794
181,1795
181,1793
181,187
182,444
182,447
182,457
183,2827
183,633
186,1276
186,1279
186,1267
187,438
187,1272
187,439
187,440
187,442
187,443
187,1267
187,2554
187,448
187,1280
188,201
188,261
188,190
188,262
188,263
188,264
188,195
188,265
189,190
190,261
190,191
190,1331
190,265
191,192
191,195
192,1967
192,1331
192,193
192,194
192,195
193,262
193,2777
193,1000
193,290
193,295
193,2778
194,2778
195,264
196,1000
196,290
196,295
196,318
196,549
197,734
198,201
198,266
198,267
198,268
199,201
199,269
199,270
199,271
200,272
200,273
200,274
200,275
200,276
200,277
200,278
201,204
201,261
201,279
201,280
201,260
201,281
202,203
202,204
202,261
202,273
202,282
203,283
203,284
203,204
203,261
203,282
204,263
204,284
204,273
204,261
204,285
204,286
204,287
205,1295
205,1291
205,1293
205,207
205,1209
205,208
206,231
206,2497
206,348
207,2577
207,1209
207,208
208,2694
208,2302
208,1247
208,1209
209,210
209,1873
209,211
209,1874
209,219
209,220
209,221
209,222
209,223
209,224
209,1875
209,1790
209,1793
209,670
209,227
210,211
210,556
210,730
210,212
210,213
210,214
210,218
210,220
210,221
210,222
210,223
210,224
210,226
210,227
211,1622
211,219
211,220
211,221
211,222
211,223
211,224
211,459
211,1790
211,670
211,227
212,213
213,219
214,1622
214,219
215,230
215,231
215,218
215,234
215,245
215,226
215,242
215,1509
215,236
215,2497
216,2525
216,1026
216,247
216,226
217,2526
217,2566
217,2565
217,1142
218,1162
218,1163
218,228
218,2133
218,230
218,226
219,1645
219,221
219,491
219,222
219,223
219,1554
219,1874
219,220
220,2756
220,431
220,521
220,580
220,490
220,582
220,224
220,1873
220,221
220,1622
220,241
220,569
220,491
220,240
220,222
220,502
220,690
220,692
220,223
220,1554
220,1874
221,224
221,222
221,223
221,227
222,224
222,1622
222,223
222,2757
222,227
223,224
223,227
224,1487
224,1486
224,227
225,2421
226,2029
226,2525
226,242
226,238
228,1162
228,251
228,1163
228,1247
228,252
228,1248
228,1249
228,248
228,719
228,249
228,1250
228,1251
230,231
230,234
230,236
231,234
231,236
231,348
233,545
233,554
234,2525
234,245
234,242
234,1509
234,236
235,251
235,1848
235,1849
235,903
235,1076
236,242
236,473
236,1209
236,238
237,2029
238,2525
238,242
238,473
242,2525
242,261
243,245
243,476
244,1478
244,1510
245,1163
245,1166
245,2628
246,604
246,2142
246,2143
247,2526
247,1756
247,1757
247,1686
247,450
247,626
247,2349
248,1162
248,251
249,920
249,2590
249,252
249,1113
250,1756
250,1144
250,918
250,2590
250,252
250,1167
250,1172
251,1236
251,1252
252,1247
252,1512
253,753
254,1489
254,1490
254,943
254,1477
254,1478
254,1479
254,1491
254,255
254,256
254,931
254,1492
255,1480
255,1482
256,643
256,930
256,929
256,647
256,944
256,942
256,2503
256,1479
256,945
256,806
256,807
256,808
256,849
256,850
256,851
256,853
257,737
259,2029
259,1495
260,1276
260,433
260,2574
260,2790
260,261
260,774
261,1000
261,273
261,913
262,273
262,1333
262,265
263,273
263,1208
265,1194
265,2816
265,1309
266,2716
266,1108
266,746
266,2715
267,338
269,293
269,290
269,295
269,2571
269,321
270,2856
270,271
272,570
272,571
272,572
272,573
272,574
272,564
272,566
272,304
272,575
272,278
273,284
273,285
274,2641
274,2540
274,2833
275,1694
278,2754
278,574
278,566
278,666
278,575
279,479
279,1322
279,1647
279,1648
279,1649
279,1650
279,413
279,1651
279,492
279,960
279,1652
279,1653
279,1654
279,1655
279,708
279,503
279,1656
279,1657
279,1345
279,1658
279,1659
279,1660
279,1661
279,689
279,741
279,744
280,1810
282,2731
283,1332
284,287
285,1237
285,2419
285,2815
285,1972
285,2744
285,2484
285,1973
285,2434
285,1971
287,850
288,289
288,290
288,291
289,292
290,293
290,294
290,295
290,296
290,297
290,298
290,299
290,300
290,301
290,302
290,303
290,304
290,305
290,306
290,307
290,308
290,309
290,310
290,311
290,312
290,313
290,314
290,315
290,316
290,317
290,318
290,319
290,320
290,321
290,322
290,323
290,324
290,325
290,326
290,327
290,328
290,329
291,509
291,2908
292,294
292,2900
293,295
293,298
293,301
293,304
293,330
293,331
293,321
293,332
294,301
294,303
294,304
294,305
294,313
294,316
294,321
295,333
295,296
295,334
295,299
295,300
295,335
295,304
295,306
295,336
295,310
295,314
295,317
295,319
295,321
295,337
295,338
295,322
295,323
295,324
295,327
295,328
295,329
296,662
296,700
297,1876
297,1877
297,1487
297,1298
297,723
297,544
297,545
297,1396
297,1878
297,1879
297,1502
297,794
297,547
297,553
297,554
297,1398
298,333
298,753
298,1614
298,329
299,753
299,754
299,334
299,1898
299,700
299,301
299,335
299,307
299,311
299,312
299,1899
300,723
300,795
300,788
301,1103
301,336
301,309
301,586
301,313
301,316
301,329
302,722
302,662
302,700
302,588
303,2131
303,2130
303,336
304,604
304,2109
304,330
304,2110
304,305
304,2080
304,306
304,617
306,333
306,2227
306,336
307,1625
307,576
307,607
307,578
307,753
307,664
307,669
308,2449
309,790
309,336
309,316
310,660
310,662
310,2227
310,554
310,788
311,668
311,1788
311,464
311,554
311,546
312,668
312,1857
312,545
312,786
312,554
313,973
313,325
314,1400
314,1877
314,1502
314,335
315,2749
315,319
317,580
317,662
317,569
317,2837
318,1000
318,2853
318,2600
319,2749
319,2748
319,320
319,325
319,326
320,2749
320,2748
320,2476
322,920
322,2133
322,1498
322,469
322,621
323,597
323,613
323,324
323,1501
324,753
324,754
324,700
325,326
325,327
327,2548
330,521
330,687
331,1103
331,1104
332,1103
332,989
332,1104
333,335
334,1858
334,1857
334,343
334,753
334,700
334,681
334,1623
334,1624
334,1406
335,1877
335,1401
335,660
335,1125
336,408
336,363
336,365
336,366
336,2520
336,400
336,360
336,379
336,382
336,380
336,395
336,354
336,388
337,790
337,346
337,572
337,661
337,655
337,956
338,1360
338,1361
338,746
338,2715
338,487
339,340
339,341
339,342
340,2292
341,989
341,2487
342,989
342,1976
344,345
345,346
345,347
345,348
346,601
346,602
346,604
346,613
346,933
346,999
346,1140
346,835
346,837
346,1165
346,624
346,718
346,655
346,1265
346,896
346,905
346,348
347,644
347,838
347,839
347,613
347,812
347,642
348,1139
348,601
348,602
348,604
348,605
348,645
348,835
348,608
348,2223
348,1136
348,836
348,613
348,1113
348,468
348,806
348,807
348,808
348,850
350,359
350,360
350,351
350,357
350,361
350,362
351,363
351,360
351,352
351,356
351,358
351,364
351,362
352,363
352,365
352,366
352,360
352,367
352,368
352,369
352,370
352,371
353,372
353,373
354,365
354,374
354,375
354,376
354,377
354,378
355,367
355,379
355,380
355,378
356,363
356,381
356,382
357,360
357,386
357,358
357,387
358,363
358,366
358,388
358,378
359,360
360,386
360,361
360,389
360,362
360,370
360,390
362,2905
363,366
363,367
363,368
363,381
363,382
363,391
363,392
363,369
363,393
363,370
363,390
363,394
364,1459
364,1454
365,383
365,395
365,369
365,396
365,393
365,370
365,371
366,367
366,395
367,402
367,368
367,393
368,402
368,369
368,371
369,382
369,392
371,757
371,382
372,1888
372,2512
372,1780
372,2513
373,2231
373,2232
374,375
374,377
374,398
374,400
374,378
375,377
375,398
375,378
376,396
377,398
377,378
379,380
379,395
379,406
379,407
380,408
380,409
380,406
381,382
384,410
384,411
384,412
384,413
384,414
384,415
384,416
384,417
384,418
384,419
384,420
384,421
384,422
384,423
384,424
384,425
384,426
385,427
385,428
387,2179
388,392
389,1642
389,2741
389,1643
389,1972
389,419
389,2359
391,1782
393,1310
393,1311
394,1642
394,1455
395,1310
395,1311
395,1312
395,406
398,436
399,1809
401,2332
404,429
404,430
404,431
404,432
404,433
404,415
404,414
404,434
404,421
404,435
405,1238
405,1239
406,1312
406,1998
406,2000
407,1998
407,2002
407,2000
409,2537
410,412
411,1462
411,530
411,1463
411,532
413,431
413,432
413,414
413,1679
413,415
413,506
413,1680
414,430
414,431
414,415
414,506
415,430
415,431
415,432
415,506
415,435
415,426
416,962
417,2655
417,418
417,1951
418,2657
418,2658
418,2659
418,2469
419,1642
419,1643
419,420
419,2740
421,430
421,431
421,434
421,1185
422,2159
422,2168
422,2173
422,2172
423,2655
423,2597
423,2786
424,2896
425,1032
425,2921
425,802
425,2290
426,430
426,431
427,2523
427,1664
427,2887
429,1723
429,1680
429,1809
430,431
430,432
431,432
431,506
431,435
432,492
432,435
432,685
432,1699
433,757
434,962
436,509
436,1823
437,438
437,439
437,440
437,441
437,442
437,443
437,444
437,445
437,446
437,447
437,448
437,449
438,439
438,450
438,440
438,451
438,443
438,444
438,447
438,448
438,452
438,453
438,454
439,451
439,443
439,444
439,445
439,447
439,455
439,456
439,457
439,452
439,453
439,454
440,1266
440,1272
440,1273
440,451
440,450
440,441
440,1268
440,442
440,443
440,444
440,446
440,447
440,1274
440,455
440,1269
440,457
440,1270
440,1271
441,451
441,442
441,1275
441,443
441,450
441,1268
441,444
441,446
441,1274
441,1270
441,1271
442,1266
442,1276
442,445
442,443
443,1266
443,1276
443,1273
443,1279
443,451
443,445
443,1275
443,446
443,447
443,448
443,1269
444,1114
444,1273
444,1176
444,848
444,1268
444,450
444,451
444,447
444,448
444,1274
444,455
444,1270
444,1282
444,453
444,1271
445,1266
445,1276
445,451
445,446
445,1269
445,1183
446,1276
446,1275
446,447
446,450
446,1562
446,448
446,1270
446,1280
447,1114
447,1273
447,1561
447,1176
447,1275
447,848
447,1906
447,1268
447,1121
447,450
447,1562
447,448
447,1907
447,795
447,1908
447,1270
447,1186
447,1271
448,1266
448,1268
448,450
448,1270
448,452
448,1271
448,1909
449,1610
449,2838
449,915
450,1266
450,1267
450,1268
450,1269
450,1270
450,452
450,1271
451,1266
451,1272
451,1279
451,455
451,1280
451,453
452,1266
452,1272
452,1268
452,2643
452,2645
452,529
452,530
452,1269
452,1271
453,1266
453,1272
453,1176
453,2199
453,1269
453,1280
454,1909
456,890
456,1283
456,2360
457,2140
457,1558
457,2157
460,461
460,462
460,463
461,463
461,464
461,465
461,466
461,467
461,468
461,469
461,470
462,463
462,471
462,472
462,473
462,474
462,475
463,476
463,472
463,475
464,544
464,545
464,546
465,467
465,468
466,2218
466,538
466,2222
466,2216
466,2223
466,537
466,541
467,1249
468,1139
468,598
468,809
468,1170
468,572
468,841
468,892
468,835
468,912
468,1136
468,844
468,613
468,815
468,616
468,617
468,876
470,1608
470,2834
472,2820
472,475
472,1079
473,2298
474,2008
475,476
475,706
477,478
477,479
477,480
477,481
477,482
477,483
477,484
477,485
477,486
477,487
478,488
478,489
478,479
478,490
478,491
478,492
478,481
478,482
478,483
478,484
478,485
478,486
478,493
478,494
478,495
478,496
478,497
478,498
479,501
479,488
479,502
479,503
479,481
479,482
479,483
479,484
479,485
479,504
479,486
479,505
479,500
479,496
479,497
479,498
480,711
480,712
480,695
480,490
480,713
481,488
481,489
481,490
481,1697
481,491
482,489
482,1644
482,1697
482,492
482,1698
482,491
482,497
483,1760
483,1352
483,1675
483,503
483,741
483,484
483,485
483,504
483,785
483,1662
483,1761
483,1374
483,1762
483,744
483,1763
483,1764
483,497
484,1760
484,485
484,741
484,1675
484,504
484,1761
484,1374
484,1762
484,744
484,1763
484,1764
484,497
485,1760
485,741
485,1675
485,504
485,486
485,1677
485,1761
485,1374
485,744
485,495
485,1799
485,496
485,497
485,498
486,489
486,1644
486,1099
486,1722
486,715
486,739
486,1690
486,594
486,704
486,740
486,705
486,2018
486,742
486,743
486,2011
486,493
486,494
486,495
486,496
486,701
486,498
487,750
487,1360
487,1361
487,685
488,499
488,500
489,491
489,499
489,495
489,496
489,497
490,687
490,688
490,568
490,569
490,584
490,594
490,689
490,491
490,690
490,691
490,499
490,692
490,693
490,694
490,498
491,579
491,521
491,687
491,688
491,1644
491,1534
491,580
491,1650
491,568
491,581
491,492
491,715
491,739
491,784
491,704
491,740
491,582
491,583
491,1666
491,584
491,1667
491,569
491,674
491,689
491,713
491,1662
491,493
491,1668
491,693
491,494
492,1644
492,1336
492,1534
492,493
492,499
492,494
492,1678
492,495
492,496
492,498
493,688
493,1697
493,535
493,594
493,2320
493,1715
493,691
493,498
494,2846
494,688
494,1697
494,594
494,2320
494,1715
494,691
494,2690
494,498
495,504
495,1677
495,1799
496,1644
496,1099
496,1722
496,715
496,739
496,1690
496,594
496,704
496,740
496,705
496,2018
496,742
496,743
497,1098
497,1697
497,498
498,580
498,1697
498,535
498,594
498,1715
498,691
498,1554
498,717
498,689
498,706
499,1650
499,504
499,2084
499,2564
500,2150
500,1709
500,1556
500,2151
500,691
500,586
502,687
502,702
502,1361
502,1362
502,689
502,690
502,505
502,706
502,692
502,678
502,701
503,1688
503,744
504,1650
504,1675
504,1800
504,744
505,715
505,739
505,594
505,704
505,740
505,705
505,716
505,667
505,588
505,785
506,2009
507,508
507,509
508,510
508,511
508,512
508,513
508,514
508,515
508,516
508,517
509,518
509,519
510,764
510,1818
510,512
510,1528
510,1819
510,728
510,1820
510,513
510,1821
510,1814
510,1822
510,517
511,720
511,1812
511,512
511,1814
512,720
512,1812
512,1818
512,764
512,1814
512,517
513,1818
513,1820
513,1528
513,517
515,720
517,764
517,1818
517,1814
517,1821
518,2697
520,521
521,690
521,781
521,1696
522,523
522,524
523,524
523,525
523,526
523,527
523,528
523,529
523,530
523,531
523,532
523,533
523,534
524,530
525,2394
525,2399
525,528
525,1462
525,529
525,530
525,1044
525,532
526,527
526,531
526,532
526,2681
527,532
527,2681
529,1462
529,530
529,2401
529,2644
529,532
530,2393
530,1463
530,2669
530,2433
530,1462
531,532
532,1946
532,1016
532,2644
533,2858
534,1702
536,537
536,538
536,539
536,540
536,541
536,542
536,543
537,1163
537,538
537,2216
537,1164
537,1113
537,1247
537,2217
538,2218
538,2216
538,2219
538,539
538,540
538,541
538,542
538,860
538,2220
539,540
539,541
539,542
540,2218
540,2216
540,541
540,542
540,2221
540,2498
540,2499
541,2218
541,2221
541,860
541,542
543,2218
544,547
544,548
544,549
544,550
544,551
545,552
545,553
545,554
546,668
546,697
546,698
546,730
546,662
546,585
546,1788
546,725
547,723
547,1396
547,548
547,553
548,723
548,549
548,550
549,697
549,723
550,723
550,1526
550,1528
550,1995
551,2591
551,660
552,555
552,556
552,557
552,558
553,1876
553,723
553,1396
553,2007
553,1210
553,569
553,554
554,668
554,1877
554,603
554,920
554,660
554,662
554,2589
555,559
555,560
555,561
555,556
555,562
555,557
555,563
556,560
556,2008
556,1210
556,2003
557,1525
557,763
557,2006
557,560
557,1107
557,563
557,558
557,1398
557,1254
559,1521
559,560
560,763
560,1211
560,562
560,563
561,1521
561,627
561,1523
561,1524
561,1522
562,763
562,2006
562,563
562,1526
562,1211
562,1254
564,565
564,566
564,567
564,568
564,569
566,576
566,574
566,577
566,578
566,575
568,579
568,580
568,581
568,569
568,582
568,583
568,584
568,585
568,586
568,587
569,579
569,580
569,581
569,582
569,583
569,584
569,585
569,588
569,589
569,590
570,591
570,592
571,593
571,594
571,595
571,596
572,597
572,598
572,599
572,600
572,601
572,602
572,603
572,604
572,605
572,606
572,573
572,607
572,608
572,609
572,610
572,611
572,612
572,613
572,614
572,615
572,616
572,617
572,618
572,619
572,620
572,621
572,622
572,623
572,624
572,625
572,626
572,627
572,628
572,629
572,630
572,631
572,632
572,633
572,634
572,635
572,636
572,637
572,638
572,639
572,640
572,641
572,642
573,643
573,601
573,602
573,604
573,644
573,645
573,646
573,647
573,648
573,649
573,607
573,608
573,650
573,651
573,652
573,623
573,624
573,653
573,654
573,655
573,656
573,657
573,658
573,659
574,579
574,660
574,648
574,661
574,662
574,663
574,664
574,665
574,666
574,667
574,575
575,2916
575,2917
575,1136
575,578
575,1626
576,668
576,648
576,578
576,664
576,669
576,670
577,601
577,604
577,645
577,671
577,663
577,664
577,665
577,635
578,672
579,673
579,593
579,580
579,581
579,582
579,662
579,674
579,675
579,588
579,676
579,677
579,678
579,590
579,679
579,680
580,673
580,582
580,583
580,584
580,594
580,681
580,682
580,683
580,586
580,684
580,678
580,587
580,685
580,686
581,582
581,674
582,695
582,696
582,662
582,584
582,588
582,590
582,680
583,697
583,698
583,699
583,696
583,662
583,594
583,700
583,585
583,588
583,586
583,590
583,701
584,702
584,703
584,704
584,705
584,667
584,706
584,701
585,697
585,698
585,755
585,696
585,662
585,700
585,675
585,725
585,588
585,756
586,750
586,1726
586,1674
586,2150
586,1533
586,1535
586,1336
586,682
586,681
586,1741
586,1553
586,684
586,1554
586,745
586,1729
587,696
588,751
588,722
588,715
588,739
588,662
588,594
588,704
588,740
588,700
588,705
588,742
588,716
588,667
588,717
588,706
589,673
590,1694
590,1663
591,2295
591,2296
594,695
594,595
594,704
594,705
594,739
594,740
594,690
594,741
594,742
594,743
594,716
594,667
594,706
594,744
594,745
594,746
594,747
594,678
594,748
594,749
596,714
596,2077
596,837
596,1248
597,909
597,871
597,629
597,910
597,876
598,818
598,826
598,841
598,911
598,912
598,844
598,913
598,914
598,883
599,899
599,637
599,641
600,637
600,915
601,799
601,648
601,604
601,645
601,671
601,602
601,606
601,644
601,646
601,649
601,607
601,608
601,800
601,801
601,802
601,803
601,804
601,805
601,610
601,611
601,806
601,807
601,808
601,809
601,810
601,811
601,612
601,812
601,813
601,814
601,815
601,616
601,617
601,816
601,618
601,817
601,818
601,819
601,820
601,821
601,822
601,823
601,824
601,825
601,826
601,827
601,619
601,828
601,829
601,830
601,831
601,832
601,833
601,834
601,835
601,836
601,837
601,838
601,839
601,792
601,840
601,620
601,841
601,842
601,843
601,776
601,663
601,665
601,844
601,845
601,846
601,847
601,848
601,849
601,850
601,851
601,852
601,622
601,853
601,854
601,855
601,653
601,856
601,857
601,858
601,859
601,860
601,626
601,861
601,862
601,863
601,864
601,865
601,866
601,628
601,867
601,868
601,869
601,870
601,871
601,872
601,873
601,874
601,875
601,876
601,877
601,878
601,879
601,880
601,881
601,637
601,639
601,882
601,883
601,884
602,916
602,648
602,604
602,645
602,671
602,644
602,649
602,607
602,800
602,801
602,802
602,803
602,804
602,611
602,807
602,808
602,811
602,612
602,812
602,813
602,814
602,815
602,616
602,617
602,816
602,618
602,818
602,819
602,820
602,821
602,823
602,824
602,826
602,619
602,828
602,829
602,830
602,831
602,833
602,836
602,887
602,838
602,839
602,792
602,840
602,620
602,842
602,776
602,663
602,665
602,844
602,845
602,846
602,847
602,849
602,850
602,851
602,852
602,622
602,853
602,854
602,855
602,653
602,893
602,859
602,626
602,861
602,862
602,864
602,866
602,867
602,872
602,917
602,874
602,878
602,879
602,880
602,881
602,898
602,883
602,884
603,608
603,805
603,810
603,918
603,919
603,865
603,920
603,629
603,921
603,922
603,923
603,637
603,915
603,924
604,799
604,648
604,661
604,645
604,671
604,606
604,644
604,649
604,607
604,608
604,800
604,801
604,802
604,803
604,804
604,885
604,805
604,610
604,611
604,807
604,808
604,810
604,811
604,612
604,812
604,813
604,814
604,616
604,617
604,816
604,818
604,819
604,820
604,821
604,822
604,823
604,886
604,824
604,826
604,827
604,619
604,828
604,829
604,830
604,831
604,832
604,833
604,835
604,836
604,887
604,837
604,838
604,888
604,839
604,792
604,650
604,840
604,620
604,841
604,776
604,663
604,665
604,844
604,889
604,621
604,845
604,846
604,847
604,890
604,848
604,849
604,850
604,851
604,852
604,622
604,853
604,854
604,891
604,855
604,653
604,856
604,892
604,858
604,893
604,859
604,626
604,861
604,862
604,863
604,864
604,866
604,628
604,867
604,871
604,894
604,872
604,895
604,873
604,874
604,630
604,875
604,876
604,632
604,633
604,896
604,897
604,877
604,878
604,879
604,880
604,881
604,670
604,898
604,882
604,883
604,884
605,827
605,619
605,820
605,828
605,645
605,802
605,804
605,811
605,612
605,813
605,814
605,616
605,617
605,816
605,821
605,826
605,831
605,837
605,838
605,839
605,620
605,846
605,849
605,622
605,853
605,854
605,925
605,653
605,861
605,862
605,863
605,866
605,874
605,880
605,884
605,926
606,810
606,865
606,927
606,928
607,644
607,645
607,646
607,647
607,648
607,661
607,649
607,608
607,791
607,792
607,650
607,953
607,651
607,623
607,624
607,954
607,653
607,654
607,955
607,793
607,657
607,658
607,659
607,956
607,701
608,909
608,957
608,805
608,645
608,647
608,791
608,615
608,651
608,954
608,658
608,659
609,957
609,805
609,610
609,611
609,806
609,807
609,808
609,1095
609,853
609,1102
609,871
609,876
609,880
610,809
610,1110
610,805
610,1111
610,645
610,810
610,811
610,612
610,613
610,1061
610,812
610,1062
610,813
610,814
610,815
610,1112
610,994
610,791
610,1113
610,614
610,615
610,616
610,617
610,900
610,816
611,1114
611,1115
611,644
611,1116
611,1117
611,1118
611,645
611,801
611,646
611,1119
611,671
611,1120
611,1121
611,800
611,934
611,618
611,1027
611,613
611,817
611,818
611,942
611,819
611,1122
611,806
611,1066
611,914
611,1123
611,798
611,1124
612,809
612,1109
612,1110
612,805
612,833
612,834
612,1141
612,645
612,801
612,671
612,1120
612,802
612,812
612,663
612,622
612,914
612,628
612,1134
613,1144
613,644
613,950
613,835
613,836
613,887
613,837
613,624
613,1029
613,638
613,1130
614,1168
614,840
614,640
615,805
615,814
615,994
615,871
615,1169
615,876
615,642
616,1170
616,801
616,620
616,618
616,622
616,1171
616,1172
616,1130
617,899
617,799
617,906
617,644
617,645
617,1173
617,671
617,886
617,832
617,802
617,803
617,1174
617,1175
618,645
618,801
618,1198
618,671
618,820
618,807
618,814
618,817
618,821
618,822
618,824
618,840
618,776
618,849
618,859
618,863
618,871
618,1134
618,894
618,658
618,1172
618,1077
618,876
618,877
618,1199
618,882
618,884
619,1236
619,1148
619,644
619,842
619,827
619,1150
619,645
619,801
619,820
619,828
619,620
619,622
619,853
619,925
619,1029
619,880
619,926
620,1148
620,644
620,842
620,695
620,645
620,1140
620,1136
620,1172
621,1230
621,949
621,1060
621,906
621,830
621,648
621,832
621,1869
621,1137
621,845
621,855
621,1064
621,1102
621,1570
621,917
621,1129
622,1236
622,1148
622,644
622,827
622,1150
622,645
622,801
622,1989
622,820
622,828
622,817
622,925
622,901
622,851
622,853
622,880
623,647
623,942
623,624
624,911
624,1110
624,647
624,792
624,650
624,832
624,651
624,1161
624,953
624,954
624,818
624,718
624,968
624,653
624,654
624,669
624,791
624,1102
624,955
624,655
624,1134
624,656
624,793
624,658
624,659
625,2118
625,2121
625,1851
625,1848
625,1849
625,1074
625,779
626,1785
626,645
626,801
626,1786
626,671
626,1758
626,802
626,1790
627,1170
627,645
627,892
628,1601
628,833
628,1141
628,950
628,645
628,951
628,841
628,912
628,838
628,836
628,867
628,814
628,914
628,631
629,909
629,2804
629,1136
629,815
629,910
629,866
629,871
629,876
630,1138
630,1569
630,950
630,910
631,1601
631,833
631,1141
631,950
631,951
631,900
631,806
631,807
631,849
631,850
631,914
631,854
631,632
631,1993
631,1066
631,1077
632,671
632,912
632,1136
632,900
632,663
632,808
632,849
632,850
632,914
633,2830
633,644
633,645
633,856
633,649
633,2831
633,864
633,653
633,901
633,1123
633,1142
634,929
634,695
634,1476
635,648
635,661
635,903
635,2869
635,1078
636,1936
636,1032
636,1947
636,2898
636,2660
636,1935
636,1025
636,2885
637,1143
637,645
637,1136
638,867
638,837
638,718
638,2590
638,1249
639,1114
639,825
639,1060
639,932
639,644
639,1023
639,950
639,646
639,951
639,661
639,649
641,1230
641,1569
641,1992
642,957
642,776
642,814
642,806
643,809
643,929
643,650
643,930
643,931
644,825
644,932
644,933
644,646
644,649
644,805
644,811
644,934
644,817
644,820
644,828
644,833
644,835
644,839
644,776
644,850
644,853
644,935
644,859
644,862
644,863
644,936
644,657
644,896
644,880
644,937
644,938
645,899
645,799
645,801
645,671
645,649
645,800
645,802
645,803
645,804
645,807
645,808
645,811
645,813
645,814
645,900
645,816
645,818
645,820
645,901
645,821
645,823
645,824
645,828
645,902
645,829
645,830
645,831
645,836
645,837
645,838
645,839
645,792
645,840
645,841
645,776
645,663
645,665
645,844
645,903
645,845
645,846
645,847
645,849
645,850
645,851
645,852
645,853
645,854
645,891
645,653
645,859
645,861
645,862
645,863
645,864
645,866
645,867
645,872
645,904
645,878
645,879
645,880
645,905
645,881
645,883
645,884
646,825
646,649
646,934
646,817
646,792
646,663
646,935
646,859
646,936
646,939
646,656
646,940
646,941
647,826
647,942
647,943
647,652
647,653
647,944
647,945
647,919
647,793
647,946
647,947
647,948
648,790
648,695
648,661
648,791
648,792
648,663
648,664
648,665
648,666
648,653
648,654
648,793
648,657
648,658
648,701
649,825
649,809
649,949
649,906
649,827
649,950
649,951
649,952
649,830
649,831
649,817
649,859
649,863
649,798
649,896
650,1610
650,911
650,1160
650,906
650,792
650,791
650,651
650,652
650,653
650,655
650,658
650,659
650,1611
651,911
651,792
651,1161
651,953
651,653
651,654
651,658
651,659
651,1612
652,1915
652,1306
652,1482
652,1916
653,1160
653,906
653,801
653,671
653,792
653,1161
653,953
653,1102
653,955
653,656
653,658
654,2191
654,792
654,1161
654,953
654,1613
655,792
655,1161
655,837
655,953
655,1613
655,862
655,955
655,656
655,658
656,1230
656,792
656,836
656,1161
656,953
656,817
656,2692
656,940
656,1134
656,657
656,658
656,2378
657,825
657,919
657,817
657,797
657,863
657,807
657,793
658,825
658,911
658,1160
658,792
658,1161
658,953
658,817
658,872
658,659
658,807
658,793
659,911
659,780
659,1106
659,927
659,792
659,736
659,1062
659,725
659,746
660,668
660,662
660,723
660,794
660,795
660,670
661,664
661,665
661,796
661,797
661,798
662,673
662,722
662,696
662,677
662,679
662,680
663,1785
663,809
663,1110
663,1160
663,695
663,1141
663,1786
663,841
663,810
663,1787
663,1136
663,836
663,802
663,812
663,817
663,664
663,1788
663,665
663,900
663,1481
664,695
664,841
664,912
664,844
664,837
664,666
664,665
664,956
664,1605
665,695
665,1428
665,946
666,790
667,695
667,778
667,783
667,715
667,2117
667,739
667,704
667,740
667,705
667,742
667,716
667,717
667,706
668,786
668,787
668,788
668,789
670,1473
670,1114
670,929
670,1177
670,848
670,792
670,1483
670,1062
670,942
671,899
671,799
671,906
671,907
671,801
671,800
671,802
671,803
671,804
671,807
671,808
671,811
671,813
671,814
671,816
671,817
671,821
671,822
671,823
671,824
671,829
671,838
671,839
671,792
671,840
671,776
671,846
671,847
671,849
671,850
671,851
671,852
671,854
671,861
671,862
671,863
671,866
671,894
671,874
671,879
671,908
671,884
672,724
672,735
672,1074
672,725
673,696
673,707
675,722
675,677
675,679
675,680
676,2150
676,2144
677,722
677,696
678,2784
678,689
679,722
679,696
680,707
680,722
680,696
680,681
681,750
681,1131
682,1674
682,743
682,1741
682,684
682,1752
682,1743
682,686
682,1365
684,1674
684,1741
684,686
685,750
685,1535
685,1534
686,2015
686,2448
686,1360
686,1361
686,1380
686,1741
686,1353
686,1344
686,1356
686,1131
687,708
688,709
688,710
689,1644
689,1645
689,1285
689,1554
689,1646
689,709
690,1644
690,1693
690,1554
690,692
690,1669
690,1365
691,2320
691,1715
692,750
692,1644
692,743
693,2588
693,2028
693,2030
693,2014
695,714
695,704
695,715
695,716
695,717
695,706
695,718
695,719
696,720
696,721
696,722
696,723
697,724
697,698
697,725
697,726
697,727
697,728
697,729
697,730
697,731
697,732
698,725
698,730
700,750
700,751
700,752
700,722
700,753
700,754
701,715
701,739
701,740
701,705
702,777
702,743
702,778
702,779
703,780
703,736
703,716
703,713
703,706
703,781
703,782
704,783
704,715
704,739
704,784
704,705
704,742
704,716
704,785
704,706
705,715
705,739
705,740
705,785
706,783
706,715
706,784
706,716
706,717
707,781
709,1672
710,1644
711,1284
711,1285
711,712
712,1285
712,746
713,780
713,716
714,1796
715,739
715,740
715,1698
715,742
715,716
715,785
715,717
715,1699
716,783
716,739
716,740
716,742
716,785
716,717
717,1644
717,739
717,740
717,742
718,1144
718,944
718,954
718,1613
718,2187
718,1167
718,2188
719,734
719,918
719,1611
720,1812
720,1813
720,1814
720,1815
720,1816
720,1817
721,1807
723,1395
723,1396
723,769
723,1397
723,1398
724,735
724,1211
724,1212
724,1107
724,732
725,726
725,1105
725,1106
725,735
725,736
725,885
725,1107
725,729
726,952
726,730
727,729
727,1392
727,1393
727,1394
727,732
728,1994
728,952
728,1818
728,1820
728,1528
728,1819
728,731
729,2366
730,2373
730,1105
730,986
730,735
730,2367
733,1106
733,738
733,1390
734,1106
734,736
734,737
734,952
734,738
734,1390
734,1391
735,1210
735,1211
735,1212
735,1107
736,780
736,737
736,915
737,1388
737,1387
737,943
737,1389
737,915
738,2365
739,1700
739,1701
739,740
739,742
739,785
739,1662
740,1096
740,742
740,785
740,1696
741,1650
741,1353
741,1344
741,1798
741,1374
741,744
741,1371
742,1725
742,785
743,750
743,2015
743,1741
744,1760
744,2235
744,1650
744,1341
744,784
744,1762
744,1345
744,2084
744,2236
744,1374
744,1763
744,1408
744,985
745,1726
745,1533
745,1535
745,2672
745,1534
745,1697
745,1690
745,1345
745,1645
745,1666
745,979
745,1715
745,1343
745,1338
745,1554
745,1357
745,1800
745,1347
746,2714
746,2715
748,989
748,1104
749,922
750,1131
750,1361
750,1362
750,1722
750,1725
750,1726
750,1727
750,1728
750,1729
751,753
751,1813
751,1856
752,929
752,1500
752,1501
753,1857
753,754
753,1856
753,756
754,1813
754,1856
755,1910
756,1891
756,2903
756,1892
757,1723
758,1255
758,1256
758,767
758,1258
758,1257
758,1259
758,1260
760,762
760,769
760,773
761,952
761,1823
762,1824
763,1525
763,1521
763,1526
763,1527
763,1528
763,1211
763,1529
763,1530
764,1818
764,1814
766,1826
766,1827
767,1256
767,1258
767,1257
767,1054
768,2001
768,1528
768,1995
768,1882
769,1528
769,1819
769,1998
769,1999
769,2002
769,2000
771,2295
771,2297
772,2910
772,970
774,2295
776,801
776,800
776,840
776,1065
776,882
778,2119
778,781
778,2120
779,2118
779,2121
779,1851
779,889
779,1849
779,2286
780,1106
780,1171
780,781
780,1911
780,782
781,2711
783,785
785,2118
785,1645
785,1662
785,1800
787,1810
787,1396
787,2785
788,1857
788,1623
788,2589
789,1810
790,1625
790,1150
790,1626
791,1109
791,1110
791,1160
791,805
791,792
791,1161
791,953
791,812
791,1102
791,793
792,801
792,953
792,954
792,968
792,793
793,911
793,953
793,968
793,942
793,1788
793,940
793,850
795,1473
795,1177
795,848
795,1483
797,798
798,1114
798,950
798,951
798,1121
798,887
798,942
798,819
798,1179
798,862
798,863
798,876
799,802
799,814
799,901
799,850
799,852
799,862
799,864
799,894
799,1059
799,884
800,1060
800,801
800,802
800,1061
800,1062
800,1027
800,901
800,824
800,1063
800,852
800,891
800,1064
800,1065
800,1066
800,1067
800,864
800,874
800,910
800,875
800,1068
800,904
800,1069
800,898
800,1070
800,884
801,802
801,803
801,804
801,807
801,811
801,813
801,814
801,816
801,821
801,822
801,824
801,828
801,838
801,839
801,840
801,846
801,849
801,850
801,852
801,853
801,854
801,861
801,864
801,866
801,879
801,880
801,1073
801,884
802,803
802,804
802,885
802,807
802,808
802,1062
802,813
802,814
802,816
802,1027
802,901
802,821
802,823
802,824
802,1063
802,1074
802,829
802,837
802,1075
802,846
802,847
802,849
802,850
802,851
802,852
802,854
802,1064
802,859
802,861
802,862
802,1067
802,864
802,866
802,1076
802,871
802,1077
802,876
802,878
802,1078
802,1069
802,898
802,1079
802,884
803,824
803,804
803,808
803,1062
803,814
803,823
803,1064
803,884
804,1080
804,886
804,828
804,824
804,850
804,880
804,1081
805,809
805,957
805,1108
805,1109
805,1110
805,933
805,896
806,1125
806,851
806,1126
806,853
806,854
806,1064
806,859
806,863
806,871
806,1127
806,894
806,917
806,1128
806,1123
806,876
806,879
806,880
806,884
806,1129
806,1130
807,906
807,820
807,814
807,901
807,821
807,822
807,1131
807,1125
807,851
807,853
807,854
807,1132
807,1133
807,1064
807,859
807,871
807,1134
807,1127
807,894
807,917
807,1128
807,1077
807,876
807,880
807,884
807,1135
807,1129
807,1130
808,1136
808,1062
808,823
808,1137
808,851
808,853
808,1133
808,1064
808,859
808,1076
808,871
808,1134
808,1127
808,894
808,917
808,1128
808,1077
808,1123
808,876
808,880
808,884
808,1129
808,1130
809,1138
809,1139
809,899
809,1114
809,815
809,933
809,999
809,1140
809,950
809,1141
809,835
809,867
809,868
809,896
809,1072
809,1142
810,951
810,865
811,1143
811,833
811,950
811,1136
811,839
811,866
811,871
811,876
811,877
812,1110
812,900
813,949
813,830
813,831
813,832
813,820
813,829
813,1146
813,1147
813,845
813,847
814,899
814,886
814,824
814,819
814,822
814,855
814,938
814,1081
815,1138
815,909
815,1148
815,1109
815,1110
815,838
815,836
815,888
815,839
815,1149
817,825
817,820
817,859
817,863
817,936
817,939
817,1134
818,1201
818,1115
818,1202
818,949
818,906
818,830
818,831
818,841
818,832
818,1122
818,922
819,1114
819,1120
819,1121
819,887
819,855
820,1148
820,827
820,821
820,828
820,1206
820,849
820,850
820,853
820,925
820,863
820,880
820,926
821,1126
821,852
821,849
821,850
821,863
822,874
823,916
823,1064
824,1080
824,1062
824,850
824,1064
825,932
825,933
825,950
825,833
825,859
825,863
825,896
825,1072
826,911
826,835
826,919
826,1235
827,828
827,853
827,925
827,880
827,926
828,1148
828,850
828,853
828,925
828,880
829,1241
829,906
829,1198
829,830
829,831
829,832
829,845
829,847
829,1242
829,894
829,1570
830,1201
830,1241
830,1572
830,906
830,1191
830,1198
830,832
830,1137
830,1205
830,845
830,846
830,1206
830,847
830,1242
830,1132
830,872
830,1570
830,1573
831,949
831,906
831,1198
831,832
831,1146
831,845
831,846
831,1242
831,1132
831,872
831,1570
832,1241
832,906
832,1198
832,1146
832,1137
832,1205
832,845
832,846
832,1206
832,1242
832,1132
832,872
832,1570
832,1574
833,1601
833,914
833,867
834,843
834,1246
834,1135
835,1139
835,836
835,1165
835,1603
836,1141
836,841
836,955
836,867
837,1064
837,956
837,1605
838,840
838,1607
839,1143
839,950
839,1136
840,1141
841,900
841,912
841,844
841,914
841,1607
841,883
842,1617
843,890
843,1620
843,905
843,1621
843,1135
843,1129
844,1601
844,912
844,914
844,883
845,1201
845,1115
845,949
845,906
845,1146
845,1147
845,1204
845,846
845,1206
845,847
845,1137
845,1132
845,863
845,1570
846,949
846,906
846,1146
846,863
846,1570
847,1201
847,1243
847,1242
847,1132
847,1570
847,917
848,1473
848,1176
848,1483
848,1503
848,1484
849,1126
849,852
849,1125
849,851
849,853
849,854
849,1064
849,859
849,871
849,894
849,917
849,876
849,880
849,898
849,884
849,1129
849,1130
850,1245
850,901
850,1125
850,851
850,1986
850,853
850,854
850,1133
850,1064
850,859
850,871
850,1134
850,1127
850,894
850,917
850,1128
850,1077
850,1123
850,876
850,880
850,884
850,1135
850,1129
850,1130
851,1125
851,1986
851,854
851,1064
851,859
851,1065
851,871
851,894
851,917
851,1128
851,876
851,884
851,1135
851,1129
852,916
852,863
852,917
852,898
853,1148
853,925
853,1990
853,1986
853,854
853,1064
853,871
853,894
853,917
853,876
853,880
853,884
853,1129
854,1986
854,1227
854,1133
854,1064
854,871
854,894
854,917
854,1128
854,876
854,1175
854,884
854,1135
854,1129
855,1117
855,1063
855,1178
855,1559
855,1563
855,1907
855,1987
855,1175
856,951
856,1758
856,896
856,2127
856,2137
859,2466
859,1064
860,2216
861,899
862,1173
862,1065
862,1029
863,936
863,2565
863,1142
864,1070
866,1143
866,950
866,1136
866,914
866,1079
867,1141
868,1229
868,1114
868,1230
868,911
868,1569
868,1232
868,932
868,933
868,950
868,1183
868,1136
868,869
869,1229
869,1114
869,1230
869,911
869,1569
869,1232
869,932
869,933
869,950
869,1183
869,1136
869,1309
870,1148
870,2691
871,909
871,939
871,1131
871,1705
871,1134
871,1127
871,1064
871,894
871,876
872,1115
872,1202
872,906
873,877
874,1244
874,1245
874,1126
875,2379
876,909
876,939
876,1131
876,1705
876,1134
876,1127
876,1064
876,894
876,955
876,1133
876,1077
877,1208
877,882
877,1130
878,1847
879,1167
880,2884
880,1148
880,886
880,905
880,925
880,1990
881,950
881,951
882,1130
884,886
884,894
885,1095
887,950
887,1604
887,938
889,1851
889,1848
889,1028
889,1852
890,906
890,1870
890,1206
891,1177
891,1067
891,901
893,1064
894,1190
894,917
894,1128
896,1138
896,1228
896,1229
896,1114
896,1230
896,1231
896,911
896,1232
896,932
896,1233
896,1234
896,1160
896,933
896,950
896,951
896,1136
896,2832
897,2154
898,1190
898,1116
899,1216
900,914
901,1141
902,1465
902,1466
902,1063
902,1464
902,943
902,968
902,946
903,1138
903,1849
903,1565
903,1850
904,1148
904,1068
905,1230
905,1241
906,1201
906,1115
906,1202
906,949
906,1122
906,1204
906,1137
906,1205
906,1206
906,1132
907,1237
907,1238
907,1239
907,1240
908,1204
908,1573
908,1205
910,1243
911,933
911,945
911,919
911,1627
911,1628
912,914
912,1797
914,1111
914,2670
914,1136
915,1610
915,2883
916,1126
917,1126
918,1479
919,931
920,1877
920,1167
921,2841
924,2223
924,2374
924,2903
924,2902
927,2712
927,2713
927,1106
929,1487
929,943
929,1476
929,1488
929,931
930,2503
931,1476
931,944
932,933
932,1227
932,1072
933,1138
933,1228
933,1229
933,1114
933,1230
933,1231
933,1232
933,1233
933,1234
933,1160
935,1143
935,1136
936,1604
938,950
938,1120
938,1121
939,1124
941,1143
941,1136
942,1161
942,1179
942,955
942,945
942,948
943,1473
943,1474
943,1470
943,1471
943,1465
943,1475
943,1476
943,1466
943,1477
943,1478
943,1479
943,1468
943,1480
943,1469
943,1464
943,1467
943,1481
945,1114
946,1465
946,968
946,1469
948,1194
949,1146
950,1568
950,1229
950,1114
950,1230
950,1569
950,1232
950,1136
950,951
950,1123
951,1123
952,1823
953,1161
953,1613
953,955
954,1611
955,1161
956,1605
957,1061
958,959
959,960
959,961
959,962
959,963
959,964
960,1681
960,1682
960,1657
960,964
960,1683
960,1318
961,2099
961,2100
961,2098
961,1691
961,2101
963,2103
963,1318
964,972
964,1683
964,2766
964,1318
965,966
966,967
966,968
966,969
966,970
967,1863
968,2189
968,2190
969,970
970,2479
971,972
971,973
971,974
971,975
972,976
972,977
972,978
972,979
972,980
972,981
972,982
972,983
972,984
973,985
974,986
974,975
974,987
974,988
974,989
974,990
974,983
974,991
974,992
974,993
975,986
975,994
975,995
975,996
975,997
975,998
975,991
976,1900
976,977
977,1319
977,1900
977,2027
977,1317
977,1322
977,2013
977,978
977,1901
978,2019
978,2020
978,2021
978,2012
978,2028
978,2022
978,2013
978,2014
978,2023
979,1666
979,1667
979,1705
979,982
979,984
980,2004
980,2001
980,1689
980,1318
981,982
982,1000
982,983
982,1703
982,2529
982,1666
983,1681
983,1682
983,1000
983,1318
983,2768
983,2852
984,1667
985,1697
985,1703
985,1372
986,999
986,1000
986,1001
986,1002
989,2600
991,1153
991,1155
991,2723
991,994
991,996
992,2815
993,1738
993,1966
994,1152
994,1153
994,1154
994,1155
994,1156
994,1157
994,1158
994,1159
995,1875
996,1157
996,1457
997,1770
998,2786
999,1263
999,1231
999,1140
1001,2147
1003,1004
1003,1005
1003,1006
1004,1007
1004,1006
1004,1008
1004,1009
1004,1010
1004,1011
1004,1012
1005,1006
1005,1008
1005,1013
1005,1009
1005,1011
1005,1012
1005,1014
1005,1015
1005,1016
1006,1017
1006,1012
1007,1018
1007,1009
1007,1010
1007,1012
1008,1009
1008,1018
1008,1013
1008,1011
1008,1542
1009,1546
1011,1968
1011,1012
1011,2321
1012,1084
1013,1538
1013,1543
1013,1018
1014,2393
1014,1546
1014,1947
1014,1037
1014,1944
1014,1945
1014,1042
1014,1963
1014,1941
1014,1052
1014,1964
1014,1058
1015,2528
1017,1019
1017,1020
1017,1021
1018,1538
1018,1539
1018,1092
1018,1540
1018,1537
1018,1094
1019,1020
1019,1918
1019,1592
1019,1924
1020,1926
1020,1917
1020,1927
1020,1928
1020,1929
1020,1866
1020,1021
1020,1687
1020,1921
1021,2341
1021,2612
1021,2828
1022,1023
1022,1024
1022,1025
1022,1026
1023,1026
1023,1027
1023,1028
1023,1029
1023,1030
1024,1031
1024,1026
1025,1032
1025,1033
1025,1034
1026,1035
1027,1194
1027,1120
1027,1200
1029,2372
1029,2374
1029,2367
1030,1059
1031,1036
1032,1037
1032,1038
1032,1039
1032,1040
1032,1041
1032,1042
1032,1043
1032,1044
1032,1045
1032,1034
1032,1046
1032,1047
1032,1048
1032,1049
1032,1050
1032,1051
1032,1052
1032,1053
1032,1054
1032,1055
1032,1056
1032,1057
1032,1058
1033,1956
1033,2454
1033,2504
1033,2507
1033,1045
1033,2461
1034,2301
1034,2580
1034,2581
1034,1238
1034,1577
1034,1240
1034,2787
1034,2660
1034,2163
1034,2356
1034,2582
1034,2174
1037,1936
1037,1938
1037,1039
1037,1044
1038,1937
1038,1935
1038,1939
1038,1957
1038,1039
1038,2579
1039,1936
1039,2580
1039,2581
1039,1935
1039,1950
1039,2579
1039,1055
1040,2159
1040,2609
1040,2163
1040,2207
1040,2170
1040,2610
1040,1048
1040,2611
1040,2208
1041,2207
1041,2613
1041,1048
1041,1053
1041,2208
1042,2393
1042,1415
1042,1935
1042,1963
1042,1437
1042,1058
1043,2595
1043,2660
1043,2182
1043,2170
1043,1046
1044,1936
1044,2717
1044,2159
1044,1937
1044,1938
1044,2718
1044,2435
1044,1954
1045,2736
1045,2737
1045,2738
1046,2159
1046,2170
1048,2159
1048,2612
1048,2609
1048,2163
1048,2553
1048,1935
1048,2613
1048,2207
1049,1546
1049,1954
1051,2393
1051,2394
1051,1941
1051,1437
1052,1936
1052,2393
1052,1937
1052,1938
1052,1949
1052,1935
1052,1953
1052,1963
1052,1950
1052,1945
1052,2398
1052,1941
1052,1946
1052,1940
1052,1437
1052,1058
1053,1948
1053,2393
1053,1382
1053,1937
1053,1938
1053,1950
1053,1945
1053,2398
1053,1941
1054,2866
1054,1941
1055,1936
1055,1938
1055,1950
1055,2398
1055,1946
1057,2467
1057,1447
1057,2048
1058,1936
1058,2393
1058,1938
1058,1947
1058,1963
1058,1950
1058,1946
1058,1283
1059,1869
1059,1069
1060,1061
1060,1071
1060,1072
1062,1136
1062,1074
1062,1145
1062,1081
1063,1194
1063,1116
1063,1118
1063,1064
1064,1244
1064,1245
1064,1126
1064,1136
1064,1074
1064,1987
1064,1988
1064,1990
1064,1076
1064,1128
1064,1079
1065,2288
1065,1503
1066,1120
1066,1604
1066,1067
1066,1990
1066,1993
1066,1123
1066,1309
1067,1993
1068,1194
1070,1118
1070,2156
1072,1229
1072,1230
1072,1231
1072,1232
1072,1233
1074,1565
1074,1075
1074,1076
1074,1566
1074,1567
1074,1078
1075,1565
1075,1076
1075,1567
1076,1849
1076,1565
1077,1993
1077,1123
1077,1182
1077,1227
1079,1136
1080,1244
1080,1245
1080,1126
1080,1246
1081,1560
1081,2288
1081,1176
1081,1559
1081,2912
1081,1145
1081,1246
1081,1987
1082,1083
1082,1084
1082,1085
1082,1086
1082,1087
1082,1088
1082,1089
1083,1085
1083,1087
1083,1088
1083,1089
1084,1090
1084,1086
1084,1088
1084,1089
1085,1086
1085,1087
1085,1088
1085,1089
1086,1087
1086,1088
1087,1091
1087,1088
1089,2327
1090,1092
1090,1093
1090,1094
1092,1538
1092,1094
1093,1646
1093,1712
1093,1713
1094,1538
1094,1547
1095,1096
1095,1097
1095,1098
1096,1098
1098,1099
1098,1100
1098,1101
1099,1103
1099,1104
1100,1101
1102,1110
1102,1161
1103,1213
1103,1214
1104,1213
1105,1209
1107,1210
1107,1894
1107,1807
1107,1254
1109,1110
1112,1150
1112,1151
1113,1162
1113,1163
1113,1140
1113,1164
1113,1165
1113,1166
1113,1167
1114,1120
1114,1176
1114,1177
1114,1178
1114,1179
1114,1180
1114,1181
1114,1182
1114,1183
1114,1184
1114,1185
1114,1123
1114,1186
1114,1187
1114,1188
1115,1147
1115,1189
1116,1190
1116,1118
1116,1191
1117,1176
1117,1192
1118,1193
1118,1129
1120,1194
1120,1195
1121,1196
1121,1197
1122,1203
1123,1194
1123,1993
1123,1309
1124,1870
1124,2809
1125,1986
1126,1244
1126,1245
1126,1987
1126,1988
1129,2831
1132,2384
1133,2430
1133,1668
1136,1143
1136,1182
1136,1207
1136,1208
1137,1205
1138,1226
1140,1231
1140,1165
1142,2526
1143,1207
1143,1208
1144,1162
1144,1163
1144,1249
1144,1602
1145,1558
1145,1559
1146,1204
1147,1606
1147,1189
1148,1305
1148,1520
1149,2302
1150,1227
1150,1608
1151,1609
1152,1155
1152,1217
1153,1218
1153,1155
1153,1219
1153,1220
1153,1221
1154,1156
1154,1222
1154,1223
1154,1224
1155,1225
1155,1159
1157,1367
1158,1635
1158,2726
1158,2727
1158,2378
1159,2480
1159,2922
1160,1607
1161,1611
1161,1612
1162,1249
1162,1251
1163,1164
1163,1247
1163,1166
1163,1167
1164,1247
1164,1166
1166,1247
1166,1167
1167,2591
1167,2133
1167,1333
1167,1478
1167,2187
1169,2367
1169,1668
1170,1614
1173,1615
1173,1616
1174,1230
1175,1245
1175,1987
1175,1990
1176,1561
1176,1177
1176,1558
1176,1562
1176,1178
1176,1563
1176,1179
1176,1503
1176,1283
1176,1185
1176,1564
1178,1179
1178,1185
1179,1180
1179,1563
1179,1182
1185,2789
1185,1679
1186,2694
1187,1188
1188,1194
1189,1606
1191,1572
1192,1960
1194,1305
1194,1306
1194,1307
1194,1308
1194,1309
1196,2733
1196,2734
1196,2735
1198,1241
1198,1242
1198,1243
1200,2654
1201,1206
1202,1575
1203,1414
1203,1420
1203,1416
1203,1412
1203,1438
1203,1419
1203,1430
1206,1242
1209,2855
1209,2577
1210,1211
1210,1253
1210,1254
1211,2005
1211,2006
1211,1212
1211,1526
1211,1807
1211,2003
1211,1254
1212,2010
1213,2782
1214,1328
1216,1400
1216,1406
1217,2722
1217,2276
1218,1219
1219,2155
1219,1221
1220,2788
1221,2889
1221,2155
1221,2206
1225,2851
1228,1627
1228,1628
1230,1618
1230,1619
1233,2350
1234,2351
1237,1576
1237,1577
1237,1424
1237,1578
1237,1579
1237,1580
1237,1581
1237,1582
1237,1240
1237,1583
1237,1584
1237,1585
1237,1586
1237,1587
1237,1588
1237,1589
1237,1332
1237,1289
1238,1239
1238,1577
1238,1590
1239,1577
1239,2356
1239,2357
1239,2358
1239,2359
1239,2360
1239,1590
1240,1577
1241,1243
1241,1570
1241,1571
1242,1243
1244,1245
1244,1987
1245,1987
1245,1988
1247,1785
1247,1786
1248,2078
1252,2779
1252,2143
1253,1254
1254,1811
1254,1807
1255,1256
1255,1257
1256,1261
1256,1258
1256,1257
1256,1260
1257,1260
1258,1262
1260,1261
1262,2229
1263,1264
1266,1267
1266,1269
1267,1269
1268,1276
1268,1277
1268,1269
1268,1270
1268,1271
1269,1759
1269,1478
1269,1271
1270,1276
1270,2573
1270,1277
1270,2669
1270,1271
1271,1276
1271,2573
1271,1564
1271,1277
1271,2669
1273,1278
1276,1281
1278,1283
1281,2830
1285,1663
1285,1664
1285,1665
1286,1287
1286,1288
1286,1289
1287,2891
1287,2893
1288,2891
1289,2244
1291,1292
1291,1293
1291,1294
1292,1294
1293,1296
1293,1294
1294,1297
1295,1298
1298,1300
1299,1300
1299,1301
1299,1302
1299,1303
1299,1304
1300,1301
1301,1302
1301,1304
1303,1530
1303,1304
1304,1530
1306,1307
1306,1915
1306,1916
1309,1993
1311,1313
1313,1523
1313,1620
1313,2426
1313,1621
1314,1315
1315,1342
1316,1317
1316,1318
1317,1319
1317,1320
1317,1318
1317,1321
1318,1681
1318,2004
1318,1682
1318,2028
1318,1748
1318,1342
1318,1343
1318,1338
1318,1334
1318,2100
1319,1322
1319,1323
1319,1321
1320,1322
1321,1913
1321,1634
1321,1323
1321,1322
1321,1636
1322,1673
1323,2465
1324,1325
1325,1977
1325,1978
1325,1979
1325,1980
1325,1981
1326,1327
1326,1328
1326,1329
1326,1330
1327,1634
1327,1328
1327,1329
1328,1329
1328,1330
1334,1335
1334,1336
1334,1337
1334,1338
1335,1336
1335,1338
1335,1339
1335,1340
1335,1341
1335,1342
1335,1343
1335,1344
1335,1345
1335,1346
1335,1347
1335,1348
1335,1349
1335,1350
1335,1351
1336,1339
1336,1337
1336,1338
1336,1341
1336,1352
1336,1353
1336,1342
1336,1343
1336,1344
1336,1345
1336,1346
1336,1354
1336,1355
1336,1356
1336,1357
1336,1347
1336,1358
1336,1359
1337,1340
1337,1360
1337,1338
1338,1339
1338,1340
1338,1341
1338,1352
1338,1353
1338,1342
1338,1343
1338,1355
1338,1357
1338,1347
1339,1340
1339,1345
1339,1351
1340,1341
1340,1343
1340,1344
1340,1345
1340,1346
1340,1359
1340,1351
1341,1366
1342,1360
1342,1353
1342,1344
1342,1355
1342,1347
1342,1348
1343,1346
1343,1354
1343,1371
1343,1357
1343,1347
1344,1380
1344,1353
1344,1354
1344,1355
1344,1371
1344,1348
1344,1372
1345,1690
1345,1352
1347,1357
1348,1360
1348,1353
1348,1355
1350,1533
1350,1535
1352,1367
1352,1368
1352,1369
1353,1370
1353,1354
1353,1355
1353,1371
1353,1372
1355,1360
1355,1380
1355,1363
1356,2646
1356,2015
1356,2012
1356,1697
1356,2024
1358,2849
1360,1361
1360,1362
1360,1363
1360,1364
1360,1365
1361,1362
1361,1364
1361,1365
1363,1380
1363,2450
1365,2694
1365,2781
1365,1742
1365,2606
1365,2695
1365,2847
1365,2813
1365,1693
1365,1653
1365,1752
1366,1373
1366,1374
1367,1368
1367,1375
1367,1376
1367,1377
1367,1378
1367,1379
1369,2282
1369,2196
1369,2252
1371,1760
1371,1374
1371,2234
1372,2448
1373,1644
1373,1536
1374,1760
1374,1762
1374,1798
1374,1763
1374,2234
1374,2071
1374,1408
1375,1376
1375,2448
1376,2448
1377,2365
1377,2274
1380,1801
1381,1382
1381,1383
1381,1384
1382,2323
1384,2532
1384,2533
1385,1386
1386,1960
1386,1546
1386,1803
1386,2495
1386,1543
1386,1550
1386,2496
1386,1549
1386,1548
1386,1542
1386,2850
1389,1915
1389,1482
1389,1916
1390,2372
1390,2367
1392,2573
1396,1502
1396,1505
1396,1398
1397,2769
1398,1810
1398,1505
1398,1997
1399,1400
1400,1401
1400,1402
1400,1403
1400,1404
1400,1405
1400,1406
1401,1497
1401,1498
1401,1499
1402,1403
1402,2452
1404,1861
1404,1862
1406,1623
1407,1408
1408,1760
1408,1634
1408,2066
1408,1764
1408,2071
1409,1410
1410,1411
1410,1412
1410,1413
1411,1412
1411,1413
1411,1414
1411,1415
1411,1416
1411,1417
1411,1418
1411,1419
1411,1420
1411,1421
1411,1422
1411,1423
1411,1424
1411,1425
1411,1426
1411,1427
1411,1428
1411,1429
1411,1430
1411,1431
1411,1432
1411,1433
1411,1434
1411,1435
1411,1436
1411,1437
1411,1438
1411,1439
1411,1440
1411,1441
1411,1442
1411,1443
1411,1444
1411,1445
1412,1414
1412,1415
1412,1416
1412,1419
1412,1421
1412,1425
1412,1427
1412,1428
1412,1429
1412,1430
1412,1434
1412,1437
1412,1438
1412,1440
1412,1441
1412,1442
1412,1443
1412,1445
1413,1414
1413,1446
1414,1415
1414,1416
1414,1419
1414,1421
1414,1424
1414,1426
1414,1427
1414,1428
1414,1429
1414,1430
1414,1433
1414,1434
1414,1436
1414,1437
1414,1438
1414,1439
1414,1440
1414,1441
1414,1442
1414,1443
1414,1445
1415,1447
1415,1416
1415,1426
1415,1434
1415,1441
1416,1419
1416,1424
1416,1426
1416,1427
1416,1431
1416,1433
1416,1434
1416,1436
1416,1438
1416,1439
1416,1441
1417,2134
1418,2264
1418,2249
1418,2258
1418,1872
1418,2265
1418,2195
1418,2255
1418,2266
1418,1425
1418,2196
1418,2256
1418,2262
1418,2267
1418,2268
1418,2263
1418,2269
1418,2270
1418,2271
1418,2272
1418,2273
1418,1445
1418,2274
1419,1420
1419,1421
1419,1428
1420,1422
1420,1439
1421,1428
1421,1430
1422,2403
1422,2404
1422,1439
1423,2482
1423,1428
1423,1430
1423,1431
1423,1432
1423,1433
1423,1436
1423,2483
1423,1442
1423,1443
1424,2493
1424,2494
1425,2194
1425,1872
1425,2195
1425,2271
1425,1445
1426,1932
1427,2244
1427,2196
1427,2252
1427,2604
1427,2253
1429,2134
1430,2134
1431,1433
1431,2134
1432,2134
1433,1436
1434,1437
1435,1903
1437,2393
1437,1938
1437,1941
1438,2771
1442,1443
1445,2195
1446,1448
1447,2047
1447,2048
1447,2049
1447,1964
1447,2050
1448,2771
1448,2772
1449,1453
1454,1455
1455,1457
1455,1458
1456,1460
1456,1461
1457,1676
1462,2399
1462,2433
1464,1465
1464,1466
1464,1467
1464,1468
1465,1466
1465,1467
1465,1469
1466,1470
1466,1471
1466,1467
1466,1469
1466,1472
1468,1477
1468,1480
1468,1469
1468,1481
1468,1482
1470,1471
1470,1475
1472,2679
1473,1486
1473,1483
1473,1484
1473,1485
1476,1488
1477,1489
1477,1493
1477,1478
1477,1491
1477,1494
1478,1489
1478,1495
1478,1493
1478,1496
1478,1491
1479,1480
1479,1482
1480,1496
1480,1482
1482,2751
1482,1915
1482,1496
1483,1484
1486,1558
1486,1504
1487,1502
1487,1503
1487,1504
1487,1505
1489,1493
1489,1491
1489,1506
1490,1507
1491,1493
1491,1496
1491,1494
1492,1493
1492,1494
1493,1494
1495,1508
1495,1509
1496,1511
1496,1512
1496,1513
1496,1514
1500,2079
1500,1813
1500,1880
1501,1745
1502,1876
1502,1505
1503,2290
1511,1757
1511,1686
1511,2751
1511,1759
1511,2752
1511,1512
1511,1514
1511,2873
1512,1757
1512,1686
1512,1759
1512,1514
1512,2873
1513,2693
1514,2873
1515,1516
1516,1517
1516,1518
1516,1519
1517,2221
1518,2335
1518,2764
1520,2897
1521,1522
1522,2627
1522,1523
1522,1620
1522,2426
1522,2723
1522,1621
1523,2627
1523,2626
1523,1621
1524,2376
1524,2870
1525,1529
1525,1531
1525,1532
1526,1527
1528,1994
1528,1818
1528,1820
1528,1819
1528,1997
1528,1998
1528,2002
1528,2000
1532,2284
1532,1854
1533,1534
1533,1535
1533,1536
1534,1535
1534,1536
1535,1536
1539,1541
1539,1540
1540,1541
1541,1544
1541,1545
1542,1960
1542,1546
1542,2319
1542,1543
1542,2835
1543,1547
1543,1548
1543,1549
1543,1550
1543,1551
1543,1552
1544,1545
1546,1738
1546,1960
1546,1702
1546,1938
1546,1945
1546,1961
1546,1962
1546,1963
1546,1964
1547,1960
1547,2420
1547,1834
1547,1707
1547,1836
1547,2323
1548,1962
1548,2495
1548,2496
1548,2492
1549,1552
1551,2346
1553,1554
1553,1555
1554,1644
1554,1669
1555,1681
1555,1682
1555,2529
1555,1748
1555,1751
1556,1557
1559,1560
1561,1563
1563,2140
1563,2141
1565,1847
1565,1848
1570,2384
1574,2796
1576,2335
1576,2336
1576,2337
1577,2356
1577,1590
1578,1579
1578,1974
1580,2686
1580,1581
1580,2687
1580,2404
1581,2686
1581,2687
1581,2404
1582,1589
1583,1903
1583,1586
1587,2909
1587,1590
1587,1903
1590,2357
1590,2358
1591,1592
1592,1917
1592,1918
1593,1594
1594,1595
1594,1596
1594,1597
1594,1598
1594,1599
1595,1600
1595,1596
1596,2795
1596,1597
1597,1599
1599,2468
1602,1722
1603,2577
1604,1622
1604,1623
1604,1624
1608,2834
1614,2570
1614,2568
1615,1616
1616,2026
1619,1992
1620,2389
1620,2426
1620,2427
1620,1728
1620,1621
1620,2428
1620,2429
1621,2428
1621,2429
1622,2452
1623,2878
1623,1857
1624,2878
1624,1857
1626,1694
1626,2754
1626,2819
1629,1630
1630,1631
1630,1632
1630,1633
1631,1632
1631,1634
1631,1635
1631,1636
1631,1637
1631,1638
1631,1639
1632,1634
1633,1640
1633,1641
1634,2065
1634,2052
1634,2066
1634,2067
1634,2068
1634,2069
1634,2070
1634,2071
1634,1636
1634,1637
1634,1638
1634,2072
1634,2073
1634,2074
1634,1775
1634,1776
1634,2075
1634,2076
1634,2061
1635,2423
1635,2378
1636,1913
1636,2057
1636,2689
1636,2071
1637,1913
1637,2057
1637,2689
1637,2698
1638,2111
1638,2608
1639,2822
1640,2606
1640,2605
1641,2052
1642,1643
1645,1662
1646,1670
1646,1671
1647,1658
1650,1675
1650,1676
1650,1662
1650,1677
1650,1678
1653,1684
1654,1685
1655,1686
1655,1687
1656,1681
1656,1682
1656,1689
1658,1691
1659,1692
1660,1693
1662,2118
1662,1677
1663,1694
1663,1665
1664,1695
1665,1773
1666,1688
1666,1703
1666,1704
1667,1705
1667,1706
1668,2367
1669,2813
1670,1707
1670,1708
1670,1709
1670,1710
1670,1711
1671,1714
1672,1697
1672,1678
1672,2879
1674,1741
1674,1742
1674,1743
1675,1760
1675,1800
1675,1761
1676,2084
1676,2086
1677,2123
1678,2309
1678,2879
1681,1682
1681,1689
1681,1747
1681,1748
1681,1749
1681,1750
1681,1751
1682,1748
1682,1749
1682,1750
1682,1751
1684,1752
1684,1753
1685,1754
1685,1734
1685,1755
1686,1756
1686,1757
1686,1758
1686,1759
1687,2534
1688,1703
1688,1722
1689,1747
1689,1765
1689,1766
1690,1767
1691,2098
1691,2099
1691,2100
1691,2102
1691,2101
1693,1768
1693,1769
1693,1770
1693,1771
1694,1772
1697,1698
1697,1715
1698,1700
1698,1717
1698,1701
1699,2308
1700,1701
1700,1716
1702,1718
1702,1719
1702,1720
1702,1721
1703,1723
1703,1724
1707,1708
1707,1730
1707,1710
1707,1731
1707,1732
1707,1733
1707,1734
1707,1735
1707,1736
1708,1737
1709,2314
1709,2313
1709,2315
1709,2316
1709,2317
1710,2417
1710,1803
1710,1730
1710,1731
1710,1737
1710,2321
1710,2325
1710,1732
1710,1804
1710,2323
1710,1736
1712,1985
1712,1979
1712,1984
1713,2531
1713,2313
1713,2629
1714,1738
1714,1739
1714,1740
1715,2320
1716,2572
1718,2211
1718,1719
1718,2200
1718,2204
1718,2205
1718,1721
1718,2212
1719,2211
1719,2215
1719,1721
1719,2212
1720,1960
1720,1967
1720,1968
1720,2550
1720,2645
1721,2211
1722,1753
1723,1789
1725,2029
1728,2145
1728,2148
1728,2387
1728,2423
1728,2389
1730,2323
1730,2321
1730,1732
1730,2328
1730,1735
1730,1736
1731,2323
1732,1737
1732,2328
1732,1736
1733,2419
1733,2323
1733,1734
1735,2417
1735,1737
1735,2328
1736,1803
1736,2328
1736,2321
1736,2850
1737,2417
1737,2418
1738,1965
1738,1950
1738,1966
1742,1752
1744,1746
1747,2791
1747,1765
1748,1751
1749,2001
1749,1750
1750,1823
1756,1758
1756,2349
1757,1759
1760,1798
1760,1761
1760,1762
1760,1763
1761,1798
1761,1763
1762,1763
1762,1764
1763,2353
1763,2238
1763,2355
1763,1767
1763,1764
1764,1768
1764,2066
1765,2419
1765,2485
1765,2791
1765,2488
1765,2490
1766,2791
1767,2235
1767,2239
1767,2240
1767,2463
1768,2464
1769,1770
1769,1771
1770,1771
1772,2899
1774,1775
1774,1776
1775,1776
1777,1778
1777,1779
1777,1780
1779,2451
1781,1782
1783,1784
1784,2043
1785,1786
1785,1789
1785,1790
1785,1791
1786,1792
1786,1790
1786,1793
1789,2523
1791,2756
1791,1890
1791,1893
1793,2554
1795,2554
1798,2015
1799,2890
1799,2806
1799,2563
1799,2836
1802,2285
1802,2286
1803,1804
1803,1805
1803,1806
1805,2850
1807,1810
1807,1811
1808,2915
1809,2297
1812,1814
1812,1817
1813,1876
1813,1880
1814,1818
1814,1821
1815,2293
1815,1816
1818,1820
1818,1819
1819,1994
1819,1820
1819,1998
1819,2000
1823,2332
1823,2774
1823,2775
1823,2773
1826,1827
1828,1829
1828,1830
1828,1831
1829,1832
1829,1833
1829,1834
1829,1835
1829,1836
1829,1837
1829,1838
1829,1839
1829,1840
1829,1841
1829,1842
1829,1843
1829,1844
1829,1845
1829,1846
1830,1836
1830,1838
1831,2872
1832,1834
1832,1833
1832,2031
1833,2032
1833,1835
1833,1838
1833,1839
1833,1840
1833,1843
1833,2035
1834,2036
1834,1835
1834,1836
1834,1838
1834,1839
1834,1840
1834,1841
1834,2037
1834,2033
1834,1843
1834,2038
1834,2039
1834,2040
1835,1836
1835,1837
1835,1838
1835,1839
1836,1837
1836,1838
1836,1839
1836,1843
1836,2039
1836,1844
1836,2530
1836,1846
1837,1840
1837,2531
1837,2530
1838,2039
1838,2530
1839,2531
1839,1843
1840,1977
1840,2532
1840,2032
1840,2033
1840,2034
1841,2037
1841,1843
1842,2739
1843,2802
1843,2036
1843,2313
1843,2037
1844,2515
1847,1848
1848,1849
1849,1853
1849,1854
1849,1855
1851,1852
1853,1854
1854,2284
1857,1858
1857,1859
1857,1860
1858,1861
1858,1862
1863,1864
1865,1866
1865,1867
1865,1868
1867,1868
1870,2542
1870,2546
1870,2543
1871,1872
1872,2195
1872,2262
1872,2263
1872,2269
1872,2270
1872,2273
1872,2274
1876,1880
1878,1879
1878,1881
1878,1882
1878,1883
1878,1884
1878,1885
1878,1886
1878,1887
1879,1881
1879,1882
1879,1883
1879,1888
1879,1884
1879,1885
1879,1889
1879,1886
1879,1887
1881,1882
1881,1883
1881,1888
1881,1884
1881,1885
1881,1889
1881,1886
1881,1887
1882,1883
1882,1995
1884,1885
1885,2665
1888,1889
1888,2514
1889,2640
1890,1892
1890,1893
1891,1892
1891,1894
1891,1895
1891,1896
1892,1894
1892,1897
1892,1896
1894,2003
1898,1899
1899,2857
1900,1901
1901,2061
1902,1903
1902,1904
1902,1905
1903,2797
1908,2705
1910,2599
1912,1913
1915,1916
1916,2348
1917,1919
1917,1920
1917,1921
1917,1922
1917,1923
1918,1925
1920,2647
1921,1925
1921,2341
1922,2612
1923,1925
1923,2063
1923,2072
1926,1930
1926,1927
1926,1931
1927,1930
1927,2442
1927,2444
1927,2441
1927,2436
1927,2438
1927,2439
1927,2445
1928,1931
1928,2447
1930,2440
1930,2441
1930,2436
1930,2439
1930,2442
1930,2443
1931,2436
1932,1933
1932,1934
1935,1936
1935,1937
1935,1938
1935,1939
1935,1940
1935,1941
1935,1942
1935,1943
1936,1937
1936,1938
1936,1944
1936,1945
1936,1946
1936,1947
1936,1948
1936,1949
1936,1950
1936,1951
1936,1952
1936,1941
1936,1953
1936,1954
1936,1943
1937,1955
1937,1956
1937,1939
1937,1957
1937,1940
1937,1941
1938,1946
1938,1949
1938,1950
1939,1957
1939,1940
1939,1941
1940,2787
1940,1957
1940,1942
1941,2393
1941,2048
1941,1953
1941,1963
1941,1950
1941,1945
1942,2182
1942,1950
1942,2408
1942,2207
1944,2393
1944,2394
1944,1945
1944,1946
1945,2396
1945,1948
1945,2393
1945,1961
1945,1949
1945,2394
1945,1946
1945,2397
1946,2398
1948,2396
1948,1961
1948,2400
1948,2401
1948,2402
1951,2595
1951,2170
1951,2407
1952,1964
1953,1964
1954,2393
1954,2159
1954,2398
1955,1958
1956,1959
1960,1967
1960,1968
1960,1969
1960,1970
1961,2396
1961,2400
1961,2402
1962,1968
1962,2491
1962,2492
1963,2393
1963,2394
1963,2395
1964,2393
1964,2717
1964,2047
1965,2031
1967,2045
1969,2753
1970,2821
1970,2225
1971,1972
1971,1973
1972,1973
1972,1974
1972,1975
1972,1976
1977,1980
1977,1982
1977,1983
1979,1980
1979,1981
1979,1984
1980,1981
1981,1984
1982,1983
1983,2802
1983,2881
1984,2072
1984,2622
1989,1991
1990,1992
1990,1993
1991,2288
1994,1997
1994,1998
1994,1999
1994,2000
1997,1998
1997,2002
1997,2000
1998,2537
1998,1999
1998,2002
1998,2000
1999,2000
2000,2537
2000,2002
2001,2004
2006,2009
2009,2747
2011,2012
2011,2013
2011,2014
2012,2015
2012,2013
2012,2016
2012,2017
2013,2019
2013,2020
2013,2021
2013,2022
2013,2014
2013,2023
2014,2027
2015,2024
2015,2017
2015,2025
2019,2020
2019,2022
2020,2026
2023,2451
2025,2382
2026,2824
2028,2030
2029,2137
2029,2138
2029,2139
2031,2032
2032,2033
2032,2034
2033,2036
2033,2037
2034,2532
2034,2035
2035,2567
2036,2107
2036,2037
2036,2040
2037,2107
2037,2040
2038,2420
2038,2854
2039,2313
2041,2042
2041,2043
2042,2044
2042,2045
2042,2046
2043,2549
2043,2550
2043,2551
2044,2104
2044,2105
2045,2868
2046,2650
2046,2700
2046,2913
2046,2287
2048,2304
2050,2858
2050,2907
2051,2052
2051,2053
2051,2054
2052,2055
2052,2056
2052,2057
2052,2058
2052,2059
2052,2060
2052,2054
2052,2061
2052,2062
2053,2054
2055,2057
2056,2063
2056,2064
2057,2059
2057,2062
2058,2062
2059,2066
2059,2071
2060,2812
2064,2605
2066,2305
2066,2306
2066,2071
2068,2578
2069,2112
2069,2608
2069,2070
2069,2113
2070,2683
2070,2682
2071,2309
2071,2075
2071,2688
2072,2621
2072,2618
2072,2623
2073,2608
2073,2689
2075,2309
2075,2688
2077,2078
2080,2081
2081,2082
2081,2083
2084,2085
2087,2088
2087,2089
2088,2090
2088,2089
2089,2090
2089,2919
2089,2274
2091,2092
2091,2093
2091,2094
2091,2095
2091,2096
2091,2097
2092,2607
2093,2094
2093,2096
2094,2633
2094,2095
2094,2096
2096,2633
2096,2449
2099,2100
2099,2101
2100,2103
2102,2231
2102,2363
2104,2105
2105,2746
2106,2118
2108,2109
2109,2110
2110,2226
2111,2112
2111,2113
2112,2114
2112,2115
2112,2116
2114,2115
2114,2882
2114,2387
2118,2121
2118,2122
2123,2523
2123,2892
2124,2125
2125,2126
2125,2127
2128,2129
2128,2130
2129,2130
2132,2133
2134,2720
2134,2721
2137,2525
2138,2573
2140,2141
2144,2145
2145,2146
2145,2147
2145,2148
2145,2149
2146,2147
2146,2148
2146,2387
2147,2148
2148,2149
2148,2388
2149,2387
2149,2388
2149,2603
2149,2391
2149,2793
2149,2794
2149,2392
2150,2151
2150,2152
2152,2862
2153,2154
2156,2157
2158,2159
2158,2160
2159,2161
2159,2162
2159,2163
2159,2164
2159,2165
2159,2166
2159,2167
2159,2168
2159,2169
2159,2170
2159,2171
2159,2172
2159,2173
2159,2174
2159,2175
2159,2176
2159,2177
2159,2178
2159,2179
2160,2180
2160,2181
2160,2182
2160,2183
2160,2184
2161,2170
2161,2171
2162,2163
2163,2169
2163,2171
2164,2615
2164,2165
2164,2166
2164,2167
2164,2176
2165,2615
2165,2166
2165,2167
2165,2168
2165,2176
2166,2615
2166,2167
2166,2168
2166,2176
2167,2168
2167,2176
2168,2176
2170,2171
2172,2173
2172,2177
2175,2811
2179,2886
2179,2405
2179,2406
2180,2185
2180,2186
2180,2183
2180,2184
2181,2405
2181,2406
2181,2182
2182,2407
2182,2408
2184,2406
2186,2867
2187,2591
2189,2192
2189,2193
2194,2195
2194,2196
2194,2197
2194,2198
2195,2258
2195,2264
2195,2255
2195,2266
2195,2256
2195,2268
2195,2272
2195,2283
2196,2282
2196,2252
2196,2271
2198,2282
2198,2252
2199,2200
2199,2201
2199,2202
2199,2203
2200,2204
2200,2201
2200,2202
2200,2205
2200,2203
2200,2206
2201,2207
2201,2208
2202,2209
2202,2203
2202,2210
2203,2204
2203,2205
2204,2205
2204,2212
2206,2889
2207,2612
2207,2609
2207,2613
2207,2614
2207,2611
2207,2208
2208,2612
2208,2609
2208,2613
2208,2611
2209,2213
2210,2260
2211,2214
2211,2215
2211,2212
2212,2214
2214,2411
2214,2413
2216,2218
2216,2221
2218,2219
2218,2221
2221,2500
2223,2224
2224,2923
2228,2229
2229,2230
2230,2699
2230,2700
2231,2232
2231,2233
2233,2363
2235,2237
2235,2238
2235,2239
2235,2240
2235,2241
2239,2240
2239,2241
2242,2243
2242,2244
2242,2245
2242,2246
2242,2247
2243,2248
2243,2245
2243,2246
2243,2249
2243,2247
2243,2250
2243,2251
2244,2252
2244,2253
2245,2249
2245,2254
2245,2246
2245,2247
2245,2255
2245,2256
2246,2247
2247,2249
2247,2255
2249,2257
2249,2258
2249,2255
2249,2259
2249,2260
2249,2261
2250,2259
2250,2276
2250,2584
2250,2585
2250,2277
2250,2586
2252,2604
2252,2253
2253,2817
2254,2262
2254,2263
2255,2264
2255,2265
2255,2266
2255,2258
2255,2256
2256,2264
2256,2265
2256,2258
2256,2262
2258,2264
2258,2265
2258,2266
2260,2261
2262,2267
2262,2482
2262,2268
2262,2263
2262,2269
2262,2755
2264,2265
2264,2266
2265,2282
2266,2344
2266,2268
2266,2271
2267,2269
2267,2755
2268,2482
2268,2755
2269,2755
2270,2760
2273,2471
2274,2471
2275,2276
2275,2277
2277,2584
2277,2585
2278,2279
2278,2280
2278,2281
2279,2335
2279,2338
2287,2288
2287,2289
2288,2290
2288,2291
2292,2625
2292,2626
2292,2487
2292,2488
2293,2294
2295,2297
2298,2299
2300,2301
2303,2304
2305,2307
2305,2306
2306,2307
2306,2308
2308,2309
2308,2310
2308,2311
2309,2690
2309,2310
2309,2688
2312,2313
2314,2318
2314,2316
2321,2322
2321,2323
2321,2324
2321,2325
2321,2326
2321,2327
2322,2329
2322,2323
2323,2325
2323,2326
2326,2421
2326,2422
2330,2331
2331,2332
2331,2333
2332,2334
2335,2336
2335,2338
2335,2339
2335,2340
2336,2338
2338,2339
2339,2729
2340,2843
2340,2842
2340,2844
2341,2342
2341,2343
2343,2829
2345,2346
2345,2347
2346,2348
2352,2353
2352,2354
2353,2355
2353,2354
2354,2895
2361,2362
2362,2366
2367,2368
2367,2369
2367,2370
2368,2369
2368,2371
2368,2370
2369,2371
2370,2859
2370,2371
2372,2374
2375,2376
2376,2377
2376,2378
2378,2723
2378,2724
2380,2381
2380,2382
2381,2382
2381,2383
2384,2385
2385,2386
2387,2389
2387,2390
2387,2391
2387,2388
2387,2392
2388,2792
2388,2793
2388,2392
2389,2423
2389,2424
2391,2792
2392,2576
2393,2395
2396,2400
2396,2401
2401,2708
2405,2406
2406,2407
2407,2656
2409,2601
2410,2411
2410,2412
2411,2412
2411,2413
2411,2414
2411,2415
2413,2730
2417,2418
2419,2484
2419,2485
2419,2487
2419,2488
2420,2561
2421,2422
2421,2527
2423,2425
2424,2428
2424,2429
2426,2627
2426,2626
2426,2629
2428,2429
2431,2432
2431,2433
2432,2434
2433,2435
2436,2437
2436,2438
2436,2439
2437,2439
2438,2439
2439,2442
2439,2441
2439,2446
2440,2441
2441,2442
2441,2446
2441,2443
2442,2446
2442,2445
2453,2454
2454,2455
2454,2456
2454,2457
2454,2458
2454,2459
2454,2460
2454,2461
2454,2462
2456,2556
2456,2557
2456,2457
2456,2558
2457,2558
2457,2560
2457,2462
2459,2652
2461,2914
2464,2465
2467,2468
2467,2469
2467,2470
2469,2732
2470,2502
2471,2472
2471,2473
2471,2474
2471,2475
2472,2473
2472,2476
2473,2474
2473,2805
2473,2476
2474,2475
2474,2476
2476,2906
2477,2478
2479,2838
2481,2482
2482,2483
2483,2818
2484,2485
2484,2486
2485,2489
2485,2490
2490,2791
2492,2495
2492,2496
2495,2496
2498,2675
2498,2676
2498,2677
2498,2678
2498,2679
2501,2502
2504,2505
2504,2506
2505,2508
2506,2509
2506,2507
2507,2511
2509,2510
2516,2517
2516,2518
2516,2519
2517,2518
2520,2521
2523,2524
2532,2533
2534,2535
2535,2555
2536,2537
2536,2538
2537,2538
2537,2539
2537,2540
2538,2640
2538,2540
2540,2640
2540,2638
2540,2810
2540,2641
2541,2542
2541,2543
2541,2544
2542,2545
2543,2547
2544,2547
2544,2809
2545,2547
2546,2592
2547,2809
2552,2553
2556,2557
2556,2559
2557,2559
2562,2563
2563,2564
2568,2569
2573,2574
2575,2576
2577,2814
2579,2610
2579,2671
2580,2581
2580,2582
2581,2582
2584,2585
2584,2586
2585,2839
2586,2776
2587,2588
2593,2594
2593,2595
2593,2596
2594,2596
2595,2597
2595,2596
2595,2598
2598,2848
2598,2673
2601,2602
2609,2611
2616,2617
2616,2618
2616,2619
2617,2618
2617,2619
2617,2620
2618,2621
2618,2619
2618,2622
2618,2623
2619,2621
2620,2696
2621,2624
2622,2623
2626,2627
2626,2628
2630,2631
2630,2632
2630,2633
2630,2634
2630,2635
2630,2636
2632,2634
2633,2825
2633,2634
2634,2635
2634,2825
2635,2636
2637,2638
2637,2639
2638,2640
2638,2639
2638,2641
2639,2640
2640,2641
2642,2643
2643,2644
2643,2645
2649,2650
2650,2651
2653,2654
2654,2763
2654,2880
2656,2661
2656,2662
2656,2663
2657,2658
2661,2662
2661,2663
2661,2758
2662,2758
2664,2665
2664,2666
2665,2666
2667,2668
2667,2669
2668,2669
2669,2707
2673,2674
2674,2780
2675,2679
2676,2677
2676,2680
2677,2680
2682,2683
2683,2684
2683,2685
2685,2911
2687,2745
2690,2847
2694,2695
2699,2700
2701,2702
2701,2703
2701,2704
2702,2703
2702,2844
2702,2704
2703,2844
2704,2844
2705,2706
2708,2709
2716,2863
2716,2864
2717,2719
2723,2724
2724,2725
2727,2728
2736,2738
2737,2738
2741,2744
2742,2743
2744,2815
2748,2749
2749,2750
2751,2752
2757,2800
2757,2801
2758,2759
2759,2760
2759,2761
2759,2762
2765,2766
2766,2767
2766,2768
2770,2771
2770,2772
2773,2774
2773,2775
2774,2775
2777,2778
2782,2783
2782,2784
2783,2808
2793,2826
2797,2798
2798,2799
2800,2801
2802,2803
2806,2807
2822,2823
2833,2888
2834,2918
2839,2840
2843,2845
2845,2874
2859,2860
2863,2871
2865,2866
2885,2886
2894,2895
2900,2901
2904,2905
2916,2917
