source,target
0,1
0,2
0,3
0,4
0,5
0,6
0,7
1,8
1,9
1,10
1,11
1,12
2,13
2,3
2,6
2,14
2,15
2,16
2,17
2,18
2,19
2,20
2,21
2,22
2,23
2,24
2,25
2,26
2,27
3,28
3,6
3,7
3,16
3,20
3,24
3,26
3,29
3,30
5,31
5,32
5,7
5,33
6,9
6,34
6,14
6,35
6,28
6,29
7,36
7,37
7,38
7,39
7,40
7,41
7,32
7,42
7,43
7,44
7,33
8,34
8,45
8,16
8,46
8,20
8,47
8,48
8,49
8,50
8,51
8,52
8,53
8,54
8,26
8,55
8,56
8,27
8,57
9,34
9,16
9,58
9,59
9,27
10,1413
11,34
11,1286
11,50
11,65
11,461
11,2044
12,315
12,2623
13,60
13,61
14,68
14,69
14,36
14,35
14,70
14,20
14,71
14,72
14,26
14,55
14,73
14,74
14,75
15,45
15,194
15,235
15,236
15,237
15,238
15,239
15,240
15,241
15,242
15,243
15,244
15,245
16,811
16,812
16,563
16,63
16,813
16,814
16,815
16,782
16,753
16,816
16,34
16,817
16,818
16,819
16,191
16,192
16,778
16,64
16,564
16,82
16,820
16,259
16,201
16,821
16,430
16,431
16,262
16,640
16,43
16,518
16,822
16,823
16,113
16,49
16,23
16,91
16,51
16,95
16,824
16,54
16,825
16,603
16,100
16,826
16,827
16,828
16,829
16,57
18,561
18,813
18,43
18,751
18,62
18,1851
18,54
18,1852
19,561
19,1891
19,1893
19,681
20,68
20,69
20,34
20,421
20,82
20,35
20,86
20,1958
21,267
21,704
21,633
21,886
22,1447
22,1157
22,25
22,2149
22,27
22,1301
23,818
23,778
23,82
23,43
23,259
23,262
23,50
23,1443
23,607
24,2614
24,51
24,54
24,570
25,1342
25,1002
25,704
25,633
25,663
25,630
25,354
25,1209
25,346
25,1006
25,1936
25,351
25,152
25,677
25,136
26,34
26,55
26,53
26,27
27,489
28,62
28,63
28,64
28,65
29,191
29,192
29,204
29,203
29,193
29,194
29,76
29,195
30,41
30,32
30,42
31,33
32,39
32,40
32,41
32,44
32,33
32,66
33,563
33,818
33,1862
33,1865
34,64
34,49
34,50
34,55
34,67
34,59
34,57
35,68
35,76
35,77
35,78
35,72
35,79
35,74
35,75
36,80
36,81
36,70
36,82
36,83
36,84
36,85
36,86
36,87
36,72
36,88
36,89
36,90
36,91
36,92
36,93
36,94
36,95
36,96
36,97
36,98
36,99
36,100
36,101
36,102
37,103
37,104
37,105
37,106
37,107
37,108
37,109
37,110
38,111
38,112
38,43
38,113
39,44
40,114
40,115
40,116
41,42
41,117
43,354
43,44
43,196
43,51
43,109
43,824
43,54
43,66
43,829
44,2406
45,314
45,315
45,276
45,278
45,316
46,812
46,1303
46,421
46,1302
46,821
46,823
46,1305
46,48
46,392
46,1309
46,1304
46,55
46,1105
46,56
47,80
47,2038
47,778
47,601
47,346
47,822
47,1579
47,136
47,605
47,1863
47,607
47,604
47,2039
47,2040
47,129
48,812
48,2270
48,1303
48,1305
48,55
49,82
49,455
49,392
49,50
50,65
51,562
51,272
51,2614
51,2615
51,223
51,721
51,113
52,191
52,192
52,82
52,201
52,203
52,193
52,194
52,76
52,195
52,196
53,2338
53,259
53,328
53,2559
54,563
54,217
54,562
54,817
54,818
54,459
54,778
54,1862
54,565
54,1448
54,2373
54,1865
54,323
54,607
56,421
57,82
57,1262
58,1748
58,702
58,544
59,192
59,195
60,1575
61,259
62,82
62,1853
63,459
63,64
63,65
63,91
63,1727
63,1853
64,811
64,1864
64,65
64,1583
64,66
64,1869
65,811
65,1833
65,184
65,91
66,1674
66,1218
66,2610
66,349
66,106
66,1439
66,2611
66,354
66,1663
66,346
66,357
66,2609
66,1864
66,351
66,1858
66,2269
66,1853
66,725
66,2955
68,72
68,101
69,122
69,70
69,123
69,124
69,72
69,125
69,88
69,126
69,73
69,127
69,75
69,101
69,128
70,439
70,440
70,441
70,123
70,419
70,421
70,82
70,422
70,83
70,124
70,430
70,431
70,416
70,406
70,407
70,408
70,81
72,453
72,440
72,463
72,123
72,2562
72,82
72,2563
72,125
72,124
72,88
72,1506
72,416
72,86
72,407
72,392
73,775
73,565
73,124
73,2899
73,75
74,259
74,77
74,2924
75,122
75,123
75,124
75,2949
76,191
76,192
76,193
76,194
76,195
76,196
76,197
78,435
79,2178
80,129
81,405
81,406
81,407
81,408
81,409
81,410
81,411
81,412
81,413
81,414
82,453
82,408
82,410
82,416
82,430
82,431
82,432
82,84
82,433
82,454
82,86
82,136
82,392
82,455
82,91
82,95
82,425
82,99
82,100
82,426
82,456
82,427
82,434
82,102
83,419
83,408
83,412
83,414
83,437
83,438
83,392
83,448
83,446
83,102
84,458
84,459
84,421
84,432
84,410
84,94
84,95
84,460
85,1507
85,1505
85,1506
85,420
86,392
86,1304
86,456
89,1507
89,125
89,1511
90,335
90,2401
91,811
91,430
91,431
91,2687
91,1449
92,440
92,342
93,2655
93,2780
93,445
93,98
93,2781
94,95
95,406
95,432
95,434
96,2510
96,97
97,1337
97,2510
98,2780
98,2781
99,440
99,405
99,419
99,430
99,431
99,416
99,406
99,407
99,408
99,409
99,465
99,412
99,1505
100,430
100,431
100,455
100,410
102,419
102,448
102,444
102,434
104,333
105,1788
105,207
105,1789
105,1790
106,2177
106,1943
106,2178
107,1210
107,284
107,272
107,286
107,229
107,287
107,223
107,2630
107,1296
107,2229
107,1548
107,290
107,220
107,611
107,306
109,563
109,1862
109,783
109,2748
111,130
111,131
111,132
111,133
111,134
111,135
111,136
111,137
111,138
111,139
111,140
111,141
111,142
111,143
112,752
112,781
112,788
112,789
112,782
112,753
112,778
112,601
112,754
112,790
112,640
112,791
112,792
112,113
112,793
112,365
112,774
112,255
113,752
113,781
113,782
113,753
113,1005
113,642
113,793
113,640
113,626
113,784
113,2406
113,603
114,1418
114,115
115,1429
116,1429
117,646
118,119
118,120
118,121
119,627
119,258
119,628
119,629
119,630
119,631
119,621
119,623
119,131
119,360
119,632
119,332
121,2666
121,301
122,125
122,126
122,127
124,128
125,440
125,2562
129,778
129,1447
129,152
129,848
129,2047
129,1258
129,353
129,605
129,607
129,604
129,610
129,611
130,399
131,636
131,777
131,704
131,663
131,631
131,751
131,637
131,623
131,625
131,718
131,642
131,639
131,830
131,640
131,709
131,646
131,756
131,332
132,1524
132,1452
132,1446
132,956
132,150
132,1520
132,849
132,1534
132,999
132,138
132,1535
132,726
132,1536
133,1431
133,1846
133,137
133,141
134,724
134,1901
134,354
134,346
134,351
134,1553
134,1903
134,353
134,135
134,136
134,139
134,140
134,1556
134,842
134,142
134,756
135,1934
135,716
135,1901
135,1935
135,390
135,1936
135,355
135,1553
135,1903
135,353
135,370
135,139
136,778
136,354
136,346
136,351
136,1579
137,729
137,2451
137,141
138,1524
138,1446
138,1455
138,1347
139,266
139,268
139,1767
139,280
139,1553
140,390
140,354
140,346
140,351
140,1553
141,729
141,2451
142,724
142,399
142,354
142,346
142,351
142,1449
143,1538
143,1553
143,353
144,145
144,146
146,258
146,2680
146,2580
146,2871
147,148
148,751
148,637
148,625
149,150
150,1524
150,1525
150,1521
150,1522
150,1516
150,983
150,1526
150,703
150,310
150,1527
150,1517
150,792
150,1528
150,956
150,1529
150,1530
150,1519
150,1531
150,1520
150,180
150,1515
150,1518
150,1532
151,152
151,153
151,154
152,790
152,1258
152,610
152,613
152,1157
152,1300
152,1301
153,1310
153,863
153,1278
153,402
153,1038
153,1190
153,161
154,1162
154,1658
155,156
156,1594
156,1590
156,1591
156,1595
157,158
157,159
157,160
158,844
158,1162
158,675
158,678
158,1274
158,1657
159,197
161,162
162,2566
162,219
162,2607
162,2606
162,1192
163,164
163,165
164,610
166,167
166,168
166,169
166,170
167,2852
167,265
167,1652
167,1257
168,2732
168,216
168,263
168,2344
168,265
168,1294
168,1257
171,172
171,173
171,174
171,175
171,176
171,177
171,178
171,179
172,745
172,544
172,173
172,545
172,535
172,174
172,539
172,1424
172,772
172,765
172,747
172,549
173,1603
173,174
173,745
173,643
173,177
173,275
173,276
173,178
173,551
174,574
174,1740
174,543
174,650
174,555
174,276
174,747
174,178
174,179
175,534
175,535
175,1744
175,546
175,1760
175,1408
175,177
175,1037
175,547
175,1719
175,550
175,551
176,189
176,2602
177,1770
177,1584
177,1586
177,2711
177,1585
177,1737
177,650
177,1397
177,1693
177,1714
177,1031
177,1760
177,1395
177,1391
177,643
177,1409
177,1844
177,1399
178,2851
179,2732
179,2819
179,1786
179,2646
179,2733
179,2885
179,2851
179,1740
179,738
179,1701
179,1412
179,1413
179,1796
181,182
181,183
181,184
182,1366
183,1388
183,1389
183,1391
183,1392
183,1397
183,1403
184,1735
184,1714
184,1037
184,1034
184,1768
185,186
185,187
185,188
186,1135
186,1142
186,1143
186,1144
187,2006
187,2535
187,2536
187,1598
189,190
190,2062
190,1025
190,2063
190,2064
190,2055
190,2071
190,2065
190,1030
190,2056
190,2057
190,2066
191,198
191,199
191,192
191,193
191,194
191,200
191,201
191,202
191,203
191,204
191,205
191,206
191,207
191,195
191,196
191,208
191,197
192,198
192,193
192,194
192,199
192,200
192,201
192,202
192,203
192,204
192,205
192,195
192,196
192,197
193,209
193,198
193,199
193,210
193,200
193,201
193,202
193,211
193,212
193,203
193,194
193,195
193,196
193,197
193,213
194,198
194,199
194,214
194,201
194,215
194,195
194,196
194,197
195,198
195,201
195,203
195,196
195,197
196,198
196,199
196,201
196,262
196,203
197,2912
197,2913
198,199
198,201
198,202
198,203
198,204
198,207
199,216
199,200
199,201
199,202
199,203
199,204
200,202
200,222
201,202
201,203
201,204
202,209
202,219
202,210
202,223
202,211
202,212
202,220
202,224
202,221
203,204
203,205
203,234
204,253
206,1338
206,281
207,1721
207,750
207,333
208,1650
208,887
208,1191
208,1003
208,1004
208,629
208,966
208,892
208,890
208,668
208,921
208,868
208,968
208,684
208,687
209,217
209,218
210,219
210,211
210,220
210,221
211,219
211,225
211,226
211,220
211,221
212,227
212,228
212,229
212,230
212,231
212,232
212,233
212,224
213,228
213,946
213,2265
213,650
213,1597
213,673
213,1304
213,215
213,365
213,2363
214,246
214,247
214,248
214,249
214,250
214,251
214,252
214,253
214,254
214,255
215,256
215,257
215,258
215,259
215,260
215,261
215,262
216,263
216,264
216,265
218,284
218,2458
218,648
218,1837
219,225
219,266
219,267
219,268
219,269
219,270
219,271
219,272
219,273
219,274
219,275
219,276
219,277
219,278
219,279
219,280
219,281
219,282
219,221
219,283
220,284
220,229
220,230
220,233
220,221
221,2897
221,226
221,296
222,2519
222,2518
223,284
223,228
223,285
223,272
223,286
223,229
223,287
223,230
223,231
223,288
223,289
223,290
223,291
223,292
223,293
223,294
223,295
224,1829
224,1211
224,284
224,302
224,1830
224,1212
224,308
224,1294
224,1384
224,233
224,305
224,232
224,306
225,267
225,266
225,296
225,273
225,274
225,277
225,297
225,282
225,298
225,292
226,299
227,300
227,228
227,230
227,231
227,285
227,274
227,301
228,299
228,284
228,302
228,231
228,303
228,304
228,274
228,301
228,305
228,306
229,307
229,284
229,308
229,304
229,301
229,233
229,305
230,256
230,285
230,259
230,308
230,233
230,305
230,309
231,302
231,310
231,311
231,304
231,312
231,305
231,313
232,1829
232,1211
232,284
232,1830
232,1212
232,308
232,1294
232,233
232,1214
233,284
234,346
235,511
235,512
235,242
236,237
236,1500
237,1501
237,1502
237,1503
238,1323
238,1504
238,1500
239,719
239,1838
239,1839
239,1837
239,245
240,497
240,500
240,510
241,2865
241,689
244,1323
244,1326
244,1314
245,491
245,1319
245,492
245,493
245,495
245,496
245,1314
245,2594
245,501
245,1327
246,259
246,317
246,248
246,318
246,319
246,320
246,253
246,321
247,248
248,317
248,249
248,1382
248,321
249,250
249,253
250,2011
250,1382
250,251
250,252
250,253
251,318
251,2815
251,1051
251,346
251,351
251,2816
252,2816
253,320
254,1051
254,346
254,351
254,374
254,606
255,789
256,259
256,322
256,323
256,324
257,259
257,325
257,326
257,327
258,328
258,329
258,330
258,331
258,332
259,262
259,317
259,333
259,334
259,316
260,261
260,262
260,317
260,328
260,335
261,336
261,337
261,262
261,317
261,335
262,319
262,337
262,328
262,317
262,338
262,339
262,340
263,1342
263,1338
263,1340
263,265
263,1257
264,287
264,2537
264,404
265,1257
266,267
266,1917
266,268
266,1918
266,275
266,276
266,277
266,278
266,279
266,280
266,1919
266,1834
266,1837
266,726
266,283
267,268
267,613
267,785
267,269
267,270
267,271
267,274
267,276
267,277
267,278
267,279
267,280
267,282
267,283
268,1671
268,275
268,276
268,277
268,278
268,279
268,280
268,512
268,1834
268,726
268,283
269,270
270,275
271,1671
271,275
272,286
272,287
272,274
272,290
272,301
272,282
272,298
272,1560
272,292
272,2537
273,2565
273,1077
273,303
273,282
274,1210
274,1211
274,284
274,2175
274,286
274,282
275,1693
275,277
275,544
275,278
275,279
275,1918
275,276
276,2794
276,484
276,574
276,637
276,543
276,639
276,280
276,1917
276,277
276,1671
276,297
276,626
276,544
276,296
276,278
276,555
276,747
276,279
276,1918
277,280
277,278
277,279
277,283
278,280
278,1671
278,279
278,2795
278,283
279,280
279,283
280,1538
280,1537
280,283
281,2463
282,2072
282,2565
282,298
282,294
284,1210
284,307
284,1211
284,1294
284,308
284,1295
284,1296
284,304
284,774
284,305
284,1297
284,1298
286,287
286,290
286,292
287,290
287,292
287,404
289,602
289,611
290,2565
290,301
290,298
290,1560
290,292
291,307
291,1892
291,1893
291,957
291,1127
292,298
292,526
292,1257
292,294
293,2072
294,2565
294,298
294,526
298,2565
298,317
299,301
299,529
300,1529
300,1561
301,1211
301,1214
302,660
302,2184
302,2185
303,2566
303,1800
303,1801
303,1733
303,503
303,682
303,2391
304,1210
304,307
305,974
305,2630
305,308
305,1163
306,1800
306,1194
306,972
306,2630
306,308
306,1215
306,1220
307,1283
307,1299
308,1294
308,1563
309,807
310,1540
310,1541
310,1528
310,1529
310,1530
310,1542
310,311
310,312
310,985
310,1543
311,1531
311,1533
312,699
312,984
312,983
312,703
312,997
312,996
312,2543
312,1530
312,998
312,860
312,861
312,862
312,903
312,904
312,905
312,907
313,792
315,2072
315,1546
316,1323
316,486
316,2615
316,2828
316,317
316,828
317,1051
317,328
317,967
318,328
318,1384
318,321
319,328
319,1256
321,1242
321,2854
321,1359
322,2754
322,1158
322,800
322,2753
323,394
325,349
325,346
325,351
325,2612
325,377
326,2894
326,327
328,337
328,338
329,1741
332,2792
332,631
332,623
332,722
332,632
333,532
333,1373
333,1695
333,1696
333,1697
333,1698
333,468
333,1699
333,545
333,1013
333,1700
333,1701
333,1702
333,1703
333,763
333,556
333,1704
333,1705
333,1397
333,1706
333,1707
333,1708
333,1709
333,745
333,796
333,799
334,1854
335,2769
336,1383
337,340
338,1284
338,2461
338,2853
338,2016
338,2782
338,2525
338,2017
338,2476
338,2015
340,904
341,342
341,343
342,1691
342,440
342,1692
342,474
342,445
342,2778
343,2248
343,1268
344,345
344,346
344,347
345,348
346,349
346,350
346,351
346,352
346,353
346,354
346,355
346,356
346,357
346,358
346,359
346,360
346,361
346,362
346,363
346,364
346,365
346,366
346,367
346,368
346,369
346,370
346,371
346,372
346,373
346,374
346,375
346,376
346,377
346,378
346,379
346,380
346,381
346,382
346,383
346,384
346,385
347,562
347,2943
348,350
348,2935
349,351
349,354
349,357
349,360
349,386
349,387
349,377
349,388
350,357
350,359
350,360
350,361
350,369
350,372
350,377
351,389
351,352
351,390
351,355
351,356
351,391
351,360
351,362
351,392
351,366
351,370
351,373
351,375
351,377
351,393
351,394
351,378
351,379
351,380
351,383
351,384
351,385
352,718
352,755
353,1920
353,1921
353,1538
353,1345
353,778
353,601
353,602
353,1447
353,1922
353,1923
353,1553
353,848
353,604
353,610
353,611
353,1449
354,389
354,807
354,1663
354,385
355,807
355,808
355,390
355,1942
355,755
355,357
355,391
355,363
355,367
355,368
355,1943
356,778
356,849
356,842
357,1153
357,392
357,365
357,643
357,369
357,372
357,385
358,777
358,718
358,755
358,644
359,2173
359,2172
359,392
360,660
360,2152
360,386
360,2153
360,361
360,2123
360,362
360,673
362,389
362,2269
362,392
363,1674
363,633
363,663
363,635
363,807
363,720
363,725
364,2490
365,844
365,392
365,372
366,716
366,718
366,2269
366,611
366,842
367,724
367,1832
367,517
367,611
367,603
368,724
368,1901
368,602
368,840
368,611
369,1026
369,381
370,1451
370,1921
370,1553
370,391
371,2787
371,375
373,637
373,718
373,626
373,2875
374,1051
374,2891
374,2640
375,2787
375,2786
375,376
375,381
375,382
376,2787
376,2786
376,2517
378,974
378,2175
378,1549
378,522
378,677
379,653
379,669
379,380
379,1552
380,807
380,808
380,755
381,382
381,383
383,2588
386,574
386,743
387,1153
387,1154
388,1153
388,1041
388,1154
389,391
390,1902
390,1901
390,399
390,807
390,755
390,737
390,1672
390,1673
390,1457
391,1921
391,1452
391,716
391,1175
392,463
392,419
392,421
392,422
392,2560
392,455
392,416
392,435
392,438
392,436
392,451
392,410
392,444
393,844
393,402
393,629
393,717
393,711
393,1009
394,1412
394,1413
394,800
394,2753
394,540
395,396
395,397
395,398
396,2334
397,1041
397,2528
398,1041
398,2020
400,401
401,402
401,403
401,404
402,657
402,658
402,660
402,669
402,987
402,1190
402,889
402,891
402,1213
402,680
402,773
402,711
402,1312
402,950
402,959
402,404
403,700
403,892
403,893
403,669
403,866
403,698
404,1189
404,657
404,658
404,660
404,661
404,701
404,889
404,664
404,2265
404,1186
404,890
404,669
404,1163
404,521
404,860
404,861
404,862
404,904
406,415
406,416
406,407
406,413
406,417
406,418
407,419
407,416
407,408
407,412
407,414
407,420
407,418
408,419
408,421
408,422
408,416
408,423
408,424
408,425
408,426
408,427
409,428
409,429
410,421
410,430
410,431
410,432
410,433
410,434
411,423
411,435
411,436
411,434
412,419
412,437
412,438
413,416
413,442
413,414
413,443
414,419
414,422
414,444
414,434
415,416
416,442
416,417
416,445
416,418
416,426
416,446
418,2940
419,422
419,423
419,424
419,437
419,438
419,447
419,448
419,425
419,449
419,426
419,446
419,450
420,1510
420,1505
421,439
421,451
421,425
421,452
421,449
421,426
421,427
422,423
422,451
423,457
423,424
423,449
424,457
424,425
424,427
425,438
425,448
427,811
427,438
428,1932
428,2552
428,1824
428,2553
429,2273
429,2274
430,431
430,433
430,454
430,455
430,434
431,433
431,454
431,434
432,452
433,454
433,434
435,436
435,451
435,461
435,462
436,463
436,464
436,461
437,438
440,465
440,466
440,467
440,468
440,469
440,470
440,471
440,472
440,473
440,474
440,475
440,476
440,477
440,478
440,479
440,480
441,481
441,482
443,2221
444,448
445,1691
445,2779
445,1692
445,2016
445,2401
447,1826
449,1360
449,1361
450,1691
450,1506
451,1360
451,1361
451,1362
451,461
454,489
456,2374
459,483
459,484
459,485
459,486
459,470
459,469
459,487
459,475
459,488
460,1285
460,1286
461,1362
461,2042
461,2044
462,2042
462,2046
462,2044
464,2577
465,467
466,1513
466,583
466,1514
466,585
468,484
468,485
468,469
468,1726
468,470
468,559
468,1727
469,483
469,484
469,470
469,559
470,483
470,484
470,485
470,559
470,488
470,480
471,1015
472,2694
472,473
472,1995
473,2696
473,2697
473,2698
473,2510
475,483
475,484
475,487
475,1233
476,2201
476,2210
476,2215
476,2214
477,2694
477,2637
477,2824
478,2931
479,1083
479,2956
479,856
479,2332
480,483
480,484
481,2563
481,1712
481,2923
483,484
483,485
484,485
484,559
484,488
485,545
485,488
485,741
485,1745
486,811
487,1015
489,562
489,1867
490,491
490,492
490,493
490,494
490,495
490,496
490,497
490,498
490,499
490,500
490,501
490,502
491,492
491,503
491,493
491,504
491,496
491,497
491,500
491,501
491,505
491,506
491,507
492,504
492,496
492,497
492,498
492,500
492,508
492,509
492,510
492,505
492,506
492,507
493,1313
493,1319
493,1320
493,504
493,503
493,494
493,1315
493,495
493,496
493,497
493,499
493,500
493,1321
493,508
493,1316
493,510
493,1317
493,1318
494,504
494,495
494,1322
494,496
494,503
494,1315
494,497
494,499
494,1321
494,1317
494,1318
495,1313
495,1323
495,498
495,496
496,1313
496,1323
496,1320
496,1326
496,504
496,498
496,1322
496,499
496,500
496,501
496,1316
497,1164
497,1320
497,1224
497,902
497,1315
497,503
497,504
497,500
497,501
497,1321
497,508
497,1317
497,1329
497,506
497,1318
498,1313
498,1323
498,504
498,499
498,1316
498,1231
499,1323
499,1322
499,500
499,503
499,1611
499,501
499,1317
499,1327
500,1164
500,1320
500,1610
500,1224
500,1322
500,902
500,1950
500,1315
500,1171
500,503
500,1611
500,501
500,1951
500,849
500,1952
500,1317
500,1234
500,1318
501,1313
501,1315
501,503
501,1317
501,505
501,1318
501,1953
502,1659
502,2876
502,969
503,1313
503,1314
503,1315
503,1316
503,1317
503,505
503,1318
504,1313
504,1319
504,1326
504,508
504,1327
504,506
505,1313
505,1319
505,1315
505,2682
505,2684
505,582
505,583
505,1316
505,1318
506,1313
506,1319
506,1224
506,2241
506,1316
506,1327
507,1953
509,944
509,1330
509,2402
510,2182
510,1607
510,2199
513,514
513,515
513,516
514,516
514,517
514,518
514,519
514,520
514,521
514,522
514,523
515,516
515,524
515,525
515,526
515,527
515,528
516,529
516,525
516,528
517,601
517,602
517,603
518,520
518,521
519,2260
519,595
519,2264
519,2258
519,2265
519,594
519,598
520,1296
521,1189
521,654
521,863
521,1218
521,629
521,895
521,946
521,889
521,966
521,1186
521,898
521,669
521,869
521,672
521,673
521,930
523,1657
523,2872
525,2858
525,528
525,1130
526,2340
527,2051
528,529
528,761
530,531
530,532
530,533
530,534
530,535
530,536
530,537
530,538
530,539
530,540
531,541
531,542
531,532
531,543
531,544
531,545
531,534
531,535
531,536
531,537
531,538
531,539
531,546
531,547
531,548
531,549
531,550
531,551
532,554
532,541
532,555
532,556
532,534
532,535
532,536
532,537
532,538
532,557
532,539
532,558
532,553
532,549
532,550
532,551
533,766
533,767
533,750
533,543
533,768
534,541
534,542
534,543
534,544
535,542
535,545
535,1744
535,544
535,550
536,1804
536,1404
536,1722
536,556
536,796
536,537
536,538
536,557
536,839
536,1710
536,1805
536,1425
536,1806
536,799
536,1807
536,1808
536,550
537,1804
537,538
537,796
537,1722
537,557
537,1805
537,1425
537,1806
537,799
537,1807
537,1808
537,550
538,1804
538,796
538,1722
538,557
538,539
538,1724
538,1805
538,1425
538,799
538,548
538,1843
538,549
538,550
538,551
539,542
539,1149
539,1767
539,770
539,794
539,1737
539,650
539,759
539,795
539,760
539,2061
539,797
539,798
539,2054
539,546
539,547
539,548
539,549
539,756
539,551
540,804
540,1412
540,1413
540,741
541,552
541,553
542,544
542,552
542,548
542,549
542,550
543,743
543,744
543,625
543,626
543,641
543,650
543,745
543,544
543,746
543,552
543,747
543,748
543,749
543,551
544,636
544,574
544,743
544,744
544,1585
544,637
544,1698
544,625
544,638
544,545
544,770
544,794
544,838
544,759
544,795
544,639
544,640
544,1714
544,641
544,1715
544,626
544,730
544,745
544,768
544,1710
544,546
544,1716
544,748
544,547
545,1389
545,1585
545,546
545,552
545,547
545,1725
545,548
545,549
545,551
546,744
546,592
546,650
546,2362
546,1760
546,746
546,551
547,2884
547,744
547,650
547,2362
547,1760
547,746
547,2728
547,551
548,557
548,1724
548,1843
549,1149
549,1767
549,770
549,794
549,1737
549,650
549,759
549,795
549,760
549,2061
549,797
549,798
550,1148
550,551
551,637
551,592
551,650
551,1760
551,746
551,772
551,745
551,761
552,1698
552,557
552,2127
552,2605
553,2192
553,1754
553,1605
553,2193
553,746
553,643
555,743
555,757
555,1413
555,1414
555,745
555,558
555,761
555,747
555,734
555,756
556,1735
556,799
557,1698
557,1722
557,1844
557,799
558,770
558,794
558,650
558,759
558,795
558,760
558,771
558,723
558,644
558,839
559,2052
560,561
560,562
561,563
561,564
561,565
561,566
561,567
561,568
561,569
561,570
562,571
562,572
563,818
563,1862
563,565
563,1579
563,1863
563,783
563,1864
563,566
563,1865
563,1858
563,1866
563,570
564,775
564,1856
564,565
564,1858
565,775
565,1856
565,1862
565,818
565,1858
565,570
566,1862
566,1864
566,1579
566,570
568,775
570,818
570,1862
570,1858
570,1865
571,2735
573,574
574,835
574,1743
575,576
575,577
576,577
576,578
576,579
576,580
576,581
576,582
576,583
576,584
576,585
576,586
576,587
577,583
578,2436
578,2441
578,581
578,1513
578,582
578,583
578,1095
578,585
579,580
579,584
579,585
579,2719
580,585
580,2719
582,1513
582,583
582,2443
582,2683
582,585
583,2435
583,1514
583,2708
583,2475
583,1513
584,585
585,1990
585,1067
585,2683
586,2896
587,1748
588,589
588,590
588,591
590,2484
590,1971
593,594
593,595
593,596
593,597
593,598
593,599
593,600
594,1211
594,595
594,2258
594,1212
594,1163
594,1294
594,2259
595,2260
595,2258
595,2261
595,596
595,597
595,598
595,599
595,914
595,2262
596,597
596,598
596,599
597,2260
597,2258
597,598
597,599
597,2263
597,2538
597,2539
598,2260
598,2263
598,914
598,599
600,2260
601,604
601,605
601,606
601,607
601,608
602,609
602,610
602,611
603,724
603,752
603,753
603,785
603,718
603,642
603,1832
603,780
604,778
604,1447
604,605
604,610
605,778
605,606
605,607
606,752
606,778
607,778
607,1577
607,1579
607,2039
608,2631
608,716
609,612
609,613
609,614
609,615
610,1920
610,778
610,1447
610,626
610,611
611,724
611,1921
611,659
611,974
611,716
611,718
611,2629
612,616
612,617
612,618
612,613
612,619
612,614
612,620
613,617
613,2051
613,2047
614,1576
614,817
614,2050
614,617
614,1157
614,620
614,615
614,1449
614,1301
616,1572
616,617
617,817
617,1258
617,619
617,620
618,1572
618,683
618,1574
618,1575
618,1573
619,817
619,2050
619,620
619,1577
619,1258
619,1301
621,622
621,623
621,624
621,625
621,626
623,633
623,631
623,634
623,635
623,632
625,636
625,637
625,638
625,626
625,639
625,640
625,641
625,642
625,643
626,636
626,637
626,638
626,639
626,640
626,641
626,642
626,644
626,645
626,646
627,647
627,648
628,649
628,650
628,651
628,652
629,653
629,654
629,655
629,656
629,657
629,658
629,659
629,660
629,661
629,662
629,630
629,663
629,664
629,665
629,666
629,667
629,668
629,669
629,670
629,671
629,672
629,673
629,674
629,675
629,676
629,677
629,678
629,679
629,680
629,681
629,682
629,683
629,684
629,685
629,686
629,687
629,688
629,689
629,690
629,691
629,692
629,693
629,694
629,695
629,696
629,697
629,698
630,699
630,657
630,658
630,660
630,700
630,701
630,702
630,703
630,704
630,705
630,663
630,664
630,706
630,707
630,708
630,679
630,680
630,709
630,710
630,711
630,712
630,713
630,714
630,715
631,636
631,716
631,704
631,717
631,718
631,719
631,720
631,721
631,722
631,723
631,632
632,2951
632,2952
632,1186
632,635
632,1675
633,724
633,704
633,635
633,720
633,725
633,726
634,657
634,660
634,701
634,727
634,719
634,720
634,721
634,691
635,728
636,729
636,649
636,637
636,638
636,639
636,718
636,730
636,731
636,644
636,732
636,733
636,734
636,646
636,735
636,736
637,729
637,639
637,640
637,641
637,650
637,737
637,738
637,739
637,643
637,740
637,734
637,741
637,742
638,639
638,730
639,750
639,751
639,718
639,641
639,644
639,646
639,736
640,752
640,753
640,754
640,751
640,718
640,650
640,755
640,642
640,644
640,643
640,646
640,756
641,757
641,758
641,759
641,760
641,723
641,761
641,756
642,752
642,753
642,809
642,751
642,718
642,755
642,731
642,780
642,644
642,810
643,804
643,1770
643,1721
643,2192
643,1584
643,1586
643,1389
643,738
643,737
643,1785
643,1603
643,740
643,1773
644,805
644,777
644,770
644,794
644,718
644,650
644,759
644,795
644,755
644,760
644,797
644,771
644,723
644,772
644,761
645,729
646,1741
646,1711
647,2337
647,2338
650,750
650,651
650,759
650,760
650,794
650,795
650,796
650,797
650,798
650,771
650,723
650,761
650,799
650,800
650,801
650,734
650,802
650,803
652,769
652,2120
652,891
652,1295
653,963
653,925
653,685
653,964
653,930
654,872
654,880
654,895
654,965
654,966
654,898
654,967
654,968
654,937
655,953
655,693
655,697
656,693
656,969
657,853
657,704
657,660
657,701
657,727
657,658
657,662
657,700
657,702
657,705
657,663
657,664
657,854
657,855
657,856
657,857
657,858
657,859
657,666
657,667
657,860
657,861
657,862
657,863
657,864
657,865
657,668
657,866
657,867
657,868
657,869
657,672
657,673
657,870
657,674
657,871
657,872
657,873
657,874
657,875
657,876
657,877
657,878
657,879
657,880
657,881
657,675
657,882
657,883
657,884
657,885
657,886
657,887
657,888
657,889
657,890
657,891
657,892
657,893
657,846
657,894
657,676
657,895
657,896
657,897
657,830
657,719
657,721
657,898
657,899
657,900
657,901
657,902
657,903
657,904
657,905
657,906
657,678
657,907
657,908
657,909
657,709
657,910
657,911
657,912
657,913
657,914
657,682
657,915
657,916
657,917
657,918
657,919
657,920
657,684
657,921
657,922
657,923
657,924
657,925
657,926
657,927
657,928
657,929
657,930
657,931
657,932
657,933
657,934
657,935
657,693
657,695
657,936
657,937
657,938
658,970
658,704
658,660
658,701
658,727
658,700
658,705
658,663
658,854
658,855
658,856
658,857
658,858
658,667
658,861
658,862
658,865
658,668
658,866
658,867
658,868
658,869
658,672
658,673
658,870
658,674
658,872
658,873
658,874
658,875
658,877
658,878
658,880
658,675
658,882
658,883
658,884
658,885
658,887
658,890
658,941
658,892
658,893
658,846
658,894
658,676
658,896
658,830
658,719
658,721
658,898
658,899
658,900
658,901
658,903
658,904
658,905
658,906
658,678
658,907
658,908
658,909
658,709
658,947
658,913
658,682
658,915
658,916
658,918
658,920
658,921
658,926
658,971
658,928
658,932
658,933
658,934
658,935
658,952
658,937
658,938
659,664
659,859
659,864
659,972
659,973
659,919
659,974
659,685
659,975
659,976
659,977
659,693
659,969
659,978
660,853
660,704
660,717
660,701
660,727
660,662
660,700
660,705
660,663
660,664
660,854
660,855
660,856
660,857
660,858
660,939
660,859
660,666
660,667
660,861
660,862
660,864
660,865
660,668
660,866
660,867
660,868
660,672
660,673
660,870
660,872
660,873
660,874
660,875
660,876
660,877
660,940
660,878
660,880
660,881
660,675
660,882
660,883
660,884
660,885
660,886
660,887
660,889
660,890
660,941
660,891
660,892
660,942
660,893
660,846
660,706
660,894
660,676
660,895
660,830
660,719
660,721
660,898
660,943
660,677
660,899
660,900
660,901
660,944
660,902
660,903
660,904
660,905
660,906
660,678
660,907
660,908
660,945
660,909
660,709
660,910
660,946
660,912
660,947
660,913
660,682
660,915
660,916
660,917
660,918
660,920
660,684
660,921
660,925
660,948
660,926
660,949
660,927
660,928
660,686
660,929
660,930
660,688
660,689
660,950
660,951
660,931
660,932
660,933
660,934
660,935
660,726
660,952
660,936
660,937
660,938
661,881
661,675
661,874
661,882
661,701
661,856
661,858
661,865
661,668
661,867
661,868
661,672
661,673
661,870
661,875
661,880
661,885
661,891
661,892
661,893
661,676
661,900
661,903
661,678
661,907
661,908
661,979
661,709
661,915
661,916
661,917
661,920
661,928
661,934
661,938
661,980
662,864
662,919
662,981
662,982
663,700
663,701
663,702
663,703
663,704
663,717
663,705
663,664
663,845
663,846
663,706
663,1006
663,707
663,679
663,680
663,1007
663,709
663,710
663,1008
663,847
663,713
663,714
663,715
663,1009
663,756
664,963
664,1010
664,859
664,701
664,703
664,845
664,671
664,707
664,1007
664,714
664,715
665,1010
665,859
665,666
665,667
665,860
665,861
665,862
665,1145
665,907
665,1152
665,925
665,930
665,934
666,863
666,1160
666,859
666,1161
666,701
666,864
666,865
666,668
666,669
666,1112
666,866
666,1113
666,867
666,868
666,869
666,1162
666,1046
666,845
666,1163
666,670
666,671
666,672
666,673
666,954
666,870
667,1164
667,1165
667,700
667,1166
667,1167
667,1168
667,701
667,855
667,702
667,1169
667,727
667,1170
667,1171
667,854
667,988
667,674
667,1078
667,669
667,871
667,872
667,996
667,873
667,1172
667,860
667,1117
667,968
667,1173
667,852
667,1174
668,863
668,1159
668,1160
668,859
668,887
668,888
668,1191
668,701
668,855
668,727
668,1170
668,856
668,866
668,719
668,678
668,968
668,684
668,1184
669,1194
669,700
669,1003
669,889
669,890
669,941
669,891
669,680
669,1080
669,694
669,1180
670,1216
670,894
670,696
671,859
671,868
671,1046
671,925
671,1217
671,930
671,698
672,1218
672,855
672,676
672,674
672,678
672,1219
672,1220
672,1180
673,953
673,853
673,960
673,700
673,701
673,1221
673,727
673,940
673,886
673,856
673,857
673,1222
673,1223
674,701
674,855
674,1246
674,727
674,874
674,861
674,868
674,871
674,875
674,876
674,878
674,894
674,830
674,903
674,913
674,917
674,925
674,1184
674,948
674,714
674,1220
674,1128
674,930
674,931
674,1247
674,936
674,938
675,1283
675,1198
675,700
675,896
675,881
675,701
675,855
675,874
675,882
675,676
675,678
675,907
675,979
675,1080
675,934
675,980
676,1198
676,700
676,896
676,750
676,701
676,1190
676,1186
676,1220
677,1277
677,1002
677,1111
677,960
677,884
677,704
677,886
677,1913
677,1187
677,899
677,909
677,1115
677,1152
677,1619
677,971
677,1179
678,1283
678,1198
678,700
678,881
678,701
678,855
678,2033
678,874
678,882
678,871
678,979
678,955
678,905
678,907
678,934
679,703
679,996
679,680
680,965
680,1160
680,703
680,846
680,706
680,886
680,707
680,1209
680,1006
680,1007
680,872
680,773
680,1021
680,709
680,710
680,725
680,845
680,1152
680,1008
680,711
680,1184
680,712
680,847
680,714
680,715
681,1386
681,2163
681,1895
681,1892
681,1893
681,1125
681,833
682,1829
682,701
682,855
682,1830
682,727
682,1802
682,856
682,1834
683,1218
683,701
683,946
684,1650
684,887
684,1191
684,1003
684,701
684,1004
684,895
684,966
684,892
684,890
684,921
684,868
684,968
684,687
685,963
685,2842
685,1186
685,869
685,964
685,920
685,925
685,930
686,1188
686,1618
686,1003
686,964
687,1650
687,887
687,1191
687,1003
687,1004
687,954
687,860
687,861
687,903
687,904
687,968
687,908
687,688
687,2037
687,1117
687,1128
688,727
688,966
688,1186
688,954
688,719
688,862
688,903
688,904
688,968
689,2868
689,700
689,701
689,910
689,705
689,2869
689,918
689,709
689,955
689,1173
689,1192
690,983
690,750
690,1527
691,704
691,717
691,957
691,2907
691,1129
692,1980
692,1083
692,1991
692,2933
692,2699
692,1979
692,1076
692,2921
693,1193
693,701
693,1186
694,921
694,891
694,773
694,2630
694,1296
695,1164
695,879
695,1111
695,986
695,700
695,1074
695,1003
695,702
695,1004
695,717
695,705
697,1277
697,1618
697,2036
698,1010
698,830
698,868
698,860
699,863
699,983
699,706
699,984
699,985
700,879
700,986
700,987
700,702
700,705
700,859
700,865
700,988
700,871
700,874
700,882
700,887
700,889
700,893
700,830
700,904
700,907
700,989
700,913
700,916
700,917
700,990
700,713
700,950
700,934
700,991
700,992
701,953
701,853
701,855
701,727
701,705
701,854
701,856
701,857
701,858
701,861
701,862
701,865
701,867
701,868
701,954
701,870
701,872
701,874
701,955
701,875
701,877
701,878
701,882
701,956
701,883
701,884
701,885
701,890
701,891
701,892
701,893
701,846
701,894
701,895
701,830
701,719
701,721
701,898
701,957
701,899
701,900
701,901
701,903
701,904
701,905
701,906
701,907
701,908
701,945
701,709
701,913
701,915
701,916
701,917
701,918
701,920
701,921
701,926
701,958
701,932
701,933
701,934
701,959
701,935
701,937
701,938
702,879
702,705
702,988
702,871
702,846
702,719
702,989
702,913
702,990
702,993
702,712
702,994
702,995
703,880
703,996
703,708
703,709
703,997
703,998
703,973
703,847
703,999
703,1000
703,1001
704,844
704,750
704,717
704,845
704,846
704,719
704,720
704,721
704,722
704,709
704,710
704,847
704,713
704,714
704,756
705,879
705,863
705,1002
705,960
705,881
705,1003
705,1004
705,1005
705,884
705,885
705,871
705,913
705,917
705,852
705,950
706,1659
706,965
706,1208
706,960
706,846
706,845
706,707
706,708
706,709
706,711
706,714
706,715
706,1660
707,965
707,846
707,1209
707,1006
707,709
707,710
707,714
707,715
707,1661
708,1959
708,1356
708,1533
708,1960
709,1208
709,960
709,855
709,727
709,846
709,1209
709,1006
709,1152
709,1008
709,712
709,714
710,2233
710,846
710,1209
710,1006
710,1662
711,846
711,1209
711,891
711,1006
711,1662
711,916
711,1008
711,712
711,714
712,1277
712,846
712,890
712,1209
712,1006
712,871
712,2730
712,994
712,1184
712,713
712,714
712,2420
713,879
713,973
713,871
713,851
713,917
713,861
713,847
714,879
714,965
714,1208
714,846
714,1209
714,1006
714,871
714,926
714,715
714,861
714,847
715,965
715,834
715,1156
715,981
715,846
715,791
715,1113
715,780
715,800
716,724
716,718
716,778
716,848
716,849
716,726
717,720
717,721
717,850
717,851
717,852
718,729
718,777
718,751
718,733
718,735
718,736
719,1829
719,863
719,1160
719,1208
719,750
719,1191
719,1830
719,895
719,864
719,1831
719,1186
719,890
719,856
719,866
719,871
719,720
719,1832
719,721
719,954
719,1532
720,750
720,895
720,966
720,898
720,891
720,722
720,721
720,1009
720,1654
721,750
721,1479
721,999
722,844
723,750
723,832
723,837
723,770
723,2160
723,794
723,759
723,795
723,760
723,797
723,771
723,772
723,761
724,840
724,841
724,842
724,843
726,1524
726,1164
726,983
726,1225
726,902
726,846
726,1534
726,1113
726,996
727,953
727,853
727,960
727,961
727,855
727,854
727,856
727,857
727,858
727,861
727,862
727,865
727,867
727,868
727,870
727,871
727,875
727,876
727,877
727,878
727,883
727,892
727,893
727,846
727,894
727,830
727,900
727,901
727,903
727,904
727,905
727,906
727,908
727,915
727,916
727,917
727,920
727,948
727,928
727,933
727,962
727,938
728,779
728,790
728,1125
728,780
729,751
729,762
731,777
731,733
731,735
731,736
732,2192
732,2186
733,777
733,751
734,2822
734,745
735,777
735,751
736,762
736,777
736,751
736,737
737,804
737,1181
738,1721
738,798
738,1785
738,740
738,1796
738,1787
738,742
740,1721
740,1785
740,742
741,804
741,1586
741,1585
742,2058
742,2489
742,1412
742,1413
742,1431
742,1785
742,1405
742,1396
742,1408
742,1181
743,763
744,764
744,765
745,1693
745,1332
745,1694
745,764
746,2362
746,1760
747,804
747,798
748,2628
748,2071
748,2073
748,2057
750,769
750,759
750,770
750,771
750,772
750,761
750,773
750,774
751,775
751,776
751,777
751,778
752,779
752,753
752,780
752,781
752,782
752,783
752,784
752,785
752,786
752,787
753,780
753,785
755,804
755,805
755,806
755,777
755,807
755,808
756,770
756,794
756,795
756,760
757,831
757,798
757,832
757,833
758,834
758,791
758,771
758,768
758,761
758,835
758,836
759,837
759,770
759,794
759,838
759,760
759,797
759,771
759,839
759,761
760,770
760,794
760,795
760,839
761,837
761,770
761,838
761,771
761,772
762,835
764,1719
766,1331
766,1332
766,767
767,1332
767,800
768,834
768,771
769,1840
770,794
770,795
770,1744
770,797
770,771
770,839
770,772
770,1745
771,837
771,794
771,795
771,797
771,839
771,772
772,794
772,795
772,797
773,1194
773,997
773,1007
773,1662
773,2229
773,1215
773,2230
774,789
774,972
774,1660
775,1856
775,1857
775,1858
775,1859
775,1860
775,1861
776,1851
778,1446
778,1447
778,823
778,1448
778,1449
779,790
779,1258
779,1259
779,1157
779,787
780,781
780,1155
780,1156
780,790
780,791
780,939
780,1157
780,784
781,1005
781,785
782,784
782,1443
782,1444
782,1445
782,787
783,2038
783,1005
783,1862
783,1864
783,1579
783,1863
783,786
784,2408
785,2415
785,1155
785,1038
785,790
785,2409
788,1156
788,793
788,1441
789,1156
789,791
789,792
789,1005
789,793
789,1441
789,1442
790,1258
790,1259
790,1157
791,834
791,792
791,969
792,1439
792,1438
792,1440
792,969
793,2407
794,1746
794,1747
794,795
794,797
794,839
794,1710
795,1146
795,797
795,839
795,1743
796,1698
796,1405
796,1396
796,1842
796,1425
796,799
796,1422
797,1769
797,839
798,804
798,2058
798,1785
799,1804
799,2277
799,1698
799,1393
799,838
799,1806
799,1397
799,2127
799,2278
799,1425
799,1807
799,1459
799,1037
800,2752
800,2753
802,1041
802,1154
803,976
804,1181
804,1413
804,1414
804,1767
804,1769
804,1770
804,1771
804,1772
804,1773
805,807
805,1857
805,1900
806,983
806,1551
806,1552
807,1901
807,808
807,1900
807,810
808,1857
808,1900
809,1954
810,1935
810,2938
810,1936
812,1302
812,1303
812,821
812,1305
812,1304
812,1306
812,1307
814,816
814,823
814,827
815,1005
815,1867
816,1868
817,1576
817,1572
817,1577
817,1578
817,1579
817,1258
817,1580
817,1581
818,1862
818,1858
820,1870
820,1871
821,1303
821,1305
821,1304
821,1105
822,2045
822,1579
822,2039
822,1926
823,1579
823,1863
823,2042
823,2043
823,2046
823,2044
825,2337
825,2339
826,2945
826,1023
828,2337
830,855
830,854
830,894
830,1116
830,936
832,2161
832,835
832,2162
833,1386
833,2163
833,1895
833,943
833,1893
833,2328
834,1156
834,1219
834,835
834,1955
834,836
835,2749
837,839
839,1386
839,1693
839,1710
839,1844
841,1854
841,1447
841,2823
842,1901
842,1672
842,2629
843,1854
844,1674
844,1675
845,1159
845,1160
845,1208
845,859
845,846
845,1209
845,1006
845,866
845,1152
845,847
846,855
846,1006
846,1007
846,1021
846,847
847,965
847,1006
847,1021
847,996
847,1832
847,994
847,904
849,1524
849,1225
849,902
849,1534
851,852
852,1164
852,1003
852,1004
852,1171
852,941
852,996
852,873
852,1227
852,916
852,917
852,930
853,856
853,868
853,955
853,904
853,906
853,916
853,918
853,948
853,1110
853,938
854,1111
854,855
854,856
854,1112
854,1113
854,1078
854,955
854,878
854,1114
854,906
854,945
854,1115
854,1116
854,1117
854,1118
854,918
854,928
854,964
854,929
854,1119
854,958
854,1120
854,952
854,1121
854,938
855,856
855,857
855,858
855,861
855,865
855,867
855,868
855,870
855,875
855,876
855,878
855,882
855,892
855,893
855,894
855,900
855,903
855,904
855,906
855,907
855,908
855,915
855,918
855,920
855,933
855,934
855,1124
855,938
856,857
856,858
856,939
856,861
856,862
856,1113
856,867
856,868
856,870
856,1078
856,955
856,875
856,877
856,878
856,1114
856,1125
856,883
856,891
856,1126
856,900
856,901
856,903
856,904
856,905
856,906
856,908
856,1115
856,913
856,915
856,916
856,1118
856,918
856,920
856,1127
856,925
856,1128
856,930
856,932
856,1129
856,1120
856,952
856,1130
856,938
857,878
857,858
857,862
857,1113
857,868
857,877
857,1115
857,938
858,1131
858,940
858,882
858,878
858,904
858,934
858,1132
859,863
859,1010
859,1158
859,1159
859,1160
859,987
859,950
860,1175
860,905
860,1176
860,907
860,908
860,1115
860,913
860,917
860,925
860,1177
860,948
860,971
860,1178
860,1173
860,930
860,933
860,934
860,938
860,1179
860,1180
861,960
861,874
861,868
861,955
861,875
861,876
861,1181
861,1175
861,905
861,907
861,908
861,1182
861,1183
861,1115
861,913
861,925
861,1184
861,1177
861,948
861,971
861,1178
861,1128
861,930
861,934
861,938
861,1185
861,1179
861,1180
862,1186
862,1113
862,877
862,1187
862,905
862,907
862,1183
862,1115
862,913
862,1127
862,925
862,1184
862,1177
862,948
862,971
862,1178
862,1128
862,1173
862,930
862,934
862,938
862,1179
862,1180
863,1188
863,1189
863,953
863,1164
863,869
863,987
863,1190
863,1003
863,1191
863,889
863,921
863,922
863,950
863,1123
863,1192
864,1004
864,919
865,1193
865,887
865,1003
865,1186
865,893
865,920
865,925
865,930
865,931
866,1160
866,954
867,1002
867,884
867,885
867,886
867,874
867,883
867,1196
867,1197
867,899
867,901
868,953
868,940
868,878
868,873
868,876
868,909
868,992
868,1132
869,1188
869,963
869,1198
869,1159
869,1160
869,892
869,890
869,942
869,893
869,1199
871,879
871,874
871,913
871,917
871,990
871,993
871,1184
872,1249
872,1165
872,1250
872,1002
872,960
872,884
872,885
872,895
872,886
872,1172
872,976
873,1164
873,1170
873,1171
873,941
873,909
874,1198
874,881
874,875
874,882
874,1254
874,903
874,904
874,907
874,979
874,917
874,934
874,980
875,1176
875,906
875,903
875,904
875,917
876,928
877,970
877,1115
878,1131
878,1113
878,904
878,1115
879,986
879,987
879,1003
879,887
879,913
879,917
879,950
879,1123
880,965
880,889
880,973
880,1282
881,882
881,907
881,979
881,934
881,980
882,1198
882,904
882,907
882,979
882,934
883,1288
883,960
883,1246
883,884
883,885
883,886
883,899
883,901
883,1289
883,948
883,1619
884,1249
884,1288
884,1621
884,960
884,1239
884,1246
884,886
884,1187
884,1253
884,899
884,900
884,1254
884,901
884,1289
884,1182
884,926
884,1619
884,1622
885,1002
885,960
885,1246
885,886
885,1196
885,899
885,900
885,1289
885,1182
885,926
885,1619
886,1288
886,960
886,1246
886,1196
886,1187
886,1253
886,899
886,900
886,1254
886,1289
886,1182
886,926
886,1619
886,1623
887,1650
887,968
887,921
888,897
888,1293
888,1185
889,1189
889,890
889,1213
889,1652
890,1191
890,895
890,1008
890,921
891,1115
891,1009
891,1654
892,894
892,1656
893,1193
893,1003
893,1186
894,1191
895,954
895,966
895,898
895,968
895,1656
895,937
896,1666
897,944
897,1669
897,959
897,1670
897,1185
897,1179
898,1650
898,966
898,968
898,937
899,1249
899,1165
899,1002
899,960
899,1196
899,1197
899,1252
899,900
899,1254
899,901
899,1187
899,1182
899,917
899,1619
900,1002
900,960
900,1196
900,917
900,1619
901,1249
901,1290
901,1289
901,1182
901,1619
901,971
902,1524
902,1224
902,1534
902,1554
902,1535
903,1176
903,906
903,1175
903,905
903,907
903,908
903,1115
903,913
903,925
903,948
903,971
903,930
903,934
903,952
903,938
903,1179
903,1180
904,1292
904,955
904,1175
904,905
904,2030
904,907
904,908
904,1183
904,1115
904,913
904,925
904,1184
904,1177
904,948
904,971
904,1178
904,1128
904,1173
904,930
904,934
904,938
904,1185
904,1179
904,1180
905,1175
905,2030
905,908
905,1115
905,913
905,1116
905,925
905,948
905,971
905,1178
905,930
905,938
905,1185
905,1179
906,970
906,917
906,971
906,952
907,1198
907,979
907,2034
907,2030
907,908
907,1115
907,925
907,948
907,971
907,930
907,934
907,938
907,1179
908,2030
908,1274
908,1183
908,1115
908,925
908,948
908,971
908,1178
908,930
908,1223
908,938
908,1185
908,1179
909,1167
909,1114
909,1226
909,1608
909,1612
909,1951
909,2031
909,1223
910,1004
910,1802
910,950
910,2169
910,2179
913,2507
913,1115
914,2258
915,953
916,1221
916,1116
916,1080
917,990
917,2606
917,1192
918,1121
920,1193
920,1003
920,1186
920,968
920,1130
921,1191
922,1276
922,1164
922,1277
922,965
922,1618
922,1279
922,986
922,987
922,1003
922,1231
922,1186
922,923
923,1276
923,1164
923,1277
923,965
923,1618
923,1279
923,986
923,987
923,1003
923,1231
923,1186
923,1359
924,1198
924,2729
925,963
925,993
925,1181
925,1750
925,1184
925,1177
925,1115
925,948
925,930
926,1165
926,1250
926,960
927,931
928,1291
928,1292
928,1176
929,2421
930,963
930,993
930,1181
930,1750
930,1184
930,1177
930,1115
930,948
930,1008
930,1183
930,1128
931,1256
931,936
931,1180
932,1891
933,1215
934,2920
934,1198
934,940
934,959
934,979
934,2034
935,1003
935,1004
936,1180
938,940
938,948
939,1145
941,1003
941,1653
941,992
943,1895
943,1892
943,1079
943,1896
944,960
944,1914
944,1254
945,1225
945,1118
945,955
947,1115
948,1238
948,971
948,1178
950,1188
950,1275
950,1276
950,1164
950,1277
950,1278
950,965
950,1279
950,986
950,1280
950,1281
950,1208
950,987
950,1003
950,1004
950,1186
950,2870
951,2196
952,1238
952,1166
953,1263
954,968
955,1191
956,1516
956,1517
956,1114
956,1515
956,1021
956,999
957,1188
957,1893
957,1614
957,1894
958,1198
958,1119
959,1277
959,1288
960,1249
960,1165
960,1250
960,1002
960,1172
960,1252
960,1187
960,1253
960,1254
960,1182
961,1284
961,1285
961,1286
961,1287
962,1252
962,1622
962,1253
964,1290
965,987
965,998
965,973
965,1676
965,1677
966,968
966,1841
968,1161
968,2709
968,1186
969,1659
969,2919
970,1176
971,1176
972,1530
973,985
974,1921
974,1215
975,2879
978,2265
978,2416
978,2938
978,2937
981,2750
981,2751
981,1156
983,1538
983,1527
983,1539
983,985
984,2543
985,1527
985,997
986,987
986,1274
986,1123
987,1188
987,1275
987,1276
987,1164
987,1277
987,1278
987,1279
987,1280
987,1281
987,1208
989,1193
989,1186
990,1653
992,1003
992,1170
992,1171
993,1174
995,1193
995,1186
996,1209
996,1227
996,1008
996,998
996,1001
998,1164
999,1516
999,1021
999,1520
1001,1242
1002,1196
1003,1617
1003,1276
1003,1164
1003,1277
1003,1618
1003,1279
1003,1186
1003,1004
1003,1173
1004,1173
1005,1867
1006,1209
1006,1662
1006,1008
1007,1660
1008,1209
1009,1654
1010,1112
1011,1012
1012,1013
1012,1014
1012,1015
1012,1016
1012,1017
1013,1728
1013,1729
1013,1705
1013,1017
1013,1730
1013,1369
1014,2142
1014,2143
1014,2141
1014,1738
1014,2144
1016,2146
1016,1369
1017,1025
1017,1730
1017,2804
1017,1369
1018,1019
1019,1020
1019,1021
1019,1022
1019,1023
1020,1906
1021,2231
1021,2232
1022,1023
1023,2520
1024,1025
1024,1026
1024,1027
1024,1028
1025,1029
1025,1030
1025,1031
1025,1032
1025,1033
1025,1034
1025,1035
1025,1036
1026,1037
1027,1038
1027,1028
1027,1039
1027,1040
1027,1041
1027,1042
1027,1035
1027,1043
1027,1044
1027,1045
1028,1038
1028,1046
1028,1047
1028,1048
1028,1049
1028,1050
1028,1043
1029,1944
1029,1030
1030,1370
1030,1944
1030,2070
1030,1368
1030,1373
1030,2056
1030,1945
1031,1714
1031,1715
1031,1750
1031,1034
1031,1036
1032,2048
1032,2045
1032,1736
1032,1369
1033,1034
1034,1051
1034,1035
1034,2569
1034,1714
1035,1728
1035,1729
1035,1051
1035,1369
1035,2806
1035,2890
1036,1715
1037,1423
1038,1051
1038,1052
1038,1053
1041,2640
1043,1201
1043,1203
1043,2761
1043,1046
1043,1048
1044,2853
1045,1782
1045,2010
1046,1200
1046,1201
1046,1202
1046,1203
1046,1204
1046,1205
1046,1206
1046,1207
1047,1919
1048,1205
1048,1508
1049,1814
1050,2824
1052,2189
1054,1055
1054,1056
1054,1057
1055,1058
1055,1057
1055,1059
1055,1060
1055,1061
1055,1062
1055,1063
1056,1057
1056,1059
1056,1064
1056,1060
1056,1062
1056,1063
1056,1065
1056,1066
1056,1067
1057,1068
1057,1063
1058,1069
1058,1060
1058,1061
1058,1063
1059,1060
1059,1069
1059,1064
1059,1062
1059,1592
1060,1596
1062,2012
1062,1063
1062,2363
1063,1135
1064,1589
1064,1593
1064,1069
1065,2435
1065,1596
1065,1991
1065,1088
1065,1988
1065,1989
1065,1093
1065,2007
1065,1985
1065,1103
1065,2008
1065,1109
1066,2568
1068,1070
1068,1071
1068,1072
1069,1589
1069,1590
1069,1142
1069,1591
1069,1588
1069,1144
1070,1071
1070,1962
1070,1641
1070,1968
1071,1970
1071,1961
1071,1971
1071,1972
1071,1973
1071,1910
1071,1072
1071,1734
1071,1965
1072,2383
1072,2652
1072,2866
1073,1074
1073,1075
1073,1076
1073,1077
1074,1077
1074,1078
1074,1079
1074,1080
1074,1081
1075,1082
1075,1077
1076,1083
1076,1084
1076,1085
1077,1086
1078,1242
1078,1170
1078,1248
1080,2414
1080,2416
1080,2409
1081,1110
1082,1087
1083,1088
1083,1089
1083,1090
1083,1091
1083,1092
1083,1093
1083,1094
1083,1095
1083,1096
1083,1085
1083,1097
1083,1098
1083,1099
1083,1100
1083,1101
1083,1102
1083,1103
1083,1104
1083,1105
1083,1106
1083,1107
1083,1108
1083,1109
1084,2000
1084,2495
1084,2544
1084,2547
1084,1096
1084,2502
1085,2343
1085,2620
1085,2621
1085,1285
1085,1626
1085,1287
1085,2825
1085,2699
1085,2205
1085,2398
1085,2622
1085,2216
1088,1980
1088,1982
1088,1090
1088,1095
1089,1981
1089,1979
1089,1983
1089,2001
1089,1090
1089,2619
1090,1980
1090,2620
1090,2621
1090,1979
1090,1994
1090,2619
1090,1106
1091,2201
1091,2649
1091,2205
1091,2249
1091,2212
1091,2650
1091,1099
1091,2651
1091,2250
1092,2249
1092,2653
1092,1099
1092,1104
1092,2250
1093,2435
1093,1466
1093,1979
1093,2007
1093,1488
1093,1109
1094,2635
1094,2699
1094,2224
1094,2212
1094,1097
1095,1980
1095,2755
1095,2201
1095,1981
1095,1982
1095,2756
1095,2477
1095,1998
1096,2774
1096,2775
1096,2776
1097,2201
1097,2212
1099,2201
1099,2652
1099,2649
1099,2205
1099,2593
1099,1979
1099,2653
1099,2249
1100,1596
1100,1998
1102,2435
1102,2436
1102,1985
1102,1488
1103,1980
1103,2435
1103,1981
1103,1982
1103,1993
1103,1979
1103,1997
1103,2007
1103,1994
1103,1989
1103,2440
1103,1985
1103,1990
1103,1984
1103,1488
1103,1109
1104,1992
1104,2435
1104,1433
1104,1981
1104,1982
1104,1994
1104,1989
1104,2440
1104,1985
1105,2904
1105,1985
1106,1980
1106,1982
1106,1994
1106,2440
1106,1990
1108,2508
1108,1498
1108,2091
1109,1980
1109,2435
1109,1982
1109,1991
1109,2007
1109,1994
1109,1990
1109,1330
1110,1913
1110,1120
1111,1112
1111,1122
1111,1123
1113,1186
1113,1125
1113,1195
1113,1132
1114,1242
1114,1166
1114,1168
1114,1115
1115,1291
1115,1292
1115,1176
1115,1186
1115,1125
1115,2031
1115,2032
1115,2034
1115,1127
1115,1178
1115,1130
1116,2330
1116,1554
1117,1170
1117,1653
1117,1118
1117,2034
1117,2037
1117,1173
1117,1359
1118,2037
1119,1242
1121,1168
1121,2198
1123,1276
1123,1277
1123,1278
1123,1279
1123,1280
1125,1614
1125,1126
1125,1127
1125,1615
1125,1616
1125,1129
1126,1614
1126,1127
1126,1616
1127,1893
1127,1614
1128,2037
1128,1173
1128,1230
1128,1274
1130,1186
1131,1291
1131,1292
1131,1176
1131,1293
1132,1609
1132,2330
1132,1224
1132,1608
1132,2947
1132,1195
1132,1293
1132,2031
1133,1134
1133,1135
1133,1136
1133,1137
1133,1138
1133,1139
1133,1140
1134,1136
1134,1138
1134,1139
1134,1140
1135,1137
1135,1139
1135,1140
1136,1137
1136,1138
1136,1139
1136,1140
1137,1138
1137,1139
1138,1141
1138,1139
1140,2369
1142,1589
1142,1144
1143,1694
1143,1757
1143,1758
1144,1589
1144,1597
1145,1146
1145,1147
1145,1148
1146,1148
1148,1149
1148,1150
1148,1151
1149,1153
1149,1154
1150,1151
1152,1160
1152,1209
1153,1260
1153,1261
1154,1260
1155,1257
1157,1938
1157,1851
1157,1301
1159,1160
1163,1210
1163,1211
1163,1190
1163,1212
1163,1213
1163,1214
1163,1215
1164,1170
1164,1224
1164,1225
1164,1226
1164,1227
1164,1228
1164,1229
1164,1230
1164,1231
1164,1232
1164,1233
1164,1173
1164,1234
1164,1235
1164,1236
1165,1197
1165,1237
1166,1238
1166,1168
1166,1239
1167,1224
1167,1240
1168,1241
1168,1179
1170,1242
1170,1243
1171,1244
1171,1245
1172,1251
1173,1242
1173,2037
1173,1359
1174,1914
1174,2847
1175,2030
1176,1291
1176,1292
1176,2031
1176,2032
1179,2869
1182,2426
1183,2472
1183,1716
1186,1193
1186,1230
1186,1255
1186,1256
1187,1253
1188,1273
1190,1278
1190,1213
1192,2566
1193,1255
1193,1256
1194,1210
1194,1211
1194,1296
1194,1651
1195,1607
1195,1608
1196,1252
1197,1655
1197,1237
1198,1355
1198,1571
1199,2344
1200,1203
1200,1264
1201,1265
1201,1203
1201,1266
1201,1267
1201,1268
1202,1204
1202,1269
1202,1270
1202,1271
1203,1272
1203,1207
1205,1418
1206,1684
1206,2764
1206,2765
1206,2420
1207,2521
1207,2957
1208,1656
1209,1660
1209,1661
1210,1296
1210,1298
1211,1212
1211,1294
1211,1214
1211,1215
1212,1294
1212,1214
1214,1294
1214,1215
1215,2631
1215,2175
1215,1384
1215,1529
1215,2229
1217,2409
1217,1716
1218,1663
1221,1664
1221,1665
1222,1277
1223,1292
1223,2031
1223,2034
1224,1610
1224,1225
1224,1607
1224,1611
1224,1226
1224,1612
1224,1227
1224,1554
1224,1330
1224,1233
1224,1613
1226,1227
1226,1233
1227,1228
1227,1612
1227,1230
1233,2827
1233,1726
1234,2732
1235,1236
1236,1242
1237,1655
1239,1621
1240,2004
1242,1355
1242,1356
1242,1357
1242,1358
1242,1359
1244,2771
1244,2772
1244,2773
1246,1288
1246,1289
1246,1290
1248,2693
1249,1254
1250,1624
1251,1465
1251,1471
1251,1467
1251,1463
1251,1489
1251,1470
1251,1481
1254,1289
1257,2893
1258,2049
1258,2050
1258,1259
1258,1577
1258,1851
1258,2047
1258,1301
1259,2053
1260,2820
1261,1379
1263,1451
1263,1457
1264,2760
1264,2318
1265,1266
1266,2197
1266,1268
1267,2826
1268,2197
1268,2248
1272,2889
1275,1676
1275,1677
1277,1667
1277,1668
1280,2392
1281,2393
1284,1625
1284,1626
1284,1475
1284,1627
1284,1628
1284,1629
1284,1630
1284,1631
1284,1287
1284,1632
1284,1633
1284,1634
1284,1635
1284,1636
1284,1637
1284,1638
1284,1383
1284,1336
1285,1286
1285,1626
1285,1639
1286,1626
1286,2398
1286,2399
1286,2400
1286,2401
1286,2402
1286,1639
1287,1626
1288,1290
1288,1619
1288,1620
1289,1290
1291,1292
1291,2031
1292,2031
1292,2032
1294,1829
1294,1830
1295,2121
1299,2817
1299,2185
1300,1301
1301,1855
1301,1851
1302,1303
1302,1304
1303,1308
1303,1305
1303,1304
1303,1307
1304,1307
1305,1309
1307,1308
1309,2271
1310,1311
1313,1314
1313,1316
1314,1316
1315,1323
1315,1324
1315,1316
1315,1317
1315,1318
1316,1803
1316,1529
1316,1318
1317,1323
1317,2614
1317,1324
1317,2708
1317,1318
1318,1323
1318,2614
1318,1613
1318,1324
1318,2708
1320,1325
1323,1328
1325,1330
1328,2868
1332,1711
1332,1712
1332,1713
1333,1334
1333,1335
1333,1336
1334,2926
1334,2928
1335,2926
1336,2286
1338,1339
1338,1340
1338,1341
1339,1341
1340,1343
1340,1341
1341,1344
1342,1345
1345,1350
1346,1347
1346,1348
1347,1901
1349,1350
1349,1351
1349,1352
1349,1353
1349,1354
1350,1351
1351,1352
1351,1354
1353,1581
1353,1354
1354,1581
1356,1357
1356,1959
1356,1960
1359,2037
1361,1363
1363,1574
1363,1669
1363,2468
1363,1670
1364,1365
1365,2712
1365,2638
1366,1394
1367,1368
1367,1369
1368,1370
1368,1371
1368,1369
1368,1372
1369,1728
1369,2048
1369,1729
1369,2071
1369,1792
1369,1394
1369,1395
1369,1391
1369,1387
1369,2143
1370,1373
1370,1374
1370,1372
1371,1373
1372,1957
1372,1683
1372,1374
1372,1373
1372,1685
1373,1720
1374,2506
1375,1376
1376,2021
1376,2022
1376,2023
1376,2024
1376,2025
1377,1378
1377,1379
1377,1380
1377,1381
1378,1683
1378,1379
1378,1380
1379,1380
1379,1381
1385,1386
1386,2163
1386,1710
1386,2164
1386,2149
1387,1388
1387,1389
1387,1390
1387,1391
1388,1389
1388,1391
1388,1392
1388,1393
1388,1394
1388,1395
1388,1396
1388,1397
1388,1398
1388,1399
1388,1400
1388,1401
1388,1402
1388,1403
1389,1390
1389,1391
1389,1393
1389,1404
1389,1405
1389,1394
1389,1395
1389,1396
1389,1397
1389,1398
1389,1406
1389,1407
1389,1408
1389,1409
1389,1399
1389,1410
1389,1411
1390,1392
1390,1412
1390,1391
1391,1392
1391,1393
1391,1404
1391,1405
1391,1394
1391,1395
1391,1407
1391,1409
1391,1399
1392,1393
1392,1395
1392,1396
1392,1397
1392,1398
1392,1411
1392,1403
1393,1417
1394,1412
1394,1405
1394,1396
1394,1407
1394,1399
1394,1400
1395,1398
1395,1406
1395,1422
1395,1409
1395,1399
1396,1431
1396,1405
1396,1406
1396,1407
1396,1422
1396,1400
1396,1423
1397,1737
1397,1404
1399,1409
1400,1412
1400,1405
1400,1407
1402,1584
1402,1586
1404,1418
1404,1419
1404,1420
1405,1421
1405,1406
1405,1407
1405,1422
1405,1423
1407,1412
1407,1431
1407,1415
1408,2685
1408,2058
1408,2055
1408,2067
1410,2887
1412,1413
1412,1414
1412,1415
1412,1416
1413,1414
1413,1416
1415,1431
1415,2491
1417,1424
1417,1425
1418,1419
1418,1426
1418,1427
1418,1428
1418,1429
1418,1430
1420,2324
1420,2238
1420,2294
1422,1804
1422,1425
1422,2276
1423,2489
1424,1587
1425,1804
1425,1806
1425,1842
1425,1807
1425,2276
1425,2114
1425,1459
1426,1427
1426,2489
1427,2489
1428,2407
1428,2316
1431,1845
1432,1433
1432,1434
1432,1435
1433,2365
1435,2572
1435,2573
1436,1437
1437,2004
1437,1596
1437,1847
1437,2535
1437,1593
1437,1600
1437,2536
1437,1599
1437,1598
1437,1592
1437,2888
1440,1959
1440,1533
1440,1960
1441,2414
1441,2409
1443,2614
1447,1553
1447,1556
1447,1449
1448,2807
1449,1854
1449,1556
1449,2041
1450,1451
1451,1452
1451,1453
1451,1454
1451,1455
1451,1456
1451,1457
1452,1548
1452,1549
1452,1550
1453,1454
1453,2493
1455,1904
1455,1905
1457,1672
1458,1459
1459,1804
1459,1683
1459,2109
1459,1808
1459,2114
1460,1461
1461,1462
1461,1463
1461,1464
1462,1463
1462,1464
1462,1465
1462,1466
1462,1467
1462,1468
1462,1469
1462,1470
1462,1471
1462,1472
1462,1473
1462,1474
1462,1475
1462,1476
1462,1477
1462,1478
1462,1479
1462,1480
1462,1481
1462,1482
1462,1483
1462,1484
1462,1485
1462,1486
1462,1487
1462,1488
1462,1489
1462,1490
1462,1491
1462,1492
1462,1493
1462,1494
1462,1495
1462,1496
1463,1465
1463,1466
1463,1467
1463,1470
1463,1472
1463,1476
1463,1478
1463,1479
1463,1480
1463,1481
1463,1485
1463,1488
1463,1489
1463,1491
1463,1492
1463,1493
1463,1494
1463,1496
1464,1465
1464,1497
1465,1466
1465,1467
1465,1470
1465,1472
1465,1475
1465,1477
1465,1478
1465,1479
1465,1480
1465,1481
1465,1484
1465,1485
1465,1487
1465,1488
1465,1489
1465,1490
1465,1491
1465,1492
1465,1493
1465,1494
1465,1496
1466,1498
1466,1467
1466,1477
1466,1485
1466,1492
1467,1470
1467,1475
1467,1477
1467,1478
1467,1482
1467,1484
1467,1485
1467,1487
1467,1489
1467,1490
1467,1492
1468,2176
1469,2306
1469,2291
1469,2300
1469,1916
1469,2307
1469,2237
1469,2297
1469,2308
1469,1476
1469,2238
1469,2298
1469,2304
1469,2309
1469,2310
1469,2305
1469,2311
1469,2312
1469,2313
1469,2314
1469,2315
1469,1496
1469,2316
1470,1471
1470,1472
1470,1479
1471,1473
1471,1490
1472,1479
1472,1481
1473,2445
1473,2446
1473,1490
1474,2523
1474,1479
1474,1481
1474,1482
1474,1483
1474,1484
1474,1487
1474,2524
1474,1493
1474,1494
1475,2533
1475,2534
1476,2236
1476,1916
1476,2237
1476,2313
1476,1496
1477,1976
1478,2286
1478,2238
1478,2294
1478,2644
1478,2295
1480,2176
1481,2176
1482,1484
1482,2176
1483,2176
1484,1487
1485,1488
1486,1947
1488,2435
1488,1982
1488,1985
1489,2809
1493,1494
1496,2237
1497,1499
1498,2090
1498,2091
1498,2092
1498,2008
1498,2093
1499,2809
1499,2810
1500,1504
1505,1506
1506,1508
1506,1509
1507,1511
1507,1512
1508,1723
1513,2441
1513,2475
1515,1516
1515,1517
1515,1518
1515,1519
1516,1517
1516,1518
1516,1520
1517,1521
1517,1522
1517,1518
1517,1520
1517,1523
1519,1528
1519,1531
1519,1520
1519,1532
1519,1533
1521,1522
1521,1526
1523,2717
1524,1537
1524,1534
1524,1535
1524,1536
1527,1539
1528,1540
1528,1544
1528,1529
1528,1542
1528,1545
1529,1540
1529,1546
1529,1544
1529,1547
1529,1542
1530,1531
1530,1533
1531,1547
1531,1533
1533,2789
1533,1959
1533,1547
1534,1535
1537,1607
1537,1555
1538,1553
1538,1554
1538,1555
1538,1556
1540,1544
1540,1542
1540,1557
1541,1558
1542,1544
1542,1547
1542,1545
1543,1544
1543,1545
1544,1545
1546,1559
1546,1560
1547,1562
1547,1563
1547,1564
1547,1565
1551,2122
1551,1857
1551,1924
1552,1789
1553,1920
1553,1556
1554,2332
1562,1801
1562,1733
1562,2789
1562,1803
1562,2790
1562,1563
1562,1565
1562,2910
1563,1801
1563,1733
1563,1803
1563,1565
1563,2910
1564,2731
1565,2910
1566,1567
1567,1568
1567,1569
1567,1570
1568,2263
1569,2377
1569,2802
1571,2932
1572,1573
1573,2667
1573,1574
1573,1669
1573,2468
1573,2761
1573,1670
1574,2667
1574,2666
1574,1670
1575,2418
1576,1580
1576,1582
1576,1583
1577,1578
1579,2038
1579,1862
1579,1864
1579,1863
1579,2041
1579,2042
1579,2046
1579,2044
1583,2326
1583,1898
1584,1585
1584,1586
1584,1587
1585,1586
1585,1587
1586,1587
1590,1591
1592,2004
1592,1596
1592,2361
1592,1593
1592,2873
1593,1597
1593,1598
1593,1599
1593,1600
1593,1601
1593,1602
1594,1595
1596,1782
1596,2004
1596,1748
1596,1982
1596,1989
1596,2005
1596,2006
1596,2007
1596,2008
1597,2004
1597,2462
1597,1878
1597,1752
1597,1880
1597,2365
1598,2006
1598,2535
1598,2536
1599,1602
1601,2388
1603,1604
1604,1728
1604,1729
1604,2569
1604,1792
1604,1795
1605,1606
1608,1609
1610,1612
1612,2182
1612,2183
1614,1891
1614,1892
1619,2426
1623,2834
1625,2377
1625,2378
1625,2379
1626,2398
1626,1639
1627,1628
1627,2018
1629,2724
1629,1630
1629,2725
1629,2446
1630,2724
1630,2725
1630,2446
1631,1638
1632,1947
1632,1635
1636,2944
1636,1639
1636,1947
1639,2399
1639,2400
1640,1641
1641,1961
1641,1962
1642,1643
1643,1644
1643,1645
1643,1646
1643,1647
1643,1648
1644,1649
1644,1645
1645,2833
1645,1646
1646,1648
1648,2509
1651,1767
1653,1671
1653,1672
1653,1673
1657,2872
1663,2611
1663,2609
1664,1665
1665,2069
1668,2036
1669,2431
1669,2468
1669,2469
1669,1772
1669,1670
1669,2470
1669,2471
1670,2470
1670,2471
1671,2493
1672,2914
1672,1901
1673,2914
1673,1901
1675,1741
1675,2792
1675,2857
1678,1679
1679,1680
1679,1681
1679,1682
1680,1681
1680,1683
1680,1684
1680,1685
1680,1686
1680,1687
1680,1688
1681,1683
1682,1689
1682,1690
1683,2108
1683,2095
1683,2109
1683,2110
1683,2111
1683,2112
1683,2113
1683,2114
1683,1685
1683,1686
1683,1687
1683,2115
1683,2116
1683,2117
1683,1819
1683,1820
1683,2118
1683,2119
1683,2104
1684,2465
1684,2420
1685,1957
1685,2100
1685,2727
1685,2114
1686,1957
1686,2100
1686,2727
1686,2736
1687,2154
1687,2648
1688,2860
1689,2646
1689,2645
1690,2095
1691,1692
1693,1710
1694,1717
1694,1718
1695,1706
1698,1722
1698,1723
1698,1710
1698,1724
1698,1725
1701,1731
1702,1732
1703,1733
1703,1734
1704,1728
1704,1729
1704,1736
1706,1738
1707,1739
1708,1740
1710,1724
1711,1741
1711,1713
1712,1742
1713,1817
1714,1735
1714,1749
1715,1750
1715,1751
1716,2409
1717,1752
1717,1753
1717,1754
1717,1755
1717,1756
1718,1759
1719,1725
1719,2915
1721,1785
1721,1786
1721,1787
1722,1804
1722,1844
1722,1805
1723,2127
1723,2129
1724,2165
1725,2351
1725,2915
1728,1729
1728,1736
1728,1791
1728,1792
1728,1793
1728,1794
1728,1795
1729,1792
1729,1793
1729,1794
1729,1795
1731,1796
1731,1797
1732,1798
1732,1778
1732,1799
1733,1800
1733,1801
1733,1802
1733,1803
1734,2574
1735,1767
1736,1791
1736,1809
1736,1810
1737,1811
1738,2141
1738,2142
1738,2143
1738,2145
1738,2144
1740,1812
1740,1813
1740,1814
1740,1815
1741,1816
1744,1746
1744,1762
1744,1747
1745,2350
1746,1747
1746,1761
1748,1763
1748,1764
1748,1765
1748,1766
1752,1753
1752,1774
1752,1755
1752,1775
1752,1776
1752,1777
1752,1778
1752,1779
1752,1780
1753,1781
1754,2356
1754,2355
1754,2357
1754,2358
1754,2359
1755,2459
1755,1847
1755,1774
1755,1775
1755,1781
1755,2363
1755,2367
1755,1776
1755,1848
1755,2365
1755,1780
1757,2029
1757,2023
1757,2028
1758,2571
1758,2355
1758,2668
1759,1782
1759,1783
1759,1784
1760,2362
1761,2613
1763,2253
1763,1764
1763,2242
1763,2246
1763,2247
1763,1766
1763,2254
1764,2253
1764,2257
1764,1766
1764,2254
1765,2004
1765,2011
1765,2012
1765,2590
1765,2684
1766,2253
1767,1797
1769,2072
1772,2187
1772,2190
1772,2429
1772,2465
1772,2431
1774,2365
1774,2363
1774,1776
1774,2370
1774,1779
1774,1780
1775,2365
1776,1781
1776,2370
1776,1780
1777,2461
1777,2365
1777,1778
1779,2459
1779,1781
1779,2370
1780,1847
1780,2370
1780,2363
1780,2888
1781,2459
1781,2460
1782,2009
1782,1994
1782,2010
1786,1796
1788,1790
1791,2829
1791,1809
1792,1795
1793,2045
1793,1794
1794,1867
1800,1802
1800,2391
1801,1803
1804,1842
1804,1805
1804,1806
1804,1807
1805,1842
1805,1807
1806,1807
1806,1808
1807,2395
1807,2280
1807,2397
1807,1811
1807,1808
1808,1812
1808,2109
1809,2461
1809,2526
1809,2829
1809,2529
1809,2531
1810,2829
1811,2277
1811,2281
1811,2282
1811,2504
1812,2505
1813,1814
1813,1815
1814,1815
1816,2934
1818,1819
1818,1820
1819,1820
1821,1822
1821,1823
1821,1824
1823,2492
1825,1826
1827,1828
1828,2086
1829,1830
1829,1833
1829,1834
1829,1835
1830,1836
1830,1834
1830,1837
1833,2563
1835,2794
1835,1934
1835,1937
1837,2594
1839,2594
1842,2058
1843,2925
1843,2844
1843,2604
1843,2874
1846,2327
1846,2328
1847,1848
1847,1849
1847,1850
1849,2888
1851,1854
1851,1855
1852,2950
1853,2339
1856,1858
1856,1861
1857,1920
1857,1924
1858,1862
1858,1865
1859,2335
1859,1860
1862,1864
1862,1863
1863,2038
1863,1864
1863,2042
1863,2044
1867,2374
1867,2812
1867,2813
1867,2811
1870,1871
1872,1873
1872,1874
1872,1875
1873,1876
1873,1877
1873,1878
1873,1879
1873,1880
1873,1881
1873,1882
1873,1883
1873,1884
1873,1885
1873,1886
1873,1887
1873,1888
1873,1889
1873,1890
1874,1880
1874,1882
1875,2909
1876,1878
1876,1877
1876,2074
1877,2075
1877,1879
1877,1882
1877,1883
1877,1884
1877,1887
1877,2078
1878,2079
1878,1879
1878,1880
1878,1882
1878,1883
1878,1884
1878,1885
1878,2080
1878,2076
1878,1887
1878,2081
1878,2082
1878,2083
1879,1880
1879,1881
1879,1882
1879,1883
1880,1881
1880,1882
1880,1883
1880,1887
1880,2082
1880,1888
1880,2570
1880,1890
1881,1884
1881,2571
1881,2570
1882,2082
1882,2570
1883,2571
1883,1887
1884,2021
1884,2572
1884,2075
1884,2076
1884,2077
1885,2080
1885,1887
1886,2777
1887,2840
1887,2079
1887,2355
1887,2080
1888,2555
1891,1892
1892,1893
1893,1897
1893,1898
1893,1899
1895,1896
1897,1898
1898,2326
1901,1902
1901,1903
1902,1904
1902,1905
1906,1907
1908,1909
1908,1910
1908,1911
1908,1912
1911,1912
1914,2582
1914,2586
1914,2583
1915,1916
1916,2237
1916,2304
1916,2305
1916,2311
1916,2312
1916,2315
1916,2316
1920,1924
1922,1923
1922,1925
1922,1926
1922,1927
1922,1928
1922,1929
1922,1930
1922,1931
1923,1925
1923,1926
1923,1927
1923,1932
1923,1928
1923,1929
1923,1933
1923,1930
1923,1931
1925,1926
1925,1927
1925,1932
1925,1928
1925,1929
1925,1933
1925,1930
1925,1931
1926,1927
1926,2039
1928,1929
1929,2704
1932,1933
1932,2554
1933,2679
1934,1936
1934,1937
1935,1936
1935,1938
1935,1939
1935,1940
1936,1938
1936,1941
1936,1940
1938,2047
1942,1943
1943,2895
1944,1945
1945,2104
1946,1947
1946,1948
1946,1949
1947,2835
1952,2743
1954,2639
1956,1957
1959,1960
1960,2390
1961,1963
1961,1964
1961,1965
1961,1966
1961,1967
1962,1969
1964,2686
1965,1969
1965,2383
1966,2652
1967,1969
1967,2106
1967,2115
1970,1974
1970,1971
1970,1975
1971,1974
1971,2484
1971,2486
1971,2483
1971,2478
1971,2480
1971,2481
1972,1975
1972,2488
1974,2482
1974,2483
1974,2478
1974,2481
1974,2484
1974,2485
1975,2478
1976,1977
1976,1978
1979,1980
1979,1981
1979,1982
1979,1983
1979,1984
1979,1985
1979,1986
1979,1987
1980,1981
1980,1982
1980,1988
1980,1989
1980,1990
1980,1991
1980,1992
1980,1993
1980,1994
1980,1995
1980,1996
1980,1985
1980,1997
1980,1998
1980,1987
1981,1999
1981,2000
1981,1983
1981,2001
1981,1984
1981,1985
1982,1990
1982,1993
1982,1994
1983,2001
1983,1984
1983,1985
1984,2825
1984,2001
1984,1986
1985,2435
1985,2091
1985,1997
1985,2007
1985,1994
1985,1989
1986,2224
1986,1994
1986,2450
1986,2249
1988,2435
1988,2436
1988,1989
1988,1990
1989,2438
1989,1992
1989,2435
1989,2005
1989,1993
1989,2436
1989,1990
1989,2439
1990,2440
1992,2438
1992,2005
1992,2442
1992,2443
1992,2444
1995,2635
1995,2212
1995,2449
1996,2008
1997,2008
1998,2435
1998,2201
1998,2440
1999,2002
2000,2003
2004,2011
2004,2012
2004,2013
2004,2014
2005,2438
2005,2442
2005,2444
2006,2012
2006,2532
2007,2435
2007,2436
2007,2437
2008,2435
2008,2755
2008,2090
2009,2074
2011,2088
2013,2791
2014,2859
2014,2267
2015,2016
2015,2017
2016,2017
2016,2018
2016,2019
2016,2020
2021,2024
2021,2026
2021,2027
2023,2024
2023,2025
2023,2028
2024,2025
2025,2028
2026,2027
2027,2840
2027,2917
2028,2115
2028,2662
2033,2035
2034,2036
2034,2037
2035,2330
2038,2041
2038,2042
2038,2043
2038,2044
2041,2042
2041,2046
2041,2044
2042,2577
2042,2043
2042,2046
2042,2044
2043,2044
2044,2577
2044,2046
2045,2048
2050,2052
2052,2785
2054,2055
2054,2056
2054,2057
2055,2058
2055,2056
2055,2059
2055,2060
2056,2062
2056,2063
2056,2064
2056,2065
2056,2057
2056,2066
2057,2070
2058,2067
2058,2060
2058,2068
2062,2063
2062,2065
2063,2069
2066,2492
2068,2424
2069,2862
2071,2073
2072,2179
2072,2180
2072,2181
2074,2075
2075,2076
2075,2077
2076,2079
2076,2080
2077,2572
2077,2078
2078,2608
2079,2150
2079,2080
2079,2083
2080,2150
2080,2083
2081,2462
2081,2892
2082,2355
2084,2085
2084,2086
2085,2087
2085,2088
2085,2089
2086,2589
2086,2590
2086,2591
2087,2147
2087,2148
2088,2906
2089,2689
2089,2738
2089,2948
2089,2329
2091,2346
2093,2896
2093,2942
2094,2095
2094,2096
2094,2097
2095,2098
2095,2099
2095,2100
2095,2101
2095,2102
2095,2103
2095,2097
2095,2104
2095,2105
2096,2097
2098,2100
2099,2106
2099,2107
2100,2102
2100,2105
2101,2105
2102,2109
2102,2114
2103,2850
2107,2645
2109,2347
2109,2348
2109,2114
2111,2618
2112,2155
2112,2648
2112,2113
2112,2156
2113,2721
2113,2720
2114,2351
2114,2118
2114,2726
2115,2661
2115,2658
2115,2663
2116,2648
2116,2727
2118,2351
2118,2726
2120,2121
2123,2124
2124,2125
2124,2126
2127,2128
2130,2131
2130,2132
2131,2133
2131,2132
2132,2133
2132,2954
2132,2316
2134,2135
2134,2136
2134,2137
2134,2138
2134,2139
2134,2140
2135,2647
2136,2137
2136,2139
2137,2672
2137,2138
2137,2139
2139,2672
2139,2490
2142,2143
2142,2144
2143,2146
2145,2273
2145,2405
2147,2148
2148,2784
2151,2152
2152,2153
2153,2268
2154,2155
2154,2156
2155,2157
2155,2158
2155,2159
2157,2158
2157,2918
2157,2429
2165,2563
2165,2927
2166,2167
2167,2168
2167,2169
2170,2171
2170,2172
2171,2172
2174,2175
2176,2758
2176,2759
2179,2565
2180,2614
2182,2183
2186,2187
2187,2188
2187,2189
2187,2190
2187,2191
2188,2189
2188,2190
2188,2429
2189,2190
2190,2191
2190,2430
2191,2429
2191,2430
2191,2643
2191,2433
2191,2831
2191,2832
2191,2434
2192,2193
2192,2194
2194,2900
2195,2196
2198,2199
2200,2201
2200,2202
2201,2203
2201,2204
2201,2205
2201,2206
2201,2207
2201,2208
2201,2209
2201,2210
2201,2211
2201,2212
2201,2213
2201,2214
2201,2215
2201,2216
2201,2217
2201,2218
2201,2219
2201,2220
2201,2221
2202,2222
2202,2223
2202,2224
2202,2225
2202,2226
2203,2212
2203,2213
2204,2205
2205,2211
2205,2213
2206,2655
2206,2207
2206,2208
2206,2209
2206,2218
2207,2655
2207,2208
2207,2209
2207,2210
2207,2218
2208,2655
2208,2209
2208,2210
2208,2218
2209,2210
2209,2218
2210,2218
2212,2213
2214,2215
2214,2219
2217,2849
2221,2922
2221,2447
2221,2448
2222,2227
2222,2228
2222,2225
2222,2226
2223,2447
2223,2448
2223,2224
2224,2449
2224,2450
2226,2448
2228,2905
2229,2631
2231,2234
2231,2235
2236,2237
2236,2238
2236,2239
2236,2240
2237,2300
2237,2306
2237,2297
2237,2308
2237,2298
2237,2310
2237,2314
2237,2325
2238,2324
2238,2294
2238,2313
2240,2324
2240,2294
2241,2242
2241,2243
2241,2244
2241,2245
2242,2246
2242,2243
2242,2244
2242,2247
2242,2245
2242,2248
2243,2249
2243,2250
2244,2251
2244,2245
2244,2252
2245,2246
2245,2247
2246,2247
2246,2254
2249,2652
2249,2649
2249,2653
2249,2654
2249,2651
2249,2250
2250,2652
2250,2649
2250,2653
2250,2651
2251,2255
2252,2302
2253,2256
2253,2257
2253,2254
2254,2256
2256,2453
2256,2455
2258,2260
2258,2263
2260,2261
2260,2263
2263,2540
2265,2266
2266,2958
2270,2271
2271,2272
2272,2737
2272,2738
2273,2274
2273,2275
2275,2405
2277,2279
2277,2280
2277,2281
2277,2282
2277,2283
2281,2282
2281,2283
2284,2285
2284,2286
2284,2287
2284,2288
2284,2289
2285,2290
2285,2287
2285,2288
2285,2291
2285,2289
2285,2292
2285,2293
2286,2294
2286,2295
2287,2291
2287,2296
2287,2288
2287,2289
2287,2297
2287,2298
2288,2289
2289,2291
2289,2297
2291,2299
2291,2300
2291,2297
2291,2301
2291,2302
2291,2303
2292,2301
2292,2318
2292,2624
2292,2625
2292,2319
2292,2626
2294,2644
2294,2295
2295,2855
2296,2304
2296,2305
2297,2306
2297,2307
2297,2308
2297,2300
2297,2298
2298,2306
2298,2307
2298,2300
2298,2304
2300,2306
2300,2307
2300,2308
2302,2303
2304,2309
2304,2523
2304,2310
2304,2305
2304,2311
2304,2793
2306,2307
2306,2308
2307,2324
2308,2386
2308,2310
2308,2313
2309,2311
2309,2793
2310,2523
2310,2793
2311,2793
2312,2798
2315,2512
2316,2512
2317,2318
2317,2319
2319,2624
2319,2625
2320,2321
2320,2322
2320,2323
2321,2377
2321,2380
2329,2330
2329,2331
2330,2332
2330,2333
2334,2665
2334,2666
2334,2528
2334,2529
2335,2336
2337,2339
2340,2341
2342,2343
2345,2346
2347,2349
2347,2348
2348,2349
2348,2350
2350,2351
2350,2352
2350,2353
2351,2728
2351,2352
2351,2726
2354,2355
2356,2360
2356,2358
2363,2364
2363,2365
2363,2366
2363,2367
2363,2368
2363,2369
2364,2371
2364,2365
2365,2367
2365,2368
2368,2463
2368,2464
2372,2373
2373,2374
2373,2375
2374,2376
2377,2378
2377,2380
2377,2381
2377,2382
2378,2380
2380,2381
2381,2767
2382,2881
2382,2880
2382,2882
2383,2384
2383,2385
2385,2867
2387,2388
2387,2389
2388,2390
2394,2395
2394,2396
2395,2397
2395,2396
2396,2930
2403,2404
2404,2408
2409,2410
2409,2411
2409,2412
2410,2411
2410,2413
2410,2412
2411,2413
2412,2897
2412,2413
2414,2416
2417,2418
2418,2419
2418,2420
2420,2761
2420,2762
2422,2423
2422,2424
2423,2424
2423,2425
2426,2427
2427,2428
2429,2431
2429,2432
2429,2433
2429,2430
2429,2434
2430,2830
2430,2831
2430,2434
2431,2465
2431,2466
2433,2830
2434,2617
2435,2437
2438,2442
2438,2443
2443,2746
2447,2448
2448,2449
2449,2695
2451,2641
2452,2453
2452,2454
2453,2454
2453,2455
2453,2456
2453,2457
2455,2768
2459,2460
2461,2525
2461,2526
2461,2528
2461,2529
2462,2601
2463,2464
2463,2567
2465,2467
2466,2470
2466,2471
2468,2667
2468,2666
2468,2668
2470,2471
2473,2474
2473,2475
2474,2476
2475,2477
2478,2479
2478,2480
2478,2481
2479,2481
2480,2481
2481,2484
2481,2483
2481,2487
2482,2483
2483,2484
2483,2487
2483,2485
2484,2487
2494,2495
2495,2496
2495,2497
2495,2498
2495,2499
2495,2500
2495,2501
2495,2502
2495,2503
2497,2596
2497,2597
2497,2498
2497,2598
2498,2598
2498,2600
2498,2503
2500,2691
2502,2949
2505,2506
2508,2509
2508,2510
2508,2511
2510,2770
2511,2542
2512,2513
2512,2514
2512,2515
2512,2516
2513,2514
2513,2517
2514,2515
2514,2843
2514,2517
2515,2516
2515,2517
2517,2941
2518,2519
2520,2876
2522,2523
2523,2524
2524,2856
2525,2526
2525,2527
2526,2530
2526,2531
2531,2829
2535,2536
2538,2713
2538,2714
2538,2715
2538,2716
2538,2717
2541,2542
2544,2545
2544,2546
2545,2548
2546,2549
2546,2547
2547,2551
2549,2550
2556,2557
2556,2558
2556,2559
2557,2558
2560,2561
2563,2564
2572,2573
2574,2575
2575,2595
2576,2577
2576,2578
2577,2578
2577,2579
2577,2580
2578,2679
2578,2580
2580,2679
2580,2677
2580,2848
2580,2680
2581,2582
2581,2583
2581,2584
2582,2585
2583,2587
2584,2587
2584,2847
2585,2587
2586,2632
2587,2847
2592,2593
2596,2597
2596,2599
2597,2599
2603,2604
2604,2605
2609,2610
2614,2615
2616,2617
2619,2650
2619,2710
2620,2621
2620,2622
2621,2622
2624,2625
2624,2626
2625,2877
2626,2814
2627,2628
2633,2634
2633,2635
2633,2636
2634,2636
2635,2637
2635,2636
2635,2638
2638,2886
2641,2642
2649,2651
2656,2657
2656,2658
2656,2659
2657,2658
2657,2659
2657,2660
2658,2661
2658,2659
2658,2662
2658,2663
2659,2661
2660,2734
2661,2664
2662,2663
2666,2667
2669,2670
2669,2671
2669,2672
2669,2673
2669,2674
2669,2675
2671,2673
2672,2863
2672,2673
2673,2674
2673,2863
2674,2675
2676,2677
2676,2678
2677,2679
2677,2678
2677,2680
2678,2679
2679,2680
2681,2682
2682,2683
2682,2684
2688,2689
2689,2690
2692,2693
2693,2801
2693,2916
2695,2700
2695,2701
2695,2702
2696,2697
2700,2701
2700,2702
2700,2796
2701,2796
2703,2704
2703,2705
2704,2705
2706,2707
2706,2708
2707,2708
2708,2745
2712,2818
2713,2717
2714,2715
2714,2718
2715,2718
2720,2721
2721,2722
2721,2723
2723,2946
2725,2783
2728,2885
2732,2733
2737,2738
2739,2740
2739,2741
2739,2742
2740,2741
2740,2882
2740,2742
2741,2882
2742,2882
2743,2744
2746,2747
2754,2901
2754,2902
2755,2757
2761,2762
2762,2763
2765,2766
2774,2776
2775,2776
2779,2782
2780,2781
2782,2853
2786,2787
2787,2788
2789,2790
2795,2838
2795,2839
2796,2797
2797,2798
2797,2799
2797,2800
2803,2804
2804,2805
2804,2806
2808,2809
2808,2810
2811,2812
2811,2813
2812,2813
2815,2816
2820,2821
2820,2822
2821,2846
2831,2864
2835,2836
2836,2837
2838,2839
2840,2841
2844,2845
2860,2861
2871,2924
2872,2953
2877,2878
2881,2883
2883,2911
2897,2898
2901,2908
2903,2904
2921,2922
2929,2930
2935,2936
2939,2940
2951,2952
