source,target
0,1
0,2
0,3
0,4
0,5
0,6
0,7
0,8
1,2805
1,2439
1,2440
1,2792
1,2806
1,2
1,59
1,4
1,2202
1,5
1,2807
1,2443
1,2444
1,2267
1,6
1,2808
1,2809
1,2810
1,2547
1,2548
1,2811
1,8
1,2801
1,1038
3,4
3,16
3,6
3,2809
4,2842
4,5
4,2843
5,3336
5,3335
6,2439
6,2841
9,10
9,11
9,12
9,13
9,14
9,15
9,16
9,17
9,18
9,19
9,20
9,21
9,22
9,23
9,24
10,25
10,26
10,27
11,28
11,29
11,30
11,31
11,32
11,33
11,34
12,35
12,36
12,37
12,38
12,39
12,40
12,21
13,41
13,42
13,43
13,44
13,45
13,46
13,47
13,48
13,49
13,50
14,51
14,52
15,53
16,54
16,36
16,55
16,18
16,19
16,20
16,56
16,57
16,58
17,59
17,38
17,60
17,61
18,55
18,19
18,20
18,57
19,3279
19,55
19,20
19,2808
19,3280
19,3281
20,3279
20,473
20,55
21,1306
21,3483
21,959
21,1871
21,565
21,60
21,3484
22,2842
22,2844
22,3516
22,3074
22,473
22,905
22,474
25,242
25,230
25,232
25,235
25,243
25,244
25,245
25,246
25,247
25,110
25,248
25,249
25,250
25,251
25,252
25,253
25,254
25,255
26,946
26,1159
26,2352
27,1101
28,892
28,1017
28,1022
28,29
28,895
28,33
30,889
30,42
30,1662
30,1450
30,894
30,1451
30,1442
30,31
30,1446
30,2238
30,1680
30,1675
30,1664
30,1455
31,1505
31,1019
31,1240
31,1586
31,1460
31,889
31,894
31,1112
31,1664
31,32
31,34
32,33
32,894
32,889
32,115
33,85
33,34
34,3348
34,3432
34,2520
34,3270
34,3349
34,904
34,1019
34,1658
34,864
34,2229
34,80
34,83
34,889
34,898
34,899
34,1188
34,152
34,79
35,1998
35,1194
35,1195
35,1191
35,1199
35,928
35,1207
35,98
35,1210
35,1212
35,1223
35,299
36,569
36,229
37,38
37,3433
37,65
37,76
37,106
38,1226
38,65
38,76
38,1873
38,106
39,2800
40,1998
40,1194
40,1999
41,863
41,63
41,864
41,121
41,865
42,889
42,99
45,972
46,1019
46,1160
47,3047
47,3045
47,2536
47,3046
48,1018
50,3130
50,2676
50,1018
50,1022
50,580
51,446
51,447
53,1160
56,3336
57,3350
59,62
59,3250
61,3337
62,63
62,64
63,1018
63,1248
63,1249
63,1243
63,1168
63,1017
63,1022
63,863
63,1246
63,1247
63,866
64,2493
64,569
64,1479
64,576
64,577
65,66
65,67
65,68
65,69
65,70
65,71
65,72
65,73
65,74
65,75
66,79
66,1992
67,1998
67,76
67,78
67,79
67,1994
67,1446
67,1999
67,1455
68,889
68,858
68,76
68,78
68,1441
68,1442
68,2486
68,1452
68,2499
68,988
68,99
68,1895
68,1453
68,2466
68,1456
68,1457
69,1702
69,94
69,76
69,78
69,87
69,116
69,1446
69,415
69,751
69,1455
69,865
70,648
70,1724
70,166
70,1679
70,1725
70,1586
70,1670
70,1580
70,1460
70,860
70,697
70,1680
70,145
70,150
70,1457
71,76
71,1698
72,1887
72,79
72,1237
72,1238
72,75
72,1225
72,1174
73,1702
73,98
73,99
74,1998
74,3433
74,76
74,1999
75,1586
75,1999
76,77
77,2946
78,79
78,80
78,81
79,82
79,81
79,83
79,84
80,1702
80,239
80,2229
80,898
80,85
80,983
80,841
80,1460
80,2230
80,1230
80,1447
80,2232
80,151
81,2839
81,1202
81,2840
82,680
82,152
82,166
82,877
82,168
82,1678
82,548
82,1723
82,1644
82,2663
82,84
83,121
83,2520
83,1658
84,166
85,86
85,87
85,88
85,89
85,90
85,91
85,92
85,93
85,94
85,95
85,96
85,97
85,98
85,99
85,100
85,101
85,102
85,103
85,104
86,901
86,903
89,2357
89,93
89,98
89,99
89,2358
89,970
90,2484
90,1160
91,94
91,95
91,1450
91,97
91,99
91,1893
91,101
92,899
92,1450
92,2489
92,97
92,104
92,2490
93,959
93,2357
93,98
93,99
93,2358
93,1660
93,970
94,1461
94,95
95,973
95,959
95,2152
95,298
95,1895
95,1893
95,2505
96,2468
96,1658
96,1697
96,98
96,1659
96,151
97,938
97,2489
97,99
97,1893
97,104
98,1702
98,2468
98,986
98,961
98,1576
98,1568
98,1658
98,1657
98,2371
98,1579
98,1659
98,894
98,646
98,987
98,99
98,2508
99,3326
99,2357
99,2482
99,1586
99,968
99,2449
99,2499
99,2215
99,963
99,894
99,2226
99,2569
99,2218
99,889
99,896
99,1478
99,897
99,152
103,3167
103,3440
103,2538
104,938
104,899
105,106
106,117
106,118
106,119
106,120
107,108
108,1576
109,110
109,111
109,112
109,113
110,315
110,2613
110,114
110,834
110,1614
111,118
111,114
111,264
111,123
111,124
111,529
112,1702
112,2869
112,2872
112,3074
112,3111
112,2428
112,2684
112,983
112,114
112,2683
113,1184
113,1293
113,1506
113,990
113,114
113,853
117,121
117,122
118,123
118,124
118,125
118,126
118,127
118,128
118,129
118,130
118,131
118,132
118,133
118,134
118,135
118,136
119,137
119,138
120,3433
120,1655
121,1017
121,864
121,865
123,129
123,134
125,674
125,538
125,675
125,676
125,550
125,551
126,694
126,695
126,531
126,696
126,697
126,698
126,550
126,133
126,553
127,1241
127,274
127,1242
127,1223
129,1569
129,1100
129,676
129,694
129,1570
129,1571
129,362
129,456
129,851
129,1566
129,407
129,1202
129,1572
129,1158
130,879
130,699
130,1608
130,3061
130,1604
130,1789
130,698
132,2164
132,1429
132,133
132,2578
133,2164
133,245
134,1575
134,1683
134,1667
134,649
134,1653
134,264
135,2164
135,245
135,1144
137,1196
137,1198
137,1228
137,1204
139,140
139,141
139,142
139,143
139,144
139,145
139,146
139,147
139,148
139,149
139,150
139,151
140,604
140,1413
140,141
140,375
140,646
141,604
141,1413
141,375
141,646
141,667
141,147
141,150
142,1575
142,1576
142,1240
142,1568
142,1577
142,1578
142,1579
142,1580
142,851
142,1581
142,1450
142,661
142,145
142,356
142,1582
142,1112
142,148
142,1213
143,276
143,753
143,245
143,367
143,1715
143,1717
144,658
144,659
144,2320
144,2171
144,316
144,1176
144,1549
144,2257
144,2640
144,1191
144,2641
144,2331
144,410
144,1730
144,411
144,603
144,680
144,468
144,1289
144,753
144,646
144,376
144,360
144,1550
144,377
144,661
144,683
144,2258
144,419
145,1703
145,1575
145,1683
145,1679
145,1693
145,649
145,1586
145,1670
145,1694
145,650
145,1581
145,1578
145,1671
145,1696
145,1579
145,1200
145,860
145,697
145,1680
145,1463
146,2210
147,1502
147,1413
147,1501
147,375
147,646
147,150
147,639
148,1427
148,1575
148,2461
148,1578
148,407
148,1579
148,264
148,841
148,361
149,782
149,2413
149,515
149,1227
149,404
149,405
149,513
149,840
149,319
149,1181
150,1413
150,667
150,375
150,646
151,2757
151,1576
151,3134
151,1658
151,2229
151,2244
151,2223
151,2216
151,988
151,1659
151,2019
152,153
152,154
152,155
152,156
152,157
152,158
152,159
152,160
152,161
152,162
152,163
152,164
152,165
152,166
152,167
152,168
152,169
152,170
152,171
152,172
152,173
152,174
152,175
152,176
152,177
152,178
152,179
152,180
152,181
152,182
152,183
152,184
153,165
153,185
153,186
153,187
153,188
153,189
153,190
153,191
153,192
153,193
153,194
153,171
153,195
153,196
154,165
154,197
154,198
154,186
154,187
154,188
154,199
154,189
154,200
154,201
154,202
154,192
154,193
154,194
154,171
154,203
154,204
154,195
154,205
154,196
154,206
154,207
155,186
155,199
155,208
155,209
155,210
155,211
155,212
156,165
156,198
156,186
156,199
156,213
156,201
156,191
156,193
157,214
157,204
158,197
158,215
158,216
159,197
159,198
159,217
159,191
159,168
159,169
159,171
159,218
159,204
161,193
162,179
163,198
163,219
163,220
163,171
163,178
165,187
165,211
165,221
166,1580
166,168
166,860
166,1678
166,1723
168,1241
168,355
168,169
168,921
168,1685
168,1644
168,180
169,1241
169,654
169,355
169,198
169,2253
169,171
169,177
169,534
169,180
170,420
170,355
170,245
170,356
170,1688
170,2254
170,2255
170,2256
170,183
171,626
171,504
171,2305
171,2306
171,2300
171,608
171,408
171,2308
171,1633
171,1140
171,2309
171,2301
171,2310
171,625
171,2311
171,2312
171,2303
171,2313
171,2304
171,691
171,832
171,623
171,799
171,646
171,198
171,2299
171,2302
171,2314
172,2183
172,1638
172,177
172,2315
172,2667
173,1912
173,1913
173,2718
173,1916
173,1919
173,3019
174,1689
175,1629
175,1843
175,608
175,1633
175,1140
175,1856
175,1075
175,1855
175,3181
175,2312
175,1857
175,1738
175,1739
175,1740
175,1776
175,1777
175,1778
175,1780
175,645
175,623
176,744
176,1241
176,648
176,1836
176,355
176,2419
177,2315
177,2667
178,608
178,648
178,2309
178,694
179,219
179,3162
179,1394
180,2418
180,1591
180,1594
180,1394
180,3517
180,3534
181,182
181,245
181,1878
183,1684
183,420
185,699
185,700
185,701
185,702
185,703
185,512
185,704
185,705
187,471
187,199
189,1428
191,471
191,193
193,1536
193,194
194,1536
196,2685
196,3387
197,215
198,471
199,213
203,471
204,471
204,677
204,532
208,1489
209,1533
209,1534
209,1535
210,996
210,1976
210,1983
210,1984
210,1985
211,768
211,3173
211,3174
211,2367
213,471
214,994
215,2564
215,2565
215,692
216,871
216,685
216,684
219,685
220,880
221,1564
222,223
222,224
222,225
222,226
222,227
222,228
223,224
223,226
223,228
224,3135
225,3365
225,3366
225,1597
225,877
225,1644
226,1453
227,1597
227,474
228,3135
230,231
230,232
230,233
230,234
230,235
230,236
231,237
231,238
231,239
231,240
231,241
232,256
232,235
232,236
232,245
232,248
232,252
232,254
232,257
232,258
234,259
234,260
234,236
234,261
235,238
235,262
235,243
235,263
235,256
235,264
235,257
236,265
236,266
236,267
236,268
236,269
236,270
236,260
236,271
236,272
236,273
236,274
236,275
236,261
237,276
237,262
237,277
237,245
237,278
237,248
237,279
237,280
237,281
237,282
237,283
237,284
237,285
237,286
237,254
237,287
237,288
237,255
237,289
238,262
238,245
238,290
238,291
238,255
240,262
240,2108
240,324
240,282
240,298
240,393
240,2748
241,1143
241,3253
243,301
243,302
243,265
243,263
243,303
243,248
243,304
243,305
243,254
243,287
243,306
243,307
243,308
244,277
244,1046
244,1079
244,1080
244,1081
244,1082
244,1083
244,1084
244,1085
244,1086
244,1087
244,1088
244,1089
245,366
245,1708
245,1492
245,295
245,1709
245,688
245,686
245,367
245,262
245,424
245,1710
245,1711
245,1043
245,1044
245,316
245,296
245,1493
245,327
245,1712
245,1101
245,1052
245,805
245,594
245,595
245,1104
245,276
245,880
245,1308
245,1713
245,1310
245,461
245,360
245,1579
245,274
245,612
245,1714
245,1715
245,356
245,281
245,251
245,336
245,283
245,340
245,1716
245,286
245,795
245,345
245,1717
245,1718
245,289
247,315
247,1709
247,274
247,1667
247,294
247,2576
247,680
247,753
247,286
247,2577
248,301
248,302
248,262
248,926
248,327
248,263
248,331
248,2666
249,1106
249,1634
249,1573
249,1761
250,2257
250,2000
250,253
250,2836
250,255
250,2115
251,1710
251,316
251,327
251,274
251,1101
251,1104
251,282
251,2254
251,430
251,1713
251,1310
251,461
252,3246
252,283
252,286
252,1499
253,779
253,1859
253,1634
253,1573
253,1598
253,1570
253,1198
253,2043
253,1191
253,1862
253,635
253,1196
253,557
253,1610
253,412
253,404
253,405
254,262
254,287
254,285
254,255
255,1383
256,292
256,293
256,294
256,295
256,296
256,297
256,298
257,1043
257,1044
257,1055
257,1054
257,1045
257,1046
257,309
257,1047
258,270
258,260
258,271
258,264
258,360
259,261
260,268
260,269
260,270
260,273
260,275
260,261
260,299
261,1492
261,1710
261,2587
261,884
262,276
262,296
262,281
262,282
262,287
262,300
262,291
262,289
263,301
263,309
263,310
263,311
263,305
263,312
263,307
263,308
264,270
264,313
264,314
264,315
264,316
264,296
264,317
264,318
264,319
264,320
265,321
265,322
265,323
265,324
265,325
265,326
265,303
265,327
265,328
265,329
265,330
265,331
265,332
265,305
265,333
265,334
265,335
265,336
265,337
265,338
265,339
265,340
265,341
265,342
265,343
265,344
265,345
265,346
265,347
266,348
266,349
266,350
266,317
266,351
266,352
266,318
266,353
267,354
267,355
267,274
267,356
268,275
269,357
269,358
269,359
270,360
270,271
270,361
271,360
273,274
273,283
273,299
274,1198
274,275
274,1048
274,283
274,318
274,1716
274,286
274,299
274,1718
275,3054
276,366
276,367
276,281
276,289
277,1142
277,1143
277,1112
277,1114
277,1144
278,1708
278,2117
278,926
278,803
278,2116
278,805
278,1715
278,2119
278,280
278,928
278,2123
278,2118
278,287
278,1953
278,288
279,321
279,2742
279,316
279,1176
279,1191
279,1714
279,429
279,412
279,427
279,2588
279,430
279,1550
279,2743
279,2744
279,377
279,468
279,853
279,646
280,1708
280,807
280,2117
280,2119
280,287
281,327
281,1354
281,324
281,939
281,928
281,282
282,324
282,939
282,298
283,1491
283,1110
283,3246
283,3247
283,1068
283,736
283,356
283,880
283,1713
283,1310
284,1043
284,1044
284,327
284,1052
284,1054
284,1045
284,1046
284,309
284,1047
284,1048
284,1185
285,452
285,1101
285,1154
285,3194
286,1492
286,469
286,1491
286,424
286,1710
286,1357
286,316
286,2587
286,1494
286,1187
286,3028
286,884
286,1150
286,430
286,880
286,1310
286,1159
288,926
289,327
289,2083
289,324
289,939
290,767
290,1632
290,876
290,1450
291,1044
291,1047
292,1187
293,1293
293,514
293,520
294,327
294,2578
295,1357
295,296
295,298
295,336
295,2474
295,2578
296,366
296,2589
296,298
296,2356
296,299
296,2591
297,1184
297,880
297,1293
298,366
298,2558
298,336
299,2431
299,528
299,3240
299,1194
299,317
299,654
299,3241
299,1198
299,2422
299,1191
299,3239
299,2589
299,1196
299,2583
299,2940
299,2578
299,1649
299,3554
299,646
301,305
301,346
302,368
302,303
302,369
302,370
302,305
302,371
302,333
302,372
302,306
302,373
302,308
302,346
302,374
303,940
303,1341
303,1342
303,369
303,1330
303,926
303,327
303,1332
303,328
303,370
303,594
303,595
303,1327
303,1318
303,1319
303,1320
303,939
303,326
305,1353
305,1341
305,1360
305,369
305,3197
305,327
305,941
305,371
305,370
305,333
305,2288
305,1327
305,331
305,1319
305,939
305,928
306,1681
306,1494
306,370
306,3497
306,308
307,1101
307,310
307,3521
308,368
308,369
308,370
308,824
309,1043
309,1044
309,1045
309,1046
309,1047
309,1048
309,1049
311,927
312,1538
313,327
313,594
313,595
313,314
313,1322
313,320
314,327
314,594
314,595
314,1383
315,1490
315,1492
315,1493
315,1494
315,1495
315,1496
315,1497
315,1498
315,1499
316,609
316,651
316,1667
316,355
316,1550
316,2257
316,427
316,781
316,428
316,412
316,430
316,377
316,1715
316,661
316,1187
316,2258
317,690
317,726
317,1538
318,1492
318,2587
318,1687
318,3363
318,1310
318,360
319,1648
319,515
319,410
319,1208
319,517
319,781
319,404
319,405
320,327
320,594
320,595
320,1322
320,1323
320,925
320,340
320,593
320,347
321,375
321,376
321,377
322,378
322,379
322,380
322,381
323,382
323,383
323,384
323,385
323,386
324,387
324,388
324,389
324,390
324,391
324,333
324,392
324,393
324,346
325,394
325,395
325,396
325,397
325,398
325,399
325,400
325,401
325,402
325,403
326,1317
326,1318
326,1319
326,1320
326,1321
326,1322
326,1323
326,1324
326,1325
326,925
327,1353
327,1320
327,1322
327,1327
327,594
327,595
327,1338
327,329
327,331
327,412
327,928
327,1354
327,336
327,340
327,1335
327,344
327,345
327,930
327,931
327,932
327,347
328,1330
328,1320
328,1324
328,925
328,1339
328,1340
328,928
328,1349
328,1346
328,347
329,1356
329,1357
329,926
329,1338
329,1322
329,339
329,340
329,1358
330,2289
330,924
330,2287
330,2288
330,1331
331,928
331,2118
331,931
334,2289
334,371
334,2293
335,1162
335,3051
336,366
336,594
336,595
336,3304
336,2258
337,1341
337,977
338,3278
338,3398
338,1345
338,343
338,3399
339,340
340,1318
340,1338
341,3152
341,342
342,2158
342,3152
343,3398
343,3399
344,1341
344,1317
344,1330
344,594
344,595
344,1327
344,1318
344,1319
344,1320
344,1321
344,1361
344,1324
344,2287
345,594
345,595
345,1354
345,1322
347,1330
347,1349
347,1344
347,939
349,1160
350,673
350,647
350,646
350,633
350,1057
350,668
350,2522
351,606
351,744
351,1110
351,1121
351,1073
351,1122
351,1068
351,615
351,745
351,2904
351,616
351,1124
351,916
351,742
351,753
351,683
351,666
354,404
354,405
354,406
354,407
354,408
354,409
354,410
354,411
354,412
354,413
354,414
354,415
354,416
354,417
354,418
354,419
355,420
355,1686
355,1691
355,1241
355,686
355,1176
355,687
355,1692
355,871
355,1579
355,356
355,458
355,1207
355,1098
356,420
356,1686
356,686
356,883
356,1581
356,458
356,1579
356,1688
356,3054
356,795
357,2233
357,358
358,2242
359,2242
360,420
360,421
360,422
360,423
360,424
360,425
360,426
360,427
360,428
360,429
360,430
360,431
360,432
360,433
360,434
360,435
360,436
362,363
362,364
362,365
364,463
364,3450
365,3284
365,1134
366,1380
366,932
367,2590
368,371
368,372
368,373
370,374
371,1341
371,3197
375,913
375,914
375,611
375,915
375,916
375,917
375,918
375,919
375,920
376,632
376,605
376,634
376,781
376,784
377,2257
377,557
377,1730
377,660
377,2080
377,427
377,430
377,1550
377,661
377,683
378,2349
379,2404
379,1926
379,380
379,2669
379,2670
379,2671
379,2672
380,975
383,2156
383,2157
384,1522
384,3080
384,3085
384,1526
384,2297
384,1527
384,1528
384,1944
384,1530
385,3262
385,1314
385,1026
385,1031
385,1315
385,3259
385,3261
385,2703
385,1943
385,3263
387,1360
387,927
387,1323
387,928
387,945
387,393
388,389
388,2186
388,926
388,1332
388,927
388,928
388,392
388,393
389,1350
390,2814
390,2815
390,2816
391,2231
392,393
393,927
393,2746
393,2748
394,589
394,590
394,591
394,592
395,1896
395,1887
395,1885
395,1902
395,1903
395,1904
395,1905
395,1906
395,1899
396,1206
396,2828
397,2478
398,1887
399,3283
399,1236
399,3284
399,3169
399,1313
400,2722
401,3397
401,3459
401,1165
403,2722
403,1238
404,406
404,778
404,651
404,779
404,608
404,515
404,780
404,410
404,411
404,781
404,683
404,517
404,415
404,782
404,783
404,784
404,518
404,785
404,418
404,786
404,787
405,779
405,515
405,410
405,1252
405,415
405,783
405,518
406,1250
407,1575
407,1683
407,1634
407,1598
407,1571
407,1667
407,1576
407,1566
407,1568
407,649
407,1581
407,1578
407,1719
407,1579
407,1639
407,1668
407,1158
408,626
408,2261
408,609
408,623
408,625
408,2304
408,846
408,2316
408,631
408,414
408,2317
408,786
408,2318
409,2244
409,2571
409,413
409,417
410,1648
410,515
410,1198
410,1191
410,1196
410,2331
410,2619
410,411
410,412
410,415
410,416
410,2333
410,418
410,1668
411,762
411,651
411,515
411,634
411,1227
411,635
411,1199
411,2331
411,2619
411,1179
411,1180
411,415
412,1198
412,1191
412,1196
412,429
413,778
413,3101
413,417
414,626
414,609
414,2264
414,2174
415,915
415,780
415,1116
415,2331
416,1227
416,1198
416,1191
416,1196
416,2331
417,778
417,3101
418,1648
418,1250
418,1198
418,1191
418,1196
418,2258
419,2320
419,2331
420,1684
420,1579
420,686
420,1581
420,1685
420,1686
420,428
420,1687
420,1688
420,1689
420,795
420,1690
421,1552
421,422
421,423
422,531
422,424
422,2350
423,1552
423,424
423,2080
423,662
423,1554
423,431
423,432
424,2353
424,425
424,426
424,429
424,2080
424,1554
424,431
424,433
424,2354
425,426
425,430
425,2080
425,1554
426,1184
427,1176
427,1550
427,428
427,430
428,1176
428,468
428,1097
429,1492
429,2742
429,2587
429,1687
429,2589
429,1714
429,1715
429,1495
429,2588
429,430
429,2745
429,2746
429,2750
429,2748
430,1176
430,2743
431,1552
431,2353
431,1551
431,2751
431,2000
431,432
431,1553
431,2258
431,2115
432,1552
432,1554
433,2353
434,684
434,990
434,857
435,646
437,438
437,439
437,440
437,441
437,442
438,441
438,442
439,441
439,442
442,1100
442,3298
442,3213
442,3476
443,444
443,445
445,1667
445,1576
445,1568
445,454
446,450
447,1475
448,449
449,944
449,945
450,451
450,453
451,452
452,1583
455,456
456,457
456,458
456,459
457,460
457,1043
457,1044
457,1045
457,1046
457,1050
457,1052
457,1053
457,1054
457,1055
457,1057
457,1047
457,1048
458,1691
458,1241
458,3005
458,3055
461,462
464,465
464,466
464,467
465,466
465,467
465,3194
466,467
468,469
469,1059
469,709
469,742
469,582
469,753
470,471
470,472
472,473
473,474
473,475
473,476
473,477
473,478
473,479
473,480
473,481
474,905
474,475
474,906
474,907
474,478
474,479
474,908
474,480
474,481
475,533
475,1562
475,1563
475,1561
475,1533
476,2493
476,3016
476,3015
477,478
477,479
478,479
480,766
480,905
481,905
482,483
482,484
483,834
483,484
483,832
483,835
483,2356
484,850
484,2356
485,486
485,487
485,488
485,489
485,490
486,487
486,491
486,492
486,490
486,493
486,494
486,495
486,496
486,497
486,498
486,499
487,500
487,489
487,501
487,491
487,502
487,503
487,490
487,504
487,505
487,506
487,507
487,508
487,509
487,510
488,511
488,512
489,1539
490,644
491,638
491,2159
491,494
491,498
492,831
494,3458
494,1105
494,638
494,831
494,637
494,2079
495,3348
495,1064
495,641
495,722
495,1105
495,721
495,709
495,711
495,712
495,713
495,2079
499,1418
500,739
500,740
500,508
501,1592
501,1595
501,1631
501,1650
501,1566
501,506
501,1646
501,736
501,1623
502,503
505,1592
505,1593
505,1595
505,2028
505,1631
505,1768
505,696
505,1883
505,1604
505,715
505,506
505,1864
505,1058
505,1617
505,1794
505,1641
505,1292
506,2557
506,1741
506,1592
506,1593
506,2002
506,1595
506,2042
506,648
506,2028
506,1631
506,1632
506,692
506,1768
506,1742
506,1634
506,734
506,2023
506,1571
506,701
506,1603
506,541
506,1746
506,1646
506,1083
506,735
506,736
506,543
506,732
506,2126
506,2314
506,1621
507,1595
507,2052
507,1631
507,700
507,704
507,1823
508,2908
508,627
508,2909
509,677
510,604
510,737
510,732
510,738
511,1433
511,1434
511,1435
511,1436
512,2113
512,1435
512,2015
512,2023
512,700
512,701
512,1736
512,1968
512,1960
512,1753
512,1764
512,1752
512,1610
512,2735
512,2736
512,2738
512,1738
512,1739
512,1740
512,1776
512,1777
512,1778
512,1780
512,1786
512,1781
512,1422
512,1816
512,1430
512,775
512,2016
512,772
512,639
513,514
513,515
513,516
513,517
513,518
513,519
514,520
514,521
514,522
514,523
514,524
514,525
514,526
515,516
515,1705
515,1227
515,2619
515,1209
515,2174
515,518
516,1227
516,2620
516,2621
517,840
517,683
518,782
518,2413
518,1227
519,831
520,743
520,753
520,521
522,781
522,784
523,677
525,1560
527,528
527,529
528,530
528,695
528,1616
528,2422
528,1415
529,3056
530,531
531,1552
531,536
531,1616
531,2351
531,2352
531,2350
532,533
532,534
532,535
533,2363
533,776
533,1563
533,1561
533,1562
533,2364
534,1075
534,623
535,1633
536,537
536,538
536,539
536,540
536,541
536,542
536,543
536,544
536,545
536,546
536,547
536,548
536,549
536,550
536,551
536,552
536,553
537,554
537,555
537,556
538,557
538,558
538,559
538,560
539,694
539,544
539,775
539,1618
539,1829
539,772
539,553
540,1737
540,2002
540,1603
540,715
540,1728
541,1592
541,1593
541,2002
541,1595
541,1603
541,1601
541,1728
541,543
541,1291
542,606
542,611
542,2027
542,2044
542,545
542,1601
542,1542
542,2045
542,2046
542,1138
542,1292
543,1631
543,1768
543,1601
543,1833
543,1620
543,1621
544,1599
544,715
544,775
544,1618
544,772
545,624
545,696
545,2027
545,788
546,1739
546,1740
546,1777
546,3118
546,1781
546,550
546,772
547,1064
547,1122
547,3175
547,1292
548,695
549,1738
549,1739
549,1740
549,1777
549,775
549,772
550,1450
550,698
550,551
551,774
551,698
553,1191
553,1604
553,1196
553,1218
553,2330
554,614
554,796
554,798
555,674
555,737
556,1729
556,1853
556,630
557,1692
557,742
557,646
557,2080
557,661
557,662
557,2000
557,669
557,2115
558,607
558,1741
558,2101
558,624
558,1896
558,2027
558,674
558,603
559,2004
559,2417
560,675
561,562
561,563
562,767
562,2925
562,2502
562,2916
562,2919
562,2920
562,2504
562,2926
564,565
564,566
565,579
566,2127
566,580
566,2128
566,2129
566,2130
567,568
567,569
567,570
567,571
568,570
568,572
568,573
568,574
569,575
569,570
569,576
569,577
569,578
570,1245
570,576
572,663
572,3178
572,2931
572,1545
572,1546
572,573
573,2344
578,2493
579,2128
581,582
581,583
581,584
581,585
581,586
581,587
581,588
582,584
582,601
582,599
582,602
584,1063
584,1101
584,1152
584,1153
584,602
585,2640
585,2643
585,2641
585,1714
585,2644
585,2743
586,915
586,917
586,1112
587,991
587,3428
587,1062
587,1908
587,1191
587,1094
587,1196
587,3429
588,2640
588,2643
588,2641
589,2824
589,2638
589,3271
590,2442
590,3381
590,3382
590,1902
590,3065
593,594
593,595
593,596
593,597
593,598
593,599
593,600
594,1322
594,595
594,1354
595,1322
597,2106
597,1512
597,2401
598,3445
598,3446
599,3321
599,2640
599,2643
599,2641
599,2645
600,2896
600,1325
601,1648
601,1191
601,1199
601,735
601,605
601,681
601,683
601,795
602,1153
603,604
603,605
603,606
603,607
603,608
603,609
603,610
603,611
603,612
603,613
603,614
603,615
603,616
603,617
603,618
603,619
603,620
603,621
603,622
604,605
604,612
604,1414
604,614
604,1415
604,752
605,1176
605,1549
605,680
605,742
605,753
605,795
606,744
606,610
606,745
606,1137
606,747
606,919
607,2124
608,1629
608,1704
608,2320
608,2309
608,2321
608,1844
608,786
609,754
610,611
610,680
610,742
610,753
610,1604
610,740
610,745
610,666
610,751
611,744
611,840
611,2044
611,1542
611,721
611,747
611,2045
611,1134
611,2046
611,1076
611,748
612,614
612,1415
613,2812
613,1588
614,745
614,680
615,1138
615,666
615,1626
616,2261
616,753
617,653
617,657
617,834
617,833
617,1068
617,1430
617,637
618,744
618,637
620,793
620,743
620,742
620,693
620,753
621,634
621,1705
621,1581
621,3536
621,635
623,624
623,625
623,626
623,627
623,628
623,629
623,630
623,631
624,1592
624,1593
624,1595
624,759
624,1604
624,1846
624,2027
624,696
624,1764
624,1613
624,740
624,628
624,2125
624,1819
624,1229
624,1825
624,1292
625,2300
625,1631
625,2301
625,1960
625,2299
625,627
625,631
626,2319
626,1775
626,846
626,2316
626,2317
626,786
626,2318
627,1729
627,1875
627,2906
627,1613
627,630
627,631
628,1570
628,1729
628,1636
628,2043
628,1764
628,1862
628,2421
628,1613
628,1789
628,1864
628,1641
628,1643
628,1229
629,1830
629,1594
629,1755
629,1633
629,1844
629,1642
630,1830
630,1633
630,1634
630,1598
630,1729
630,1862
630,1855
630,1728
630,735
630,1853
630,1613
630,1777
630,1642
630,1643
631,2300
631,1633
631,736
631,2304
632,633
632,634
632,635
632,636
633,875
633,670
634,635
634,2649
634,2650
634,2651
635,762
635,1882
635,2649
635,2652
635,2651
636,653
636,3430
636,2867
637,638
637,639
638,696
638,758
638,691
639,2023
639,701
639,1793
640,641
640,642
640,643
641,779
641,1064
641,2165
641,2167
641,1105
641,2079
642,1043
642,2165
642,1117
643,1988
643,2629
643,2630
643,1991
643,2631
646,647
646,648
646,649
646,650
646,651
646,652
646,653
646,654
646,655
646,656
646,657
646,658
646,659
646,660
646,661
646,662
646,663
646,664
646,665
646,666
646,667
646,668
646,669
646,670
646,671
646,672
647,673
648,656
648,1578
648,1440
648,1586
648,1670
648,1634
648,1609
648,1057
648,1679
648,1646
648,736
648,860
648,697
648,1680
648,740
649,778
649,1575
649,1683
649,651
649,1571
649,1667
649,1578
649,1579
649,1581
649,1197
649,1200
649,1654
649,683
649,1208
649,795
649,1213
649,1656
650,1702
650,1703
650,1704
650,1683
650,1705
650,1706
650,1227
650,1579
650,1581
650,1197
650,1199
650,1200
650,1218
651,1648
651,840
651,1571
651,1730
651,846
651,1228
651,683
651,1208
651,786
651,671
652,1592
652,1593
652,1595
652,1596
652,1631
652,1735
652,1650
652,701
652,1601
653,1073
653,744
653,800
653,1137
655,2431
655,1634
655,733
655,1647
655,1207
655,2432
655,1229
656,2563
656,1588
657,2613
657,1813
657,832
657,2383
657,834
657,1614
658,2331
658,661
658,2582
658,2642
659,1228
659,683
659,1837
659,1180
660,2649
660,662
660,2080
661,1549
661,2257
661,870
661,1550
661,683
662,1552
662,1551
662,1106
662,2752
663,1543
663,2931
663,1414
663,2933
663,1545
663,1546
663,1548
664,744
664,1073
664,1074
664,721
664,1076
664,748
664,1138
664,666
664,2340
665,2904
665,2046
665,671
666,2529
666,1072
666,1836
666,2046
666,2047
666,748
667,1132
667,3193
668,2330
669,2115
670,1594
670,2936
670,3061
670,3536
670,3535
671,1176
671,1175
671,1182
672,2937
673,2522
674,677
674,678
674,679
674,680
674,681
674,682
675,683
676,1585
676,1586
676,1587
676,1588
677,769
677,770
680,743
680,748
680,750
680,795
680,796
680,797
680,798
681,746
681,682
681,683
682,3200
682,1066
682,3237
682,3236
682,2029
683,1648
683,1594
683,1837
683,1549
683,1208
683,802
683,1209
684,685
685,686
685,687
685,688
685,689
685,690
686,1579
686,1581
686,1685
686,1689
686,795
687,1579
688,880
688,883
688,887
689,1538
691,692
692,2557
692,721
692,1615
692,1076
692,748
692,2559
692,2560
694,1589
694,1590
694,1591
694,1592
694,1593
694,1594
694,1595
694,1596
694,1597
694,1570
694,1598
694,1599
694,1600
694,1601
694,1602
694,1603
694,1604
694,1605
694,774
694,695
694,1606
694,1607
694,1608
694,1609
694,1610
694,1611
694,1612
694,1613
694,1614
694,1615
694,1616
694,1058
694,1617
694,1618
694,1619
694,1620
694,1621
694,1622
694,1415
694,1623
694,1229
694,1624
694,1625
694,1626
694,838
694,1627
694,705
694,1628
695,1592
695,1593
695,1595
695,1596
695,1735
695,1609
695,1607
695,1601
695,1611
695,2047
695,1415
695,2018
696,2026
696,1741
696,1592
696,1595
696,1630
696,1755
696,1604
696,1415
696,1292
697,1721
697,1571
697,1724
697,1679
697,2846
697,1693
697,1586
697,1670
697,1694
697,1671
697,1696
697,1580
697,860
697,1463
697,1680
698,3057
698,878
698,1689
698,3058
698,3059
699,1432
699,1929
699,1932
699,790
699,1933
699,838
699,1934
700,1958
700,1592
700,1593
700,1595
700,1631
700,1735
700,1650
700,701
700,1602
700,1959
700,702
700,790
700,1823
700,1753
700,1960
700,1719
700,1779
700,1961
700,1962
700,704
700,1791
700,1800
700,1829
700,1801
700,792
700,1824
700,1963
700,1821
700,1964
700,1809
701,1734
701,1592
701,1593
701,1595
701,1596
701,1631
701,1735
701,1650
701,1736
701,1404
701,1810
701,1739
701,1740
701,1603
701,702
701,1744
701,1745
701,1606
701,790
701,1823
701,1750
701,1752
701,1753
701,1960
701,1968
701,1758
701,1764
701,1969
701,1773
701,1774
701,1776
701,1777
701,1778
701,1779
701,1781
701,1786
701,1615
701,1788
701,1789
701,704
701,1791
701,1793
701,1430
701,775
701,1970
701,772
701,1803
701,1971
701,1963
701,1821
701,1809
701,1373
702,2023
702,1736
702,1968
702,1753
702,1428
702,1601
702,1740
702,2031
702,1644
702,786
702,1973
703,1860
703,1795
703,1796
703,1619
703,705
704,1962
704,2741
705,2100
705,1590
705,2740
706,707
707,791
708,709
709,710
709,711
709,712
709,713
709,714
709,715
709,716
709,717
709,718
709,719
709,720
709,721
709,722
709,723
709,724
709,725
709,726
709,727
709,728
709,729
709,730
709,731
710,715
710,716
710,717
710,721
710,724
710,726
710,727
711,715
711,716
711,717
711,719
711,720
711,721
711,724
711,725
711,726
711,727
711,729
711,731
712,716
712,717
712,721
712,726
712,727
712,729
713,716
713,717
713,720
713,721
713,726
713,727
713,729
713,731
714,715
714,721
714,727
715,2025
715,1741
715,1592
715,2034
715,1593
715,2002
715,1765
715,719
715,1766
715,1601
715,724
715,1618
715,1415
716,717
716,1558
716,2211
719,1595
720,2851
720,1182
721,2557
721,744
721,2044
721,1542
721,2045
721,1076
721,748
722,724
723,1065
724,1558
725,1085
726,2653
726,1199
726,727
726,1310
731,3544
732,733
732,734
732,735
732,736
732,737
732,738
733,793
733,2004
733,1608
733,1611
733,2097
733,737
735,795
736,1592
736,1593
736,1595
736,1631
736,1634
736,1645
736,1571
736,1646
736,1270
737,738
738,3550
739,741
740,1856
740,1863
740,2421
740,1613
740,2904
740,2046
740,1626
740,2905
742,743
742,744
742,745
742,746
742,747
742,748
742,749
742,750
742,751
742,752
743,753
743,754
743,755
743,756
743,757
743,752
744,753
744,1068
744,1072
744,1073
744,2114
744,745
744,1137
744,747
744,916
744,1076
744,1077
744,748
744,1138
744,1065
744,919
745,753
745,1626
746,753
747,1066
747,1071
747,2859
747,1072
747,1106
747,1110
747,1121
747,1069
747,1118
748,2557
748,1135
748,2044
748,1053
748,1060
748,2208
748,1077
748,1138
748,1076
748,753
749,839
749,761
749,753
749,1112
749,763
750,869
750,832
750,1559
752,770
752,757
756,935
757,1837
757,2859
757,784
757,1191
757,1196
757,1610
757,769
757,770
758,759
758,760
759,1290
759,1291
759,1292
760,1685
760,1689
760,2079
761,762
761,763
761,764
762,839
762,763
762,764
763,2557
763,764
765,766
765,767
765,768
767,2365
767,2502
767,2503
767,2504
767,1532
768,2365
768,2718
768,907
768,2367
769,770
771,772
772,1592
772,1595
772,1743
772,1607
772,774
772,1852
772,1415
772,2019
772,2489
772,1738
772,1739
772,1740
772,1600
772,1776
772,1777
772,1733
772,1778
772,1780
772,1781
772,2021
772,1817
772,775
772,1618
772,1864
772,773
772,1970
773,774
773,775
774,1737
774,1599
774,1745
774,1902
774,1601
774,775
774,1628
775,1592
775,1595
775,1743
775,1607
775,1852
775,2019
775,2489
775,1738
775,1739
775,1740
775,1600
775,1776
775,1777
775,1778
775,1780
775,1781
775,2021
775,1817
775,1618
776,777
778,1575
778,1576
778,1667
778,1672
778,1582
779,2171
780,1066
780,915
780,1106
780,2430
780,917
780,1112
780,1113
780,1114
780,1115
780,1116
780,1408
780,2559
780,786
780,1119
781,1191
781,1196
781,846
783,1648
783,2579
784,2261
785,1297
786,843
786,1595
786,2052
786,1775
786,915
786,1573
786,1729
786,2316
786,1855
786,842
787,2261
787,1296
789,790
789,791
789,792
790,791
790,2010
790,1602
790,2071
791,2010
791,1960
791,2182
791,2183
791,2184
791,837
791,792
791,2185
791,1148
791,1858
791,2060
792,1824
793,794
794,1049
795,1648
795,1689
795,1581
795,1685
796,1492
799,800
799,801
799,802
800,1608
800,1611
801,990
801,857
802,1549
802,1068
803,804
803,805
803,806
803,807
803,808
803,809
803,810
803,811
803,812
803,813
803,814
803,815
803,816
803,817
803,818
803,819
803,820
803,821
803,822
803,823
803,824
803,825
803,826
803,827
803,828
803,829
803,830
804,936
805,1708
805,2117
805,2119
805,2118
805,1953
806,2689
806,2709
807,2941
808,809
809,3138
809,810
809,3139
809,3140
809,3141
809,3142
809,3143
809,3144
809,3145
810,2707
810,1931
810,3182
810,3185
810,1945
810,3144
811,2881
811,2884
812,1936
812,2689
812,2687
812,2691
812,2708
812,813
812,3251
813,2688
813,1936
813,814
813,815
813,1939
813,2687
813,2702
813,3251
813,1954
814,815
814,817
814,3252
815,817
815,3252
816,2881
816,2886
816,2887
816,2156
816,2885
816,2157
817,1936
817,3002
817,2107
817,2392
817,2109
817,3436
817,3316
817,2884
817,1931
817,3048
817,3252
817,2893
819,1941
819,1936
819,2881
819,3275
819,3272
819,2884
819,3225
819,2687
819,3276
819,1940
819,2922
824,3144
827,3150
827,1936
827,2281
827,2788
830,1941
830,3275
830,3272
830,3276
830,1940
830,2917
830,2922
830,3274
832,833
832,834
832,835
832,836
832,837
832,838
833,2025
833,1631
833,834
833,2383
833,1623
833,2614
834,835
834,2617
834,1722
834,1614
834,1430
836,850
837,843
837,1860
837,1861
837,1602
837,1738
837,1740
837,1777
837,1622
837,2741
837,1962
837,1970
837,2185
838,843
838,1754
838,1958
838,1592
838,1845
838,1630
838,1860
838,1632
838,1861
838,1645
838,1635
842,843
842,844
842,845
842,846
842,847
842,848
842,849
843,1602
843,1741
843,2010
843,1748
843,1846
843,844
843,2051
843,2052
843,1860
843,845
843,1425
843,2053
843,2054
843,847
843,1857
843,2055
843,1795
843,2056
843,1796
843,849
843,2057
843,1733
843,1819
843,2058
843,2059
843,2060
844,1385
844,2139
844,1386
844,1384
844,1387
844,2051
844,1084
844,1775
844,1388
844,2134
844,1395
844,1396
844,845
844,1393
844,2140
844,1400
844,2136
844,2148
844,1398
844,2137
845,1385
845,2139
845,1386
845,1384
845,2379
845,1387
845,2051
845,1084
845,2141
845,1390
845,1775
845,2658
845,2134
845,2011
845,1395
845,2380
845,1393
845,2659
845,846
845,1392
845,2660
845,2136
845,2058
845,2137
846,2052
846,1775
846,2316
848,2320
848,2051
848,1775
848,2995
848,1961
850,851
851,1565
851,1566
851,1567
851,1568
852,853
852,854
853,855
853,856
853,857
854,857
855,992
856,993
858,859
858,860
858,861
858,862
859,1439
859,1438
859,1459
859,1448
859,1160
859,1460
859,1461
859,1441
859,1442
859,1443
859,1444
859,1445
859,1462
859,1446
859,1463
859,987
859,1455
859,1456
859,1457
860,1724
860,1679
860,1693
860,1586
860,1670
860,1694
860,1696
860,1678
860,1463
860,1726
860,1680
863,866
863,867
863,868
864,1160
866,1018
867,984
868,1015
869,870
871,872
871,873
871,874
876,877
876,878
876,879
877,1691
877,1241
877,1685
877,1644
878,879
878,1691
878,1241
879,3061
880,881
880,882
880,883
880,884
880,885
880,886
880,887
880,888
883,1686
883,1241
883,1635
883,1687
883,887
884,1492
884,2583
884,1499
885,1491
885,3351
886,3425
886,3426
886,887
887,3029
887,3425
887,1383
887,3426
887,2526
889,890
889,891
889,892
889,893
889,894
889,895
890,1018
892,1018
892,1024
893,959
894,2371
894,1662
894,917
894,1112
894,1457
895,1016
895,1017
895,1022
895,2245
895,3232
898,899
898,900
898,901
898,902
898,903
898,904
900,1028
900,2761
900,2762
900,2756
900,1029
900,1890
900,901
900,2755
900,903
900,2763
901,1028
901,938
901,2761
901,2762
901,2756
901,2768
901,1029
901,1890
901,1016
901,903
901,2763
902,2838
903,2767
903,1665
903,2755
904,3342
909,910
909,911
909,912
910,911
910,1000
910,912
911,1000
911,3323
911,912
912,1528
912,2136
912,3361
912,2137
913,1066
913,1045
913,1053
913,914
913,916
913,920
914,1066
914,1069
914,1070
914,1045
914,1053
914,916
914,920
915,1066
915,1106
915,1069
915,2637
915,917
915,1112
915,1113
915,1114
915,1115
915,1116
915,1041
915,2559
915,2560
915,1119
916,1073
916,1074
916,1053
916,1077
916,920
917,1066
917,1109
917,1108
917,2449
917,1113
917,1450
917,1114
917,1115
917,1112
920,3495
920,1066
920,1070
920,1053
920,1129
922,923
923,1330
923,2554
924,925
924,926
924,927
924,928
924,929
924,930
924,931
924,932
925,1330
925,1332
925,1319
925,1325
925,1344
926,940
926,1320
926,1322
926,928
926,1335
926,1352
926,1350
926,930
926,932
927,1323
927,928
927,1359
928,1360
928,1330
928,1332
928,3195
928,1354
928,1327
928,1201
928,1196
928,1340
928,1204
928,1207
928,1322
928,939
928,1344
930,1330
930,1327
930,1320
931,3029
932,1334
932,1340
932,1320
933,934
934,1341
934,1378
934,1379
934,1364
934,1160
934,2473
934,1365
934,1464
934,2474
937,938
938,1888
938,1885
938,1889
938,1890
938,1891
938,1892
938,1870
938,1893
938,1894
939,940
939,941
939,942
939,943
940,1014
941,2558
941,3198
941,1375
941,2850
942,2106
942,3338
942,943
942,3339
942,1281
943,2106
943,1510
943,3338
943,3339
943,1281
944,3210
944,3211
944,945
944,2746
944,3212
944,3213
944,2748
946,947
948,949
948,950
949,951
949,952
950,1289
950,2080
951,1704
951,2813
951,2582
951,1183
951,2642
952,2347
952,1183
953,954
953,955
953,956
953,957
954,958
955,1240
955,1450
955,1460
955,1673
955,1224
956,1025
956,965
956,2238
956,974
957,1761
957,3444
958,972
958,973
958,959
958,960
958,963
958,974
958,971
959,960
959,961
959,962
959,963
959,964
959,965
959,966
959,967
959,968
959,969
959,970
959,971
960,2212
960,961
960,963
960,964
960,2213
960,965
960,2214
960,2215
960,2216
960,968
960,2217
960,2218
960,2219
960,2220
960,970
960,2221
961,964
961,2212
961,962
961,963
961,965
961,2222
961,2223
961,2214
961,2215
961,2216
961,1451
961,968
961,2217
961,2224
961,2225
961,988
961,2226
961,2218
961,2227
961,2228
962,2213
962,2229
962,2212
962,963
963,964
963,2213
963,965
963,2222
963,2223
963,2214
963,2215
963,975
963,2212
963,2225
963,2226
963,2218
963,2194
964,973
964,2213
964,968
964,2221
965,2213
965,1698
966,980
966,1879
967,2475
967,2476
967,1867
967,1160
967,2458
967,1870
967,2477
967,2194
968,2213
968,2482
968,2222
968,1160
968,1698
969,2749
969,1891
969,2194
972,975
972,976
972,977
972,978
973,979
974,2533
974,1444
974,1443
974,2535
974,1445
974,1695
974,1698
974,2567
974,2536
974,2945
974,2236
974,2807
974,2267
975,1318
975,976
975,1347
975,977
975,1345
975,1348
977,1347
977,1341
977,2448
977,1368
977,1345
977,3396
978,2921
978,2091
979,2191
980,981
980,982
983,984
983,985
983,986
983,987
983,988
983,989
985,1575
985,986
985,2868
986,987
986,1556
986,2874
987,1448
987,2493
987,2373
987,1556
987,1663
988,989
988,2757
988,2756
988,2764
990,991
991,1090
991,1154
991,2208
991,1148
995,996
995,997
996,1002
998,999
999,1000
1000,1001
1002,1003
1002,1004
1002,1005
1002,1006
1003,1004
1003,2248
1003,2249
1003,2250
1004,1005
1004,2249
1005,3110
1005,3019
1005,3021
1005,1006
1006,3110
1007,1008
1007,1009
1007,1010
1007,1011
1008,1012
1008,1013
1008,1011
1009,2783
1010,3549
1012,2407
1012,2406
1012,1013
1012,2408
1017,1018
1017,1019
1018,1020
1018,1021
1019,2541
1019,2542
1019,1468
1019,2543
1021,1171
1022,1023
1024,3257
1026,1027
1026,1028
1026,1029
1026,1030
1027,1031
1027,1032
1027,1033
1027,1034
1027,1035
1027,1036
1027,1037
1027,1038
1028,1226
1028,2761
1028,1029
1030,1868
1030,2483
1031,1035
1031,1039
1032,1867
1033,2195
1033,1160
1033,1890
1033,2196
1033,2467
1033,1038
1034,3092
1035,1341
1035,1036
1036,1867
1036,1381
1038,2665
1038,2195
1038,2193
1038,2197
1038,2443
1040,1041
1040,1042
1041,1903
1043,1050
1043,1044
1043,1045
1043,1046
1043,1051
1043,1052
1043,1053
1043,1054
1043,1055
1043,1056
1043,1057
1043,1047
1043,1048
1043,1058
1043,1049
1044,1045
1044,1046
1044,1050
1044,1051
1044,1052
1044,1053
1044,1054
1044,1055
1044,1056
1044,1047
1044,1048
1044,1049
1045,1059
1045,1050
1045,1051
1045,1052
1045,1053
1045,1060
1045,1054
1045,1046
1045,1047
1045,1048
1045,1049
1045,1061
1046,1050
1046,1062
1046,1052
1046,1063
1046,1047
1046,1048
1046,1049
1047,1052
1047,1054
1047,1048
1047,1049
1048,1050
1048,1052
1048,1104
1048,1054
1049,3511
1049,3512
1049,3375
1050,1064
1050,1051
1050,1052
1050,1053
1050,1054
1050,1055
1051,1053
1051,1067
1052,1053
1052,1054
1052,1055
1053,1059
1053,1066
1053,1068
1053,1060
1054,1055
1054,1056
1054,1078
1055,1096
1057,2468
1057,1160
1058,2412
1058,1762
1058,2028
1058,1860
1058,1861
1058,1831
1058,1765
1058,1603
1058,1794
1058,1745
1058,1833
1058,1617
1058,1620
1059,1065
1060,1071
1060,1072
1060,1073
1060,1074
1060,1075
1060,1076
1060,1077
1061,1072
1061,1815
1061,2936
1061,1586
1061,2366
1061,1606
1061,2118
1061,1063
1061,1207
1061,3019
1062,1090
1062,1091
1062,1092
1062,1093
1062,1094
1062,1095
1062,1096
1062,1097
1062,1098
1063,1099
1063,1100
1063,1101
1063,1102
1063,1103
1063,1104
1064,1105
1065,1584
1065,2560
1066,1069
1066,1106
1066,1107
1066,1108
1066,1109
1066,1110
1066,1111
1066,1112
1066,1113
1066,1114
1066,1115
1066,1116
1066,1117
1066,1118
1066,1119
1067,3161
1067,3160
1068,1072
1068,1120
1068,1110
1068,1121
1068,1073
1068,1122
1068,1074
1068,1075
1068,1123
1068,1124
1068,1125
1068,1126
1068,1127
1068,1128
1069,1106
1069,1129
1069,1111
1069,1113
1069,1130
1069,1118
1069,1131
1069,1125
1070,1132
1071,1133
1071,1072
1071,1074
1071,1075
1071,1120
1071,1134
1072,1132
1072,1135
1072,1075
1072,1136
1072,1137
1072,1134
1072,1138
1073,1137
1073,1134
1073,1077
1073,1138
1074,1099
1074,1120
1074,1101
1074,1077
1074,1138
1074,1139
1075,1135
1075,1140
1075,1141
1075,1137
1075,1138
1076,2557
1076,2044
1076,1077
1076,2045
1078,1191
1079,1407
1079,1408
1079,1086
1080,1081
1080,2282
1081,2283
1081,2284
1081,2285
1082,2142
1082,2286
1082,2282
1083,2561
1083,2562
1083,2560
1083,1089
1084,1402
1085,1622
1088,2142
1088,2145
1088,2133
1089,1385
1089,2138
1089,1386
1089,1387
1089,1389
1089,1390
1089,2133
1089,3226
1089,1393
1089,2146
1090,1101
1090,1145
1090,1092
1090,1146
1090,1147
1090,1096
1090,1148
1091,1092
1092,1145
1092,1093
1092,2206
1092,1148
1093,1094
1093,1096
1094,2717
1094,2206
1094,1095
1094,1096
1095,3429
1096,1147
1097,1908
1097,1191
1097,1196
1097,1214
1098,1241
1099,1101
1099,1149
1099,1150
1099,1151
1100,1154
1100,1155
1100,1156
1100,1157
1100,1158
1101,1159
1101,1104
1101,1145
1101,1160
1101,1161
1101,1144
1102,1103
1102,1104
1102,1145
1102,1154
1102,1162
1103,1163
1103,1164
1103,1104
1103,1145
1103,1162
1104,1146
1104,1164
1104,1154
1104,1145
1104,1165
1104,1166
1104,1167
1105,2079
1106,1689
1106,1107
1106,1108
1106,1109
1106,1112
1106,1113
1106,1114
1106,1115
1106,1116
1106,1118
1106,1119
1107,1108
1109,2430
1110,1121
1110,1122
1110,1124
1110,1134
1110,1118
1110,1131
1110,2337
1110,1125
1110,3175
1111,3199
1111,1932
1111,1136
1111,1118
1112,1378
1112,1505
1112,1576
1112,1240
1112,1578
1112,1116
1112,2637
1112,1113
1112,2430
1112,1130
1112,1450
1112,1129
1112,1114
1112,1460
1112,1664
1112,1115
1113,1116
1113,1114
1113,1115
1113,1119
1114,1116
1114,2430
1114,1115
1114,3411
1114,1119
1115,1116
1115,1119
1116,2320
1116,2319
1116,1119
1117,3110
1118,2769
1118,3199
1118,1131
1118,1127
1121,1122
1121,1124
1121,1125
1122,1124
1122,1125
1122,1292
1124,3199
1124,1134
1124,1131
1124,2337
1124,1125
1125,1131
1125,1416
1125,2079
1125,1127
1126,2769
1127,3199
1127,1131
1127,1416
1131,3199
1131,1145
1132,1134
1133,2311
1133,2338
1134,2045
1135,1595
1135,2866
1135,2867
1136,3200
1136,2529
1136,2530
1136,2479
1136,1395
1136,1615
1136,3042
1138,1837
1139,1705
1140,2322
1140,2323
1140,2310
1140,2311
1140,2312
1140,2324
1140,1141
1140,1844
1140,2325
1141,2313
1141,2315
1143,2769
1143,2328
1144,2142
1144,1380
1144,3247
1144,3439
1144,1145
1145,1908
1145,1154
1145,1832
1146,1154
1146,2078
1148,3460
1148,2185
1149,3369
1149,2001
1149,1699
1149,3368
1150,1230
1152,1194
1152,1191
1152,1196
1152,3242
1152,1217
1153,3493
1154,1164
1154,1165
1155,1427
1158,3409
1158,1571
1158,1566
1158,1647
1158,1572
1159,1503
1160,2451
1160,2452
1160,2453
1160,2454
1160,1451
1160,2162
1160,2455
1160,2456
1160,1673
1160,1461
1160,2457
1160,2458
1160,2459
1160,1232
1160,1662
1160,1695
1160,1698
1161,2579
1162,3386
1163,2207
1164,1167
1165,2106
1165,1301
1165,3459
1165,2722
1165,1300
1165,2723
1165,3122
1165,1299
1167,1777
1168,1169
1168,1170
1169,1171
1170,1248
1170,1243
1172,1173
1172,1174
1173,1214
1174,1214
1175,1176
1175,1177
1175,1178
1176,1182
1176,1550
1178,1413
1178,1182
1179,1180
1179,1181
1180,2260
1180,1191
1180,1196
1180,2331
1180,1228
1181,2260
1181,2086
1181,1227
1185,1186
1187,3423
1189,1190
1189,1191
1189,1192
1190,1193
1191,1194
1191,1195
1191,1196
1191,1197
1191,1198
1191,1199
1191,1200
1191,1201
1191,1202
1191,1203
1191,1204
1191,1205
1191,1206
1191,1207
1191,1208
1191,1209
1191,1210
1191,1211
1191,1212
1191,1213
1191,1214
1191,1215
1191,1216
1191,1217
1191,1218
1191,1219
1191,1220
1191,1221
1191,1222
1191,1223
1192,1491
1192,3541
1193,1195
1193,3532
1194,1196
1194,1198
1194,1202
1194,1224
1194,1217
1194,1225
1195,1226
1195,1201
1195,1202
1195,1203
1195,1210
1195,1212
1195,1217
1196,1197
1196,1227
1196,1199
1196,1228
1196,1202
1196,1204
1196,1208
1196,1213
1196,1215
1196,1217
1196,1229
1196,1230
1196,1218
1196,1221
1196,1222
1196,1223
1198,1705
1198,2422
1198,1223
1199,1705
1199,1706
1199,1227
1199,2653
1199,1228
1199,1205
1199,1209
1200,1683
1201,2857
1201,2856
1202,1595
1202,1224
1202,2840
1202,1203
1202,2814
1202,1204
1202,1606
1204,2940
1205,2431
1205,1573
1205,1598
1205,1574
1205,1705
1205,1646
1205,1649
1207,1212
1208,2940
1209,1648
1209,1549
1209,1727
1210,1886
1210,1219
1211,3404
1211,1215
1213,1576
1213,3479
1214,1908
1215,3404
1215,3403
1215,1216
1215,1219
1215,1220
1216,3404
1216,3403
1216,3159
1218,1705
1218,1706
1219,1220
1219,1221
1221,3221
1224,1505
1225,1998
1225,1999
1226,1231
1226,1232
1226,1233
1226,1234
1227,1250
1227,1705
1227,1657
1228,2261
1228,2014
1229,1645
1229,1865
1230,2229
1230,1699
1230,3368
1230,1447
1231,1928
1235,1236
1235,1237
1235,1238
1236,1312
1237,3169
1239,1240
1240,1439
1240,1661
1240,1440
1240,1568
1240,1580
1240,1586
1240,1662
1240,1450
1240,1441
1240,1663
1240,1458
1240,1664
1240,1665
1240,1666
1240,1457
1241,2159
1244,1245
1250,1251
1251,1253
1251,1254
1251,1255
1251,1256
1251,1257
1251,1258
1251,1259
1251,1260
1251,1261
1251,1262
1251,1263
1251,1264
1251,1265
1251,1266
1251,1267
1251,1268
1251,1269
1251,1270
1251,1271
1251,1272
1251,1273
1251,1274
1251,1275
1251,1276
1251,1277
1251,1278
1251,1279
1251,1280
1251,1281
1251,1282
1251,1283
1251,1284
1251,1285
1251,1286
1251,1287
1251,1288
1252,1648
1252,2579
1252,2257
1252,3434
1253,1254
1254,1255
1254,1256
1254,1257
1255,1256
1255,1257
1255,2268
1255,1258
1255,2269
1255,1260
1255,2270
1255,1262
1255,1263
1255,1511
1255,1264
1255,1265
1255,1266
1255,1267
1255,1268
1255,2271
1255,1270
1255,1271
1255,1272
1255,2272
1255,1273
1255,2273
1255,1274
1255,1277
1255,2274
1255,2275
1255,1280
1255,1282
1255,2276
1255,2277
1255,2278
1255,2279
1255,1286
1255,2280
1256,2268
1256,1258
1256,2269
1256,1262
1256,1511
1256,1267
1256,2271
1256,1270
1256,1271
1256,1272
1256,1274
1256,2275
1256,1280
1256,2276
1256,2277
1256,2278
1256,2279
1256,2280
1256,1287
1257,2268
1257,1259
1257,1557
1258,2281
1258,2268
1258,2269
1258,1268
1258,1942
1258,1274
1258,2277
1259,1285
1260,2860
1261,2270
1261,2910
1261,2636
1261,2965
1261,2971
1261,2962
1261,2973
1261,1267
1261,2963
1261,2975
1261,2979
1261,2989
1261,2280
1262,2268
1262,1263
1262,2269
1262,1511
1262,1270
1262,1287
1263,1264
1263,1282
1263,1287
1264,1510
1264,3096
1264,1281
1264,1282
1265,3165
1265,1270
1265,1272
1265,2272
1265,1273
1265,2273
1265,2274
1265,3166
1265,2278
1265,2279
1266,2106
1266,3171
1266,2268
1266,3172
1266,2269
1267,2270
1267,2910
1267,2636
1267,1510
1267,2978
1267,2280
1268,2639
1268,2268
1268,2269
1270,2268
1270,1511
1271,2268
1271,2860
1272,2268
1272,1511
1272,2860
1272,1287
1273,2860
1274,2268
1274,2269
1274,2275
1275,3424
1275,1284
1277,2656
1280,3424
1280,2268
1280,2269
1280,1287
1282,2268
1282,2269
1283,3466
1283,2835
1284,1285
1285,3424
1287,2268
1287,2269
1287,2012
1291,1630
1291,1765
1291,1766
1291,1604
1291,1628
1292,2026
1292,1592
1292,1593
1292,1595
1292,1596
1292,1631
1292,1599
1292,2936
1292,2023
1292,1604
1292,1415
1292,1738
1292,1739
1292,1740
1292,1777
1293,1294
1293,1295
1298,1299
1298,1300
1298,1301
1298,1302
1299,2722
1299,2723
1300,1301
1300,3167
1300,3168
1301,2512
1301,3167
1301,2538
1301,3169
1301,1313
1303,1304
1304,1336
1305,1306
1305,1307
1306,2391
1306,3032
1306,1307
1306,3034
1306,2986
1306,2345
1307,3032
1307,3034
1307,2986
1308,1309
1309,1375
1309,2085
1309,2084
1310,1311
1312,1313
1313,2538
1313,1485
1313,1486
1315,1316
1318,1326
1318,1327
1318,1319
1318,1325
1318,1328
1318,1329
1319,1330
1319,1327
1319,1320
1319,1324
1319,1331
1319,1329
1320,1330
1320,1332
1320,1327
1320,1333
1320,1334
1320,1335
1321,1336
1321,1337
1322,1338
1323,1333
1324,1330
1324,1339
1324,1340
1325,1327
1325,1343
1326,1327
1327,1343
1327,1328
1327,1345
1327,1329
1327,1346
1329,3538
1330,1332
1330,1333
1330,1334
1330,1339
1330,1340
1330,1349
1330,1335
1330,1350
1330,1346
1330,1351
1331,2292
1331,2287
1332,1333
1333,1355
1333,1334
1333,1350
1334,1355
1334,1335
1335,1340
1335,1349
1336,2647
1336,3190
1336,2552
1337,2943
1337,2944
1338,1352
1339,1340
1341,1361
1341,1362
1341,1363
1341,1364
1341,1365
1341,1366
1341,1367
1341,1368
1341,1369
1341,1370
1341,1371
1341,1372
1341,1373
1341,1374
1342,1375
1342,1376
1344,1349
1345,1347
1345,3397
1345,2448
1345,2722
1345,3051
1347,2448
1347,1351
1348,1372
1350,2186
1351,2288
1357,1377
1357,1378
1357,1379
1357,1380
1357,1365
1357,1364
1357,1381
1357,1369
1357,1382
1358,2107
1358,2108
1359,2746
1359,2750
1359,2748
1361,1363
1362,2297
1362,1528
1362,2298
1362,1530
1364,1377
1364,1378
1364,1365
1364,1464
1365,1377
1365,1378
1365,1379
1365,1464
1365,1382
1365,1374
1366,3311
1366,1367
1366,2703
1367,3313
1367,3314
1367,3315
1367,3152
1369,1377
1369,1378
1369,1381
1369,2057
1370,2881
1370,2156
1370,2892
1370,2891
1371,3311
1371,3262
1371,3435
1373,1936
1373,3555
1373,2995
1374,1377
1374,1378
1375,2462
1377,1378
1377,1379
1378,1379
1378,1464
1378,1382
1379,1451
1379,1382
1379,1660
1379,2487
1383,1491
1384,1385
1384,1386
1384,1387
1384,1388
1384,1389
1384,1390
1384,1391
1384,1392
1384,1393
1384,1394
1385,1386
1385,1395
1385,1387
1385,1396
1385,1390
1385,1393
1385,1397
1385,1398
1385,1399
1386,1396
1386,1390
1386,1391
1386,1400
1386,1401
1386,1402
1386,1397
1386,1398
1386,1399
1387,2132
1387,2138
1387,2139
1387,1396
1387,1395
1387,1388
1387,2134
1387,1389
1387,1390
1387,1392
1387,2140
1387,1400
1387,2135
1387,1402
1387,2136
1387,2137
1388,1396
1388,1389
1388,2141
1388,1390
1388,1395
1388,2134
1388,1392
1388,2140
1388,2136
1388,2137
1389,2132
1389,2142
1389,1391
1389,1390
1390,2132
1390,2142
1390,2139
1390,2145
1390,1396
1390,1391
1390,2141
1390,1392
1390,1393
1390,2135
1391,2132
1391,2142
1391,1396
1391,1392
1391,2135
1391,2056
1392,2142
1392,2141
1392,1395
1392,2380
1392,1393
1392,2136
1392,2146
1393,2132
1393,2134
1393,1395
1393,2136
1393,1397
1393,2137
1393,2661
1394,2418
1395,2132
1395,2133
1395,2134
1395,2135
1395,2136
1395,1397
1395,2137
1396,2132
1396,2138
1396,2145
1396,1400
1396,2146
1396,1398
1397,2132
1397,2138
1397,2134
1397,3300
1397,3302
1397,1527
1397,1528
1397,2135
1397,2137
1398,2132
1398,2138
1398,2051
1398,2915
1398,2135
1398,2146
1399,2661
1401,1814
1401,2149
1401,3052
1402,2864
1402,2376
1402,2879
1403,1404
1403,1405
1404,1592
1404,1593
1404,1972
1404,1595
1404,1596
1404,1631
1404,1735
1404,1650
1404,1811
1404,1736
1404,1757
1404,1753
1404,1406
1404,1777
1404,1805
1404,1973
1405,1972
1405,1763
1405,1973
1409,1410
1409,1411
1409,1412
1410,2366
1410,1412
1410,2778
1411,2565
1412,1437
1413,1416
1413,1417
1414,1543
1414,2935
1414,2931
1414,2936
1414,1542
1414,1546
1415,2026
1415,1589
1415,1741
1415,1768
1415,1815
1415,1831
1415,2023
1415,1771
1415,1604
1415,1606
1416,2999
1417,2752
1419,1420
1419,1421
1420,2943
1420,3053
1420,2483
1421,2943
1421,3053
1422,1423
1423,2110
1424,1425
1425,2051
1425,1782
1425,2053
1425,2057
1426,1427
1427,2461
1427,2432
1427,2544
1428,1429
1428,1430
1428,1431
1430,1968
1430,1969
1430,2383
1430,1740
1433,1434
1434,1435
1434,1436
1435,1972
1435,1777
1435,2015
1435,2113
1435,2735
1435,2736
1435,1800
1435,2050
1438,1439
1438,1440
1438,1441
1438,1442
1438,1443
1438,1444
1438,1445
1438,1446
1438,1447
1439,1448
1439,1449
1439,1450
1439,1451
1439,1441
1439,1442
1439,1443
1439,1444
1439,1445
1439,1446
1439,1452
1439,1453
1439,1454
1439,1455
1439,1456
1439,1457
1440,1676
1440,1677
1440,1678
1441,1448
1441,1449
1441,1450
1442,1449
1442,1451
1442,2486
1442,1450
1442,1456
1443,2533
1443,2222
1443,2469
1443,1461
1443,1695
1443,1444
1443,1445
1443,1462
1443,1726
1443,2460
1443,2534
1443,2535
1443,1698
1443,2536
1443,2537
1443,1456
1444,2533
1444,1445
1444,1695
1444,2469
1444,1462
1444,2534
1444,2535
1444,1698
1444,2536
1444,2537
1444,1456
1445,2533
1445,1695
1445,2469
1445,1462
1445,1446
1445,2471
1445,2534
1445,1698
1445,1454
1445,2568
1445,1455
1445,1456
1445,1457
1446,1449
1446,1679
1446,1693
1446,2482
1446,1586
1446,1670
1446,1694
1446,1671
1446,2760
1446,1696
1446,1697
1446,2755
1446,1452
1446,1453
1446,1454
1446,1455
1446,1668
1446,1457
1447,1702
1447,2229
1447,1660
1448,1458
1449,1450
1449,1458
1449,1454
1449,1455
1449,1456
1450,1575
1450,1505
1450,1661
1450,2357
1450,1576
1450,2453
1450,1568
1450,1577
1450,1451
1450,1679
1450,1693
1450,1725
1450,1670
1450,1694
1450,1578
1450,1579
1450,1580
1450,1652
1450,1662
1450,1678
1450,2460
1450,1452
1450,1665
1450,1453
1451,2357
1451,1452
1451,1458
1451,1453
1451,2472
1451,1454
1451,1455
1451,1457
1452,1661
1452,1540
1452,1586
1452,3018
1452,2499
1452,1663
1452,1457
1453,1661
1453,1586
1453,3018
1453,2499
1453,1663
1453,3342
1453,1457
1454,1462
1454,2471
1454,2568
1455,1679
1455,1693
1455,2482
1455,1586
1455,1670
1455,1694
1455,1671
1455,2760
1455,1696
1455,1697
1456,1994
1456,1457
1457,1576
1457,1540
1457,1586
1457,2499
1457,1663
1457,1680
1457,1662
1458,2453
1458,1462
1458,2817
1458,3235
1460,1669
1460,2230
1460,1662
1460,1463
1460,1664
1460,1655
1460,1668
1461,1698
1462,2453
1462,2469
1462,2569
1462,1698
1463,1679
1463,1693
1463,1586
1463,1670
1463,1694
1463,1671
1463,1726
1464,2753
1465,1466
1465,1467
1465,1468
1465,1469
1466,2914
1466,1472
1466,2222
1466,2960
1467,3345
1468,2542
1468,1905
1468,2543
1470,1471
1470,1472
1470,1473
1471,2964
1471,2952
1471,2270
1471,2965
1471,2954
1471,2956
1471,2962
1471,2966
1471,2967
1471,2968
1472,2270
1472,2910
1472,2914
1472,2911
1472,2437
1472,2960
1472,2271
1472,2978
1473,2953
1473,3461
1473,2271
1473,2960
1474,1475
1474,1476
1474,1477
1475,2190
1476,2190
1477,2190
1480,1481
1480,1482
1480,1483
1480,1484
1481,2438
1482,2923
1482,2916
1482,2915
1482,2918
1482,2924
1484,3244
1487,1488
1488,1605
1490,1491
1491,1500
1492,1710
1492,2587
1492,1494
1492,2588
1492,1687
1492,2589
1492,1495
1492,2583
1492,1499
1493,1681
1493,2581
1493,1494
1493,2583
1494,1681
1494,2581
1494,2587
1494,1710
1494,2583
1494,1499
1495,2587
1495,2589
1495,1499
1497,1681
1499,1710
1499,2587
1499,2583
1501,1502
1504,1505
1505,1723
1505,2485
1507,1508
1507,1509
1508,1509
1508,3082
1508,2700
1508,1527
1509,3362
1510,1511
1511,2268
1512,1513
1513,2153
1513,3524
1513,3526
1514,1515
1514,1516
1514,1517
1515,2656
1515,1516
1515,2657
1517,3523
1518,1519
1518,1520
1519,3462
1520,2824
1521,1522
1521,1523
1522,1523
1522,1524
1522,1525
1522,1526
1522,1527
1522,1528
1522,1529
1522,1530
1522,1531
1522,1532
1523,1528
1524,1525
1524,1529
1524,1530
1524,3334
1525,1530
1525,3334
1527,2297
1527,1528
1527,3301
1527,1530
1528,3079
1528,2298
1528,3121
1528,2297
1529,1530
1530,2698
1530,1923
1530,3301
1531,3494
1533,1915
1533,2360
1533,1562
1533,1983
1533,1916
1533,1920
1533,2359
1533,1985
1534,3039
1534,3041
1534,1535
1535,2362
1537,1538
1541,1542
1541,1543
1541,1544
1541,1545
1541,1546
1541,1547
1541,1548
1542,1543
1542,2931
1542,2044
1542,2932
1543,2931
1543,2933
1543,1544
1543,1545
1543,1546
1543,1547
1543,1787
1543,2934
1544,1545
1544,1546
1544,1547
1545,2931
1545,1546
1545,1547
1545,3176
1545,3177
1546,1787
1546,1547
1549,1551
1550,2257
1551,1552
1551,1553
1552,1554
1554,2751
1554,2080
1554,2115
1555,1556
1558,1559
1561,1562
1562,1563
1566,1573
1566,1571
1566,1574
1566,1572
1568,1575
1568,1576
1568,1577
1568,1578
1568,1579
1568,1580
1568,1581
1569,1583
1569,1584
1570,1629
1570,1592
1570,1593
1570,1595
1570,1630
1570,1631
1570,1632
1570,1633
1570,1634
1570,1635
1570,1598
1570,1599
1570,1636
1570,1637
1570,1638
1570,1612
1570,1613
1570,1639
1570,1640
1570,1641
1570,1642
1570,1643
1570,1644
1571,1575
1571,1634
1571,1645
1571,1646
1571,1647
1571,1572
1572,3547
1572,3548
1572,2023
1572,1574
1572,2432
1573,1648
1573,1634
1573,1574
1573,1646
1573,1649
1574,1651
1575,1585
1575,1576
1575,1577
1575,1578
1575,1652
1575,1653
1575,1654
1575,1655
1575,1656
1576,1578
1576,1579
1576,1580
1576,1586
1576,1657
1576,1658
1576,1659
1576,1655
1576,1660
1577,1578
1577,1652
1578,1667
1578,1580
1578,1656
1579,1667
1579,1586
1579,1581
1579,1668
1580,1669
1580,1670
1580,1671
1580,1668
1581,1707
1581,1667
1581,1653
1581,1685
1583,2164
1586,1587
1586,1670
1586,1671
1586,1693
1586,1694
1586,1695
1586,1696
1586,1697
1586,1698
1586,1699
1586,1700
1586,1655
1586,1701
1588,1764
1588,2114
1589,1747
1589,1755
1589,1768
1589,1830
1589,1831
1589,1771
1589,1832
1589,1833
1589,1808
1590,1822
1590,1625
1591,1625
1592,1734
1592,1634
1592,1595
1592,1631
1592,1650
1592,1593
1592,1597
1592,1630
1592,1632
1592,1635
1592,1598
1592,1599
1592,1735
1592,1736
1592,1737
1592,1601
1592,1602
1592,1738
1592,1739
1592,1740
1592,1741
1592,1742
1592,1743
1592,1603
1592,1744
1592,1745
1592,1606
1592,1607
1592,1746
1592,1747
1592,1748
1592,1749
1592,1750
1592,1751
1592,1752
1592,1753
1592,1754
1592,1755
1592,1756
1592,1608
1592,1757
1592,1758
1592,1759
1592,1760
1592,1761
1592,1762
1592,1763
1592,1764
1592,1765
1592,1766
1592,1729
1592,1767
1592,1609
1592,1768
1592,1769
1592,1770
1592,1719
1592,1771
1592,1772
1592,1773
1592,1774
1592,1775
1592,1776
1592,1777
1592,1778
1592,1779
1592,1611
1592,1780
1592,1781
1592,1782
1592,1639
1592,1783
1592,1784
1592,1785
1592,1786
1592,1787
1592,1615
1592,1788
1592,1789
1592,1790
1592,1791
1592,1792
1592,1793
1592,1617
1592,1794
1592,1795
1592,1796
1592,1797
1592,1798
1592,1799
1592,1800
1592,1801
1592,1802
1592,1803
1592,1804
1592,1805
1592,1806
1592,1625
1592,1807
1592,1808
1592,1809
1593,1834
1593,1634
1593,1595
1593,1631
1593,1650
1593,1630
1593,1635
1593,1598
1593,1735
1593,1736
1593,1602
1593,1739
1593,1740
1593,1743
1593,1603
1593,1744
1593,1745
1593,1606
1593,1607
1593,1747
1593,1748
1593,1749
1593,1750
1593,1752
1593,1753
1593,1755
1593,1608
1593,1757
1593,1758
1593,1759
1593,1760
1593,1762
1593,1812
1593,1765
1593,1766
1593,1729
1593,1767
1593,1609
1593,1769
1593,1719
1593,1771
1593,1772
1593,1773
1593,1774
1593,1776
1593,1777
1593,1778
1593,1779
1593,1611
1593,1780
1593,1781
1593,1782
1593,1639
1593,1816
1593,1786
1593,1615
1593,1788
1593,1789
1593,1791
1593,1793
1593,1794
1593,1798
1593,1835
1593,1800
1593,1803
1593,1804
1593,1805
1593,1806
1593,1821
1593,1808
1593,1809
1594,1599
1594,1737
1594,1742
1594,1836
1594,1792
1594,1837
1594,1618
1594,1838
1594,1839
1594,1840
1594,1625
1595,1734
1595,1634
1595,1645
1595,1631
1595,1650
1595,1597
1595,1630
1595,1635
1595,1598
1595,1599
1595,1735
1595,1736
1595,1810
1595,1737
1595,1601
1595,1602
1595,1739
1595,1740
1595,1742
1595,1743
1595,1603
1595,1744
1595,1745
1595,1606
1595,1747
1595,1748
1595,1749
1595,1750
1595,1751
1595,1752
1595,1811
1595,1753
1595,1755
1595,1756
1595,1608
1595,1757
1595,1758
1595,1759
1595,1760
1595,1761
1595,1762
1595,1812
1595,1764
1595,1765
1595,1766
1595,1729
1595,1636
1595,1767
1595,1609
1595,1768
1595,1719
1595,1771
1595,1813
1595,1610
1595,1772
1595,1773
1595,1774
1595,1814
1595,1775
1595,1776
1595,1777
1595,1778
1595,1779
1595,1611
1595,1780
1595,1781
1595,1782
1595,1639
1595,1783
1595,1815
1595,1785
1595,1816
1595,1786
1595,1615
1595,1788
1595,1789
1595,1790
1595,1791
1595,1793
1595,1617
1595,1794
1595,1817
1595,1798
1595,1818
1595,1799
1595,1800
1595,1619
1595,1801
1595,1621
1595,1622
1595,1819
1595,1820
1595,1802
1595,1803
1595,1804
1595,1805
1595,1806
1595,1821
1595,1807
1595,1808
1595,1809
1596,1756
1596,1608
1596,1749
1596,1757
1596,1631
1596,1743
1596,1603
1596,1744
1596,1745
1596,1606
1596,1750
1596,1755
1596,1760
1596,1764
1596,1765
1596,1766
1596,1609
1596,1773
1596,1776
1596,1611
1596,1780
1596,1781
1596,1841
1596,1639
1596,1788
1596,1789
1596,1790
1596,1793
1596,1800
1596,1805
1596,1809
1596,1842
1597,1742
1597,1792
1598,1630
1598,1631
1598,1632
1598,1633
1598,1634
1598,1645
1598,1635
1598,1599
1598,1728
1598,1729
1598,1636
1598,1862
1598,1637
1598,1612
1598,1613
1598,1863
1598,1639
1598,1640
1598,1864
1598,1642
1598,1643
1598,1644
1598,1865
1598,1668
1599,1866
1599,1737
1599,1631
1599,1633
1599,1728
1599,1637
1599,1863
1599,1643
1599,1644
1600,1866
1600,1737
1600,1601
1600,1602
1600,1738
1600,1739
1600,1740
1600,1992
1600,1780
1600,1997
1600,1805
1601,1741
1601,2002
1601,1737
1601,2003
1601,1631
1601,1742
1601,1743
1601,1603
1601,1604
1601,1959
1601,1744
1601,1745
1601,2004
1601,1902
1601,1728
1601,1605
1601,1606
1602,2005
1602,1630
1602,2006
1602,2007
1602,2008
1602,1631
1602,1735
1602,1632
1602,2009
1602,1650
1602,2010
1602,2011
1602,1847
1602,1607
1602,1604
1602,1746
1602,1747
1602,1855
1602,1748
1602,2012
1602,1738
1602,1962
1602,1833
1602,1733
1602,2013
1603,1741
1603,2002
1603,1737
1603,1762
1603,1763
1603,2028
1603,1631
1603,1735
1603,1650
1603,2010
1603,1611
1603,1833
1603,1617
1603,2021
1604,1630
1604,1860
1604,1812
1604,1764
1604,1613
1604,1626
1604,2018
1605,1767
1605,1627
1606,1822
1606,1734
1606,1826
1606,1630
1606,1631
1606,2048
1606,1650
1606,1811
1606,1761
1606,1736
1606,2049
1606,2050
1607,1631
1607,1735
1607,2069
1607,1650
1607,1749
1607,1739
1607,1745
1607,1746
1607,1750
1607,1751
1607,1753
1607,1767
1607,1719
1607,1776
1607,1786
1607,1790
1607,2021
1607,1817
1607,1643
1607,2047
1607,1970
1607,1802
1607,2070
1607,1807
1607,1809
1608,2034
1608,1630
1608,1769
1608,1756
1608,1631
1608,1735
1608,1749
1608,1757
1608,1609
1608,1611
1608,1780
1608,1841
1608,1805
1608,1842
1609,2034
1609,1630
1609,1769
1609,1631
1609,2027
1609,2023
1609,2047
1610,2100
1610,1859
1610,1958
1610,1826
1610,1759
1610,1634
1610,1761
1610,2633
1610,2024
1610,1772
1610,1782
1610,1997
1610,2387
1610,1835
1610,2017
1611,2034
1611,1630
1611,1756
1611,1631
1611,1735
1611,2737
1611,1749
1611,1757
1611,1746
1611,1841
1611,1823
1611,1778
1611,1780
1611,1805
1612,1633
1612,1855
1612,1613
1613,1830
1613,2002
1613,1633
1613,1729
1613,1636
1613,1761
1613,1637
1613,2043
1613,1862
1613,1863
1613,1747
1613,1639
1613,1640
1613,1649
1613,1728
1613,1997
1613,1864
1613,2021
1613,1641
1613,1643
1613,1644
1614,2210
1614,2849
1614,2615
1614,1968
1614,1722
1615,2557
1615,1631
1615,1735
1615,1650
1615,2531
1615,2559
1616,1631
1616,1815
1617,2412
1617,1762
1617,2028
1617,1860
1617,1631
1617,1861
1617,1768
1617,1831
1617,1765
1617,1794
1617,1745
1617,1833
1617,1620
1618,3451
1618,2023
1618,1829
1618,1793
1619,2025
1619,1860
1619,1829
1620,2412
1620,1762
1620,2028
1620,1860
1620,1861
1620,1738
1620,1739
1620,1776
1620,1777
1620,1833
1620,1781
1620,1621
1620,2741
1620,1962
1620,1970
1621,1650
1621,1831
1621,2023
1621,1740
1621,1776
1621,1777
1621,1833
1622,2296
1622,1630
1622,1631
1622,1783
1622,1635
1622,3474
1622,1791
1622,1639
1622,1823
1622,2029
1623,1634
1623,1645
1623,3505
1623,1971
1624,2688
1624,1936
1624,2699
1624,3530
1624,3316
1624,2687
1624,1931
1624,3519
1625,2030
1625,1631
1625,2023
1626,1794
1626,1764
1628,1866
1628,1719
1628,1745
1628,1738
1629,1741
1629,1636
1629,1843
1629,1844
1630,1754
1630,1845
1630,1846
1630,1632
1630,1635
1630,1737
1630,1743
1630,1847
1630,1746
1630,1749
1630,1757
1630,1762
1630,1766
1630,1719
1630,1777
1630,1780
1630,1848
1630,1786
1630,1789
1630,1790
1630,1849
1630,1642
1630,1819
1630,1805
1630,1850
1630,1851
1631,1822
1631,1734
1631,1735
1631,1650
1631,1635
1631,1736
1631,1739
1631,1740
1631,1743
1631,1744
1631,1745
1631,1747
1631,1749
1631,1823
1631,1750
1631,1752
1631,1753
1631,1757
1631,1758
1631,1759
1631,1760
1631,1764
1631,1765
1631,1766
1631,1729
1631,1767
1631,1768
1631,1719
1631,1771
1631,1772
1631,1773
1631,1774
1631,1776
1631,1777
1631,1778
1631,1779
1631,1780
1631,1781
1631,1639
1631,1786
1631,1788
1631,1789
1631,1790
1631,1791
1631,1793
1631,1794
1631,1798
1631,1824
1631,1803
1631,1804
1631,1805
1631,1825
1631,1806
1631,1808
1631,1809
1632,1754
1632,1635
1632,1847
1632,1746
1632,1729
1632,1848
1632,1786
1632,1849
1632,1852
1632,1641
1632,1853
1632,1854
1633,1755
1633,1855
1633,1638
1633,1639
1633,1856
1633,1857
1633,1858
1634,1645
1634,1728
1634,1729
1634,1646
1634,1647
1634,1639
1634,1640
1634,1642
1634,1643
1634,1668
1635,1754
1635,1741
1635,1859
1635,1826
1635,1756
1635,1860
1635,1861
1635,1759
1635,1760
1635,1746
1635,1786
1635,1790
1635,1733
1635,1819
1636,2418
1636,1830
1636,2042
1636,1826
1636,1729
1636,1728
1636,1637
1636,1638
1636,1639
1636,1643
1636,1644
1636,2419
1637,1830
1637,1729
1637,2043
1637,1862
1637,1639
1637,1640
1637,1643
1637,1644
1637,2420
1638,2183
1638,2315
1638,2667
1639,2042
1639,1826
1639,1735
1639,1650
1639,1729
1639,2043
1639,1862
1639,1997
1639,1864
1639,1641
1639,1643
1640,2907
1640,1729
1640,2043
1640,1862
1640,2421
1641,2100
1641,1729
1641,2043
1641,1862
1641,1746
1641,3344
1641,1853
1641,2021
1641,1642
1641,1643
1641,3065
1642,1754
1642,1746
1642,1732
1642,1790
1642,1739
1643,1754
1643,1830
1643,2042
1643,1729
1643,2043
1643,1862
1643,1746
1643,1798
1643,1644
1643,1739
1644,1830
1644,1729
1644,1685
1644,1699
1645,1646
1645,1731
1645,1732
1645,1733
1646,1768
1646,1831
1646,1771
1646,1764
1646,1647
1646,1865
1646,2414
1648,1727
1650,1822
1650,1734
1650,1826
1650,1827
1650,1735
1650,1736
1650,1739
1650,1740
1650,1743
1650,1744
1650,1745
1650,1746
1650,1750
1650,1751
1650,1752
1650,1753
1650,1758
1650,1765
1650,1766
1650,1729
1650,1767
1650,1719
1650,1773
1650,1774
1650,1776
1650,1777
1650,1778
1650,1779
1650,1781
1650,1788
1650,1789
1650,1790
1650,1793
1650,1817
1650,1800
1650,1804
1650,1828
1650,1809
1651,1684
1651,1692
1651,1968
1651,1685
1653,1683
1653,1654
1653,1656
1654,1683
1654,1667
1655,1662
1656,1672
1656,1683
1656,1667
1656,1657
1657,1702
1657,2019
1658,2468
1658,1697
1658,1659
1658,2521
1659,2468
1660,1702
1660,2357
1661,1674
1661,1675
1662,2449
1662,2151
1662,2450
1662,1674
1663,3018
1663,2499
1664,1702
1664,1697
1665,3257
1665,2768
1665,2770
1667,1681
1667,1682
1667,1683
1668,1679
1668,1693
1668,1694
1668,1671
1669,1720
1669,1697
1669,1721
1669,1722
1670,1724
1670,1679
1670,1693
1670,1725
1670,1671
1670,1696
1670,1726
1671,1679
1671,1693
1671,1694
1671,1726
1672,1723
1674,2466
1676,2150
1676,2151
1676,1677
1677,2151
1677,1699
1679,1693
1679,1694
1679,2486
1679,1696
1679,1726
1679,1680
1679,2487
1680,1693
1680,1694
1680,1696
1681,2581
1681,2582
1681,2583
1681,2584
1681,2585
1681,2586
1682,2576
1684,1692
1684,2080
1684,2081
1684,2000
1685,1686
1685,1692
1685,1810
1685,2000
1685,1688
1686,1689
1687,2742
1687,2587
1687,2589
1687,2588
1687,1690
1688,3056
1689,1896
1689,1692
1692,2080
1692,2081
1692,2000
1693,2488
1693,2163
1693,1694
1693,1696
1693,1726
1693,2460
1694,1993
1694,1696
1694,1726
1694,2485
1695,2453
1695,2223
1695,2216
1695,2567
1695,1698
1695,2236
1696,2506
1696,1726
1697,1702
1697,2757
1698,2533
1698,2946
1698,2453
1698,1725
1698,2535
1698,2817
1698,2536
1698,2267
1698,1895
1699,3367
1699,3368
1701,1839
1702,2019
1702,2230
1702,2506
1702,2507
1702,2508
1703,1705
1703,2582
1703,2618
1704,2330
1705,1706
1705,2618
1706,2582
1706,2618
1707,2662
1708,2116
1708,2117
1708,2119
1708,2118
1708,2120
1708,2121
1710,2587
1710,2583
1712,2592
1712,2593
1714,2749
1714,2743
1715,2588
1715,2746
1715,2747
1715,2750
1715,2748
1719,1735
1719,1767
1719,1961
1719,1807
1721,2847
1721,1723
1721,2848
1722,2210
1722,2849
1722,2615
1722,1813
1722,2991
1723,3364
1724,1726
1726,2210
1726,2449
1726,2460
1726,2569
1728,2002
1728,2042
1728,1737
1728,1729
1728,2043
1728,1862
1728,1997
1729,1735
1729,1862
1729,1863
1732,1733
1733,1860
1733,1861
1733,2011
1733,1812
1733,1855
1733,1748
1733,2053
1733,1789
1733,1790
1734,1745
1734,1823
1734,1777
1734,1779
1734,1789
1734,1791
1734,1817
1734,1957
1734,1809
1735,1736
1735,1739
1735,1743
1735,1744
1735,1745
1735,1750
1735,1751
1735,1753
1735,1757
1735,1765
1735,1766
1735,1767
1735,1773
1735,1776
1735,1777
1735,1779
1735,1780
1735,1781
1735,1788
1735,1791
1735,1793
1735,1804
1735,1805
1735,1967
1735,1809
1736,1753
1736,1740
1736,1745
1736,1752
1736,1809
1737,1741
1737,1866
1737,2001
1737,2002
1737,1846
1737,1819
1738,2014
1738,1778
1738,2015
1738,1780
1738,1781
1738,1786
1738,1790
1738,1817
1738,1835
1738,2016
1738,1804
1738,1805
1738,1809
1738,2017
1738,2018
1739,1826
1739,1749
1739,1745
1739,1823
1739,1750
1739,1751
1739,2019
1739,2014
1739,1778
1739,1780
1739,1781
1739,2020
1739,1786
1739,2021
1739,1817
1739,1835
1739,2016
1739,1970
1739,1805
1739,1809
1739,2022
1739,2017
1739,2018
1740,2023
1740,1752
1740,2024
1740,1778
1740,1780
1740,1786
1740,2021
1740,1817
1740,1835
1740,2016
1740,1970
1740,1805
1740,1809
1740,2017
1740,2018
1741,2025
1741,2026
1741,1822
1741,1846
1741,2027
1741,1860
1741,2028
1741,1794
1741,1795
1741,1819
1741,1966
1741,2029
1742,1861
1742,1792
1743,2030
1743,1762
1743,1860
1743,2023
1743,1766
1743,1793
1743,1802
1744,1859
1744,1759
1744,1760
1744,1761
1744,1749
1744,1758
1744,2032
1744,2033
1744,1772
1744,1774
1745,1822
1745,1811
1745,1753
1745,1748
1745,1751
1745,1782
1745,1851
1745,1973
1746,1754
1746,1749
1746,1786
1746,1790
1746,1849
1746,1852
1746,2021
1747,2072
1747,2005
1747,2073
1747,1859
1747,1826
1747,1759
1747,1760
1747,1768
1747,1761
1747,2012
1747,1839
1748,2010
1748,2011
1748,1812
1748,1782
1749,2034
1749,1756
1749,1750
1749,1757
1749,2076
1749,1776
1749,1777
1749,1780
1749,1841
1749,1790
1749,1805
1749,1842
1750,2015
1750,1779
1750,1776
1750,1777
1750,1790
1751,1800
1752,1834
1753,1972
1753,1777
1754,1845
1754,1846
1754,1860
1754,1762
1754,1786
1754,1790
1754,1819
1754,1966
1755,1830
1755,2105
1756,1757
1756,1780
1756,1841
1756,1805
1756,1842
1757,2034
1757,1777
1757,1780
1757,1841
1757,1805
1758,2110
1758,1826
1758,2069
1758,1759
1758,1760
1758,1761
1758,1772
1758,1774
1758,2111
1758,1817
1758,2387
1759,2072
1759,2110
1759,2388
1759,1826
1759,2063
1759,2069
1759,1761
1759,2024
1759,2075
1759,1772
1759,1773
1759,2076
1759,1774
1759,2111
1759,2020
1759,1798
1759,2387
1759,2389
1760,1859
1760,1826
1760,2069
1760,1761
1760,2032
1760,1772
1760,1773
1760,2111
1760,2020
1760,1798
1760,2387
1761,2110
1761,1826
1761,2069
1761,2032
1761,2024
1761,2075
1761,1772
1761,1773
1761,2076
1761,2111
1761,2020
1761,1798
1761,2387
1762,2412
1762,1833
1762,1794
1763,1770
1763,2022
1764,1865
1764,2414
1765,1767
1765,2416
1766,2030
1766,1860
1766,2023
1767,2028
1768,1831
1768,1771
1768,1833
1768,2416
1768,1808
1769,2425
1770,1814
1770,2428
1770,1825
1770,2429
1770,2022
1770,2017
1771,2412
1771,1831
1771,1833
1771,1808
1772,2072
1772,2005
1772,1859
1772,1826
1772,2032
1772,2033
1772,2074
1772,1773
1772,2076
1772,1774
1772,2024
1772,2020
1772,1790
1772,2387
1773,1859
1773,1826
1773,2032
1773,1790
1773,2387
1774,2072
1774,2112
1774,2111
1774,2020
1774,2387
1774,1835
1775,2051
1775,2316
1775,2317
1776,2015
1776,1779
1776,2014
1776,1778
1776,1780
1776,1781
1776,1786
1776,1817
1776,1835
1776,1805
1776,1821
1776,1809
1776,2017
1776,2018
1777,1823
1777,2014
1777,1778
1777,2734
1777,1780
1777,1781
1777,1786
1777,2021
1777,1817
1777,1835
1777,2016
1777,1970
1777,1805
1777,1809
1777,2022
1777,2017
1777,2018
1778,2014
1778,2734
1778,1781
1778,1786
1778,1961
1778,1817
1778,1835
1778,2016
1778,1809
1778,2022
1778,2017
1779,1834
1779,1790
1779,1835
1779,1821
1780,2034
1780,1841
1780,2738
1780,2734
1780,1781
1780,1817
1780,1835
1780,1805
1780,1809
1780,2017
1781,2734
1781,2097
1781,1817
1781,1835
1781,2016
1781,2050
1781,1809
1781,2022
1781,2017
1782,2007
1782,1960
1782,2377
1782,2381
1782,2659
1782,2735
1782,2050
1783,1861
1783,2531
1783,1819
1783,2853
1783,2861
1786,3149
1787,2931
1788,1822
1789,2048
1789,1961
1790,1849
1790,3236
1790,2029
1791,1964
1793,2030
1793,1860
1793,2023
1793,1833
1794,2028
1794,1883
1795,2099
1795,2100
1795,1830
1795,2102
1795,1845
1795,1846
1795,1860
1795,2056
1795,2023
1795,1796
1796,2099
1796,2100
1796,1830
1796,2102
1796,1845
1796,1846
1796,1860
1796,2056
1796,2023
1796,2185
1797,2034
1797,3343
1798,2005
1798,2073
1798,1826
1799,1802
1800,2113
1800,2015
1801,3066
1802,2078
1802,1807
1802,2018
1803,2613
1804,2046
1805,3518
1805,2034
1805,1811
1805,1825
1805,1841
1805,2738
1806,1860
1806,1861
1807,2018
1809,1811
1809,1817
1810,1992
1812,1860
1812,2413
1812,1851
1813,2615
1813,1933
1813,2616
1814,1826
1814,2634
1814,2076
1817,2062
1817,1835
1817,2016
1819,2025
1819,2098
1819,2099
1819,2100
1819,2101
1819,1830
1819,2102
1819,1845
1819,2103
1819,2104
1819,2042
1819,1846
1819,1860
1819,1861
1819,2023
1819,3475
1820,2876
1821,2062
1821,2006
1822,2086
1823,2028
1824,2034
1825,2100
1825,2110
1826,2072
1826,2005
1826,2073
1826,1859
1826,2012
1826,2074
1826,2024
1826,2075
1826,2076
1826,2020
1827,2106
1827,2107
1827,2108
1827,2109
1828,2074
1828,2389
1828,2075
1829,2112
1830,1846
1830,1857
1830,2433
1830,2434
1831,1833
1831,2566
1833,2003
1833,3324
1833,2023
1834,2015
1835,2015
1836,2312
1837,2046
1838,3482
1843,3181
1844,2309
1844,1856
1845,1846
1845,2097
1845,1966
1846,2025
1846,2098
1846,2099
1846,2100
1846,2101
1846,2102
1846,2103
1846,2104
1846,2042
1848,2030
1848,2023
1849,2413
1851,1860
1851,2010
1851,2011
1852,2013
1854,2030
1854,2023
1855,2043
1855,2053
1855,1864
1855,1857
1855,1858
1859,2032
1860,2386
1860,2099
1860,2100
1860,2102
1860,2023
1860,1861
1862,2043
1862,2421
1862,1864
1863,2419
1864,2043
1865,2414
1866,1959
1867,1868
1867,1869
1867,1870
1868,2829
1868,2830
1868,2483
1868,2831
1869,2832
1869,2194
1870,2477
1870,3420
1870,2194
1871,1872
1874,1875
1875,1876
1875,1877
1875,1878
1876,2622
1877,1878
1878,3162
1879,1880
1879,1881
1881,3552
1883,1884
1885,1886
1885,1887
1886,1895
1887,1896
1887,1897
1887,1898
1887,1894
1887,1899
1887,1900
1887,1901
1888,1907
1889,2654
1889,1890
1890,2195
1890,2654
1890,2767
1890,2193
1890,2655
1891,2749
1891,2481
1891,2194
1892,1893
1893,1908
1893,1894
1893,3204
1894,2475
1894,2476
1894,1908
1894,2194
1894,3422
1894,3490
1895,2237
1896,1908
1896,1909
1896,1910
1899,2036
1899,2038
1899,3378
1899,1902
1899,1904
1900,3459
1901,2517
1901,2716
1902,2035
1902,2036
1902,2037
1902,2038
1902,2039
1902,2040
1902,2041
1904,2040
1904,2290
1906,3435
1907,2462
1909,2871
1911,1912
1911,1913
1911,1914
1912,1915
1912,1914
1912,1916
1912,1917
1912,1918
1912,1919
1913,1914
1913,1916
1913,1920
1913,1917
1913,1919
1913,1921
1913,1922
1913,1923
1914,1924
1914,1919
1915,1917
1915,1918
1915,1919
1916,1917
1916,1920
1916,2361
1917,2365
1919,1976
1920,2360
1920,2362
1921,3079
1921,2365
1921,2699
1921,1939
1921,2696
1921,2697
1921,1942
1921,2713
1921,2693
1921,1951
1921,2714
1921,1956
1922,3203
1924,1925
1924,1926
1924,1927
1925,1926
1925,2668
1925,2404
1925,2673
1926,2675
1926,2676
1926,2677
1926,2678
1926,2626
1926,1927
1926,2480
1926,2670
1927,3035
1927,3275
1927,3472
1929,1930
1929,1931
1929,1932
1930,1935
1930,1932
1931,1936
1932,1937
1934,1957
1935,1938
1936,1939
1936,1940
1936,1941
1936,1942
1936,1943
1936,1944
1936,1945
1936,1946
1936,1947
1936,1948
1936,1949
1936,1950
1936,1951
1936,1952
1936,1953
1936,1954
1936,1955
1936,1956
1939,2688
1939,2690
1939,1944
1940,2881
1940,3272
1940,2884
1940,2922
1940,2889
1940,3273
1940,3274
1941,2922
1941,3276
1941,1952
1942,3079
1942,2687
1942,2713
1942,2275
1942,1956
1943,3316
1943,2899
1943,2889
1943,1946
1944,2688
1944,3370
1944,2881
1944,2689
1944,2690
1944,3371
1944,3123
1944,2706
1945,3392
1945,3393
1945,3394
1946,2881
1946,2889
1948,2365
1948,2706
1950,3079
1950,3080
1950,2693
1950,2275
1951,2688
1951,3079
1951,2689
1951,2690
1951,2701
1951,2687
1951,2705
1951,2713
1951,2702
1951,2697
1951,3084
1951,2693
1951,2698
1951,2692
1951,2275
1951,1956
1952,2700
1952,3079
1952,2248
1952,2689
1952,2690
1952,2702
1952,2697
1952,3084
1952,2693
1953,3502
1953,2693
1954,2688
1954,2690
1954,2702
1954,3084
1954,2698
1956,2688
1956,3079
1956,2690
1956,2699
1956,2713
1956,2702
1956,2698
1956,2149
1957,2633
1957,1963
1958,1959
1958,1965
1958,1966
1960,2006
1960,2008
1961,2993
1962,2010
1962,2413
1962,2738
1962,2741
1962,2185
1964,2008
1964,2878
1966,2099
1966,2100
1966,2101
1966,2102
1966,2103
1968,2383
1968,1969
1968,2384
1968,2385
1968,1971
1969,2383
1969,2385
1970,2741
1970,2055
1970,2097
1972,2113
1972,2015
1973,2378
1973,2993
1973,2051
1973,2377
1973,3543
1973,2031
1973,2735
1974,1975
1974,1976
1974,1977
1974,1978
1974,1979
1974,1980
1974,1981
1975,1977
1975,1979
1975,1980
1975,1981
1976,1978
1976,1980
1976,1981
1977,1978
1977,1979
1977,1980
1977,1981
1978,1979
1978,1980
1979,1982
1979,1980
1981,3024
1983,2360
1983,1985
1984,2450
1984,2496
1984,2497
1985,2360
1985,2366
1986,1987
1987,2881
1988,1989
1989,1990
1989,2630
1992,1993
1992,1994
1993,1994
1994,1995
1994,1996
1995,1996
1997,2002
1997,2043
1998,2082
2000,2649
2000,2576
2000,2115
2005,2033
2005,2061
2006,2062
2006,2008
2006,2063
2007,2051
2007,2064
2008,2065
2008,2017
2010,2066
2011,2067
2011,2068
2013,2634
2013,3455
2014,2734
2015,2113
2015,2735
2015,2736
2017,3474
2020,3071
2023,2030
2023,2055
2023,2077
2023,2078
2024,2075
2025,2096
2027,2101
2029,3200
2030,2077
2030,2078
2031,2376
2031,2377
2032,2074
2033,2415
2033,2061
2034,2182
2034,2348
2035,2038
2035,2087
2036,2088
2036,2038
2036,2089
2036,2090
2036,2091
2037,2039
2037,2092
2037,2093
2037,2094
2038,2095
2038,2041
2040,2233
2041,3163
2041,3556
2042,2416
2043,2419
2043,2420
2044,2045
2045,2046
2046,2859
2046,2208
2046,2311
2046,2904
2048,2423
2048,2424
2049,2100
2050,2735
2050,2738
2051,2379
2051,2052
2051,2376
2051,2380
2051,2381
2051,2053
2051,2149
2051,2057
2051,2382
2053,2054
2053,2381
2053,2055
2057,3438
2057,2473
2058,3348
2059,2060
2061,2415
2063,2388
2064,2711
2067,3389
2067,3390
2067,3391
2069,2110
2069,2111
2069,2112
2071,3310
2072,2076
2073,2390
2076,2111
2079,3492
2080,2751
2080,2081
2080,2576
2080,2115
2081,2754
2082,2203
2084,2085
2086,2260
2087,3377
2087,2983
2088,2089
2089,2877
2089,2091
2090,3437
2091,2877
2091,2921
2095,3489
2098,2433
2098,2434
2100,2426
2100,2427
2103,3043
2104,3044
2106,2391
2106,2392
2106,2393
2106,2394
2106,2109
2106,2395
2106,2396
2106,2397
2106,2398
2106,2399
2106,2400
2106,2401
2106,2207
2106,2155
2107,2108
2107,2392
2107,2402
2108,2392
2108,3048
2108,3049
2108,3050
2108,3051
2108,3052
2108,2402
2109,2392
2110,2112
2110,2387
2111,2112
2113,2735
2114,2812
2115,2580
2115,2576
2116,2117
2116,2118
2117,2122
2117,2119
2117,2118
2117,2121
2118,2121
2119,2123
2121,2122
2123,2941
2127,2131
2129,3090
2130,3509
2131,3130
2131,3129
2131,2160
2131,3127
2132,2133
2132,2135
2133,2135
2134,2142
2134,2143
2134,2135
2134,2136
2134,2137
2135,2532
2135,2311
2135,2137
2136,2142
2136,3246
2136,2143
2136,2137
2137,2142
2137,3246
2137,2382
2137,2143
2139,2144
2142,2147
2144,2149
2147,2296
2151,2461
2151,2462
2151,2375
2151,2463
2153,2154
2153,2155
2154,3524
2155,2953
2156,2881
2156,2886
2156,2887
2156,2157
2157,2881
2157,2886
2157,2887
2157,2885
2161,2162
2161,2163
2161,2164
2163,2488
2163,2486
2165,2166
2165,2167
2165,2168
2166,2168
2167,2169
2167,2168
2168,2170
2171,2177
2172,2173
2172,2174
2172,2175
2176,2177
2176,2178
2176,2179
2176,2180
2176,2181
2177,2178
2178,2179
2178,2181
2180,2354
2180,2181
2181,2354
2183,2184
2183,2667
2185,2741
2186,2187
2187,2351
2187,2428
2187,3114
2187,2429
2188,2189
2189,3327
2189,3263
2191,2214
2192,2193
2192,2194
2193,2195
2193,2196
2193,2194
2194,2475
2194,2476
2194,2768
2194,2524
2194,2214
2194,2215
2194,2212
2194,2830
2195,2197
2197,3148
2198,2199
2198,2200
2200,2725
2200,2726
2200,2727
2200,2728
2200,2729
2201,2202
2201,2203
2201,2204
2201,2205
2202,2203
2202,2204
2203,2204
2203,2205
2209,2210
2210,2849
2210,2460
2210,2836
2213,2215
2213,2216
2213,2217
2213,2228
2213,2221
2214,2229
2214,2223
2214,2216
2214,2225
2214,2218
2214,2219
2215,2217
2215,2224
2215,2236
2215,2226
2215,2218
2216,2244
2216,2223
2216,2224
2216,2225
2216,2236
2216,2219
2216,2237
2218,2226
2219,2229
2219,2223
2219,2225
2222,2233
2222,2234
2223,2235
2223,2224
2223,2225
2223,2236
2223,2237
2225,2229
2225,2244
2225,2231
2227,3487
2229,2230
2229,2231
2229,2232
2231,2244
2233,2234
2233,2239
2233,2240
2233,2241
2233,2242
2233,2243
2236,2533
2236,2945
2237,3134
2238,2358
2239,2240
2239,3134
2240,3134
2241,3055
2241,2981
2244,2570
2245,2246
2245,2247
2246,2247
2247,3209
2248,3021
2250,3207
2250,3208
2251,2252
2252,2711
2252,2365
2252,2572
2252,3173
2252,2362
2252,2369
2252,3174
2252,2368
2252,2367
2252,2361
2252,3488
2254,3246
2257,2331
2257,2333
2257,2258
2258,2579
2258,2333
2258,2745
2259,2260
2260,2261
2260,2262
2260,2263
2260,2264
2260,2265
2262,2263
2262,3137
2264,2620
2264,2621
2266,2267
2267,2533
2267,2806
2267,2537
2267,2807
2268,2269
2268,2271
2268,2273
2268,2274
2268,2275
2268,2276
2268,2277
2268,2278
2268,2279
2268,2280
2269,2271
2269,2272
2269,2273
2269,2274
2269,2277
2270,2971
2270,2965
2270,2636
2270,2972
2270,2962
2270,2973
2270,2963
2270,2969
2270,2974
2270,2975
2270,2970
2270,2976
2270,2977
2270,2978
2270,2979
2270,2980
2270,2280
2270,2981
2271,2953
2271,2960
2271,3268
2272,2273
2272,2860
2273,2274
2275,3079
2275,2690
2275,2693
2278,2279
2281,2787
2281,2788
2281,2789
2281,2714
2281,2790
2282,2286
2287,2288
2288,2290
2288,2291
2289,2293
2289,2294
2290,2470
2295,2296
2297,3085
2297,3121
2299,2300
2299,2301
2299,2302
2299,2303
2300,2301
2300,2302
2300,2304
2301,2305
2301,2306
2301,2302
2301,2304
2301,2307
2303,2310
2303,2313
2303,2304
2303,2314
2303,2315
2305,2306
2305,2308
2307,3332
2309,2321
2310,2322
2310,2326
2310,2311
2310,2324
2310,2327
2311,2322
2311,2328
2311,2326
2311,2329
2311,2324
2312,2313
2312,2315
2313,2329
2313,2315
2315,3406
2315,2329
2316,2317
2319,2376
2319,2332
2320,2331
2320,2332
2320,2333
2322,2326
2322,2324
2322,2334
2323,2335
2324,2326
2324,2329
2324,2327
2325,2326
2325,2327
2326,2327
2328,2336
2328,2337
2329,2339
2329,2340
2329,2341
2329,2342
2331,2333
2339,2530
2339,2479
2339,3406
2339,2532
2339,3407
2339,2340
2339,2342
2339,3508
2340,2530
2340,2479
2340,2532
2340,2342
2340,3508
2341,3347
2342,3508
2343,2344
2344,2345
2344,2346
2345,3418
2348,3529
2350,3285
2350,2351
2350,2428
2350,3114
2350,3378
2350,2429
2351,3285
2351,3284
2351,2429
2352,3063
2353,2355
2353,2356
2357,2358
2361,2711
2361,2365
2361,3017
2361,2362
2361,3477
2362,2366
2362,2367
2362,2368
2362,2369
2362,2370
2363,2364
2365,2517
2365,2711
2365,2690
2365,2697
2365,2712
2365,2713
2365,2714
2366,2711
2366,2600
2366,2491
2366,2602
2366,3021
2367,3173
2367,3174
2368,2370
2371,2372
2372,2475
2372,2476
2372,3204
2372,2524
2372,2527
2373,2374
2377,2378
2379,2381
2381,2864
2381,2865
2383,2613
2387,3071
2391,3032
2391,3033
2392,3048
2392,2402
2393,2394
2393,2724
2395,2656
2395,2398
2399,3542
2399,2402
2399,2656
2402,3049
2402,3050
2403,2404
2404,2668
2405,2406
2406,2407
2406,2408
2406,2409
2406,2410
2407,2411
2408,2410
2410,3151
2413,2430
2422,3241
2422,3239
2423,2424
2424,2766
2427,2740
2428,2684
2428,3114
2428,3115
2428,2429
2428,3116
2428,3117
2429,3116
2429,3117
2430,3137
2432,3409
2432,3464
2435,2436
2436,2437
2438,2439
2438,2440
2438,2441
2439,2440
2439,2442
2439,2443
2439,2444
2439,2445
2441,2446
2441,2447
2442,3111
2442,3065
2443,2665
2443,2797
2443,3341
2443,2807
2444,2665
2444,2797
2444,3341
2444,3352
2445,3467
2446,3270
2446,3269
2447,2792
2449,2460
2450,2464
2450,2465
2451,2459
2453,2469
2453,2470
2453,2460
2453,2471
2453,2472
2455,2478
2456,2479
2456,2480
2457,2475
2457,2476
2457,2481
2459,2483
2460,2471
2461,2463
2463,2545
2464,2491
2464,2492
2464,2493
2464,2494
2464,2495
2465,2498
2466,2472
2466,3513
2468,2520
2468,2521
2469,2533
2469,2569
2469,2534
2470,2817
2470,2819
2471,2850
2472,3010
2472,3513
2475,2476
2475,2481
2475,2523
2475,2524
2475,2525
2475,2526
2475,2527
2476,2524
2476,2525
2476,2526
2476,2527
2478,2513
2478,2528
2479,2529
2479,2530
2479,2531
2479,2532
2480,3209
2481,2523
2481,2538
2481,2539
2482,2540
2483,2829
2483,2830
2483,2831
2486,2488
2486,2501
2487,3009
2488,2500
2491,2492
2491,2509
2491,2494
2491,2510
2491,2511
2491,2512
2491,2513
2491,2514
2491,2515
2492,2516
2493,3014
2493,3015
2494,3108
2494,2572
2494,2509
2494,2510
2494,2516
2494,3019
2494,3023
2494,2511
2494,2573
2494,3021
2494,2515
2496,2733
2496,2727
2496,2732
2497,3206
2497,3014
2497,3286
2498,2517
2498,2518
2498,2519
2499,3018
2500,3245
2502,2925
2502,2930
2502,2929
2502,2504
2502,2926
2503,2711
2503,2717
2503,2718
2503,3222
2503,3302
2504,2925
2506,2769
2509,3021
2509,3019
2509,2511
2509,3025
2509,2514
2509,2515
2510,3021
2511,2516
2511,3025
2511,2515
2512,3021
2512,2513
2514,3108
2514,2516
2514,3025
2515,2572
2515,3025
2515,3019
2515,3488
2516,3108
2516,3109
2517,2715
2517,2702
2517,2716
2523,3440
2523,2538
2524,2527
2525,2749
2525,2526
2529,2531
2529,3042
2530,2532
2533,2567
2533,2534
2533,2535
2533,2536
2534,2567
2534,2536
2535,2536
2535,2537
2536,2947
2536,3047
2536,2540
2536,2537
2537,2541
2537,2806
2538,3167
2538,3440
2539,3440
2540,2946
2540,2948
2540,2949
2540,3146
2541,3147
2542,2543
2544,3531
2546,2547
2546,2548
2547,2548
2549,2550
2549,2551
2549,2552
2551,3136
2553,2554
2555,2556
2556,2783
2557,2558
2557,2559
2560,3226
2562,3226
2565,2721
2567,2757
2568,3522
2568,3453
2568,3234
2568,3478
2571,2990
2571,2991
2572,2573
2572,2574
2572,2575
2574,3488
2576,2579
2576,2580
2577,3546
2581,2583
2581,2586
2582,2642
2583,2587
2584,2997
2584,2585
2587,2589
2587,2588
2588,2742
2588,2589
2588,2746
2588,2748
2592,2593
2594,2595
2594,2596
2594,2597
2595,2598
2595,2599
2595,2600
2595,2601
2595,2602
2595,2603
2595,2604
2595,2605
2595,2606
2595,2607
2595,2608
2595,2609
2595,2610
2595,2611
2595,2612
2596,2602
2596,2604
2597,3507
2598,2600
2598,2599
2598,2771
2599,2772
2599,2601
2599,2604
2599,2605
2599,2606
2599,2609
2599,2775
2600,2776
2600,2601
2600,2602
2600,2604
2600,2605
2600,2606
2600,2607
2600,2777
2600,2773
2600,2609
2600,2778
2600,2779
2600,2780
2601,2602
2601,2603
2601,2604
2601,2605
2602,2603
2602,2604
2602,2605
2602,2609
2602,2779
2602,2610
2602,3205
2602,2612
2603,2606
2603,3206
2603,3205
2604,2779
2604,3205
2605,3206
2605,2609
2606,2725
2606,3207
2606,2772
2606,2773
2606,2774
2607,2777
2607,2609
2608,3395
2609,3449
2609,2776
2609,3014
2609,2777
2610,3192
2615,2616
2622,2623
2624,2625
2624,2626
2624,2627
2624,2628
2627,2628
2629,2632
2634,3215
2634,3219
2634,3216
2635,2636
2636,2969
2636,2970
2636,2976
2636,2977
2636,2980
2636,2981
2638,2639
2639,2681
2639,2682
2640,2641
2640,2643
2640,2644
2640,2645
2640,2646
2641,2643
2641,2644
2641,2647
2641,2645
2641,2648
2641,2646
2643,2644
2643,2647
2643,2645
2643,2648
2643,2646
2647,2648
2647,3191
2648,3297
2654,2655
2655,2801
2656,3445
2660,3359
2662,3264
2664,2665
2667,3041
2668,2674
2669,3303
2670,2674
2670,3035
2671,3275
2672,2674
2672,2803
2672,2808
2675,2679
2675,2676
2675,2680
2676,2679
2676,3130
2676,3132
2676,3129
2676,3124
2676,3126
2676,3127
2677,2680
2677,3133
2679,3128
2679,3129
2679,3124
2679,3127
2679,3130
2679,3131
2680,3124
2683,2684
2683,2685
2683,2686
2684,3074
2684,3111
2684,3112
2686,3449
2687,2688
2687,2689
2687,2690
2687,2691
2687,2692
2687,2693
2687,2694
2687,2695
2688,2689
2688,2690
2688,2696
2688,2697
2688,2698
2688,2699
2688,2700
2688,2701
2688,2702
2688,2703
2688,2704
2688,2693
2688,2705
2688,2706
2688,2695
2689,2707
2689,2691
2689,2708
2689,2692
2689,2693
2690,2698
2690,2701
2690,2702
2691,2708
2691,2692
2691,2693
2692,3436
2692,2708
2692,2694
2693,3079
2693,2788
2693,2705
2693,2713
2693,2702
2693,2697
2694,2899
2694,2702
2694,3100
2694,2922
2696,3079
2696,3080
2696,2697
2696,2698
2697,3082
2697,2700
2697,3079
2697,2712
2697,2701
2697,3080
2697,2698
2697,3083
2698,3084
2700,3082
2700,2712
2700,3086
2700,3087
2703,2889
2703,3099
2704,2714
2705,2714
2706,3079
2706,2881
2706,3084
2707,2710
2711,2717
2711,2718
2711,2719
2711,2720
2712,3082
2712,3086
2712,3087
2713,3079
2713,3080
2713,3081
2714,3079
2714,3370
2714,2787
2715,2771
2717,2785
2719,3408
2720,3465
2720,2938
2722,2723
2722,2724
2725,2728
2725,2730
2725,2731
2727,2728
2727,2729
2727,2732
2728,2729
2729,2732
2730,2731
2731,3449
2731,3515
2732,2808
2732,3280
2737,2739
2738,2740
2738,2741
2739,2993
2742,2745
2742,2746
2742,2747
2742,2748
2745,2746
2745,2750
2745,2748
2746,2747
2746,2750
2746,2748
2747,2748
2748,2750
2751,2753
2753,3402
2755,2756
2756,2757
2756,2758
2756,2759
2757,2764
2757,2759
2757,2765
2761,2766
2763,3136
2765,3069
2766,3469
2768,2770
2769,2861
2769,2862
2769,2863
2771,2772
2772,2773
2772,2774
2773,2776
2773,2777
2774,3207
2774,2775
2775,3238
2776,2837
2776,2777
2776,2780
2777,2837
2777,2780
2778,3491
2779,3014
2781,2782
2781,2783
2782,2784
2782,2785
2782,2786
2783,3222
2783,3223
2784,2833
2784,2834
2785,3504
2786,3306
2786,3354
2786,3545
2786,2992
2788,3004
2790,3494
2790,3540
2791,2792
2791,2793
2791,2794
2792,2795
2792,2796
2792,2797
2792,2798
2792,2799
2792,2800
2792,2794
2792,2801
2792,2802
2793,2794
2795,2797
2796,2803
2796,2804
2797,2799
2797,2802
2798,2802
2799,2806
2799,2807
2804,3269
2806,3006
2806,3007
2806,2807
2807,3010
2807,2811
2807,3340
2808,3279
2808,3281
2809,3341
2811,3010
2811,3340
2817,2818
2820,2821
2820,2822
2821,2823
2821,2822
2822,2823
2822,3553
2822,2981
2824,2825
2824,2826
2824,2827
2824,2828
2825,2826
2825,2828
2826,3290
2826,2827
2826,2828
2828,3290
2829,2830
2829,2831
2830,2832
2833,2834
2834,3401
2840,2939
2841,2842
2841,2843
2842,2844
2842,2845
2850,3525
2851,2852
2851,2853
2854,2855
2854,2856
2855,2856
2858,2859
2860,3373
2860,3374
2861,3199
2862,3246
2864,2865
2868,2869
2869,2870
2869,2871
2869,2872
2869,2873
2870,2871
2870,2872
2870,3074
2871,2872
2872,2873
2872,3075
2873,3074
2873,3075
2873,3267
2873,3077
2873,3442
2873,3443
2873,3078
2874,3498
2875,2876
2878,2879
2880,2881
2880,2882
2881,2883
2881,2884
2881,2885
2881,2886
2881,2887
2881,2888
2881,2889
2881,2890
2881,2891
2881,2892
2881,2893
2881,2894
2881,2895
2881,2896
2882,2897
2882,2898
2882,2899
2882,2900
2882,2901
2883,2889
2883,2890
2884,2888
2884,2890
2885,3278
2885,2886
2885,2887
2886,3278
2886,2887
2887,3278
2889,2890
2891,2892
2891,2895
2894,3457
2896,3520
2896,3097
2896,3098
2897,2902
2897,2903
2897,2900
2897,2901
2898,3097
2898,3098
2898,2899
2899,3099
2899,3100
2901,3098
2903,3503
2910,2911
2910,2912
2910,2913
2911,2914
2913,2914
2913,2960
2914,2972
2915,2916
2915,2917
2915,2918
2916,2919
2916,2917
2916,2920
2916,2918
2916,2921
2917,2922
2918,2919
2918,2920
2919,2920
2919,2926
2922,3275
2922,3272
2922,3276
2922,3277
2922,3274
2923,2927
2924,2967
2925,2928
2925,2929
2925,2926
2926,2928
2928,3103
2928,3105
2936,2937
2941,2942
2942,3353
2942,3354
2943,2944
2946,2947
2946,2948
2946,2949
2946,2950
2948,2949
2948,2950
2951,2952
2951,2953
2951,2954
2951,2955
2951,2956
2952,2957
2952,2954
2952,2955
2952,2956
2952,2958
2952,2959
2953,2960
2954,2961
2954,2955
2954,2956
2954,2962
2954,2963
2955,2956
2956,2962
2958,2966
2958,2983
2958,3254
2958,3255
2958,2984
2958,3256
2960,3268
2961,2969
2961,2970
2962,2971
2962,2972
2962,2973
2962,2965
2962,2963
2963,2971
2963,2972
2963,2965
2963,2969
2965,2971
2965,2972
2965,2973
2967,2968
2969,2974
2969,3165
2969,2975
2969,2970
2969,2976
2969,3410
2971,2972
2971,2973
2973,3038
2973,2975
2973,2978
2974,2976
2974,3410
2975,3165
2975,3410
2976,3410
2977,3414
2980,3154
2981,3154
2982,2983
2982,2984
2984,3254
2984,3255
2985,2986
2985,2987
2985,2988
2992,2993
2992,2994
2993,2995
2993,2996
2997,2998
2999,3000
3001,3002
3003,3004
3006,3008
3006,3007
3007,3008
3007,3009
3009,3010
3009,3011
3009,3012
3010,3342
3010,3011
3010,3340
3013,3014
3019,3020
3019,3021
3019,3022
3019,3023
3019,3024
3020,3026
3020,3021
3021,3023
3027,3028
3028,3029
3028,3030
3029,3031
3034,3384
3035,3036
3035,3037
3037,3473
3039,3040
3045,3046
3046,3528
3057,3058
3057,3060
3057,3059
3058,3060
3059,3495
3059,3060
3062,3063
3063,3064
3063,3065
3065,3378
3065,3379
3067,3068
3067,3069
3068,3069
3068,3070
3071,3072
3072,3073
3074,3076
3074,3077
3074,3075
3074,3078
3075,3441
3075,3442
3075,3078
3077,3441
3078,3249
3079,3081
3082,3086
3088,3089
3089,3090
3089,3091
3090,3202
3092,3093
3094,3095
3095,3375
3097,3098
3098,3099
3099,3312
3101,3265
3102,3103
3102,3104
3103,3104
3103,3105
3103,3106
3103,3107
3105,3385
3108,3109
3110,3201
3111,3113
3112,3116
3112,3117
3114,3285
3114,3284
3114,3286
3116,3117
3119,3120
3119,3121
3120,3122
3121,3123
3124,3125
3124,3126
3124,3127
3125,3127
3126,3127
3127,3130
3127,3129
3128,3129
3129,3130
3129,3131
3139,3227
3139,3228
3139,3140
3139,3229
3140,3229
3140,3231
3140,3145
3142,3308
3147,3148
3150,3151
3150,3152
3150,3153
3152,3388
3153,3180
3154,3155
3154,3156
3154,3157
3154,3158
3155,3156
3155,3159
3156,3157
3156,3452
3156,3159
3157,3158
3157,3159
3159,3539
3160,3161
3164,3165
3165,3166
3166,3463
3167,3170
3173,3174
3176,3328
3176,3329
3176,3330
3176,3331
3176,3332
3179,3180
3182,3183
3182,3184
3183,3186
3184,3187
3184,3185
3185,3189
3187,3188
3195,3196
3207,3208
3210,3211
3211,3297
3211,3213
3213,3297
3213,3295
3213,3456
3213,3298
3214,3215
3214,3216
3214,3217
3215,3218
3216,3220
3217,3220
3217,3455
3218,3220
3219,3258
3220,3455
3224,3225
3227,3228
3227,3230
3228,3230
3233,3234
3234,3235
3239,3240
3243,3244
3246,3247
3248,3249
3251,3273
3251,3325
3254,3255
3254,3256
3255,3480
3256,3427
3259,3260
3259,3261
3260,3261
3263,3486
3265,3266
3272,3274
3279,3282
3280,3281
3284,3285
3287,3288
3287,3289
3287,3290
3287,3291
3287,3292
3287,3293
3289,3291
3290,3470
3290,3291
3291,3292
3291,3470
3292,3293
3294,3295
3294,3296
3295,3297
3295,3296
3295,3298
3296,3297
3297,3298
3299,3300
3300,3301
3300,3302
3305,3306
3306,3307
3309,3310
3310,3417
3310,3514
3312,3317
3312,3318
3312,3319
3313,3314
3317,3318
3317,3319
3317,3412
3318,3412
3320,3321
3320,3322
3321,3322
3327,3431
3328,3332
3329,3330
3329,3333
3330,3333
3335,3336
3336,3337
3339,3400
3345,3346
3348,3349
3353,3354
3355,3356
3355,3357
3355,3358
3356,3357
3356,3484
3356,3358
3357,3484
3358,3484
3359,3360
3369,3499
3369,3500
3370,3372
3375,3376
3378,3379
3379,3380
3382,3383
3392,3394
3393,3394
3398,3399
3403,3404
3404,3405
3406,3407
3411,3447
3411,3448
3412,3413
3413,3414
3413,3415
3413,3416
3419,3420
3420,3421
3420,3422
3425,3426
3428,3429
3442,3471
3447,3448
3453,3454
3467,3468
3476,3521
3480,3481
3483,3485
3485,3510
3495,3496
3499,3506
3501,3502
3519,3520
3523,3551
3527,3528
3532,3533
3537,3538
3547,3548
