source,target
0,1
0,2
1,2154
1,2994
2,2210
2,313
2,1153
3,4
3,5
3,6
3,7
3,8
3,9
3,10
3,11
3,12
3,13
3,14
3,15
4,1695
5,1701
5,16
5,18
5,1697
5,1129
5,1702
5,1138
6,591
6,565
6,16
6,18
6,1124
6,1125
6,2202
6,1135
6,2216
6,678
6,35
6,1602
6,1136
6,2180
6,1139
6,1140
7,1392
7,30
7,16
7,18
7,23
7,1129
7,228
7,458
7,1138
7,572
8,1347
8,1416
8,1353
8,1364
8,1417
8,1260
8,1354
8,1252
8,1143
8,567
8,395
8,1365
8,1254
8,630
8,1140
9,16
9,1388
10,1594
10,921
10,922
10,15
10,905
10,853
11,1392
11,34
11,35
12,1701
12,3186
12,16
12,1702
13,14
13,3186
13,57
13,16
14,57
14,906
14,16
15,1260
15,1702
16,17
17,2685
18,19
18,20
19,1392
19,73
19,1935
19,599
19,21
19,674
19,1143
19,1936
19,912
19,1130
19,1938
19,1340
19,323
20,2571
20,882
20,2572
21,22
21,23
21,24
21,25
21,26
21,27
21,28
21,29
21,30
21,31
21,32
21,33
21,34
21,35
21,36
21,37
21,38
21,39
21,40
21,41
22,602
22,604
25,2070
25,29
25,34
25,35
25,2071
25,668
26,2198
26,835
27,30
27,31
27,1133
27,33
27,35
27,1600
27,38
28,600
28,1133
28,2206
28,33
28,41
28,2207
29,657
29,2070
29,34
29,35
29,2071
29,1339
29,668
30,1144
30,31
31,670
31,657
31,130
31,1602
31,1600
31,2222
32,2182
32,1337
32,1387
32,34
32,1338
32,1340
33,1592
33,2206
33,35
33,1600
33,41
34,1392
34,2182
34,676
34,659
34,1248
34,1238
34,1337
34,1336
34,58
34,2084
34,1251
34,1338
34,595
34,677
34,35
34,2225
35,3076
35,2070
35,2196
35,1260
35,666
35,2163
35,2216
35,1921
35,661
35,595
35,1932
35,2290
35,1924
35,591
35,597
35,1152
35,598
37,318
37,319
37,50
37,323
40,2910
40,3194
40,2258
41,1592
41,600
42,43
43,1248
44,45
44,46
44,47
45,1163
45,2334
45,65
45,48
45,544
45,1290
46,390
46,48
46,2793
47,1392
47,2603
47,2606
47,2816
47,2853
47,2142
47,2818
47,674
47,48
49,50
50,322
50,595
50,591
50,318
51,52
51,53
51,54
51,55
51,56
52,2878
53,3115
53,3116
53,1272
53,581
53,1322
54,1136
55,1272
56,2878
57,58
57,59
57,60
57,61
57,62
58,1701
58,874
58,875
58,871
58,879
58,910
58,887
58,890
58,892
58,903
58,131
59,313
60,2528
61,1701
61,874
61,1702
62,978
62,3240
62,657
62,3239
62,3241
63,64
63,65
63,66
63,67
63,68
63,69
63,70
64,71
64,72
64,73
64,74
64,75
65,76
65,77
65,66
65,69
65,78
65,79
65,80
65,81
65,82
65,83
65,84
65,85
65,86
65,87
65,88
65,89
65,90
66,91
66,69
66,70
66,80
66,83
66,87
66,89
66,92
66,93
68,94
68,95
68,70
68,96
69,72
69,97
69,78
69,98
69,91
69,92
70,99
70,100
70,101
70,102
70,103
70,104
70,95
70,105
70,106
70,107
70,108
70,96
71,109
71,97
71,110
71,80
71,111
71,83
71,112
71,113
71,114
71,115
71,116
71,117
71,118
71,119
71,89
71,120
71,121
71,90
71,122
72,97
72,80
72,123
72,124
72,90
74,97
74,1818
74,148
74,115
74,130
74,216
74,2473
75,819
75,2997
76,125
76,126
78,133
78,134
78,99
78,98
78,135
78,83
78,136
78,137
78,89
78,120
78,138
78,139
78,140
79,110
79,715
79,748
79,749
79,750
79,751
79,752
79,753
79,754
79,755
79,756
79,757
79,758
80,191
80,1398
80,1165
80,128
80,1399
80,192
80,382
80,1374
80,380
80,193
80,97
80,1400
80,1401
80,1402
80,712
80,713
80,1370
80,129
80,1166
80,150
80,1403
80,770
80,721
80,513
80,1009
80,1010
80,773
80,109
80,584
80,980
80,1251
80,107
80,355
80,1404
80,1405
80,181
80,114
80,86
80,159
80,116
80,163
80,1406
80,119
80,398
80,508
80,168
80,1407
80,1408
80,404
80,1409
80,122
82,1163
82,1399
82,107
82,1348
82,127
82,2297
82,460
82,119
82,2298
83,133
83,134
83,97
83,1000
83,150
83,98
83,154
83,2390
84,776
84,1311
84,1245
84,1460
85,1967
85,1703
85,88
85,2569
85,90
85,1827
86,1401
86,1370
86,150
86,107
86,770
86,773
86,115
86,1964
86,1219
87,2990
87,116
87,119
87,1172
88,486
88,1567
88,1311
88,1245
88,1273
88,1242
88,878
88,1750
88,871
88,1570
88,368
88,876
88,451
88,1286
88,225
88,217
88,218
89,97
89,120
89,118
89,90
90,1064
91,127
91,128
91,129
91,130
92,712
92,713
92,724
92,723
92,714
92,715
92,141
92,716
93,104
93,95
93,105
94,96
95,102
95,103
95,104
95,108
95,96
95,131
96,1165
96,1401
96,2308
96,586
97,109
97,129
97,114
97,115
97,120
97,132
97,124
97,122
98,133
98,141
98,142
98,143
98,137
98,144
98,139
98,140
99,145
99,146
99,147
99,148
99,149
99,135
99,150
99,151
99,152
99,153
99,154
99,155
99,137
99,156
99,157
99,158
99,159
99,160
99,161
99,162
99,163
99,164
99,165
99,166
99,167
99,168
99,169
99,170
100,171
100,172
100,173
100,174
100,175
100,176
100,177
100,178
101,179
101,180
101,107
101,181
102,108
103,182
103,183
103,184
104,105
104,185
107,878
107,108
107,717
107,116
107,177
107,1406
107,119
107,131
107,1409
108,2795
109,191
109,192
109,193
109,114
109,122
110,818
110,819
110,782
110,784
110,820
111,1398
111,1829
111,1000
111,512
111,1828
111,513
111,1405
111,1831
111,113
111,910
111,1835
111,1830
111,120
111,1661
111,121
112,145
112,2467
112,1370
112,855
112,871
112,1404
112,2065
112,225
112,1218
112,2309
112,1219
112,1217
112,2468
112,2469
112,202
112,261
112,683
113,1398
113,515
113,1829
113,1831
113,120
114,150
114,1032
114,148
114,910
114,115
115,148
115,130
116,1164
116,780
116,2990
116,2991
116,737
116,442
116,181
116,584
117,712
117,713
117,150
117,721
117,723
117,714
117,715
117,141
117,716
117,717
118,247
118,770
118,830
118,2938
119,1165
119,264
119,1164
119,1400
119,1401
119,1036
119,1370
119,2308
119,1167
119,1968
119,2768
119,586
119,826
119,1219
119,584
121,1000
122,150
122,1794
122,148
123,2205
123,1309
123,580
123,1133
124,713
124,716
125,648
125,2062
126,770
127,150
127,2299
128,1036
128,129
128,130
128,159
128,2188
128,2299
129,191
129,2310
129,130
129,2069
129,131
129,2312
130,191
130,2279
130,159
131,2145
131,1756
131,2986
131,874
131,174
131,1962
131,2987
131,878
131,2136
131,871
131,2985
131,2310
131,876
131,2304
131,2679
131,2299
131,1328
131,3311
133,137
133,169
134,194
134,135
134,195
134,196
134,137
134,197
134,156
134,198
134,138
134,199
134,140
134,169
134,200
135,700
135,1017
135,1018
135,195
135,998
135,1000
135,150
135,1001
135,151
135,196
135,1009
135,1010
135,995
135,985
135,986
135,987
135,149
137,1030
137,1017
137,1039
137,195
137,2941
137,150
137,2942
137,197
137,196
137,156
137,1999
137,995
137,154
137,986
137,910
138,1367
138,1167
138,196
138,3254
138,140
139,770
139,142
139,3278
140,194
140,195
140,196
140,532
141,712
141,713
141,714
141,715
141,716
141,717
141,718
143,1014
144,2587
145,201
145,202
146,203
146,204
146,205
146,206
147,207
147,208
147,209
148,210
148,211
148,212
148,213
148,214
148,156
148,215
148,216
148,169
149,984
149,985
149,986
149,987
149,988
149,989
149,990
149,991
149,992
149,993
150,1030
150,987
150,989
150,995
150,1009
150,1010
150,1011
150,152
150,1012
150,1031
150,154
150,225
150,910
150,1032
150,159
150,163
150,1004
150,167
150,168
150,1005
150,1033
150,1006
150,1013
150,170
151,998
151,987
151,991
151,993
151,1015
151,1016
151,910
151,1026
151,1023
151,170
152,1035
152,1036
152,1000
152,1011
152,989
152,162
152,163
152,1037
153,2000
153,1998
153,1999
153,999
154,910
154,1830
154,1033
157,2000
157,197
157,2004
158,837
158,2791
159,191
159,1009
159,1010
159,3054
159,1969
160,1017
160,848
161,3024
161,3150
161,1022
161,166
161,3151
162,163
163,985
163,1011
163,1013
164,2895
164,165
165,1867
165,2895
166,3150
166,3151
167,1017
167,984
167,998
167,1009
167,1010
167,995
167,985
167,986
167,987
167,988
167,1041
167,991
167,1998
168,1009
168,1010
168,1032
168,989
170,998
170,1026
170,1021
170,1013
172,835
173,860
173,859
173,726
173,2239
173,2240
174,384
174,432
174,2587
175,348
175,450
175,780
175,791
175,742
175,792
175,737
175,358
175,452
175,2641
175,359
175,795
175,624
175,448
175,490
175,810
177,1165
177,2308
177,1375
177,3113
179,217
179,218
179,219
179,220
179,221
179,222
179,223
179,224
179,225
179,226
179,227
179,228
179,229
179,230
179,231
179,232
180,1349
180,1373
180,1380
180,1381
180,1374
180,380
180,1370
180,855
180,381
180,1382
180,577
180,1251
180,633
180,634
180,181
180,253
180,887
180,1366
180,767
181,1349
181,1373
181,1374
181,380
181,585
181,1253
181,253
181,1251
181,1239
181,1376
181,2795
181,508
182,1939
182,183
183,1950
184,1950
185,1256
186,187
186,188
186,189
186,190
187,1240
187,769
187,1241
187,391
187,1242
187,1243
187,390
187,251
187,560
187,1236
187,220
187,882
187,1244
187,834
189,256
189,3206
190,3034
190,805
191,1061
191,1006
192,193
192,1405
192,1408
193,2311
194,197
194,198
194,199
196,200
197,1017
197,2941
201,619
201,620
201,621
201,622
201,354
201,623
201,624
201,625
201,626
201,627
201,628
201,629
201,630
202,1370
202,1967
202,451
202,1424
202,2476
202,1791
202,262
202,1218
202,1219
202,1217
202,1221
202,490
203,2058
204,2118
204,1634
204,205
204,2395
204,2396
204,2397
204,2398
205,847
207,1186
207,2823
207,2828
207,1190
207,2006
207,1191
207,1192
207,1652
207,1194
208,3007
208,3004
208,3006
208,2426
208,1651
208,3008
210,1039
210,1014
210,990
210,910
210,1040
210,216
211,212
211,1894
211,1000
211,1001
211,1014
211,910
211,215
211,216
212,1027
213,2546
213,2547
213,2548
214,1937
215,216
216,1014
216,2471
216,2473
217,219
217,484
217,485
217,486
217,351
217,487
217,488
217,223
217,224
217,489
217,490
217,491
217,228
217,492
217,493
217,494
217,495
217,496
217,497
217,498
217,231
217,499
217,500
218,486
218,487
218,223
218,928
218,228
218,492
218,493
218,495
218,497
219,926
220,1247
220,1369
220,1311
220,1273
220,1243
220,1348
220,1248
220,1236
220,1238
220,1324
220,1253
220,1250
220,1410
220,1251
220,1316
220,1256
220,1351
220,834
221,2017
221,1972
221,352
221,1525
221,386
221,2013
221,555
221,2026
221,1564
221,227
221,2027
221,499
221,2028
222,1952
222,2292
222,226
222,230
223,1327
223,487
223,878
223,871
223,876
223,2041
223,2341
223,262
223,224
223,225
223,228
223,229
223,2043
223,492
223,231
223,1351
224,550
224,485
224,487
224,367
224,908
224,368
224,879
224,2041
224,2341
224,861
224,262
224,862
224,228
225,1370
225,878
225,871
225,876
225,2065
226,484
226,2843
226,230
227,2017
227,352
227,1975
227,1882
228,623
228,488
228,786
228,2041
229,908
229,878
229,871
229,876
229,2041
230,484
230,2843
231,1327
231,926
231,878
231,871
231,876
231,1969
232,2030
232,2041
232,262
233,234
233,235
233,236
233,237
233,238
234,237
234,238
235,237
235,238
238,769
238,3048
238,2959
238,3232
239,240
240,1348
240,1248
240,1238
240,249
241,242
241,243
241,244
242,245
243,331
245,246
245,248
246,247
247,1257
250,251
251,252
251,253
251,254
252,255
252,712
252,713
252,714
252,715
252,719
252,721
252,722
252,723
252,724
252,726
252,716
252,717
253,1380
253,1381
253,2745
253,2796
257,258
257,259
257,260
258,259
258,260
258,2938
259,260
261,262
261,263
261,264
262,2357
262,2358
262,2030
262,1879
262,1370
262,855
262,1216
262,1967
262,2359
262,871
262,2360
262,2041
262,1424
262,345
262,460
262,1217
262,1221
262,490
262,1969
263,1349
263,1370
263,855
263,1218
263,766
264,728
264,418
264,448
264,336
265,266
265,267
265,268
265,269
265,270
265,271
265,272
265,273
265,274
265,275
266,483
266,1233
266,1232
266,1202
267,2210
267,2756
267,2755
268,3026
268,3029
268,3027
268,3025
269,270
269,271
270,271
273,2574
273,2576
273,3273
273,2816
273,1215
274,1176
274,1215
275,1215
276,277
276,278
277,544
277,278
277,541
277,545
277,2069
278,559
278,2069
279,280
279,281
279,282
279,283
280,281
280,284
280,285
280,283
280,286
280,287
280,288
280,289
280,290
280,291
281,292
281,293
281,284
281,283
281,294
281,295
281,296
281,297
281,298
281,299
281,300
282,301
282,302
283,376
284,371
284,1868
284,287
284,290
285,539
287,3214
287,775
287,371
287,539
287,370
287,1790
288,3097
288,733
288,374
288,428
288,775
288,427
288,418
288,420
288,421
288,1790
291,1096
292,445
292,446
292,298
293,1267
293,1270
293,1308
293,1329
293,1236
293,296
293,1325
293,442
293,1299
294,386
295,1267
295,1268
295,1270
295,1735
295,1308
295,1467
295,394
295,1589
295,1279
295,422
295,296
295,1572
295,727
295,1293
295,1493
295,1319
295,968
296,2278
296,1438
296,1267
296,1268
296,1706
296,1270
296,1749
296,1347
296,1735
296,1308
296,1309
296,387
296,1467
296,1439
296,1311
296,440
296,1730
296,1243
296,1431
296,1278
296,1441
296,1445
296,1325
296,752
296,441
296,442
296,1523
296,438
296,1838
296,2024
296,1297
297,1270
297,1763
297,1308
297,1429
297,1671
297,1524
298,2645
298,1582
298,2646
300,346
300,443
300,438
300,444
301,1118
301,1119
301,1120
302,1823
302,1119
302,1720
302,1730
302,1429
302,1431
302,1432
302,1677
302,1668
302,1452
302,1463
302,1451
302,1286
302,2460
302,2461
302,2463
302,1435
302,1436
302,1437
302,1475
302,1476
302,1477
302,1479
302,1485
302,1480
302,1107
302,1516
302,1114
302,1497
302,1722
302,477
302,372
303,304
303,305
304,2205
304,2663
304,2219
304,2653
304,2657
304,2658
304,2221
304,2664
306,307
307,1839
307,334
307,1840
307,1841
307,1842
308,309
308,310
308,311
308,312
309,313
310,2671
310,2922
310,2669
310,1211
310,1212
310,311
311,2054
313,314
314,2210
315,316
315,317
316,703
316,325
316,571
316,2246
316,572
318,319
318,320
318,321
318,322
318,323
319,594
319,703
319,708
319,320
319,596
321,591
321,1342
321,1133
321,595
321,1134
321,1125
321,322
321,1129
321,1945
321,1365
321,1359
321,1344
321,1138
322,1178
322,705
322,924
322,1260
322,1143
322,591
322,595
322,782
322,1344
322,323
323,3097
323,3185
323,2237
323,3015
323,3098
323,605
323,705
323,1337
323,571
323,1935
323,2246
323,591
323,599
323,600
323,868
324,325
324,326
324,327
324,328
324,329
324,330
325,570
325,571
325,572
327,705
327,835
328,2787
328,2785
328,2256
328,2786
329,704
330,2872
330,2402
330,704
330,708
330,334
332,333
333,835
335,336
335,337
335,338
335,339
335,340
335,341
336,337
336,342
336,343
336,344
337,732
337,770
337,828
337,829
337,344
338,2359
338,2362
338,2360
338,1404
338,2363
338,2468
339,623
339,625
339,782
340,681
340,3181
340,731
340,1615
340,871
340,763
340,876
340,3182
341,2359
341,2362
341,2360
342,1327
342,871
342,879
342,441
342,347
342,480
342,490
342,508
343,3071
343,2359
343,2362
343,2360
343,2364
344,829
345,346
345,347
345,348
345,349
345,350
345,351
345,352
345,353
345,354
345,355
345,356
345,357
345,358
345,359
345,360
345,361
345,362
345,363
345,364
345,365
346,621
346,622
346,347
346,355
346,1091
346,357
346,1092
346,459
347,855
347,1216
347,460
347,448
347,508
348,1709
348,450
348,353
348,452
348,808
348,454
348,628
349,350
349,1438
349,1810
349,966
349,1603
349,1734
349,470
349,474
350,1836
351,1306
351,1394
351,2030
351,386
351,2019
351,2031
351,816
351,1550
351,637
351,499
352,461
352,1370
353,354
353,460
353,448
353,1279
353,446
353,452
353,810
353,458
354,450
354,1709
354,1751
354,1208
354,427
354,454
354,1753
354,805
354,1754
354,745
354,455
355,357
355,1092
356,2544
356,1262
357,452
357,460
357,473
358,809
358,810
358,1302
359,1972
360,811
360,542
360,544
360,543
360,737
360,1114
360,370
361,450
361,370
363,505
363,449
363,448
363,388
364,367
364,1395
364,1253
364,3292
364,368
366,367
366,368
366,369
367,368
367,2369
367,2370
367,2371
368,550
368,1588
368,2369
368,2372
368,2371
369,811
369,3183
369,2601
370,371
370,372
371,394
371,465
371,385
372,1730
372,1431
372,1492
372,626
373,374
373,375
374,486
374,733
374,1873
374,1875
374,775
374,1790
375,712
375,1873
375,787
377,378
377,379
378,380
378,381
378,382
378,383
378,384
379,680
380,1349
380,1251
380,1253
380,1372
380,1377
380,508
381,1251
382,584
382,585
382,589
383,2587
385,386
385,387
386,2017
386,2014
386,2015
386,2009
386,2018
386,1310
386,814
386,2019
386,2010
386,634
386,2020
386,1525
386,2021
386,2022
386,2012
386,2023
386,2013
386,406
386,606
386,631
386,636
386,541
386,2008
386,2011
386,2024
387,2278
387,1159
387,427
387,1291
387,745
387,455
387,2280
387,2282
389,390
389,391
389,392
389,393
389,394
389,395
389,396
389,397
389,398
389,399
390,400
390,401
390,402
390,398
390,403
390,404
390,405
391,1263
391,1264
391,1265
391,1266
391,1267
391,1268
391,1269
391,1270
391,1271
391,1272
391,1242
391,1273
391,1274
391,1275
391,1276
391,1277
391,1278
391,1279
391,1280
391,1281
391,392
391,1282
391,1283
391,1284
391,1285
391,1286
391,1287
391,1288
391,1289
391,1290
391,1291
391,1292
391,727
391,1293
391,1294
391,1295
391,1296
391,1297
391,1298
391,1092
391,637
391,1299
391,911
391,1300
391,1301
391,1302
391,548
391,1303
391,1304
391,1305
392,1756
392,1267
392,1268
392,1270
392,1271
392,1430
392,1285
392,1283
392,1276
392,1287
392,1757
392,1758
392,1092
392,1724
393,1222
393,2059
393,1292
393,2061
393,2062
393,2060
394,1733
394,1438
394,1267
394,1270
394,966
394,1307
394,1454
394,1279
394,1752
394,1092
394,968
395,1347
395,1412
395,1243
395,1416
395,1364
395,2578
395,1383
395,1260
395,1354
395,1384
395,1355
395,1386
395,1252
395,567
395,1146
395,1254
395,1365
396,2798
396,582
396,1377
396,2799
396,400
396,397
396,1755
396,2800
397,1133
397,1755
397,1727
398,1872
398,402
399,1263
399,871
399,1279
399,876
399,898
399,2040
400,583
400,1117
400,1284
400,2803
400,1279
400,1488
402,1872
402,1112
402,2299
403,1247
403,1369
403,1348
403,1324
403,1332
404,1872
404,820
406,407
406,408
406,409
406,410
406,411
406,412
406,413
406,414
407,606
407,607
407,409
407,608
407,609
408,606
408,638
408,607
409,606
409,642
410,606
412,606
412,2380
413,606
414,606
414,3138
414,3139
415,416
416,503
417,418
418,419
418,420
418,421
418,422
418,423
418,424
418,425
418,426
418,427
418,428
418,429
418,430
418,431
418,432
418,433
418,434
418,435
418,436
418,437
419,422
419,423
419,424
419,427
419,430
419,432
419,433
420,422
420,423
420,424
420,425
420,426
420,427
420,430
420,431
420,432
420,433
420,435
420,437
421,423
421,424
421,427
421,432
421,433
421,435
422,1732
422,1438
422,1531
422,1267
422,1741
422,1705
422,1268
422,1706
422,1464
422,425
422,1465
422,1276
422,430
422,1294
422,1092
423,424
423,1917
425,1270
426,2584
426,864
427,2278
427,450
427,1751
427,812
427,1208
427,1753
427,745
427,455
428,430
429,734
431,754
432,2373
432,879
432,433
437,3302
438,439
438,440
438,441
438,442
438,443
438,444
439,1420
439,505
439,1708
439,1284
439,1287
439,1806
439,443
441,1423
441,508
442,1267
442,1268
442,1270
442,1347
442,1308
442,1311
442,1323
442,1243
442,1325
442,946
442,1564
443,444
444,3308
445,447
446,966
446,1347
446,1562
446,1571
446,2135
446,1289
446,2641
446,1754
446,1302
446,2642
448,449
448,450
448,451
448,452
448,453
448,454
448,455
448,456
448,457
448,458
448,459
449,460
449,461
449,462
449,463
449,464
449,459
450,811
450,737
450,741
450,742
450,812
450,1825
450,452
450,808
450,454
450,624
450,745
450,746
450,1366
450,455
450,809
450,734
450,628
451,1382
451,474
451,1791
451,1221
451,1223
451,1703
451,1826
451,1827
452,1302
453,480
454,735
454,740
454,2593
454,741
454,776
454,780
454,791
454,738
454,788
455,2278
455,806
455,1751
455,722
455,812
455,729
455,1914
455,746
455,809
455,745
455,810
455,460
456,549
456,782
456,2281
457,575
457,460
457,541
459,464
460,470
460,507
460,508
460,509
460,510
460,511
463,562
464,1542
464,2593
464,496
464,871
464,876
464,1286
464,468
465,466
465,467
466,966
466,965
466,967
466,968
467,1372
467,1377
467,1790
468,469
469,470
469,471
470,478
470,479
470,480
470,481
471,562
472,473
473,509
473,511
474,475
475,1708
475,2131
476,477
477,1263
477,1531
477,1267
477,1270
477,1431
477,1440
477,1283
477,1281
477,1558
477,1092
477,1725
477,2206
477,1435
477,1436
477,1437
477,1275
477,1475
477,1476
477,1427
477,1477
477,1479
477,1480
477,1728
477,1721
477,1517
477,1497
477,1294
477,1572
477,1727
477,1679
480,481
480,490
481,2945
481,735
481,2983
481,2982
481,1736
482,483
483,2076
483,1232
483,1233
483,2077
484,1247
484,1248
484,1348
484,1324
484,1356
484,1255
485,1327
485,1243
485,1324
485,1370
485,1424
485,555
485,909
485,490
485,888
485,499
485,858
486,1879
487,2340
487,1395
487,908
487,2341
487,889
487,1882
487,492
487,493
487,497
488,735
488,623
488,776
488,2144
488,625
488,782
488,783
488,784
488,785
488,786
488,1085
488,2280
488,499
488,789
489,1370
489,871
489,876
489,555
489,492
490,1327
490,2358
490,1269
490,1542
490,1216
490,1324
490,888
490,491
490,794
490,889
490,1221
490,561
491,492
492,1327
492,493
492,888
493,494
493,2127
493,908
493,863
494,497
495,1327
495,2300
496,1972
497,2127
497,908
498,970
499,2017
499,552
499,1270
499,1763
499,1474
499,623
499,1245
499,1422
499,2026
499,1113
499,1561
499,551
500,1972
500,969
501,502
501,503
501,504
502,503
502,1117
502,1715
502,1429
502,1431
502,1277
502,1782
503,1715
503,1668
503,1890
503,1891
503,1892
503,547
503,504
503,1893
503,824
503,1566
503,1771
504,1429
504,1526
505,506
506,718
507,1353
507,581
507,633
507,1362
507,1757
507,1414
507,1322
507,2387
507,1415
508,1327
508,1349
508,1377
508,1324
508,1253
508,1372
509,1165
512,513
512,514
512,515
512,516
512,517
512,518
512,519
512,520
512,521
512,522
512,523
512,524
512,525
512,526
512,527
512,528
512,529
512,530
512,531
512,532
512,533
512,534
512,535
512,536
512,537
512,538
513,1398
513,1829
513,1831
513,1830
513,1661
514,2412
514,2432
515,2680
516,517
517,2881
517,518
517,2882
517,2883
517,2884
517,2885
517,2886
517,2887
517,2888
518,2430
518,1639
518,2926
518,2929
518,1653
518,2887
519,2615
519,2618
520,1644
520,2412
520,2410
520,2414
520,2431
520,521
520,2995
521,2411
521,1644
521,522
521,523
521,1647
521,2410
521,2425
521,2995
521,1662
522,523
522,525
522,2996
523,525
523,2996
524,2615
524,2620
524,2621
524,2622
524,2619
524,2630
525,1644
525,2742
525,1817
525,2105
525,1819
525,3190
525,3066
525,2618
525,1639
525,2788
525,2996
525,2628
527,1649
527,1644
527,2615
527,3021
527,3018
527,2618
527,2971
527,2410
527,3022
527,1648
527,2660
532,2887
535,2893
535,1644
535,1992
535,2516
538,1649
538,3021
538,3018
538,3022
538,1648
538,2654
538,2660
538,3020
539,540
541,542
541,543
541,544
541,545
541,546
541,547
541,548
542,2334
542,1513
542,2095
542,544
542,1290
543,1732
543,1308
543,544
543,2095
543,1299
543,2335
544,545
544,2338
544,1413
544,1290
544,1114
546,559
547,552
547,1568
547,1569
547,1277
547,1435
547,1437
547,1476
547,1298
547,2466
547,1670
547,1679
547,1893
548,552
548,1453
548,1666
548,1267
548,1551
548,1307
548,1117
548,1568
548,1309
548,1569
548,1323
548,1312
549,550
550,2281
550,2368
551,552
551,553
551,554
551,555
551,556
551,557
551,558
552,1277
552,1438
552,1715
552,1447
552,1552
552,553
552,1762
552,1763
552,1568
552,554
552,1110
552,1764
552,1765
552,556
552,1563
552,1766
552,1494
552,1767
552,1495
552,558
552,1768
552,1427
552,1519
552,1769
552,1770
552,1771
553,1066
553,1851
553,1067
553,1065
553,1068
553,1762
553,753
553,1474
553,1069
553,1846
553,1076
553,1077
553,554
553,1074
553,1852
553,1081
553,1848
553,1860
553,1079
553,1849
554,1066
554,1851
554,1067
554,1065
554,2091
554,1068
554,1762
554,753
554,1853
554,1071
554,1474
554,2381
554,1846
554,1716
554,1076
554,2092
554,1074
554,2382
554,555
554,1073
554,2383
554,1848
554,1769
554,1849
555,2017
555,1763
555,1474
555,2026
557,2030
557,1762
557,1474
557,2734
557,1669
559,560
560,1235
560,1236
560,1237
560,1238
560,1239
562,563
562,564
565,566
565,567
565,568
565,569
566,1122
566,1121
566,1142
566,1131
566,835
566,1143
566,1144
566,1124
566,1125
566,1126
566,1127
566,1128
566,1145
566,1129
566,1146
566,677
566,1138
566,1139
566,1140
567,1347
567,1416
567,1353
567,1364
567,1383
567,1260
567,1354
567,1384
567,1386
567,1362
567,1146
567,1254
567,1418
567,1365
570,573
570,574
571,835
574,701
575,576
576,1221
577,578
577,579
580,581
580,582
580,583
581,1380
581,1381
581,1372
581,1322
582,583
582,1380
582,1381
583,2803
584,585
584,586
584,587
584,588
584,589
584,590
585,1373
585,1381
585,1312
585,1375
585,589
586,1165
586,2304
586,1172
587,1164
587,3100
588,3178
588,3179
588,589
589,2769
589,3178
589,1064
589,3179
589,2244
591,592
591,593
591,594
591,595
591,596
592,704
594,704
594,710
595,2084
595,1342
595,625
595,782
595,1140
596,702
596,703
596,708
596,1953
596,2978
599,600
599,601
599,602
599,603
599,604
599,605
601,915
601,2488
601,2489
601,2483
601,2490
601,1597
601,602
601,2482
601,604
601,2491
602,915
602,1592
602,2488
602,2489
602,2483
602,2496
602,2490
602,1597
602,702
602,604
602,2491
604,2495
604,1345
604,2482
605,3093
606,610
606,611
606,612
606,613
607,611
607,614
608,2436
608,2917
608,2918
608,638
608,2080
609,1234
614,642
615,616
615,617
615,618
616,617
616,687
616,618
617,687
617,3073
617,618
618,1192
618,1848
618,3110
618,1849
619,735
619,714
619,722
619,620
619,624
619,629
620,735
620,738
620,739
620,714
620,722
620,624
620,629
621,1090
621,622
622,1090
622,1095
622,626
622,630
623,735
623,776
623,738
623,2355
623,625
623,782
623,783
623,784
623,785
623,786
623,2356
623,2280
623,2282
623,789
624,742
624,743
624,722
624,746
624,629
625,735
625,779
625,778
625,2163
625,783
625,1133
625,784
625,785
625,782
626,1175
626,1090
626,1174
626,630
629,3252
629,735
629,739
629,722
629,800
630,1090
630,1095
631,632
631,633
631,634
631,635
633,1381
633,1353
633,634
633,643
633,1372
633,1322
633,1537
634,1381
634,1962
634,1961
634,1963
634,817
634,1537
636,637
637,1347
637,2019
638,639
638,640
638,641
639,1202
639,1203
639,1204
640,1685
640,1692
640,1693
640,1694
644,645
645,998
645,2275
646,647
647,1017
647,1059
647,1060
647,1044
647,835
647,2187
647,1045
647,1147
647,2188
648,649
650,651
651,1394
651,2545
651,2303
651,865
651,2361
652,653
652,654
652,655
652,656
654,924
654,1133
654,1143
654,1357
654,904
655,711
655,663
655,1945
655,1946
656,1460
656,3198
657,658
657,659
657,660
657,661
657,662
657,663
657,664
657,665
657,666
657,667
657,668
657,669
658,1918
658,659
658,661
658,662
658,1919
658,663
658,1920
658,1921
658,1922
658,666
658,1923
658,1924
658,1925
658,1926
658,668
658,1927
659,662
659,1918
659,660
659,661
659,663
659,1928
659,1929
659,1920
659,1921
659,1922
659,1134
659,666
659,1923
659,1930
659,1931
659,678
659,1932
659,1924
659,1933
659,1934
660,1919
660,1935
660,1918
660,661
661,662
661,1919
661,663
661,1928
661,1929
661,1920
661,1921
661,847
661,1918
661,1931
661,1932
661,1924
661,1901
662,670
662,1919
662,666
662,1927
663,1919
663,1388
664,672
664,1585
665,2189
665,2190
665,1575
665,835
665,2172
665,1578
665,2191
665,1901
666,1919
666,2196
666,1928
666,835
666,1388
667,2474
667,1598
667,1901
670,671
671,1898
672,673
674,675
674,676
674,677
674,678
674,679
675,1247
675,676
675,2602
676,677
676,1231
676,2608
677,1131
677,2210
677,2086
677,1231
677,1343
678,679
678,2484
678,2483
678,2492
678,1340
680,681
680,682
681,759
681,830
681,1914
681,824
683,684
683,685
684,686
688,689
688,690
688,691
689,1956
689,1957
689,1958
690,2852
690,2759
690,2761
690,691
691,2852
692,693
692,694
692,695
692,696
693,697
693,698
693,696
694,2511
695,3307
697,2121
697,2120
697,698
697,2122
699,700
700,1000
703,704
703,705
704,706
704,707
705,2261
705,2262
705,2263
705,2264
707,850
708,709
710,3001
712,719
712,713
712,714
712,715
712,720
712,721
712,722
712,723
712,724
712,725
712,726
712,716
712,717
712,727
712,718
713,714
713,715
713,719
713,720
713,721
713,722
713,723
713,724
713,725
713,716
713,717
713,718
714,728
714,719
714,720
714,721
714,722
714,729
714,723
714,715
714,716
714,717
714,718
714,730
715,719
715,731
715,721
715,732
715,716
715,717
715,718
716,721
716,723
716,717
716,718
717,719
717,721
717,773
717,723
718,3268
718,3269
718,3125
719,733
719,720
719,721
719,722
719,723
719,724
720,722
720,736
721,722
721,723
721,724
722,728
722,735
722,737
722,729
723,724
723,725
723,747
724,765
726,2182
726,1347
726,835
727,2126
727,1461
727,1735
727,1568
727,1569
727,1534
727,1464
727,1278
727,1493
727,1443
727,1536
727,1293
727,1296
728,734
729,740
729,741
729,742
729,743
729,744
729,745
729,746
730,741
730,1515
730,2675
730,1260
730,2079
730,1282
730,1830
730,732
730,887
730,2759
731,759
731,760
731,761
731,762
731,763
731,764
731,765
731,766
731,767
732,768
732,769
732,770
732,771
732,772
732,773
733,774
733,775
734,1258
734,2282
735,738
735,776
735,777
735,778
735,779
735,780
735,781
735,782
735,783
735,784
735,785
735,786
735,787
735,788
735,789
736,2904
736,2903
737,741
737,790
737,780
737,791
737,742
737,792
737,743
737,744
737,793
737,794
737,795
737,796
737,797
737,798
737,799
738,776
738,800
738,781
738,783
738,801
738,788
738,802
738,796
739,803
740,804
740,741
740,743
740,744
740,790
740,805
741,803
741,806
741,744
741,807
741,808
741,805
741,809
741,810
742,811
742,812
742,808
742,805
742,746
742,809
743,768
743,790
743,770
743,812
743,746
743,809
743,813
744,806
744,814
744,815
744,808
744,816
744,809
744,817
745,2278
745,1751
745,812
745,746
745,1753
747,871
748,1084
748,1085
748,755
749,750
749,1993
750,1994
750,1995
750,1996
751,1854
751,1997
751,1993
752,2283
752,2284
752,2282
752,758
753,1083
754,1298
757,1854
757,1857
757,1845
758,1066
758,1850
758,1067
758,1068
758,1070
758,1071
758,1845
758,2972
758,1074
758,1858
759,770
759,821
759,761
759,822
759,823
759,765
759,824
760,761
761,821
761,762
761,1912
761,824
762,763
762,765
763,2441
763,1912
763,764
763,765
764,3182
765,823
766,1615
766,871
766,876
766,894
767,1381
768,770
768,825
768,826
768,827
769,830
769,831
769,832
769,833
769,834
770,773
770,821
770,835
770,836
770,820
771,772
771,773
771,821
771,830
771,837
772,838
772,839
772,773
772,821
772,837
773,822
773,839
773,830
773,821
773,840
773,841
773,842
774,792
774,2919
774,968
775,1790
776,1223
776,1377
776,777
776,778
776,779
776,782
776,783
776,784
776,785
776,786
776,788
776,789
777,778
779,2144
780,791
780,792
780,795
780,805
780,788
780,802
780,2047
780,796
780,2919
781,2944
781,1640
781,807
781,788
782,1059
782,1178
782,1248
782,924
782,1250
782,786
782,2355
782,783
782,2144
782,801
782,1239
782,1133
782,800
782,784
782,1143
782,1344
782,785
783,786
783,784
783,785
783,789
784,786
784,2144
784,785
784,3164
784,789
785,786
785,789
786,2030
786,2029
786,789
787,2852
788,2497
788,2944
788,802
788,798
791,792
791,795
791,796
792,795
792,796
792,968
794,1216
795,2944
795,805
795,802
795,2047
795,796
796,802
796,1093
796,1790
796,798
797,2497
798,2944
798,802
798,1093
802,2944
802,821
803,805
803,1095
804,2021
804,2048
805,1753
806,1270
806,2600
806,2601
807,2945
807,2249
807,2250
807,2193
807,1076
807,1291
807,2782
808,811
809,1542
809,812
809,1709
810,2249
810,1540
810,812
810,1754
810,1758
811,1815
812,2050
813,1395
814,2032
814,2033
814,2020
814,2021
814,2022
814,2034
814,815
814,816
814,1550
814,2035
815,2023
815,2025
816,1306
816,1549
816,1310
816,1562
816,1561
816,2925
816,2022
816,1563
816,1435
816,1436
816,1437
816,1475
816,1476
816,1477
816,1479
819,2497
819,2038
820,1854
820,1061
820,2991
820,3193
820,821
821,1615
821,830
821,1535
822,830
822,1789
824,3216
824,1893
825,3119
825,1704
825,1389
825,3118
826,912
828,874
828,871
828,876
828,2988
828,897
829,3250
830,839
830,840
831,2199
834,3162
834,1243
834,1236
834,1326
834,1244
835,1102
835,2165
835,2166
835,2167
835,2168
835,1134
835,1870
835,2169
835,2170
835,1357
835,1144
835,2171
835,2172
835,2173
835,914
835,1342
835,1385
835,1388
836,2300
837,3137
838,1913
839,842
840,1816
840,974
840,3215
840,2445
840,3152
840,973
840,2446
840,2864
840,972
842,1476
843,844
843,845
844,850
845,1205
845,925
846,847
846,848
846,849
847,985
847,1024
847,848
847,1022
847,1025
848,1024
848,1017
848,2162
848,1049
848,1022
848,3148
849,2659
849,1800
851,852
851,853
852,894
853,894
854,855
854,856
854,857
854,858
855,864
855,1217
855,1218
855,1219
855,858
857,1090
857,864
858,3002
858,864
859,860
860,2240
861,862
861,863
862,1971
862,2358
862,871
862,876
862,2041
862,909
863,1971
863,1795
863,908
866,867
867,1400
867,2064
869,870
869,871
869,872
870,873
871,874
871,875
871,876
871,877
871,878
871,879
871,880
871,881
871,882
871,883
871,884
871,885
871,886
871,887
871,888
871,889
871,890
871,891
871,892
871,893
871,894
871,895
871,896
871,897
871,898
871,899
871,900
871,901
871,902
871,903
872,1164
872,3297
873,875
873,3288
874,876
874,878
874,882
874,904
874,897
874,905
875,906
875,881
875,882
875,883
875,890
875,892
875,897
876,907
876,877
876,908
876,879
876,909
876,882
876,884
876,910
876,888
876,893
876,895
876,897
876,911
876,912
876,898
876,901
876,902
876,903
877,1324
877,1350
878,907
878,1395
878,2136
878,903
879,1395
879,1396
879,908
879,2373
879,1350
879,909
879,885
879,889
880,1369
880,1324
880,1350
880,1254
881,2591
881,2590
881,910
882,1270
882,904
882,2572
882,883
882,2546
882,884
882,1282
884,907
884,2679
884,910
885,2145
885,1245
885,1273
885,1246
885,1395
885,1325
885,1328
886,2877
887,1420
887,910
887,892
888,1324
888,2679
889,1327
889,1216
889,1419
890,1593
890,899
891,3157
891,895
893,1248
893,1324
893,1239
893,3235
894,1615
895,3157
895,3156
895,896
895,899
895,900
896,3157
896,3156
896,2902
898,1395
898,1396
898,1350
899,900
899,901
901,2967
904,1178
905,1701
905,1702
906,913
906,914
906,915
906,916
906,917
907,918
907,909
908,2340
908,926
908,1395
908,1350
908,1336
909,2358
909,1972
909,1719
910,1039
910,998
910,1000
910,1001
910,2939
910,1032
910,995
910,1014
910,1016
910,989
910,1021
911,1420
911,966
911,1323
911,1318
911,1573
912,1935
912,1389
912,3118
912,1130
913,1636
915,2488
915,2490
919,920
919,921
919,922
920,982
920,2736
921,2912
922,2449
923,924
924,1122
924,1341
924,1123
924,1238
924,1239
924,1252
924,1260
924,1342
924,1133
924,1124
924,1343
924,1141
924,1344
924,1345
924,1346
924,1140
926,927
927,929
927,930
927,931
927,932
927,933
927,934
927,935
927,936
927,937
927,938
927,939
927,940
927,941
927,942
927,943
927,944
927,945
927,946
927,947
927,948
927,949
927,950
927,951
927,952
927,953
927,954
927,955
927,956
927,957
927,958
927,959
927,960
927,961
927,962
927,963
927,964
928,1327
928,2300
928,1967
928,3188
929,930
930,931
930,932
930,933
931,932
931,933
931,1979
931,934
931,1980
931,936
931,1981
931,938
931,939
931,1180
931,940
931,941
931,942
931,943
931,944
931,1982
931,946
931,947
931,948
931,1983
931,949
931,1984
931,950
931,953
931,1985
931,1986
931,956
931,958
931,1987
931,1988
931,1989
931,1990
931,962
931,1991
932,1979
932,934
932,1980
932,938
932,1180
932,943
932,1982
932,946
932,947
932,948
932,950
932,1986
932,956
932,1987
932,1988
932,1989
932,1990
932,1991
932,963
933,1979
933,935
934,1992
934,1979
934,1980
934,944
934,1650
934,950
934,1988
935,961
936,2594
937,1981
937,2647
937,2354
937,2704
937,2710
937,2701
937,2712
937,943
937,2702
937,2714
937,2718
937,2728
937,1991
938,1979
938,939
938,1980
938,1180
938,946
938,963
939,940
939,958
939,963
940,1179
940,2838
940,957
940,958
941,2908
941,946
941,948
941,1983
941,949
941,1984
941,1985
941,2909
941,1989
941,1990
942,1816
942,2915
942,1979
942,2916
942,1980
943,1981
943,2647
943,2354
943,1179
943,2717
943,1991
944,2407
944,1979
944,1980
946,1979
946,1180
947,1979
947,2594
948,1979
948,1180
948,2594
948,963
949,2594
950,1979
950,1980
950,1986
951,3177
951,960
953,2377
956,3177
956,1979
956,1980
956,963
957,2108
957,1181
958,1979
958,1980
959,3221
960,961
961,3177
963,1979
963,1980
963,1717
966,1267
966,1268
966,1270
966,1279
966,1552
966,1734
966,1463
966,1752
966,1289
966,1318
966,1837
966,1519
966,1527
966,968
967,1307
967,1464
967,1465
967,1279
967,1441
967,1305
968,1733
968,1267
968,1268
968,1270
968,1271
968,1308
968,1274
968,2675
968,1730
968,1279
968,1709
968,1092
968,1435
968,1436
968,1437
968,1476
971,972
971,973
971,974
972,2445
972,2446
973,974
973,2910
973,2911
974,2229
974,2910
974,2258
974,2912
974,983
975,976
976,1007
977,978
977,979
978,2104
978,2772
978,979
978,2774
978,2725
978,2055
979,2772
979,2774
979,2725
980,981
981,1056
981,2391
982,983
983,2258
983,2736
983,1154
983,1155
985,994
985,995
985,986
985,992
985,996
985,997
986,998
986,995
986,987
986,991
986,993
986,999
986,997
987,998
987,1000
987,1001
987,995
987,1002
987,1003
987,1004
987,1005
987,1006
988,1007
988,1008
989,1000
989,1009
989,1010
989,1011
989,1012
989,1013
990,1002
990,1014
990,1013
991,998
991,1015
991,1016
992,995
992,1019
992,993
992,1020
993,998
993,1001
993,1021
993,1013
994,995
995,1019
995,996
995,1022
995,997
995,1005
995,1023
997,3294
998,1001
998,1002
998,1003
998,1015
998,1016
998,1026
998,1004
998,1027
998,1005
998,1023
998,1028
999,2003
999,1998
1000,1004
1000,1029
1000,1027
1000,1005
1000,1006
1001,1002
1002,1034
1002,1003
1002,1027
1003,1034
1003,1004
1003,1006
1004,1016
1004,1026
1006,1016
1007,2366
1007,2934
1007,2273
1008,2682
1008,2683
1009,1010
1009,1012
1009,1031
1009,1032
1009,1013
1010,1012
1010,1031
1010,1013
1011,1029
1012,1031
1012,1013
1014,1038
1015,1016
1017,1041
1017,1042
1017,1043
1017,1044
1017,1045
1017,1046
1017,1047
1017,1048
1017,1049
1017,1050
1017,1051
1017,1052
1017,1053
1017,1054
1017,1055
1018,1056
1018,1057
1020,2633
1021,1026
1022,1024
1022,3149
1022,2162
1022,2445
1022,2791
1024,2162
1024,1028
1025,1053
1027,1894
1028,1999
1031,1064
1033,2769
1036,1058
1036,1059
1036,1060
1036,1061
1036,1045
1036,1044
1036,1062
1036,1050
1036,1063
1037,1817
1037,1818
1038,2471
1038,2475
1038,2473
1040,2956
1041,1043
1042,2006
1042,1192
1042,2007
1042,1194
1044,1058
1044,1059
1044,1045
1044,1147
1045,1058
1045,1059
1045,1060
1045,1147
1045,1063
1045,1055
1046,1104
1046,1100
1047,3061
1047,1048
1047,2426
1048,3063
1048,3064
1048,3065
1048,2895
1050,1058
1050,1059
1050,1062
1050,1768
1051,2615
1051,2622
1051,2627
1051,2626
1052,3061
1052,3007
1052,3189
1054,1644
1054,3312
1054,1431
1054,2734
1055,1058
1055,1059
1056,2942
1056,2176
1058,1059
1058,1060
1059,1060
1059,1147
1059,1063
1060,1134
1060,1063
1060,1339
1060,2203
1062,1104
1064,1164
1065,1066
1065,1067
1065,1068
1065,1069
1065,1070
1065,1071
1065,1072
1065,1073
1065,1074
1065,1075
1066,1067
1066,1076
1066,1068
1066,1077
1066,1071
1066,1074
1066,1078
1066,1079
1066,1080
1067,1077
1067,1071
1067,1072
1067,1081
1067,1082
1067,1083
1067,1078
1067,1079
1067,1080
1068,1844
1068,1850
1068,1851
1068,1077
1068,1076
1068,1069
1068,1846
1068,1070
1068,1071
1068,1073
1068,1852
1068,1081
1068,1847
1068,1083
1068,1848
1068,1849
1069,1077
1069,1070
1069,1853
1069,1071
1069,1076
1069,1846
1069,1073
1069,1852
1069,1848
1069,1849
1070,1844
1070,1854
1070,1072
1070,1071
1071,1844
1071,1854
1071,1851
1071,1857
1071,1077
1071,1072
1071,1853
1071,1073
1071,1074
1071,1847
1072,1844
1072,1854
1072,1077
1072,1073
1072,1847
1072,1767
1073,1854
1073,1853
1073,1076
1073,2092
1073,1074
1073,1848
1073,1858
1074,1844
1074,1846
1074,1076
1074,1848
1074,1078
1074,1849
1074,2384
1075,2132
1075,1161
1075,1537
1076,1844
1076,1845
1076,1846
1076,1847
1076,1848
1076,1078
1076,1849
1077,1844
1077,1850
1077,1857
1077,1081
1077,1858
1077,1079
1078,1844
1078,1850
1078,1846
1078,3050
1078,3052
1078,1191
1078,1192
1078,1847
1078,1849
1079,1844
1079,1850
1079,1762
1079,2652
1079,1847
1079,1858
1080,2384
1082,1514
1082,1861
1082,2792
1083,2598
1083,2088
1083,2613
1086,1087
1086,1088
1086,1089
1087,2079
1087,1089
1087,2506
1090,1093
1090,1094
1091,2671
1091,1209
1091,2674
1091,2669
1091,2675
1091,1208
1091,1212
1092,1733
1092,1264
1092,1438
1092,1756
1092,1467
1092,1515
1092,1534
1092,1730
1092,1470
1092,1279
1092,1282
1093,2739
1094,2479
1095,2937
1097,1098
1097,1099
1098,2682
1098,2794
1098,2197
1099,2682
1099,2794
1100,1101
1100,1102
1100,1103
1100,1104
1100,1105
1100,1106
1101,1575
1102,1902
1102,1597
1102,1903
1102,2181
1102,1106
1103,2836
1104,1575
1106,2389
1106,1902
1106,2154
1106,1900
1106,1904
1106,2156
1107,1108
1108,1820
1109,1110
1110,1762
1110,1481
1110,1764
1110,1768
1111,1112
1111,1113
1111,1114
1111,1115
1113,1730
1113,1429
1113,1431
1113,1432
1113,1677
1113,1452
1113,1276
1113,1437
1113,1738
1113,1322
1113,1682
1114,1431
1114,1677
1114,1678
1114,2095
1114,1437
1116,1117
1117,1637
1117,1640
1117,1641
1117,1642
1119,1681
1119,1476
1119,1720
1119,1823
1119,2460
1119,2461
1119,1500
1119,1761
1121,1122
1121,1123
1121,1124
1121,1125
1121,1126
1121,1127
1121,1128
1121,1129
1121,1130
1122,1131
1122,1132
1122,1133
1122,1134
1122,1124
1122,1125
1122,1126
1122,1127
1122,1128
1122,1129
1122,1135
1122,1136
1122,1137
1122,1138
1122,1139
1122,1140
1123,1360
1123,1361
1123,1347
1123,1362
1124,1131
1124,1132
1124,1133
1125,1132
1125,1134
1125,2202
1125,1133
1125,1139
1126,2253
1126,1928
1126,2183
1126,1144
1126,1385
1126,1127
1126,1128
1126,1145
1126,1418
1126,2174
1126,2254
1126,1946
1126,2255
1126,1388
1126,2256
1126,2257
1126,1139
1127,2253
1127,1128
1127,1385
1127,2183
1127,1145
1127,2254
1127,1946
1127,2255
1127,1388
1127,2256
1127,2257
1127,1139
1128,2253
1128,1385
1128,2183
1128,1145
1128,1129
1128,2185
1128,2254
1128,1946
1128,1388
1128,1137
1128,2289
1128,1138
1128,1139
1128,1140
1129,1132
1129,1364
1129,1383
1129,2196
1129,1260
1129,1354
1129,1384
1129,1355
1129,2487
1129,1386
1129,1387
1129,2482
1129,1135
1129,1136
1129,1137
1129,1138
1129,1351
1129,1140
1130,1392
1130,1935
1130,1339
1131,1141
1132,1133
1132,1141
1132,1137
1132,1138
1132,1139
1133,1247
1133,1178
1133,1341
1133,2070
1133,1248
1133,2167
1133,1238
1133,1249
1133,1134
1133,1364
1133,1383
1133,1417
1133,1354
1133,1384
1133,1250
1133,1251
1133,1252
1133,1239
1133,1331
1133,1342
1133,1362
1133,2174
1133,1135
1133,1345
1133,1136
1134,2070
1134,1135
1134,1141
1134,1136
1134,2186
1134,1137
1134,1138
1134,1140
1135,1341
1135,1206
1135,1260
1135,2758
1135,2216
1135,1343
1135,1140
1136,1341
1136,1260
1136,2758
1136,2216
1136,1343
1136,3093
1136,1140
1137,1145
1137,2185
1137,2289
1138,1364
1138,1383
1138,2196
1138,1260
1138,1354
1138,1384
1138,1355
1138,2487
1138,1386
1138,1387
1139,1697
1139,1140
1140,1248
1140,1206
1140,1260
1140,2216
1140,1343
1140,1365
1140,1342
1141,2167
1141,1145
1141,2549
1141,2981
1143,1352
1143,1936
1143,1342
1143,1146
1143,1344
1143,1334
1143,1351
1144,1388
1145,2167
1145,2183
1145,2290
1145,1388
1146,1364
1146,1383
1146,1260
1146,1354
1146,1384
1146,1355
1146,1254
1146,1418
1147,2480
1148,1149
1148,1150
1148,1151
1149,2703
1149,2691
1149,1981
1149,2704
1149,2693
1149,2695
1149,2701
1149,2705
1149,2706
1149,2707
1150,1981
1150,2647
1150,2651
1150,2648
1150,1941
1150,2699
1150,1982
1150,2717
1151,2692
1151,3217
1151,1982
1151,2699
1156,1157
1157,1280
1158,1159
1159,2286
1160,1161
1161,2905
1162,1163
1162,1164
1163,1165
1163,1166
1163,1167
1163,1168
1163,1169
1163,1170
1163,1171
1163,1172
1164,1173
1165,1401
1165,2308
1165,1167
1165,2065
1165,2309
1165,1375
1165,2310
1165,1168
1165,2304
1165,1172
1166,1367
1166,2302
1166,1167
1166,2304
1167,1367
1167,2302
1167,2308
1167,1401
1167,2304
1167,1172
1168,2308
1168,2310
1168,2065
1168,1172
1170,1367
1172,1401
1172,2308
1172,2304
1174,1175
1177,1178
1178,1414
1178,2201
1179,1180
1179,1181
1180,1979
1181,1816
1181,2108
1181,3089
1181,3090
1182,1183
1182,1184
1183,1816
1183,2115
1184,1864
1184,3280
1184,3282
1185,1186
1185,1187
1186,1187
1186,1188
1186,1189
1186,1190
1186,1191
1186,1192
1186,1193
1186,1194
1186,1195
1186,1196
1187,1192
1188,1189
1188,1193
1188,1194
1188,3084
1189,1194
1189,3084
1191,2006
1191,1192
1191,2830
1191,3051
1191,1194
1192,2822
1192,2007
1192,2863
1192,2006
1193,1194
1194,2421
1194,1631
1194,3051
1195,3251
1196,2205
1197,1198
1197,1199
1197,1200
1197,1201
1198,2556
1198,3016
1199,2155
1199,3132
1199,3133
1199,1610
1199,2807
1202,1622
1202,2073
1202,1233
1202,1692
1202,1623
1202,1628
1202,2072
1202,1694
1203,2779
1203,2781
1203,1204
1204,2075
1207,1208
1207,1209
1207,1210
1207,1211
1207,1212
1207,1213
1207,1214
1208,1209
1208,2669
1208,1751
1208,1709
1208,2670
1209,2671
1209,2669
1209,2672
1209,1210
1209,1211
1209,1212
1209,1213
1209,1486
1209,2673
1210,1211
1210,1212
1210,1213
1211,2671
1211,2669
1211,1212
1211,1213
1211,2920
1211,2921
1212,2671
1212,1486
1212,1213
1214,2671
1216,1220
1216,1221
1217,1370
1217,1967
1217,1218
1217,1221
1218,1370
1218,1219
1219,1370
1219,2064
1219,2065
1219,2468
1220,1222
1220,1223
1220,1224
1220,1225
1221,2357
1221,1370
1221,1967
1221,1239
1222,1226
1222,1227
1222,1223
1222,1228
1222,1224
1222,1229
1223,1227
1223,2479
1223,2476
1224,2063
1224,1400
1224,2478
1224,1227
1224,1703
1224,1229
1224,1225
1224,1969
1224,1827
1226,2059
1226,1227
1227,1400
1227,1791
1227,1228
1227,1229
1228,1400
1228,2478
1228,1229
1228,2064
1228,1791
1228,1827
1230,1231
1232,1233
1236,1245
1236,1243
1236,1246
1236,1244
1238,1247
1238,1248
1238,1249
1238,1239
1238,1250
1238,1251
1238,1252
1238,1253
1239,1247
1239,1248
1239,1249
1239,1250
1239,1251
1239,1252
1239,1253
1239,1254
1239,1255
1239,1256
1240,1257
1240,1258
1241,1259
1241,1260
1241,1261
1241,1262
1242,1306
1242,1267
1242,1268
1242,1270
1242,1307
1242,1308
1242,1309
1242,1310
1242,1311
1242,1312
1242,1273
1242,1274
1242,1313
1242,1314
1242,1315
1242,1288
1242,1289
1242,1316
1242,1317
1242,1318
1242,1319
1242,1320
1242,1321
1242,1322
1243,1247
1243,1311
1243,1323
1243,1324
1243,1325
1243,1326
1243,1244
1244,3305
1244,3306
1244,1730
1244,1246
1244,2146
1245,1327
1245,1311
1245,1246
1245,1325
1245,1328
1246,1330
1247,1259
1247,1248
1247,1249
1247,1250
1247,1324
1247,1331
1247,1332
1247,1254
1247,1333
1247,1334
1247,1256
1247,1335
1248,1250
1248,1251
1248,1252
1248,1260
1248,1336
1248,1337
1248,1338
1248,1334
1248,1339
1248,1340
1249,1250
1249,1331
1250,1347
1250,1348
1250,1324
1250,1252
1250,1254
1250,1256
1250,1335
1251,1349
1251,1348
1251,1324
1251,1260
1251,1350
1251,1253
1251,1254
1251,1256
1251,1351
1252,1352
1252,1353
1252,1354
1252,1355
1252,1351
1253,1349
1253,1397
1253,1348
1253,1324
1253,1350
1253,1332
1253,1372
1253,1254
1254,1393
1254,1369
1254,1364
1254,1383
1254,1324
1254,1260
1254,1354
1254,1384
1254,1350
1254,1355
1254,1386
1254,1365
1256,2199
1256,2175
1257,1872
1260,1347
1260,1261
1260,1354
1260,1355
1260,1383
1260,1384
1260,1385
1260,1386
1260,1387
1260,1388
1260,1389
1260,1390
1260,1334
1260,1391
1262,1363
1262,1463
1262,1825
1263,1531
1263,1497
1263,1294
1263,1532
1264,1446
1264,1454
1264,1467
1264,1533
1264,1534
1264,1470
1264,1535
1264,1536
1264,1508
1265,1522
1265,1301
1265,1304
1266,1301
1266,1537
1267,1428
1267,1311
1267,1270
1267,1308
1267,1329
1267,1268
1267,1272
1267,1307
1267,1309
1267,1312
1267,1273
1267,1274
1267,1429
1267,1430
1267,1431
1267,1432
1267,1433
1267,1434
1267,1276
1267,1277
1267,1435
1267,1436
1267,1437
1267,1438
1267,1439
1267,1440
1267,1278
1267,1441
1267,1442
1267,1443
1267,1282
1267,1444
1267,1283
1267,1445
1267,1446
1267,1447
1267,1448
1267,1449
1267,1450
1267,1451
1267,1452
1267,1453
1267,1454
1267,1455
1267,1284
1267,1456
1267,1457
1267,1458
1267,1459
1267,1460
1267,1461
1267,1462
1267,1463
1267,1464
1267,1465
1267,1422
1267,1466
1267,1285
1267,1467
1267,1468
1267,1469
1267,1410
1267,1470
1267,1471
1267,1472
1267,1473
1267,1474
1267,1475
1267,1476
1267,1477
1267,1478
1267,1287
1267,1479
1267,1480
1267,1481
1267,1316
1267,1482
1267,1483
1267,1484
1267,1485
1267,1486
1267,1291
1267,1487
1267,1488
1267,1489
1267,1490
1267,1491
1267,1492
1267,1293
1267,1493
1267,1494
1267,1495
1267,1496
1267,1497
1267,1498
1267,1499
1267,1500
1267,1501
1267,1502
1267,1503
1267,1504
1267,1505
1267,1506
1267,1301
1267,1507
1267,1508
1267,1509
1268,1538
1268,1311
1268,1270
1268,1308
1268,1329
1268,1307
1268,1312
1268,1273
1268,1429
1268,1430
1268,1431
1268,1432
1268,1433
1268,1277
1268,1436
1268,1437
1268,1440
1268,1278
1268,1441
1268,1442
1268,1443
1268,1282
1268,1444
1268,1283
1268,1446
1268,1447
1268,1448
1268,1449
1268,1451
1268,1452
1268,1454
1268,1284
1268,1456
1268,1457
1268,1458
1268,1459
1268,1461
1268,1512
1268,1464
1268,1465
1268,1422
1268,1466
1268,1285
1268,1468
1268,1410
1268,1470
1268,1471
1268,1472
1268,1473
1268,1475
1268,1476
1268,1477
1268,1478
1268,1287
1268,1479
1268,1480
1268,1481
1268,1316
1268,1516
1268,1485
1268,1291
1268,1487
1268,1488
1268,1490
1268,1492
1268,1493
1268,1498
1268,1539
1268,1500
1268,1503
1268,1504
1268,1505
1268,1506
1268,1521
1268,1508
1268,1509
1269,1274
1269,1434
1269,1439
1269,1540
1269,1541
1269,1491
1269,1542
1269,1294
1269,1543
1269,1544
1269,1545
1269,1301
1269,1537
1269,1546
1270,1428
1270,1311
1270,1323
1270,1308
1270,1329
1270,1272
1270,1307
1270,1312
1270,1273
1270,1274
1270,1429
1270,1430
1270,1431
1270,1432
1270,1433
1270,1510
1270,1434
1270,1276
1270,1277
1270,1436
1270,1437
1270,1439
1270,1440
1270,1278
1270,1441
1270,1442
1270,1443
1270,1282
1270,1444
1270,1446
1270,1447
1270,1448
1270,1449
1270,1450
1270,1451
1270,1511
1270,1452
1270,1454
1270,1455
1270,1284
1270,1456
1270,1457
1270,1458
1270,1459
1270,1460
1270,1461
1270,1512
1270,1463
1270,1464
1270,1465
1270,1422
1270,1313
1270,1466
1270,1285
1270,1467
1270,1410
1270,1470
1270,1513
1270,1286
1270,1471
1270,1472
1270,1473
1270,1514
1270,1474
1270,1475
1270,1476
1270,1477
1270,1478
1270,1287
1270,1479
1270,1480
1270,1481
1270,1316
1270,1482
1270,1515
1270,1484
1270,1516
1270,1485
1270,1291
1270,1487
1270,1488
1270,1489
1270,1490
1270,1492
1270,1293
1270,1493
1270,1497
1270,1517
1270,1498
1270,1518
1270,1499
1270,1500
1270,1295
1270,1501
1270,1297
1270,1298
1270,1519
1270,1520
1270,1502
1270,1503
1270,1504
1270,1505
1270,1506
1270,1521
1270,1507
1270,1508
1270,1509
1271,1455
1271,1284
1271,1448
1271,1456
1271,1308
1271,1431
1271,1433
1271,1440
1271,1278
1271,1442
1271,1443
1271,1282
1271,1444
1271,1449
1271,1454
1271,1459
1271,1463
1271,1464
1271,1465
1271,1285
1271,1472
1271,1475
1271,1287
1271,1479
1271,1480
1271,1547
1271,1316
1271,1487
1271,1488
1271,1489
1271,1492
1271,1500
1271,1505
1271,1509
1271,1548
1272,1439
1272,1491
1273,1307
1273,1308
1273,1309
1273,1310
1273,1311
1273,1323
1273,1312
1273,1274
1273,1421
1273,1422
1273,1313
1273,1570
1273,1314
1273,1288
1273,1289
1273,1571
1273,1316
1273,1317
1273,1572
1273,1423
1273,1320
1273,1321
1273,1322
1273,1573
1273,1351
1274,1531
1274,1574
1274,1434
1274,1308
1274,1310
1274,1421
1274,1281
1274,1314
1274,1571
1274,1321
1274,1322
1275,1574
1275,1434
1275,1276
1275,1277
1275,1435
1275,1436
1275,1437
1275,1695
1275,1479
1275,1700
1275,1497
1275,1505
1276,1438
1276,1706
1276,1434
1276,1707
1276,1308
1276,1439
1276,1440
1276,1278
1276,1279
1276,1667
1276,1441
1276,1442
1276,1443
1276,1708
1276,1610
1276,1421
1276,1709
1276,1280
1276,1281
1276,1282
1276,1523
1276,1444
1277,1710
1277,1307
1277,1711
1277,1712
1277,1713
1277,1308
1277,1430
1277,1309
1277,1714
1277,1329
1277,1715
1277,1716
1277,1429
1277,1553
1277,1283
1277,1279
1277,1445
1277,1446
1277,1561
1277,1447
1277,1717
1277,1435
1277,1670
1277,1536
1277,1427
1277,1718
1278,1438
1278,1705
1278,1706
1278,1434
1278,1461
1278,1462
1278,1735
1278,1308
1278,1430
1278,1329
1278,1715
1278,1431
1278,1441
1278,1287
1278,1536
1278,1293
1278,1728
1279,1307
1279,1568
1279,1512
1279,1463
1279,1289
1279,1302
1279,1724
1280,1466
1280,1303
1281,1434
1281,1443
1281,1610
1281,1497
1281,1755
1281,1305
1282,1522
1282,1428
1282,1528
1282,1307
1282,1308
1282,1759
1282,1329
1282,1511
1282,1460
1282,1431
1282,1432
1282,1760
1282,1761
1283,1308
1283,1430
1283,1780
1283,1329
1283,1448
1283,1436
1283,1443
1283,1445
1283,1449
1283,1450
1283,1452
1283,1466
1283,1410
1283,1475
1283,1485
1283,1489
1283,1497
1283,1728
1283,1517
1283,1321
1283,1758
1283,1679
1283,1502
1283,1781
1283,1507
1283,1509
1284,1815
1284,1741
1284,1307
1284,1468
1284,1455
1284,1308
1284,1430
1284,1448
1284,1456
1284,1285
1284,1287
1284,1479
1284,1547
1284,1505
1284,1548
1285,1741
1285,1307
1285,1468
1285,1347
1285,1308
1285,1734
1285,1730
1285,1758
1286,1809
1286,1567
1286,1666
1286,1528
1286,1458
1286,1311
1286,1460
1286,2351
1286,1731
1286,1471
1286,1481
1286,1700
1286,2100
1286,1539
1286,1723
1287,1815
1287,1741
1287,1307
1287,1455
1287,1308
1287,1430
1287,2462
1287,1448
1287,1456
1287,1445
1287,1547
1287,1524
1287,1477
1287,1479
1287,1505
1288,1310
1288,1561
1288,1289
1289,1533
1289,1706
1289,1310
1289,1422
1289,1313
1289,1460
1289,1314
1289,1750
1289,1570
1289,1571
1289,1446
1289,1582
1289,1316
1289,1317
1289,1328
1289,1421
1289,1700
1289,1572
1289,1318
1289,1728
1289,1319
1289,1423
1289,1321
1289,1322
1290,1916
1290,2581
1290,2336
1290,1677
1290,1413
1291,2278
1291,1308
1291,1430
1291,1329
1291,2251
1291,1431
1291,2280
1292,1756
1292,1308
1292,1515
1293,2126
1293,1461
1293,1735
1293,1568
1293,1308
1293,1569
1293,1467
1293,1534
1293,1464
1293,1493
1293,1443
1293,1536
1293,1296
1294,1531
1294,3207
1294,1730
1294,1532
1294,1492
1294,1497
1295,1732
1295,2099
1295,1568
1295,1532
1296,2126
1296,1461
1296,1735
1296,1568
1296,1569
1296,1523
1296,1435
1296,1436
1296,1475
1296,1476
1296,1536
1296,1480
1296,1297
1296,2466
1296,1670
1296,1679
1297,1329
1297,1534
1297,1730
1297,1523
1297,1437
1297,1475
1297,1476
1297,1536
1298,3229
1298,1307
1298,1308
1298,1482
1298,1312
1298,3230
1298,1490
1298,1316
1298,1524
1298,1736
1299,1311
1299,1323
1299,3262
1299,1680
1300,2411
1300,1644
1300,2422
1300,3286
1300,3066
1300,2410
1300,1639
1300,3276
1301,1737
1301,1308
1301,1730
1302,1493
1302,1463
1304,1809
1304,2099
1304,2465
1305,1574
1305,1410
1305,1443
1305,1435
1306,1438
1306,1313
1306,1549
1306,1550
1307,1453
1307,1551
1307,1552
1307,1309
1307,1312
1307,1434
1307,1440
1307,1553
1307,1445
1307,1448
1307,1456
1307,1461
1307,1465
1307,1410
1307,1476
1307,1479
1307,1554
1307,1485
1307,1488
1307,1489
1307,1555
1307,1320
1307,1519
1307,1505
1307,1556
1307,1557
1308,1522
1308,1428
1308,1430
1308,1329
1308,1312
1308,1429
1308,1431
1308,1432
1308,1433
1308,1436
1308,1437
1308,1440
1308,1442
1308,1443
1308,1523
1308,1444
1308,1446
1308,1448
1308,1524
1308,1449
1308,1451
1308,1452
1308,1456
1308,1525
1308,1457
1308,1458
1308,1459
1308,1463
1308,1464
1308,1465
1308,1422
1308,1466
1308,1467
1308,1410
1308,1470
1308,1471
1308,1472
1308,1473
1308,1475
1308,1476
1308,1477
1308,1478
1308,1479
1308,1480
1308,1316
1308,1485
1308,1487
1308,1488
1308,1489
1308,1490
1308,1492
1308,1493
1308,1498
1308,1526
1308,1503
1308,1504
1308,1505
1308,1527
1308,1506
1308,1508
1308,1509
1309,1453
1309,1312
1309,1553
1309,1445
1309,1422
1309,1554
1309,1485
1309,1555
1309,1558
1309,1319
1309,1559
1309,1560
1310,1454
1310,1561
1310,1315
1310,1316
1310,1562
1310,1563
1310,1541
1310,1423
1310,1564
1310,1565
1310,1566
1311,1420
1311,1347
1311,1323
1311,1421
1311,1422
1311,1325
1311,1326
1311,1316
1311,1317
1311,1423
1311,1320
1311,1321
1311,1351
1312,1453
1312,1438
1312,1567
1312,1528
1312,1455
1312,1568
1312,1569
1312,1458
1312,1459
1312,1445
1312,1485
1312,1489
1312,1427
1312,1519
1313,2132
1313,1533
1313,1749
1313,1528
1313,1422
1313,1421
1313,1314
1313,1315
1313,1316
1313,1318
1313,1321
1313,1322
1313,2133
1314,1533
1314,1422
1314,1750
1314,1570
1314,1316
1314,1317
1314,1321
1314,1322
1314,2134
1315,2392
1315,1891
1315,2025
1315,2393
1316,1749
1316,1528
1316,1430
1316,1329
1316,1422
1316,1750
1316,1570
1316,1700
1316,1572
1316,1319
1316,1321
1317,2644
1317,1422
1317,1750
1317,1570
1317,2135
1318,1422
1318,1750
1318,1463
1318,1570
1318,2135
1318,1488
1318,1572
1318,1319
1318,1321
1319,1809
1319,1422
1319,1750
1319,1570
1319,1445
1319,3095
1319,1559
1319,1728
1319,1320
1319,1321
1319,2807
1320,1453
1320,1541
1320,1445
1320,1426
1320,1489
1320,1436
1320,1423
1321,1453
1321,1533
1321,1749
1321,1422
1321,1750
1321,1570
1321,1445
1321,1498
1321,1322
1321,1436
1321,1423
1322,1533
1322,1422
1322,1372
1322,1389
1323,1325
1323,1425
1323,1426
1323,1427
1324,1369
1324,1348
1324,1333
1324,1335
1325,1347
1325,1467
1325,1534
1325,1470
1325,1463
1325,1326
1325,1573
1325,2128
1326,1420
1327,1419
1329,1522
1329,1428
1329,1528
1329,1529
1329,1430
1329,1429
1329,1431
1329,1432
1329,1433
1329,1436
1329,1437
1329,1440
1329,1442
1329,1443
1329,1444
1329,1445
1329,1449
1329,1450
1329,1451
1329,1452
1329,1457
1329,1464
1329,1465
1329,1422
1329,1466
1329,1410
1329,1472
1329,1473
1329,1475
1329,1476
1329,1477
1329,1478
1329,1480
1329,1487
1329,1488
1329,1489
1329,1492
1329,1517
1329,1500
1329,1504
1329,1530
1329,1509
1330,1371
1330,1382
1330,1677
1330,1372
1332,1369
1332,1333
1332,1335
1333,1369
1333,1348
1334,3187
1334,1342
1335,1356
1335,1369
1335,1348
1335,1336
1336,1392
1336,1725
1337,2182
1337,1387
1337,1338
1337,2246
1337,2238
1337,1340
1338,2182
1338,1340
1339,1392
1339,2070
1340,2484
1340,2876
1340,1935
1340,1952
1340,1929
1340,1922
1340,1725
1341,1358
1341,1359
1342,2163
1342,1863
1342,2164
1342,1358
1343,2758
1343,2216
1344,1392
1344,1387
1345,3001
1345,2496
1345,2498
1347,1363
1347,1354
1347,1364
1347,1365
1347,1366
1348,1367
1348,1368
1348,1369
1348,1370
1349,1371
1349,1372
1349,1373
1349,1374
1349,1375
1349,1376
1349,1377
1349,1378
1349,1379
1350,1392
1350,1393
1350,1394
1350,1369
1350,1395
1350,1396
1351,1364
1351,1383
1351,1384
1351,1355
1352,1411
1352,1387
1352,1412
1352,1413
1353,1362
1353,1414
1353,1415
1354,1416
1354,1364
1354,1383
1354,1417
1354,1355
1354,1386
1354,1418
1355,1364
1355,1383
1355,1384
1355,1418
1356,1414
1358,2180
1360,1862
1360,1863
1360,1361
1361,1863
1361,1389
1363,2285
1364,1383
1364,1384
1364,2202
1364,1386
1364,1418
1364,1365
1364,2203
1365,1383
1365,1384
1365,1386
1366,1381
1366,1540
1366,2133
1367,2302
1367,2303
1367,2304
1367,2305
1367,2306
1367,2307
1368,2297
1370,1967
1370,1405
1370,1968
1370,1969
1371,1382
1371,1791
1371,1792
1371,1703
1371,1379
1372,1373
1372,1382
1372,1510
1372,1703
1372,1376
1373,1377
1374,1376
1374,1964
1374,1965
1374,1966
1374,1379
1375,2467
1375,2308
1375,2310
1375,2065
1375,2309
1375,1378
1376,2797
1377,2802
1377,1603
1377,1382
1381,1868
1382,1791
1382,1792
1382,1703
1383,2204
1383,1871
1383,1384
1383,1386
1383,1418
1383,2174
1384,1696
1384,1386
1384,1418
1384,2201
1385,2167
1385,1929
1385,1922
1385,2288
1385,1946
1385,1388
1385,1943
1386,2223
1386,1418
1387,1392
1387,2484
1388,2253
1388,2685
1388,2167
1388,1417
1388,2255
1388,2549
1388,1946
1388,2256
1388,1978
1388,1602
1389,3117
1389,3118
1391,1544
1392,1725
1392,1936
1392,2223
1392,2224
1392,2225
1393,1395
1393,2303
1393,2339
1394,2040
1395,1396
1395,2339
1396,2303
1396,2339
1397,2386
1398,1828
1398,1829
1398,1831
1398,1830
1398,1832
1398,1833
1400,2063
1400,2059
1400,2064
1400,2065
1400,1791
1400,2066
1400,2067
1401,2308
1401,2304
1403,2313
1403,2314
1404,2474
1404,2065
1404,2468
1405,2065
1405,2309
1405,2471
1405,2472
1405,2475
1405,2473
1407,3299
1407,1584
1410,1430
1410,1429
1410,1466
1410,1669
1410,1507
1412,2579
1412,1414
1412,2580
1413,1916
1413,2581
1413,2336
1413,1513
1413,2730
1414,3114
1416,1418
1418,1916
1418,2163
1418,2174
1418,2290
1420,2145
1420,2146
1421,1705
1421,1706
1421,1749
1421,1434
1421,1422
1421,1750
1421,1570
1421,1441
1421,1700
1421,1423
1422,1430
1422,1570
1422,1571
1422,1582
1422,1423
1423,1533
1423,1570
1423,1582
1423,1561
1423,1559
1423,1476
1426,1427
1427,1568
1427,1569
1427,1716
1427,1512
1427,1561
1427,1447
1427,1764
1427,1488
1427,1489
1428,1431
1428,1443
1428,1524
1428,1476
1428,1478
1428,1488
1428,1490
1428,1517
1428,1665
1428,1509
1429,1666
1429,1430
1429,1431
1429,1667
1429,1524
1429,1452
1429,1668
1429,1478
1429,1669
1429,1670
1429,1671
1429,1490
1429,1500
1429,1532
1429,1501
1429,1526
1429,1672
1429,1521
1429,1673
1429,1509
1430,1431
1430,1432
1430,1433
1430,1436
1430,1440
1430,1442
1430,1443
1430,1444
1430,1449
1430,1450
1430,1452
1430,1456
1430,1464
1430,1465
1430,1466
1430,1472
1430,1475
1430,1476
1430,1478
1430,1479
1430,1480
1430,1487
1430,1490
1430,1492
1430,1504
1430,1505
1430,1676
1430,1509
1431,1432
1431,1433
1431,1510
1431,1436
1431,1437
1431,1442
1431,1443
1431,1444
1431,1524
1431,1449
1431,1451
1431,1452
1431,1668
1431,1677
1431,1457
1431,1463
1431,1678
1431,1472
1431,1473
1431,1475
1431,1476
1431,1477
1431,1478
1431,1480
1431,1485
1431,1487
1431,1488
1431,1671
1431,1490
1431,1492
1431,1497
1431,1679
1431,1503
1431,1680
1431,1672
1431,1521
1431,1509
1432,1452
1432,1433
1432,1437
1432,1443
1432,1451
1432,1509
1433,1681
1433,1511
1433,1456
1433,1452
1433,1476
1433,1505
1433,1682
1434,1438
1434,1574
1434,1704
1434,1705
1434,1706
1434,1552
1434,1519
1435,1719
1435,1477
1435,1720
1435,1479
1435,1480
1435,1485
1435,1489
1435,1497
1435,1721
1435,1517
1435,1539
1435,1722
1435,1504
1435,1505
1435,1509
1435,1723
1435,1724
1436,1528
1436,1448
1436,1443
1436,1524
1436,1449
1436,1450
1436,1725
1436,1719
1436,1477
1436,1479
1436,1480
1436,1726
1436,1727
1436,1485
1436,1497
1436,1728
1436,1721
1436,1517
1436,1539
1436,1722
1436,1679
1436,1505
1436,1509
1436,1729
1436,1723
1436,1724
1437,1730
1437,1451
1437,1731
1437,1477
1437,1479
1437,1727
1437,1485
1437,1497
1437,1728
1437,1721
1437,1517
1437,1539
1437,1722
1437,1679
1437,1505
1437,1509
1437,1723
1437,1724
1438,1732
1438,1733
1438,1522
1438,1552
1438,1734
1438,1568
1438,1735
1438,1493
1438,1494
1438,1519
1438,1675
1438,1736
1439,1569
1439,1491
1440,1737
1440,1461
1440,1568
1440,1730
1440,1465
1440,1492
1440,1497
1440,1502
1441,1706
1441,1523
1442,1567
1442,1458
1442,1459
1442,1460
1442,1448
1442,1457
1442,1739
1442,1740
1442,1471
1442,1473
1443,1522
1443,1511
1443,1452
1443,1447
1443,1450
1443,1481
1443,1557
1443,1682
1445,1453
1445,1448
1445,1485
1445,1489
1445,1555
1445,1558
1445,1728
1446,1783
1446,1710
1446,1784
1446,1567
1446,1528
1446,1458
1446,1459
1446,1467
1446,1460
1446,1717
1446,1544
1447,1715
1447,1716
1447,1512
1447,1481
1448,1741
1448,1455
1448,1449
1448,1456
1448,1787
1448,1475
1448,1476
1448,1479
1448,1547
1448,1489
1448,1505
1448,1548
1449,1720
1449,1478
1449,1475
1449,1476
1449,1489
1450,1500
1451,1538
1452,1681
1452,1476
1453,1551
1453,1552
1453,1568
1453,1461
1453,1485
1453,1489
1453,1519
1453,1675
1454,1533
1454,1541
1454,1814
1455,1456
1455,1479
1455,1547
1455,1505
1455,1548
1456,1741
1456,1476
1456,1479
1456,1547
1456,1505
1457,1820
1457,1528
1457,1780
1457,1458
1457,1459
1457,1460
1457,1471
1457,1473
1457,1821
1457,1517
1457,2100
1458,1783
1458,1820
1458,2101
1458,1528
1458,1774
1458,1780
1458,1460
1458,1731
1458,1786
1458,1471
1458,1472
1458,1787
1458,1473
1458,1821
1458,1726
1458,1498
1458,2100
1458,2102
1459,1567
1459,1528
1459,1780
1459,1460
1459,1739
1459,1471
1459,1472
1459,1821
1459,1726
1459,1498
1459,2100
1460,1820
1460,1528
1460,1780
1460,1739
1460,1731
1460,1786
1460,1471
1460,1472
1460,1787
1460,1821
1460,1726
1460,1498
1460,2100
1461,2126
1461,1536
1461,1493
1462,1469
1462,1824
1462,1729
1463,1573
1463,2128
1464,1466
1464,2130
1465,1737
1465,1568
1465,1730
1466,1735
1467,1523
1467,1534
1467,1470
1467,1536
1467,2130
1467,1508
1468,2139
1469,1514
1469,2142
1469,1527
1469,2143
1469,1729
1469,1723
1470,2126
1470,1534
1470,1536
1470,1508
1471,1783
1471,1710
1471,1567
1471,1528
1471,1739
1471,1740
1471,1785
1471,1472
1471,1787
1471,1473
1471,1731
1471,1726
1471,1489
1471,2100
1472,1567
1472,1528
1472,1739
1472,1489
1472,2100
1473,1783
1473,1822
1473,1821
1473,1726
1473,2100
1473,1539
1474,2017
1474,1762
1474,2026
1474,2027
1475,1720
1475,1478
1475,1719
1475,1477
1475,1479
1475,1480
1475,1485
1475,1497
1475,1517
1475,1539
1475,1505
1475,1521
1475,1509
1475,1723
1475,1724
1476,1524
1476,1719
1476,1477
1476,2459
1476,1479
1476,1480
1476,1727
1476,1485
1476,1497
1476,1728
1476,1721
1476,1517
1476,1539
1476,1722
1476,1679
1476,1505
1476,1509
1476,1729
1476,1723
1476,1724
1477,1719
1477,2459
1477,1480
1477,1485
1477,1669
1477,1497
1477,1517
1477,1539
1477,1722
1477,1509
1477,1729
1477,1723
1478,1538
1478,1489
1478,1539
1478,1521
1479,1741
1479,1547
1479,2463
1479,2459
1479,1480
1479,1497
1479,1517
1479,1539
1479,1505
1479,1509
1479,1723
1480,2459
1480,1806
1480,1727
1480,1497
1480,1517
1480,1539
1480,1722
1480,1761
1480,1509
1480,1729
1480,1723
1481,1712
1481,1668
1481,2089
1481,2093
1481,2382
1481,2460
1481,1761
1482,1569
1482,2251
1482,1519
1482,2586
1482,2595
1485,2892
1486,2669
1487,1522
1488,1759
1488,1669
1489,1555
1489,2982
1489,1736
1490,1673
1492,1737
1492,1568
1492,1730
1492,1536
1493,1735
1493,1589
1494,1808
1494,1809
1494,1533
1494,2099
1494,1811
1494,1551
1494,1552
1494,1568
1494,1767
1494,1730
1494,1495
1495,1808
1495,1809
1495,1533
1495,2099
1495,1811
1495,1551
1495,1552
1495,1568
1495,1767
1495,1730
1495,1893
1496,1741
1496,3094
1497,1531
1497,1558
1497,1725
1497,2206
1497,1728
1497,1721
1497,1517
1498,1710
1498,1784
1498,1528
1499,1502
1500,1823
1500,1720
1501,2808
1502,1789
1502,1507
1502,1724
1503,2334
1504,1754
1505,3275
1505,1741
1505,1511
1505,1527
1505,1547
1505,2463
1506,1568
1506,1569
1507,1724
1509,1511
1509,1517
1510,1695
1512,1568
1512,2127
1512,1557
1513,2336
1513,1641
1513,2337
1514,1528
1514,2352
1514,1787
1517,1773
1517,1539
1517,1722
1519,1732
1519,1807
1519,1808
1519,1809
1519,1810
1519,1533
1519,1811
1519,1551
1519,1812
1519,1813
1519,1749
1519,1552
1519,1568
1519,1569
1519,1730
1519,3231
1520,2610
1521,1773
1521,1711
1522,1795
1523,1536
1524,1735
1525,2009
1525,2010
1525,1668
1525,2008
1525,1582
1525,1564
1526,1741
1527,1809
1527,1820
1528,1783
1528,1710
1528,1784
1528,1567
1528,1717
1528,1785
1528,1731
1528,1786
1528,1787
1528,1726
1529,1816
1529,1817
1529,1818
1529,1819
1530,1785
1530,2102
1530,1786
1532,1822
1533,1552
1533,1563
1533,1541
1533,2147
1533,2148
1534,1536
1534,2287
1536,1707
1536,3074
1536,1730
1537,2132
1537,3274
1537,3290
1538,1720
1539,1720
1540,2022
1541,1550
1542,2358
1542,1754
1543,3238
1546,2675
1546,2803
1546,3292
1546,3291
1549,2925
1550,2019
1550,1562
1551,1552
1551,1806
1551,1675
1552,1732
1552,1807
1552,1808
1552,1809
1552,1810
1552,1811
1552,1812
1552,1813
1552,1749
1554,1737
1554,1730
1555,2127
1557,1568
1557,1715
1557,1716
1558,1718
1560,1737
1560,1730
1561,1750
1561,1764
1561,1572
1561,1563
1561,1566
1564,2009
1564,1582
1564,2013
1567,1739
1568,2098
1568,1808
1568,1809
1568,2099
1568,1811
1568,1730
1568,1569
1570,1750
1570,2135
1570,1572
1571,2133
1572,1750
1573,2128
1574,1667
1575,1576
1575,1577
1575,1578
1576,2563
1576,2564
1576,2562
1576,2197
1576,2565
1577,2566
1577,1901
1578,1592
1578,2191
1578,3173
1578,1901
1579,1580
1580,1581
1580,1582
1580,1583
1580,1584
1581,2344
1582,2643
1583,1584
1584,2905
1585,1586
1585,1587
1587,3309
1589,1590
1591,1592
1591,1593
1591,1594
1591,1595
1592,1596
1592,1597
1592,1598
1592,1599
1592,1600
1592,1601
1593,1602
1594,1603
1594,1595
1594,1604
1594,1605
1594,1606
1594,1601
1594,1607
1594,1608
1594,1609
1595,1603
1595,1610
1595,1611
1595,1612
1595,1613
1595,1614
1595,1607
1596,2374
1596,1597
1597,1902
1597,2374
1597,2495
1597,1900
1597,2375
1598,2474
1598,2195
1598,1901
1599,1600
1600,1615
1600,1601
1600,2949
1601,2189
1601,2190
1601,1615
1601,1901
1601,3175
1601,3247
1602,1944
1603,1615
1603,1616
1603,1617
1607,1743
1607,1745
1607,3129
1607,1610
1607,1612
1608,3215
1609,2234
1609,2440
1610,1742
1610,1743
1610,1744
1610,1745
1610,1746
1610,1747
1610,1748
1611,2356
1612,1747
1612,2001
1613,2263
1614,3189
1616,2605
1618,1619
1618,1620
1618,1621
1619,1622
1619,1621
1619,1623
1619,1624
1619,1625
1619,1626
1619,1627
1620,1621
1620,1623
1620,1628
1620,1624
1620,1626
1620,1627
1620,1629
1620,1630
1620,1631
1621,1632
1621,1627
1622,1624
1622,1625
1622,1627
1623,1624
1623,1628
1623,1626
1623,2074
1624,2078
1626,2442
1626,1627
1626,2759
1627,1685
1628,2073
1628,2075
1629,2822
1629,2078
1629,2422
1629,1647
1629,2419
1629,2420
1629,1650
1629,2437
1629,2416
1629,1659
1629,2438
1629,1664
1630,2948
1632,1633
1632,1634
1632,1635
1633,1634
1633,2394
1633,2118
1633,2399
1634,2401
1634,2402
1634,2403
1634,2404
1634,2348
1634,1635
1634,2194
1634,2396
1635,2775
1635,3021
1635,3227
1637,1638
1637,1639
1637,1640
1638,1643
1638,1640
1639,1644
1640,1645
1642,1665
1643,1646
1644,1647
1644,1648
1644,1649
1644,1650
1644,1651
1644,1652
1644,1653
1644,1654
1644,1655
1644,1656
1644,1657
1644,1658
1644,1659
1644,1660
1644,1661
1644,1662
1644,1663
1644,1664
1647,2411
1647,2413
1647,1652
1648,2615
1648,3018
1648,2618
1648,2660
1648,2624
1648,3019
1648,3020
1649,2660
1649,3022
1649,1660
1650,2822
1650,2410
1650,2437
1650,1986
1650,1664
1651,3066
1651,2636
1651,2624
1651,1654
1652,2411
1652,3120
1652,2615
1652,2412
1652,2413
1652,3121
1652,2865
1652,2429
1653,3144
1653,3145
1653,3146
1654,2615
1654,2624
1656,2078
1656,2429
1658,2822
1658,2823
1658,2416
1658,1986
1659,2411
1659,2822
1659,2412
1659,2413
1659,2424
1659,2410
1659,2428
1659,2437
1659,2425
1659,2420
1659,2827
1659,2416
1659,2421
1659,2415
1659,1986
1659,1664
1660,2423
1660,2822
1660,1956
1660,2412
1660,2413
1660,2425
1660,2420
1660,2827
1660,2416
1661,3259
1661,2416
1662,2411
1662,2413
1662,2425
1662,2827
1662,2421
1664,2411
1664,2822
1664,2413
1664,2422
1664,2437
1664,2425
1664,2421
1664,1861
1665,2351
1665,1672
1666,1667
1666,1674
1666,1675
1668,1711
1668,1713
1669,2732
1670,1715
1670,2127
1670,1671
1670,2463
1670,2466
1670,1893
1671,2466
1673,1713
1673,2612
1675,1808
1675,1809
1675,1810
1675,1811
1675,1812
1677,2095
1677,1678
1677,2096
1677,2097
1677,1680
1678,2095
1678,2097
1679,2466
1679,1766
1679,1806
1681,1823
1681,1720
1681,1824
1682,2090
1682,2732
1682,1762
1682,2089
1682,3301
1682,1738
1682,1824
1682,2460
1683,1684
1683,1685
1683,1686
1683,1687
1683,1688
1683,1689
1683,1690
1684,1686
1684,1688
1684,1689
1684,1690
1685,1687
1685,1689
1685,1690
1686,1687
1686,1688
1686,1689
1686,1690
1687,1688
1687,1689
1688,1691
1688,1689
1690,2764
1692,2073
1692,1694
1693,2164
1693,2213
1693,2214
1694,2073
1694,2079
1695,1696
1695,1697
1696,1697
1697,1698
1697,1699
1698,1699
1700,1706
1700,1750
1701,1793
1703,2369
1703,2297
1703,1827
1705,1706
1709,1734
1709,1751
1709,1752
1709,1753
1709,1754
1710,1740
1710,1772
1711,1773
1711,1713
1711,1774
1712,1762
1712,1775
1713,1776
1713,1723
1715,1777
1716,1778
1716,1779
1718,2352
1718,3211
1719,2459
1720,1823
1720,2460
1720,2461
1723,3230
1726,2813
1727,2860
1730,1737
1730,1766
1730,1788
1730,1789
1731,1786
1732,1805
1734,1810
1734,1752
1736,2945
1737,1788
1737,1789
1738,2088
1738,2089
1739,1785
1740,2129
1740,1772
1741,1890
1741,2057
1742,1745
1742,1796
1743,1797
1743,1745
1743,1798
1743,1799
1743,1800
1744,1746
1744,1801
1744,1802
1744,1803
1745,1804
1745,1748
1747,1939
1748,2906
1748,3313
1749,2130
1750,2133
1750,2134
1751,1753
1753,1754
1754,3002
1754,2593
1754,1914
1754,2021
1754,2641
1756,2136
1759,2137
1759,2138
1760,1809
1761,2460
1761,2463
1762,2091
1762,1763
1762,2088
1762,2092
1762,2093
1762,1764
1762,1861
1762,1768
1762,2094
1764,1765
1764,2093
1764,1766
1768,3192
1768,2187
1769,3097
1770,1771
1772,2129
1774,2101
1775,2434
1778,3141
1778,3142
1778,3143
1780,1820
1780,1821
1780,1822
1782,3060
1783,1787
1784,2103
1787,1821
1790,3249
1791,2477
1791,2478
1791,1792
1791,2064
1791,2297
1791,2476
1791,1827
1792,2481
1793,1909
1795,1971
1796,3128
1796,2722
1797,1798
1798,2611
1798,1800
1799,3191
1800,2611
1800,2659
1804,3246
1807,2147
1807,2148
1809,2140
1809,2141
1812,2783
1813,2784
1816,2104
1816,2105
1816,2106
1816,2107
1816,2108
1816,1819
1816,2109
1816,2110
1816,2111
1816,2112
1816,2113
1816,2114
1816,2115
1816,1913
1816,1866
1817,1818
1817,2105
1817,2116
1818,2105
1818,2788
1818,2789
1818,2790
1818,2791
1818,2792
1818,2116
1819,2105
1820,1822
1820,2100
1821,1822
1823,2460
1825,2544
1826,1827
1827,2301
1827,2297
1828,1829
1828,1830
1829,1834
1829,1831
1829,1830
1829,1833
1830,1833
1831,1835
1833,1834
1835,2680
1839,1843
1840,2385
1841,2834
1842,3266
1843,2872
1843,2871
1843,2869
1844,1845
1844,1847
1845,1847
1846,1854
1846,1855
1846,1847
1846,1848
1846,1849
1847,2252
1847,2021
1847,1849
1848,1854
1848,2990
1848,1855
1848,1849
1849,1854
1849,2990
1849,2094
1849,1855
1851,1856
1854,1859
1856,1861
1859,3229
1863,2175
1863,2176
1863,2177
1864,1865
1864,1866
1865,3280
1866,2692
1869,1870
1869,1871
1869,1872
1871,2204
1871,2202
1873,1874
1873,1875
1873,1876
1874,1876
1875,1877
1875,1876
1876,1878
1879,1885
1880,1881
1880,1882
1880,1883
1884,1885
1884,1886
1884,1887
1884,1888
1884,1889
1885,1886
1886,1887
1886,1889
1888,2067
1888,1889
1889,2067
1891,1892
1891,2392
1891,2393
1893,2466
1894,1895
1895,2061
1895,2142
1895,2856
1895,2143
1896,1897
1897,3077
1897,3008
1898,1920
1899,1900
1899,1901
1900,1902
1900,1903
1900,1901
1901,2189
1901,2190
1901,2496
1901,2242
1901,1920
1901,1921
1901,1918
1901,2564
1902,1904
1904,2891
1905,1906
1906,2450
1906,2451
1906,2452
1906,2453
1906,2454
1907,1908
1907,1909
1907,1910
1907,1911
1908,2154
1908,1909
1908,1910
1909,1910
1909,1911
1915,1916
1916,2581
1916,2174
1916,2582
1916,2569
1919,1921
1919,1922
1919,1923
1919,1934
1919,1927
1920,1935
1920,1929
1920,1922
1920,1931
1920,1924
1920,1925
1921,1923
1921,1930
1921,1943
1921,1932
1921,1924
1922,1952
1922,1929
1922,1930
1922,1931
1922,1943
1922,1925
1922,1944
1924,1932
1925,1935
1925,1929
1925,1931
1928,1939
1928,1940
1928,1941
1929,1942
1929,1930
1929,1931
1929,1943
1929,1944
1931,1935
1931,1952
1931,1937
1933,3244
1935,1936
1935,1937
1935,1938
1937,1952
1939,1940
1939,1947
1939,1948
1939,1949
1939,1950
1939,1951
1941,2651
1941,2699
1943,2253
1943,1946
1943,2684
1944,2876
1945,2071
1946,2253
1946,2255
1946,2288
1946,2256
1946,2684
1946,2538
1946,1978
1947,1948
1947,2876
1948,2876
1949,2796
1949,2720
1952,2291
1953,1954
1953,1955
1954,1955
1955,2954
1956,2761
1958,2952
1958,2953
1959,1960
1960,2434
1960,2078
1960,2293
1960,2917
1960,2075
1960,2082
1960,2918
1960,2081
1960,2080
1960,2074
1960,3245
1963,2392
1963,2025
1963,2393
1964,2990
1967,2041
1967,2043
1967,1969
1968,3176
1969,2300
1969,2043
1969,2470
1970,1971
1971,1972
1971,1973
1971,1974
1971,1975
1971,1976
1973,1974
1973,2880
1975,2342
1975,2343
1977,1978
1978,2253
1978,2154
1978,2534
1978,2257
1978,2538
1979,1980
1979,1982
1979,1984
1979,1985
1979,1986
1979,1987
1979,1988
1979,1989
1979,1990
1979,1991
1980,1982
1980,1983
1980,1984
1980,1985
1980,1988
1981,2710
1981,2704
1981,2354
1981,2711
1981,2701
1981,2712
1981,2702
1981,2708
1981,2713
1981,2714
1981,2709
1981,2715
1981,2716
1981,2717
1981,2718
1981,2719
1981,1991
1981,2720
1982,2692
1982,2699
1982,3013
1983,1984
1983,2594
1984,1985
1986,2822
1986,2413
1986,2416
1989,1990
1992,2515
1992,2516
1992,2517
1992,2438
1992,2518
1993,1997
1998,1999
1999,2001
1999,2002
2000,2004
2000,2005
2001,2184
2006,2828
2006,2863
2008,2009
2008,2010
2008,2011
2008,2012
2009,2010
2009,2011
2009,2013
2010,2014
2010,2015
2010,2011
2010,2013
2010,2016
2012,2020
2012,2023
2012,2013
2012,2024
2012,2025
2014,2015
2014,2018
2016,3082
2017,2029
2017,2026
2017,2027
2017,2028
2019,2031
2020,2032
2020,2036
2020,2021
2020,2034
2020,2037
2021,2032
2021,2038
2021,2036
2021,2039
2021,2034
2022,2023
2022,2025
2023,2039
2023,2025
2025,3159
2025,2392
2025,2039
2026,2027
2029,2088
2029,2042
2030,2041
2030,2042
2030,2043
2032,2036
2032,2034
2032,2044
2033,2045
2034,2036
2034,2039
2034,2037
2035,2036
2035,2037
2036,2037
2038,2046
2038,2047
2039,2049
2039,2050
2039,2051
2039,2052
2040,2239
2041,2357
2041,2043
2049,2250
2049,2193
2049,3159
2049,2252
2049,3160
2049,2050
2049,2052
2049,3265
2050,2250
2050,2193
2050,2252
2050,2052
2050,3265
2051,3096
2052,3265
2053,2054
2054,2055
2054,2056
2055,3171
2057,3285
2059,2060
2060,3035
2060,2061
2060,2142
2060,2856
2060,3129
2060,2143
2061,3035
2061,3034
2061,2143
2062,2805
2063,2066
2063,2068
2063,2069
2065,2467
2065,2308
2065,2310
2065,2309
2065,2470
2065,2471
2065,2475
2065,2473
2070,2071
2074,2434
2074,2078
2074,2757
2074,2075
2074,3233
2075,2079
2075,2080
2075,2081
2075,2082
2075,2083
2076,2077
2078,2234
2078,2434
2078,2205
2078,2413
2078,2420
2078,2435
2078,2436
2078,2437
2078,2438
2079,2434
2079,2321
2079,2208
2079,2323
2079,2761
2080,2436
2080,2917
2080,2918
2081,2083
2084,2085
2085,2189
2085,2190
2085,2949
2085,2242
2085,2245
2086,2087
2089,2090
2091,2093
2093,2598
2093,2599
2095,2334
2100,2813
2104,2772
2104,2773
2105,2788
2105,2116
2106,2107
2106,2447
2108,3089
2108,3090
2109,2377
2109,2112
2113,3298
2113,2116
2113,2377
2116,2789
2116,2790
2117,2118
2118,2394
2119,2120
2120,2121
2120,2122
2120,2123
2120,2124
2121,2125
2122,2124
2124,2894
2127,2144
2136,2987
2136,2985
2137,2138
2138,2494
2141,2465
2142,2818
2142,2856
2142,2857
2142,2143
2142,2858
2142,2859
2143,2858
2143,2859
2144,2880
2146,2199
2146,3162
2146,3219
2149,2150
2150,2151
2150,2152
2150,2153
2151,2152
2151,2154
2151,2155
2151,2156
2151,2157
2151,2158
2151,2159
2152,2154
2153,2160
2153,2161
2154,2533
2154,2520
2154,2534
2154,2535
2154,2536
2154,2537
2154,2538
2154,2156
2154,2157
2154,2158
2154,2539
2154,2540
2154,2541
2154,2268
2154,2269
2154,2542
2154,2543
2154,2529
2155,2853
2155,2807
2156,2389
2156,2525
2156,3092
2156,2538
2157,2389
2157,2525
2157,3092
2157,3101
2158,2573
2158,3017
2159,3222
2160,3015
2160,3014
2161,2520
2163,2174
2164,2178
2164,2179
2165,2173
2167,2183
2167,2184
2167,2174
2167,2185
2167,2186
2169,2192
2170,2193
2170,2194
2171,2189
2171,2190
2171,2195
2173,2197
2174,2185
2175,2199
2175,2177
2176,2200
2177,2266
2178,2208
2178,2209
2178,2210
2178,2211
2178,2212
2179,2215
2180,2186
2180,3270
2182,2237
2182,2238
2183,2253
2183,2290
2183,2254
2184,2549
2184,2551
2185,2583
2186,2750
2186,3270
2189,2190
2189,2195
2189,2241
2189,2242
2189,2243
2189,2244
2189,2245
2190,2242
2190,2243
2190,2244
2190,2245
2192,2247
2192,2230
2192,2248
2193,2249
2193,2250
2193,2251
2193,2252
2194,2954
2195,2241
2195,2258
2195,2259
2196,2260
2197,2562
2197,2563
2197,2564
2197,2565
2199,2265
2202,2204
2202,2218
2203,2749
2204,2217
2205,2219
2205,2220
2205,2221
2208,2209
2208,2226
2208,2211
2208,2227
2208,2228
2208,2229
2208,2230
2208,2231
2208,2232
2209,2233
2210,2754
2210,2755
2211,2850
2211,2293
2211,2226
2211,2227
2211,2233
2211,2759
2211,2763
2211,2228
2211,2294
2211,2761
2211,2232
2213,2458
2213,2452
2213,2457
2214,2951
2214,2754
2214,3036
2215,2234
2215,2235
2215,2236
2216,2758
2217,2989
2219,2663
2219,2668
2219,2667
2219,2221
2219,2664
2220,2434
2220,2441
2220,2442
2220,2968
2220,3052
2221,2663
2223,2497
2226,2761
2226,2759
2226,2228
2226,2765
2226,2231
2226,2232
2227,2761
2228,2233
2228,2765
2228,2232
2229,2761
2229,2230
2231,2850
2231,2233
2231,2765
2232,2293
2232,2765
2232,2759
2232,3245
2233,2850
2233,2851
2234,2439
2234,2425
2234,2440
2237,2246
2241,3194
2241,2258
2242,2245
2243,2474
2243,2244
2249,2251
2249,2782
2250,2252
2253,2288
2253,2254
2253,2255
2253,2256
2254,2288
2254,2256
2255,2256
2255,2257
2256,2686
2256,2787
2256,2260
2256,2257
2257,2261
2257,2534
2258,2910
2258,3194
2259,3194
2260,2685
2260,2687
2260,2688
2260,2889
2261,2890
2262,2263
2262,2264
2263,2264
2265,3287
2267,2268
2267,2269
2268,2269
2270,2271
2270,2272
2270,2273
2272,2879
2274,2275
2276,2277
2277,2511
2278,2279
2278,2280
2278,2281
2279,2942
2281,2368
2282,2972
2284,2972
2288,2484
2289,3279
2289,3209
2289,2980
2289,3234
2292,2729
2292,2730
2293,2294
2293,2295
2293,2296
2295,3245
2297,2300
2297,2301
2298,3304
2302,2304
2302,2307
2303,2357
2303,2361
2304,2308
2305,2737
2305,2306
2308,2310
2308,2309
2309,2467
2309,2310
2309,2471
2309,2473
2313,2314
2315,2316
2315,2317
2315,2318
2316,2319
2316,2320
2316,2321
2316,2322
2316,2323
2316,2324
2316,2325
2316,2326
2316,2327
2316,2328
2316,2329
2316,2330
2316,2331
2316,2332
2316,2333
2317,2323
2317,2325
2318,3264
2319,2321
2319,2320
2319,2499
2320,2500
2320,2322
2320,2325
2320,2326
2320,2327
2320,2330
2320,2503
2321,2504
2321,2322
2321,2323
2321,2325
2321,2326
2321,2327
2321,2328
2321,2505
2321,2501
2321,2330
2321,2506
2321,2507
2321,2508
2322,2323
2322,2324
2322,2325
2322,2326
2323,2324
2323,2325
2323,2326
2323,2330
2323,2507
2323,2331
2323,2950
2323,2333
2324,2327
2324,2951
2324,2950
2325,2507
2325,2950
2326,2951
2326,2330
2327,2450
2327,2952
2327,2500
2327,2501
2327,2502
2328,2505
2328,2330
2329,3147
2330,3204
2330,2504
2330,2754
2330,2505
2331,2936
2336,2337
2340,2342
2340,2343
2344,2345
2346,2347
2346,2348
2346,2349
2346,2350
2349,2350
2352,2961
2352,2965
2352,2962
2353,2354
2354,2708
2354,2709
2354,2715
2354,2716
2354,2719
2354,2720
2357,2361
2359,2360
2359,2362
2359,2363
2359,2364
2359,2365
2360,2362
2360,2363
2360,2366
2360,2364
2360,2367
2360,2365
2362,2363
2362,2366
2362,2364
2362,2367
2362,2365
2366,2367
2366,2935
2367,3047
2369,2476
2374,2375
2375,2529
2376,2377
2376,2378
2376,2379
2377,3199
2383,3108
2386,3009
2388,2389
2392,2393
2393,2781
2394,2400
2395,3053
2396,2400
2396,2775
2397,3021
2398,2400
2398,2531
2398,2539
2401,2405
2401,2402
2401,2406
2402,2405
2402,2872
2402,2874
2402,2871
2402,2866
2402,2868
2402,2869
2403,2406
2403,2875
2405,2870
2405,2871
2405,2866
2405,2869
2405,2872
2405,2873
2406,2866
2407,2408
2407,2409
2410,2411
2410,2412
2410,2413
2410,2414
2410,2415
2410,2416
2410,2417
2410,2418
2411,2412
2411,2413
2411,2419
2411,2420
2411,2421
2411,2422
2411,2423
2411,2424
2411,2425
2411,2426
2411,2427
2411,2416
2411,2428
2411,2429
2411,2418
2412,2430
2412,2414
2412,2431
2412,2415
2412,2416
2413,2421
2413,2424
2413,2425
2414,2431
2414,2415
2414,2416
2415,3190
2415,2431
2415,2417
2416,2822
2416,2516
2416,2428
2416,2437
2416,2425
2416,2420
2417,2636
2417,2425
2417,2842
2417,2660
2419,2822
2419,2823
2419,2420
2419,2421
2420,2825
2420,2423
2420,2822
2420,2435
2420,2424
2420,2823
2420,2421
2420,2826
2421,2827
2423,2825
2423,2435
2423,2829
2423,2830
2423,2831
2426,2624
2426,2841
2427,2438
2428,2438
2429,2822
2429,2615
2429,2827
2430,2433
2434,2441
2434,2442
2434,2443
2434,2444
2435,2825
2435,2829
2435,2831
2436,2442
2436,2914
2437,2822
2437,2823
2437,2824
2438,2822
2438,3120
2438,2515
2439,2499
2441,2513
2443,3161
2444,3220
2444,2677
2445,2446
2445,2447
2445,2448
2445,2449
2450,2453
2450,2455
2450,2456
2452,2453
2452,2454
2452,2457
2453,2454
2454,2457
2455,2456
2456,3204
2456,3272
2457,2539
2457,3030
2462,2464
2463,2465
2463,2466
2464,2732
2467,2470
2467,2471
2467,2472
2467,2473
2470,2471
2470,2475
2470,2473
2471,2956
2471,2472
2471,2475
2471,2473
2472,2473
2473,2956
2473,2475
2478,2480
2480,3155
2482,2483
2483,2484
2483,2485
2483,2486
2484,2492
2484,2486
2484,2493
2488,2494
2491,2879
2493,2811
2494,3224
2496,2498
2497,2595
2497,2596
2497,2597
2499,2500
2500,2501
2500,2502
2501,2504
2501,2505
2502,2952
2502,2503
2503,2984
2504,2570
2504,2505
2504,2508
2505,2570
2505,2508
2506,3248
2507,2754
2509,2510
2509,2511
2510,2512
2510,2513
2510,2514
2511,2968
2511,2969
2512,2567
2512,2568
2513,3261
2514,3056
2514,3103
2514,3303
2514,2731
2516,2744
2518,3251
2518,3296
2519,2520
2519,2521
2519,2522
2520,2523
2520,2524
2520,2525
2520,2526
2520,2527
2520,2528
2520,2522
2520,2529
2520,2530
2521,2522
2523,2525
2524,2531
2524,2532
2525,2527
2525,2530
2526,2530
2527,2534
2527,2538
2532,3014
2534,2746
2534,2747
2534,2538
2536,2574
2536,3017
2536,2537
2536,2575
2537,3086
2537,3085
2538,2750
2538,2542
2538,3091
2539,3029
2539,3027
2539,3031
2540,3017
2540,3092
2542,2750
2542,3091
2549,2550
2552,2553
2552,2554
2553,2555
2553,2554
2554,2555
2554,3310
2554,2720
2556,2557
2556,2558
2556,2559
2556,2560
2556,2561
2557,2558
2557,2560
2558,3040
2558,2559
2558,2560
2560,3040
2560,2877
2563,2564
2563,2565
2564,2566
2567,2568
2568,3154
2572,2678
2573,2574
2573,2575
2574,2576
2574,2577
2583,2942
2583,3281
2584,2585
2584,2586
2588,2589
2588,2590
2589,2590
2592,2593
2594,3123
2594,3124
2595,2944
2596,2990
2598,2599
2602,2603
2603,2604
2603,2605
2603,2606
2603,2607
2604,2605
2604,2606
2604,2816
2605,2606
2606,2607
2606,2817
2607,2816
2607,2817
2607,3012
2607,2820
2607,3196
2607,3197
2607,2821
2608,3255
2609,2610
2612,2613
2614,2615
2614,2616
2615,2617
2615,2618
2615,2619
2615,2620
2615,2621
2615,2622
2615,2623
2615,2624
2615,2625
2615,2626
2615,2627
2615,2628
2615,2629
2615,2630
2615,2631
2615,2632
2615,2633
2616,2634
2616,2635
2616,2636
2616,2637
2616,2638
2617,2624
2617,2625
2618,2623
2618,2625
2619,3024
2619,2620
2619,2621
2619,2630
2620,3024
2620,2621
2620,2622
2620,2630
2621,3024
2621,2622
2621,2630
2622,2630
2624,2625
2626,2627
2626,2631
2629,3213
2633,3277
2633,2839
2633,2840
2634,2639
2634,2640
2634,2637
2634,2638
2635,2839
2635,2840
2635,2636
2636,2841
2636,2842
2638,2840
2640,3260
2641,3002
2647,2648
2647,2649
2647,2650
2648,2651
2650,2651
2650,2699
2651,2711
2652,2653
2652,2654
2652,2655
2652,2656
2653,2657
2653,2654
2653,2655
2653,2658
2653,2656
2653,2659
2654,2660
2655,2661
2655,2656
2655,2662
2656,2657
2656,2658
2657,2658
2657,2664
2660,3021
2660,3018
2660,3022
2660,3023
2660,3020
2661,2665
2662,2706
2663,2666
2663,2667
2663,2664
2664,2666
2666,2845
2666,2847
2669,2671
2671,2672
2675,2676
2676,3314
2680,2681
2681,3102
2681,3103
2682,2683
2685,2686
2685,2687
2685,2688
2685,2689
2687,2688
2687,2689
2690,2691
2690,2692
2690,2693
2690,2694
2690,2695
2691,2696
2691,2693
2691,2694
2691,2695
2691,2697
2691,2698
2692,2699
2693,2700
2693,2694
2693,2695
2693,2701
2693,2702
2694,2695
2695,2701
2697,2705
2697,2722
2697,2998
2697,2999
2697,2723
2697,3000
2699,3013
2700,2708
2700,2709
2701,2710
2701,2711
2701,2712
2701,2704
2701,2702
2702,2710
2702,2711
2702,2704
2702,2708
2704,2710
2704,2711
2704,2712
2706,2707
2708,2713
2708,2908
2708,2714
2708,2709
2708,2715
2708,3163
2710,2711
2710,2712
2712,2778
2712,2714
2712,2717
2713,2715
2713,3163
2714,2908
2714,3163
2715,3163
2716,3167
2719,2897
2720,2897
2721,2722
2721,2723
2723,2998
2723,2999
2724,2725
2724,2726
2724,2727
2731,2732
2731,2733
2732,2734
2732,2735
2736,3033
2736,3034
2736,2912
2737,2738
2739,2740
2741,2742
2743,2744
2746,2748
2746,2747
2747,2748
2747,2749
2749,2750
2749,2751
2749,2752
2750,3093
2750,2751
2750,3091
2753,2754
2759,2760
2759,2761
2759,2762
2759,2763
2759,2764
2760,2766
2760,2761
2761,2763
2767,2768
2768,2769
2768,2770
2769,2771
2774,3135
2775,2776
2775,2777
2777,3228
2779,2780
2785,2786
2786,3284
2793,2797
2798,2799
2798,2801
2798,2800
2799,2801
2800,3252
2800,2801
2804,2805
2805,2806
2805,2807
2807,3129
2807,3130
2809,2810
2809,2811
2810,2811
2810,2812
2813,2814
2814,2815
2816,2818
2816,2819
2816,2820
2816,2817
2816,2821
2817,3195
2817,3196
2817,2821
2818,2853
2818,2854
2820,3195
2821,2993
2822,2824
2825,2829
2825,2830
2830,3111
2832,2833
2833,2834
2833,2835
2834,2947
2836,2837
2839,2840
2840,2841
2841,3062
2843,3010
2844,2845
2844,2846
2845,2846
2845,2847
2845,2848
2845,2849
2847,3136
2850,2851
2852,2946
2853,2855
2854,2858
2854,2859
2856,3035
2856,3034
2856,3036
2858,2859
2861,2862
2861,2863
2862,2864
2863,2865
2866,2867
2866,2868
2866,2869
2867,2869
2868,2869
2869,2872
2869,2871
2870,2871
2871,2872
2871,2873
2882,2973
2882,2974
2882,2883
2882,2975
2883,2975
2883,2977
2883,2888
2885,3058
2890,2891
2893,2894
2893,2895
2893,2896
2895,3140
2896,2924
2897,2898
2897,2899
2897,2900
2897,2901
2898,2899
2898,2902
2899,2900
2899,3208
2899,2902
2900,2901
2900,2902
2902,3295
2903,2904
2907,2908
2908,2909
2909,3218
2910,2913
2917,2918
2920,3078
2920,3079
2920,3080
2920,3081
2920,3082
2923,2924
2926,2927
2926,2928
2927,2930
2928,2931
2928,2929
2929,2933
2931,2932
2939,2940
2942,2943
2952,2953
2955,2956
2955,2957
2956,2957
2956,2958
2956,2959
2957,3047
2957,2959
2959,3047
2959,3045
2959,3212
2959,3048
2960,2961
2960,2962
2960,2963
2961,2964
2962,2966
2963,2966
2963,3211
2964,2966
2965,3003
2966,3211
2970,2971
2973,2974
2973,2976
2974,2976
2979,2980
2980,2981
2985,2986
2990,2991
2992,2993
2995,3019
2995,3075
2998,2999
2998,3000
2999,3236
3000,3180
3004,3005
3004,3006
3005,3006
3008,3243
3010,3011
3018,3020
3025,3026
3025,3027
3026,3027
3026,3028
3027,3029
3027,3030
3027,3031
3028,3099
3029,3032
3030,3031
3034,3035
3037,3038
3037,3039
3037,3040
3037,3041
3037,3042
3037,3043
3039,3041
3040,3225
3040,3041
3041,3042
3041,3225
3042,3043
3044,3045
3044,3046
3045,3047
3045,3046
3045,3048
3046,3047
3047,3048
3049,3050
3050,3051
3050,3052
3055,3056
3056,3057
3059,3060
3060,3170
3060,3271
3062,3067
3062,3068
3062,3069
3063,3064
3067,3068
3067,3069
3067,3165
3068,3165
3070,3071
3070,3072
3071,3072
3077,3184
3078,3082
3079,3080
3079,3083
3080,3083
3085,3086
3086,3087
3086,3088
3088,3300
3090,3153
3097,3098
3102,3103
3104,3105
3104,3106
3104,3107
3105,3106
3105,3241
3105,3107
3106,3241
3107,3241
3108,3109
3111,3112
3119,3256
3119,3257
3120,3122
3125,3126
3125,3127
3129,3130
3130,3131
3133,3134
3144,3146
3145,3146
3149,3152
3150,3151
3152,3215
3156,3157
3157,3158
3159,3160
3164,3202
3164,3203
3165,3166
3166,3167
3166,3168
3166,3169
3172,3173
3173,3174
3173,3175
3178,3179
3181,3182
3186,3187
3196,3226
3199,3200
3200,3201
3202,3203
3204,3205
3209,3210
3222,3223
3232,3278
3236,3237
3240,3242
3242,3267
3252,3253
3256,3263
3258,3259
3276,3277
3283,3284
3288,3289
3293,3294
3305,3306
