source,target
0,1
0,2
0,3
0,4
0,5
0,6
0,7
0,8
1,2704
1,2336
1,2337
1,2691
1,2705
1,2
1,57
1,4
1,2098
1,5
1,2706
1,2340
1,2341
1,2166
1,6
1,2707
1,2708
1,2709
1,2448
1,2449
1,2710
1,8
1,2700
1,918
3,4
3,16
3,6
3,2708
4,2741
4,5
4,2742
5,3242
5,3241
6,2336
6,2740
9,10
9,11
9,12
9,13
9,14
9,15
9,16
9,17
9,18
9,19
9,20
9,21
9,22
9,23
9,24
10,25
10,26
10,27
11,28
11,29
11,30
11,31
11,32
11,33
11,34
12,35
12,36
12,37
12,38
12,39
12,40
12,21
13,41
13,42
13,43
13,44
13,45
13,46
13,47
13,48
14,49
14,50
15,51
16,52
16,36
16,53
16,18
16,19
16,20
16,54
16,55
16,56
17,57
17,38
17,58
17,59
18,53
18,19
18,20
18,55
19,3185
19,53
19,20
19,2707
19,3186
19,3187
20,3185
20,404
20,53
21,1187
21,3390
21,843
21,1765
21,58
21,3391
22,2741
22,2743
22,3423
22,2976
22,404
22,1415
25,194
25,182
25,184
25,187
25,195
25,196
25,197
25,198
25,199
25,101
25,200
25,201
25,202
25,203
25,204
25,205
25,206
25,207
26,830
26,2250
27,980
28,779
28,898
28,903
28,29
28,782
28,33
30,776
30,42
30,1543
30,1329
30,781
30,1330
30,1321
30,31
30,1325
30,2135
30,1565
30,1559
30,1545
30,1334
31,1377
31,900
31,1127
31,1463
31,1339
31,776
31,781
31,992
31,1545
31,32
31,34
32,33
32,781
32,776
32,105
33,78
33,34
34,3252
34,3337
34,2418
34,3176
34,3253
34,791
34,900
34,1538
34,754
34,2125
34,76
34,2427
34,776
34,785
34,786
34,1073
34,107
35,1888
35,1079
35,1080
35,1076
35,1084
35,815
35,1092
35,91
35,1095
35,1097
35,1108
35,247
36,472
36,181
37,38
37,3338
37,62
37,73
38,1111
38,62
38,73
38,1767
39,2699
40,1888
40,1079
40,1889
41,753
41,754
41,481
41,755
42,776
42,92
45,900
45,1042
46,2949
46,2947
46,2436
46,2948
47,899
48,3033
48,2574
48,899
48,903
48,483
49,379
49,380
51,1042
54,3242
55,3254
57,60
57,3155
59,3243
60,61
61,2391
61,472
61,1353
62,63
62,64
62,65
62,66
62,67
62,68
62,69
62,70
62,71
62,72
63,1882
64,1888
64,73
64,75
64,1884
64,1325
64,1889
64,1334
65,776
65,748
65,73
65,75
65,1320
65,1321
65,2384
65,1331
65,2397
65,871
65,92
65,1789
65,1332
65,2363
65,1335
65,1336
66,1587
66,87
66,73
66,75
66,80
66,106
66,1325
66,365
66,629
66,1334
66,755
67,1548
67,1611
67,121
67,1564
67,1612
67,1463
67,1554
67,1456
67,1339
67,750
67,564
67,1565
67,1458
67,807
67,1336
68,73
68,1583
69,1781
69,1124
69,1125
69,72
69,1110
69,1056
70,1587
70,91
70,92
71,1888
71,3338
71,73
71,1889
72,1463
72,1889
73,74
74,2848
75,76
75,77
76,1587
76,191
76,2125
76,785
76,78
76,866
76,1339
76,2126
76,1116
76,1326
76,2128
76,1541
77,2738
77,1087
77,2739
78,79
78,80
78,81
78,82
78,83
78,84
78,85
78,86
78,87
78,88
78,89
78,90
78,91
78,92
78,93
78,94
78,95
78,96
78,97
79,788
79,790
82,2258
82,86
82,91
82,92
82,2259
82,854
83,2381
83,1042
84,87
84,88
84,1329
84,90
84,92
84,1787
84,94
85,786
85,1329
85,2387
85,90
85,97
85,2388
86,843
86,2258
86,91
86,92
86,2259
86,1540
86,854
87,1340
87,88
88,857
88,843
88,246
88,1789
88,1787
88,2403
89,2365
89,1538
89,1582
89,91
89,1539
89,1541
90,824
90,2387
90,92
90,1787
90,97
91,1587
91,2365
91,869
91,845
91,1452
91,1442
91,1538
91,1537
91,2272
91,1455
91,1539
91,781
91,870
91,92
91,2406
92,3232
92,2258
92,2379
92,1463
92,852
92,2346
92,2397
92,2111
92,847
92,781
92,2122
92,2469
92,2114
92,776
92,783
92,1352
92,784
92,107
96,3070
96,3346
96,2438
97,824
97,786
98,99
99,1452
100,101
100,102
100,103
101,263
101,2513
101,104
101,724
101,1493
102,560
102,104
102,216
102,458
103,1587
103,2770
103,2773
103,2976
103,3014
103,2328
103,2583
103,866
103,104
103,2582
107,108
107,109
107,110
107,111
107,112
107,113
107,114
107,115
107,116
107,117
107,118
107,119
107,120
107,121
107,122
107,123
107,124
107,125
107,126
107,127
107,128
107,129
107,130
107,131
107,132
107,133
107,134
107,135
107,136
107,137
107,138
107,139
107,140
108,120
108,141
108,142
108,143
108,144
108,145
108,146
108,147
108,148
108,126
108,149
108,150
108,151
109,120
109,152
109,142
109,143
109,144
109,145
109,153
109,154
109,155
109,148
109,126
109,156
109,149
109,157
109,150
109,158
109,151
109,159
109,160
110,142
110,161
110,162
110,163
110,164
111,120
111,142
111,154
111,147
111,165
112,166
112,157
113,152
113,167
113,168
114,152
114,169
114,147
114,123
114,124
114,126
114,170
114,157
117,135
118,171
118,172
118,126
118,134
120,143
120,163
120,173
121,127
121,1456
121,123
121,750
121,1562
121,1609
121,1610
123,127
123,1128
123,305
123,124
123,808
123,1570
123,1523
123,136
124,1128
124,2151
124,305
124,2150
124,126
124,133
124,463
124,136
125,1550
125,305
125,197
125,306
125,1573
125,2152
125,2153
125,2154
125,139
126,530
126,433
126,2202
126,2203
126,2197
126,512
126,358
126,2205
126,1512
126,1023
126,2206
126,2198
126,2207
126,529
126,2208
126,2209
126,2200
126,2210
126,2201
126,556
126,721
126,527
126,688
126,2196
126,2199
126,2211
127,632
127,766
127,1562
127,1942
127,1609
127,1523
127,2561
127,1610
128,2079
128,1517
128,133
128,2212
128,2565
129,1806
129,1807
129,2617
129,1810
129,1813
129,2921
130,1574
131,1508
131,1737
131,512
131,1512
131,1023
131,1750
131,954
131,1749
131,3085
131,2209
131,1751
131,1626
131,1627
131,1628
131,1666
131,1667
131,1668
131,1670
131,547
131,527
132,621
132,1128
132,1548
132,1729
132,305
132,2319
133,2212
133,2565
134,512
134,1548
134,2206
134,561
135,171
135,3065
135,1274
136,2318
136,1469
136,1472
136,1274
136,3424
136,3441
137,138
137,197
137,1772
139,1569
139,1550
141,576
141,577
141,578
141,579
141,580
141,440
141,581
141,582
143,402
145,1307
147,402
149,2554
151,2584
151,3292
152,167
156,402
157,402
157,648
157,461
161,1401
161,1402
161,1403
162,879
162,1870
162,1877
162,1878
162,1879
163,646
163,3077
163,3078
163,2268
165,402
166,877
167,2465
167,557
168,761
168,549
168,548
171,549
172,769
173,1438
174,175
174,176
174,177
174,178
174,179
174,180
175,176
175,178
175,180
176,3038
177,3270
177,3271
177,1475
177,766
177,1523
178,1332
179,1475
180,3038
182,183
182,184
182,185
182,186
182,187
182,188
183,189
183,190
183,191
183,192
183,193
184,208
184,187
184,188
184,197
184,200
184,204
184,206
184,209
184,210
186,211
186,212
186,188
186,213
187,190
187,214
187,195
187,215
187,208
187,216
187,209
188,217
188,218
188,219
188,220
188,221
188,222
188,212
188,223
188,224
188,225
188,226
188,213
189,227
189,214
189,228
189,197
189,229
189,200
189,230
189,231
189,232
189,233
189,234
189,235
189,236
189,237
189,206
189,238
189,239
189,207
189,240
190,214
190,197
190,241
190,242
190,207
192,214
192,2004
192,274
192,233
192,246
192,343
192,2646
193,1026
193,3158
195,249
195,250
195,217
195,215
195,251
195,200
195,252
195,253
195,206
195,238
195,254
195,255
195,256
196,228
196,925
196,958
196,959
196,960
196,961
196,962
196,963
196,964
196,965
196,966
196,967
196,968
197,316
197,1593
197,1365
197,244
197,1594
197,317
197,553
197,551
197,318
197,214
197,1595
197,1596
197,1597
197,922
197,923
197,264
197,245
197,1366
197,277
197,1598
197,980
197,931
197,694
197,497
197,498
197,983
197,227
197,769
197,1189
197,1599
197,1191
197,1455
197,225
197,516
197,1600
197,1601
197,306
197,232
197,203
197,286
197,234
197,290
197,1602
197,237
197,567
197,684
197,295
197,1603
197,574
197,1604
197,240
199,263
199,1594
199,225
199,1549
199,243
199,2476
199,632
199,631
199,237
199,2477
200,249
200,250
200,214
200,813
200,277
200,215
200,281
200,2564
201,986
201,1513
201,1449
201,1651
202,2155
202,1890
202,205
202,2735
202,207
202,2012
203,1596
203,264
203,277
203,225
203,980
203,983
203,233
203,2152
203,1419
203,1599
203,1191
204,3151
204,234
204,237
204,1372
205,666
205,1753
205,1513
205,1449
205,1476
205,1446
205,1083
205,1937
205,1076
205,1756
205,538
205,1081
205,622
205,1489
205,362
205,354
205,355
206,214
206,238
206,236
206,207
207,1263
208,243
208,244
208,245
208,246
209,922
209,923
209,934
209,933
209,924
209,925
209,257
209,926
210,222
210,212
210,223
210,216
211,213
212,220
212,221
212,222
212,226
212,213
212,247
213,1365
213,1596
213,2487
213,771
214,227
214,245
214,232
214,233
214,238
214,248
214,242
214,240
215,249
215,257
215,258
215,259
215,253
215,260
215,255
215,256
216,222
216,261
216,262
216,263
216,264
216,245
216,265
216,266
216,267
216,268
216,269
216,270
217,271
217,272
217,273
217,274
217,275
217,276
217,251
217,277
217,278
217,279
217,280
217,281
217,282
217,253
217,283
217,284
217,285
217,286
217,287
217,288
217,289
217,290
217,291
217,292
217,293
217,294
217,295
217,296
217,297
218,298
218,299
218,300
218,265
218,301
218,302
218,266
218,303
219,304
219,305
219,225
219,306
220,226
221,307
221,308
221,309
222,223
222,310
225,569
225,1083
225,226
225,927
225,234
225,266
225,1602
225,237
225,247
225,1604
226,2956
227,316
227,317
227,318
227,232
227,240
228,1025
228,1026
228,992
228,994
228,1027
229,1593
229,2014
229,813
229,692
229,2013
229,694
229,1601
229,2016
229,231
229,815
229,2020
229,2015
229,238
229,1847
229,239
230,271
230,2640
230,264
230,1058
230,1076
230,1600
230,2253
230,362
230,1418
230,2488
230,1419
230,1417
230,2641
230,2642
230,327
230,397
230,743
231,1593
231,696
231,2014
231,2016
231,238
232,277
232,1233
232,274
232,825
232,815
232,233
233,274
233,825
233,246
234,1364
234,990
234,3151
234,3152
234,947
234,613
234,306
234,769
234,1599
234,1191
235,922
235,923
235,277
235,931
235,933
235,924
235,925
235,257
235,926
235,927
235,1071
236,383
236,980
236,1037
236,3098
237,1365
237,400
237,1364
237,1595
237,1596
237,1236
237,264
237,2487
237,1367
237,2156
237,2930
237,771
237,1033
237,1419
237,769
237,1191
239,813
240,277
240,1979
240,274
240,825
241,645
241,1511
241,765
241,1329
242,923
242,926
243,277
243,2478
244,1236
244,245
244,246
244,286
244,2371
244,2478
245,316
245,2489
245,246
245,2257
245,247
245,2491
246,316
246,2459
246,286
247,2331
247,457
247,3145
247,1079
247,265
247,2151
247,3146
247,1083
247,2322
247,1076
247,3144
247,2489
247,1081
247,2483
247,2842
247,2478
247,1529
247,3461
249,253
249,296
250,319
250,251
250,320
250,321
250,253
250,322
250,283
250,323
250,254
250,324
250,256
250,296
250,325
251,826
251,1220
251,1221
251,320
251,1209
251,813
251,277
251,1211
251,278
251,321
251,497
251,498
251,1206
251,1197
251,1198
251,1199
251,825
251,276
253,1232
253,1220
253,1239
253,320
253,3101
253,277
253,827
253,322
253,321
253,283
253,2187
253,1206
253,281
253,1198
253,825
253,815
254,1566
254,1367
254,321
254,3404
254,256
255,980
255,258
255,3428
256,319
256,320
256,321
256,713
257,922
257,923
257,924
257,925
257,926
257,927
257,928
259,814
260,2754
261,277
261,497
261,498
261,262
261,1201
261,270
262,277
262,497
262,498
262,1263
263,1363
263,1365
263,1366
263,1367
263,1368
263,1369
263,1370
263,1371
263,1372
264,513
264,665
264,1549
264,305
264,1417
264,2155
264,398
264,1418
264,668
264,399
264,362
264,1419
264,327
264,1601
264,1421
264,2156
264,2157
265,555
265,603
265,2754
266,1365
266,2487
266,1572
266,3268
266,1191
267,2382
267,1451
267,2358
267,1454
267,357
267,1455
267,1443
267,310
268,1451
268,1568
268,1549
268,1525
268,1533
268,560
269,1528
269,443
269,446
269,360
269,1093
269,445
269,668
269,354
269,355
270,277
270,497
270,498
270,1201
270,1202
270,812
270,290
270,496
270,297
271,326
271,327
272,328
272,329
272,330
272,331
273,332
273,333
273,334
273,335
273,336
274,337
274,338
274,339
274,340
274,341
274,283
274,342
274,343
274,296
275,344
275,345
275,346
275,347
275,348
275,349
275,350
275,351
275,352
275,353
276,1196
276,1197
276,1198
276,1199
276,1200
276,1201
276,1202
276,1203
276,1204
276,812
277,1232
277,1199
277,1201
277,1206
277,497
277,498
277,1217
277,279
277,281
277,362
277,815
277,1233
277,286
277,290
277,1214
277,294
277,295
277,817
277,818
277,819
277,297
278,1209
278,1199
278,1203
278,812
278,1218
278,1219
278,815
278,1228
278,1225
278,297
279,1235
279,1236
279,813
279,1217
279,1201
279,289
279,290
279,1237
280,2188
280,811
280,2186
280,2187
280,1210
281,815
281,2015
281,818
284,2188
284,322
284,2192
285,1044
285,2953
286,316
286,497
286,498
286,3210
286,2157
287,1220
287,860
288,3184
288,3303
288,1224
288,293
288,3304
289,290
290,1197
290,1217
291,3055
291,292
292,2054
292,3055
293,3303
293,3304
294,1220
294,1196
294,1209
294,497
294,498
294,1206
294,1197
294,1198
294,1199
294,1200
294,1241
294,1203
294,2186
295,497
295,498
295,1233
295,1201
297,1209
297,1228
297,1223
297,825
299,1042
300,1063
300,1062
300,936
300,2420
300,2421
301,509
301,621
301,990
301,1001
301,952
301,1002
301,947
301,519
301,623
301,2805
301,520
301,1004
301,801
301,619
301,631
301,669
301,1019
304,354
304,355
304,356
304,357
304,358
304,359
304,360
304,361
304,362
304,363
304,364
304,365
304,366
304,367
304,368
304,369
305,1550
305,1571
305,1576
305,1128
305,551
305,1058
305,552
305,1577
305,761
305,1455
305,306
305,389
305,1092
305,977
306,1550
306,1571
306,551
306,770
306,1457
306,389
306,1455
306,1443
306,1573
306,2956
306,684
307,2129
307,308
308,2139
309,2139
311,312
311,313
311,314
311,315
312,1444
312,979
312,1445
312,561
312,1446
312,1447
312,560
312,387
312,740
312,1440
312,357
312,1087
312,1448
312,1041
314,392
314,3356
315,3190
315,1014
316,1260
316,819
317,631
317,318
317,1601
317,1603
318,2490
319,322
319,323
319,324
321,325
322,1220
322,3101
326,796
326,797
326,798
326,799
326,515
326,800
326,801
326,802
326,803
326,804
326,805
326,806
326,807
327,2155
327,622
327,1618
327,2649
327,1976
327,398
327,1418
327,1419
327,1417
327,1421
327,669
328,2246
329,2304
329,1820
329,330
329,2567
329,2568
329,2569
329,2570
330,859
333,2052
333,2053
334,1390
334,2982
334,2987
334,1394
334,2194
334,1395
334,1396
334,1838
334,1398
335,3168
335,1195
335,907
335,3165
335,3167
335,2602
335,1837
335,3169
337,1239
337,814
337,1202
337,815
337,1240
337,343
338,339
338,2082
338,813
338,1211
338,814
338,815
338,342
338,343
339,1229
340,2713
340,2714
340,2715
341,2127
342,343
343,814
343,2644
343,2646
344,492
344,493
344,494
344,495
345,1790
345,1781
345,1779
345,1796
345,1797
345,1798
345,1799
345,1800
345,1793
346,1091
346,2727
347,2375
348,1781
349,3189
349,1123
349,3190
349,3072
349,1194
350,2620
351,3302
351,3365
351,1047
353,2620
353,1125
354,356
354,664
354,665
354,666
354,512
354,443
354,667
354,360
354,361
354,668
354,669
354,445
354,365
354,446
354,670
354,671
354,672
354,447
354,673
354,368
354,674
354,675
355,666
355,443
355,360
355,1135
355,365
355,446
355,671
355,447
356,1133
357,1451
357,1568
357,1513
357,1476
357,1447
357,1549
357,1452
357,1440
357,1442
357,1525
357,1457
357,1454
357,1605
357,1455
357,1518
357,1552
357,1041
358,530
358,2160
358,513
358,527
358,529
358,2201
358,735
358,2213
358,535
358,364
358,2214
358,674
358,2215
359,2141
359,2471
359,363
359,367
360,1528
360,443
360,1083
360,1076
360,1081
360,2228
360,2519
360,398
360,361
360,362
360,365
360,366
360,2230
360,368
360,1552
361,640
361,665
361,443
361,537
361,1113
361,538
361,1084
361,2228
361,2519
361,1064
361,398
361,1065
361,365
362,1083
362,1076
362,1081
362,2253
363,664
363,3004
363,367
364,530
364,513
364,2163
364,2070
365,800
365,667
365,996
365,2228
366,1113
366,1083
366,1076
366,1081
366,2228
367,664
367,3004
368,1528
368,1133
368,1083
368,1076
368,1081
368,2157
369,2217
369,2228
369,398
370,371
370,372
370,373
370,374
370,375
371,374
371,375
372,374
372,375
375,979
375,3204
375,3118
375,3383
376,377
376,378
378,1549
378,1452
378,1442
378,385
379,381
380,1349
381,382
381,384
382,383
383,1460
386,387
387,388
387,389
387,390
388,391
388,922
388,923
388,924
388,925
388,929
388,931
388,932
388,933
388,934
388,936
388,926
388,927
389,1576
389,1128
389,2907
389,2957
393,394
393,395
393,396
394,395
394,396
394,3098
395,396
397,398
397,399
397,400
398,2534
398,2535
398,2217
398,2067
398,1058
398,1416
398,2155
398,2536
398,1076
398,2537
398,2228
398,1618
398,506
398,632
398,1172
398,631
398,1417
398,1421
398,669
398,2157
399,1550
399,1058
399,1418
399,976
400,938
400,586
400,619
400,485
400,631
401,402
401,403
403,404
404,405
404,406
404,407
404,408
404,409
404,410
404,411
405,462
405,1436
405,1437
405,1435
405,1401
406,2391
406,2918
406,2917
407,408
407,409
408,409
410,644
410,1415
411,1415
412,413
412,414
413,724
413,414
413,721
413,725
413,2257
414,739
414,2257
415,416
415,417
415,418
415,419
415,420
416,417
416,421
416,422
416,420
416,423
416,424
416,425
416,426
416,427
416,428
417,429
417,419
417,430
417,421
417,431
417,432
417,420
417,433
417,434
417,435
417,436
417,437
417,438
418,439
418,440
419,1405
420,546
421,541
421,2055
421,424
421,427
422,720
424,3364
424,985
424,541
424,720
424,540
424,1975
425,3252
425,943
425,544
425,599
425,985
425,598
425,586
425,588
425,589
425,590
425,1975
428,1299
429,616
429,617
429,437
430,1470
430,1473
430,1510
430,1530
430,1440
430,435
430,1526
430,613
430,1502
431,432
434,1470
434,1471
434,1473
434,1922
434,1510
434,1658
434,563
434,1777
434,1482
434,592
434,435
434,1758
434,937
434,1496
434,1684
434,1520
434,1175
435,2458
435,1629
435,1470
435,1471
435,1893
435,1473
435,1936
435,1548
435,1922
435,1510
435,1511
435,557
435,1658
435,1630
435,1513
435,611
435,1917
435,1447
435,578
435,1481
435,1632
435,1636
435,1526
435,962
435,612
435,613
435,1714
435,609
435,2023
435,2211
435,1500
436,1473
436,1948
436,1510
436,577
436,581
436,1715
437,2809
437,531
437,2810
438,507
438,614
438,609
438,615
439,1312
439,1313
439,1314
439,1315
440,2009
440,1314
440,1907
440,1917
440,577
440,578
440,1624
440,1862
440,1854
440,1643
440,1654
440,1642
440,1489
440,2633
440,2634
440,2636
440,1626
440,1627
440,1628
440,1666
440,1667
440,1668
440,1670
440,1676
440,1671
440,1303
440,1707
440,1309
440,1688
440,1909
440,657
440,542
441,442
441,443
441,444
441,445
441,446
441,447
441,448
442,449
442,450
442,451
442,452
442,453
442,454
442,455
443,444
443,1590
443,1113
443,2519
443,1094
443,2070
443,446
443,447
444,1113
444,2520
444,2521
445,730
445,669
446,670
446,2313
446,1113
446,730
446,1066
447,670
447,2313
447,1113
448,720
449,620
449,631
449,450
451,668
451,672
452,648
454,1434
456,457
456,458
457,459
457,562
457,1495
457,2322
457,1295
458,2958
459,460
460,1422
460,559
460,2247
460,1495
460,2249
460,2250
460,2248
461,462
461,463
461,464
462,2264
462,662
462,1437
462,1435
462,1436
462,2265
463,954
463,527
464,1512
465,466
465,467
466,645
466,2826
466,2400
466,2817
466,2820
466,2821
466,2402
466,2827
468,469
469,2024
469,483
469,2025
469,2026
469,2027
470,471
470,472
470,473
470,474
471,473
471,475
471,476
471,477
472,478
472,473
472,479
473,1132
475,2834
475,3082
475,2832
475,1411
475,1412
475,476
476,2241
479,2391
480,481
480,482
481,898
481,754
481,2427
481,755
484,485
484,486
484,487
484,488
484,489
484,490
484,491
485,487
485,504
485,502
485,505
487,942
487,980
487,1035
487,1036
487,505
488,2536
488,2539
488,2537
488,1600
488,2540
488,2641
489,800
489,802
489,992
490,874
490,3333
490,941
490,1802
490,1076
490,973
490,1081
490,3334
491,2536
491,2539
491,2537
492,2723
492,3177
493,2339
493,3286
493,3287
493,1796
493,2967
496,497
496,498
496,499
496,500
496,501
496,502
496,503
497,1201
497,498
497,1233
498,1201
500,2002
500,1380
500,2301
501,3351
501,3352
502,3227
502,2536
502,2539
502,2537
502,2541
503,2797
503,1204
504,1528
504,1076
504,1084
504,612
504,508
504,660
504,669
504,684
505,1036
506,507
506,508
506,509
506,510
506,511
506,512
506,513
506,514
506,515
506,516
506,517
506,518
506,519
506,520
506,521
506,522
506,523
506,524
506,525
506,526
507,798
507,799
507,508
507,516
507,1294
507,518
507,1295
507,630
508,1058
508,1416
508,632
508,619
508,631
508,684
509,1896
509,621
509,514
509,623
509,1017
509,625
509,805
510,511
510,1629
510,1997
510,528
510,1790
510,1921
510,649
510,654
511,2021
512,1508
512,1589
512,2217
512,2206
512,2218
512,1738
512,674
513,633
514,515
514,632
514,619
514,631
514,1482
514,617
514,623
514,1019
514,629
515,621
515,730
515,1896
515,1938
515,1408
515,598
515,625
515,1939
515,1014
515,1940
515,955
515,626
516,518
516,1295
517,2711
517,1465
518,623
518,632
518,651
519,1018
519,1019
519,1505
520,2160
520,631
521,1020
521,722
521,724
521,723
521,947
521,1309
521,540
522,621
522,540
524,682
524,620
524,619
524,558
524,631
525,537
525,1590
525,1457
525,3443
525,538
527,528
527,529
527,530
527,531
527,532
527,533
527,534
527,535
528,1470
528,1471
528,1473
528,637
528,1482
528,1740
528,1921
528,563
528,1654
528,677
528,1492
528,617
528,532
528,2022
528,1710
528,1115
528,1717
528,1175
529,2197
529,1510
529,2198
529,1854
529,2196
529,531
529,535
530,2216
530,1665
530,735
530,2213
530,2214
530,674
530,2215
531,1617
531,1769
531,2807
531,1492
531,534
531,535
532,1446
532,1617
532,1515
532,1937
532,1654
532,1756
532,2321
532,1492
532,1679
532,1758
532,1520
532,1522
532,1115
533,1723
533,1472
533,1645
533,1512
533,1738
533,1521
534,1723
534,1512
534,1513
534,1476
534,1617
534,1756
534,1749
534,1616
534,612
534,1747
534,1492
534,1667
534,1521
534,1522
534,653
535,2197
535,1512
535,613
535,2201
536,537
536,538
536,539
537,538
537,2545
537,2546
537,2547
538,640
538,1776
538,2545
538,2548
538,2547
539,1020
539,3335
539,2768
540,541
540,542
541,563
541,636
541,556
542,1917
542,578
542,1683
542,803
543,544
543,545
544,666
544,943
544,2061
544,2063
544,985
544,1975
545,922
545,2061
545,997
548,549
548,550
549,551
549,552
549,553
549,554
549,555
550,873
550,747
551,1550
551,1455
551,1457
551,1570
551,1574
551,684
552,1455
553,769
553,770
553,774
554,2754
556,557
557,2458
557,598
557,1494
557,955
557,626
557,2460
557,2461
559,560
559,561
559,562
559,563
559,564
559,565
559,566
559,567
559,568
560,569
560,570
560,571
560,572
560,573
560,567
560,574
560,575
561,1466
561,1467
561,1468
561,1469
561,1470
561,1471
561,1472
561,1473
561,1474
561,1475
561,1446
561,1476
561,1477
561,1478
561,1479
561,1480
561,1481
561,1482
561,1483
561,1484
561,562
561,1485
561,1486
561,1487
561,1488
561,1489
561,1490
561,1491
561,1492
561,1493
561,1494
561,1495
561,937
561,1496
561,1497
561,1498
561,1499
561,1500
561,1501
561,1295
561,1502
561,1115
561,1503
561,1504
561,1505
561,728
561,1506
561,582
561,1507
562,1470
562,1471
562,1473
562,1474
562,1623
562,1488
562,1486
562,1479
562,1490
562,1942
562,1943
562,1295
562,1911
563,1920
563,1629
563,1470
563,1473
563,1509
563,1645
563,1482
563,677
563,1295
563,1175
564,1548
564,1607
564,1447
564,1611
564,1564
564,2745
564,1578
564,1463
564,1554
564,1579
564,1555
564,1581
564,1456
564,750
564,1342
564,1458
564,1565
565,2959
565,767
565,1574
565,2960
565,571
565,566
565,1941
565,2961
566,1329
566,1941
566,1914
567,2060
567,573
568,1466
568,1076
568,1482
568,1081
568,1103
568,2227
569,1128
569,1129
569,1108
571,768
571,576
571,1487
571,2963
571,1482
571,1679
573,2060
573,1308
573,2478
574,2060
574,1027
576,1311
576,1823
576,1826
576,679
576,1827
576,728
576,1828
577,1852
577,1470
577,1471
577,1473
577,1510
577,1623
577,1530
577,578
577,1480
577,1853
577,579
577,679
577,1715
577,1643
577,1854
577,1605
577,1669
577,1855
577,1856
577,581
577,1681
577,1691
577,1722
577,1692
577,681
577,1716
577,1857
577,1712
577,1858
577,1700
578,1622
578,1470
578,1471
578,1473
578,1474
578,1510
578,1623
578,1530
578,1624
578,1284
578,1701
578,1627
578,1628
578,1481
578,579
578,1633
578,1634
578,1485
578,1635
578,679
578,1715
578,1640
578,1642
578,1643
578,1854
578,1862
578,1648
578,1654
578,1863
578,1663
578,1664
578,1666
578,1667
578,1668
578,1669
578,1671
578,1676
578,1494
578,1678
578,1679
578,581
578,1681
578,1683
578,1309
578,1688
578,1864
578,657
578,1694
578,1865
578,1857
578,1712
578,1700
578,1253
579,1917
579,1624
579,1862
579,1643
579,1307
579,1479
579,1628
579,1925
579,1523
579,674
579,1867
580,1754
580,1685
580,1686
580,1498
580,582
581,1856
581,2639
582,1996
582,1468
582,2638
583,584
584,680
585,586
586,587
586,588
586,589
586,590
586,591
586,592
586,593
586,594
586,595
586,596
586,597
586,598
586,599
586,600
586,601
586,602
586,603
586,604
586,605
586,606
586,607
586,608
587,592
587,593
587,594
587,598
587,601
587,603
587,604
588,592
588,593
588,594
588,596
588,597
588,598
588,601
588,602
588,603
588,604
588,606
588,608
589,593
589,594
589,598
589,603
589,604
589,606
590,593
590,594
590,597
590,598
590,603
590,604
590,606
590,608
591,592
591,598
591,604
592,1919
592,1629
592,1721
592,1470
592,1928
592,1892
592,1471
592,1893
592,1655
592,596
592,1656
592,1479
592,601
592,1497
592,1295
593,594
593,1433
593,2107
596,1473
597,2751
597,1067
598,2458
598,621
598,1938
598,1021
598,1408
598,1939
598,955
598,626
599,601
600,944
601,1433
602,964
603,2549
603,1084
603,604
603,1191
608,3451
609,610
609,611
609,612
609,613
609,614
609,615
610,1615
610,682
610,1895
610,1487
610,1490
610,1993
610,614
612,684
613,1470
613,1471
613,1473
613,1548
613,1510
613,1513
613,1524
613,1447
613,1526
613,1153
614,652
614,615
615,3457
616,618
617,1548
617,1750
617,1757
617,2321
617,1492
617,2805
617,1940
617,1505
617,2806
619,620
619,621
619,622
619,623
619,624
619,625
619,626
619,627
619,628
619,629
619,630
620,631
620,632
620,633
620,634
620,635
620,630
621,1020
621,631
621,947
621,951
621,952
621,1021
621,2010
621,623
621,1017
621,625
621,801
621,955
621,956
621,626
621,1018
621,944
621,805
622,1577
622,654
622,1976
622,1421
622,1423
622,1890
622,2011
622,2012
623,631
623,1505
624,660
624,631
625,945
625,950
625,2760
625,951
625,986
625,990
625,1001
625,948
625,998
626,2458
626,1015
626,1938
626,932
626,1021
626,939
626,2104
626,956
626,1018
626,955
626,1019
626,632
626,631
627,729
627,639
627,631
627,992
627,641
628,759
628,632
628,721
630,635
632,649
632,684
632,685
632,686
632,687
635,1730
635,2760
635,672
635,1076
635,1081
635,1489
635,647
636,637
636,638
637,1173
637,1174
637,1175
638,1570
638,1574
638,1975
639,640
639,641
639,642
640,729
640,641
640,642
641,2458
641,642
643,644
643,645
643,646
645,2266
645,2400
645,2401
645,2402
645,1400
646,2266
646,2617
646,3074
646,2268
647,648
648,649
649,658
649,659
649,660
649,652
649,661
650,651
650,652
650,653
651,685
651,687
653,1617
653,1747
654,655
655,1895
655,2317
656,657
657,1466
657,1721
657,1470
657,1473
657,1631
657,1486
657,1484
657,1746
657,1295
657,1912
657,2387
657,1626
657,1627
657,1628
657,1478
657,1666
657,1667
657,1621
657,1668
657,1670
657,1671
657,1915
657,1908
657,1708
657,1688
657,1497
657,1758
657,1914
657,1864
660,661
660,669
661,3104
661,945
661,3142
661,3141
661,1923
662,663
664,1451
664,1452
664,1549
664,1525
664,1556
664,1459
665,1528
665,730
665,1447
665,1525
665,1618
665,735
665,1114
665,669
665,1093
665,674
665,1061
666,2067
667,945
667,800
667,986
667,2330
667,802
667,992
667,993
667,994
667,995
667,996
667,1288
667,2460
667,674
667,999
668,1076
668,1081
668,735
669,1528
669,2535
669,1472
669,1730
669,1416
669,1525
669,1093
669,691
669,1094
669,1421
669,741
671,1528
671,2479
672,2160
673,1178
674,732
674,1473
674,1948
674,1665
674,800
674,1449
674,1617
674,2213
674,1749
674,731
675,2160
675,1176
676,677
677,1921
677,1896
678,679
678,680
678,681
679,680
679,1902
679,1480
679,1967
680,1902
680,1854
680,2078
680,2079
680,2080
680,727
680,681
680,2081
680,1031
680,1752
680,1956
681,1716
682,683
683,928
684,1528
684,1550
684,1574
684,1525
684,1457
684,1570
685,1365
688,689
688,690
688,691
689,1020
689,1487
689,1490
690,873
690,747
691,1416
691,947
692,693
692,694
692,695
692,696
692,697
692,698
692,699
692,700
692,701
692,702
692,703
692,704
692,705
692,706
692,707
692,708
692,709
692,710
692,711
692,712
692,713
692,714
692,715
692,716
692,717
692,718
692,719
693,822
694,1593
694,2014
694,2016
694,2015
694,1847
695,2588
695,2608
696,2843
697,698
698,3041
698,699
698,3042
698,3043
698,3044
698,3045
698,3046
698,3047
698,3048
699,2606
699,1825
699,3086
699,3089
699,1839
699,3047
700,2782
700,2785
701,1830
701,2588
701,2586
701,2590
701,2607
701,702
701,3156
702,2587
702,1830
702,703
702,704
702,1833
702,2586
702,2601
702,3156
702,1848
703,704
703,706
703,3157
704,706
704,3157
705,2782
705,2787
705,2788
705,2052
705,2786
705,2053
706,1830
706,2904
706,2003
706,2292
706,2005
706,3342
706,3222
706,2785
706,1825
706,2950
706,3157
706,2794
708,1835
708,1830
708,2782
708,3181
708,3178
708,2785
708,3130
708,2586
708,3182
708,1834
708,2823
713,3047
716,3053
716,1830
716,2180
716,2687
719,1835
719,3181
719,3178
719,3182
719,1834
719,2818
719,2823
719,3180
721,722
721,723
721,724
721,725
721,726
721,727
721,728
722,2513
722,1704
722,2283
722,724
722,1493
723,1919
723,1510
723,724
723,2283
723,1502
723,2514
724,725
724,2517
724,1608
724,1493
724,1309
726,739
727,732
727,1754
727,1755
727,1480
727,1626
727,1628
727,1667
727,1501
727,2639
727,1856
727,1864
727,2081
728,732
728,1644
728,1852
728,1470
728,1739
728,1509
728,1754
728,1511
728,1755
728,1524
728,1514
731,732
731,733
731,734
731,735
731,736
731,737
731,738
732,1480
732,1629
732,1902
732,1638
732,1740
732,733
732,1947
732,1948
732,1754
732,734
732,1306
732,1949
732,1950
732,736
732,1751
732,1951
732,1685
732,1952
732,1686
732,738
732,1953
732,1621
732,1710
732,1954
732,1955
732,1956
733,1265
733,2036
733,1266
733,1264
733,1267
733,1947
733,963
733,1665
733,1268
733,2031
733,1275
733,1276
733,734
733,1273
733,2037
733,1280
733,2033
733,2045
733,1278
733,2034
734,1265
734,2036
734,1266
734,1264
734,2279
734,1267
734,1947
734,963
734,2038
734,1270
734,1665
734,2555
734,2031
734,1903
734,1275
734,2280
734,1273
734,2556
734,735
734,1272
734,2557
734,2033
734,1954
734,2034
735,1948
735,1665
735,2213
737,2217
737,1947
737,1665
737,2897
737,1855
739,740
740,1439
740,1440
740,1441
740,1442
740,1443
742,743
742,744
743,745
743,746
743,747
744,747
745,875
746,876
748,749
748,750
748,751
748,752
749,1318
749,1317
749,1338
749,1327
749,1042
749,1339
749,1340
749,1320
749,1321
749,1322
749,1323
749,1324
749,1341
749,1325
749,1342
749,870
749,1334
749,1335
749,1336
750,1548
750,1611
750,1564
750,1578
750,1463
750,1554
750,1579
750,1581
750,1562
750,1342
750,1458
750,1613
750,1565
753,756
753,757
753,758
754,1042
756,867
757,899
758,896
759,760
760,1421
761,762
761,763
761,764
765,766
765,767
765,768
766,1576
766,1128
766,1570
766,1523
767,768
767,1576
767,1128
768,2963
769,770
769,771
769,772
769,773
769,774
769,775
770,1571
770,1128
770,1514
770,1572
770,774
771,1365
771,2483
771,1372
772,1364
772,3255
773,3330
773,3331
773,774
774,2931
774,3330
774,1263
774,3331
774,2425
776,777
776,778
776,779
776,780
776,781
776,782
777,899
779,899
779,905
780,843
781,2272
781,1543
781,802
781,992
781,1336
782,897
782,898
782,903
782,2142
782,3137
785,786
785,787
785,788
785,789
785,790
785,791
787,909
787,2660
787,2661
787,2655
787,910
787,1784
787,788
787,2654
787,790
787,2662
788,909
788,824
788,2660
788,2661
788,2655
788,2667
788,910
788,1784
788,897
788,790
788,2662
789,2737
790,2666
790,1546
790,2654
791,3248
792,793
792,794
792,795
793,794
793,881
793,795
794,881
794,3229
794,795
795,1396
795,2033
795,3265
795,2034
796,945
796,924
796,932
796,797
796,801
796,806
797,945
797,948
797,949
797,924
797,932
797,801
797,806
798,1293
798,799
799,1293
799,1298
799,803
799,807
800,945
800,986
800,948
800,2533
800,802
800,992
800,993
800,994
800,995
800,996
800,920
800,2460
800,2461
800,999
801,952
801,953
801,932
801,956
801,806
802,945
802,989
802,988
802,2346
802,993
802,1329
802,994
802,995
802,992
803,1375
803,1293
803,1374
803,807
806,3402
806,945
806,949
806,932
806,1009
807,1293
807,1298
809,810
810,1209
810,2455
811,812
811,813
811,814
811,815
811,816
811,817
811,818
811,819
812,1209
812,1211
812,1198
812,1204
812,1223
813,826
813,1199
813,1201
813,815
813,1214
813,1231
813,1229
813,817
813,819
814,1202
814,815
814,1238
815,1239
815,1209
815,1211
815,3099
815,1233
815,1206
815,1086
815,1081
815,1219
815,1089
815,1092
815,1201
815,825
815,1223
817,1209
817,1206
817,1199
818,2931
819,1213
819,1219
819,1199
820,821
821,1220
821,1258
821,1259
821,1244
821,1042
821,2370
821,1245
821,1343
821,2371
823,824
824,1782
824,1779
824,1783
824,1784
824,1785
824,1786
824,1764
824,1787
824,1788
825,826
825,827
825,828
825,829
826,895
827,2459
827,3102
827,1255
827,2750
828,2002
828,3244
828,829
828,3245
828,1164
829,2002
829,1378
829,3244
829,3245
829,1164
830,831
832,833
832,834
833,835
833,836
834,1172
834,1976
835,1589
835,2712
835,2482
835,1068
835,2538
836,2244
836,1068
837,838
837,839
837,840
837,841
838,842
839,1127
839,1329
839,1339
839,1557
839,1109
840,906
840,849
840,2135
840,858
841,1651
841,3350
842,856
842,857
842,843
842,844
842,847
842,858
842,855
843,844
843,845
843,846
843,847
843,848
843,849
843,850
843,851
843,852
843,853
843,854
843,855
844,2108
844,845
844,847
844,848
844,2109
844,849
844,2110
844,2111
844,2112
844,852
844,2113
844,2114
844,2115
844,2116
844,854
844,2117
845,848
845,2108
845,846
845,847
845,849
845,2118
845,2119
845,2110
845,2111
845,2112
845,1330
845,852
845,2113
845,2120
845,2121
845,871
845,2122
845,2114
845,2123
845,2124
846,2109
846,2125
846,2108
846,847
847,848
847,2109
847,849
847,2118
847,2119
847,2110
847,2111
847,859
847,2108
847,2121
847,2122
847,2114
847,2090
848,857
848,2109
848,852
848,2117
849,2109
849,1583
850,863
850,1773
851,2372
851,2373
851,1761
851,1042
851,2355
851,1764
851,2374
851,2090
852,2109
852,2379
852,2118
852,1042
852,1583
853,2647
853,1785
853,2090
856,859
856,860
856,861
857,862
858,2433
858,1323
858,1322
858,2435
858,1324
858,1580
858,1583
858,2467
858,2436
858,2847
858,2133
858,2706
858,2166
859,1197
859,1226
859,860
859,1224
859,1227
860,1226
860,1220
860,2345
860,1248
860,1224
860,3301
861,2822
861,1987
862,2087
863,864
863,865
866,867
866,868
866,869
866,870
866,871
866,872
868,1451
868,869
868,2769
869,870
869,1431
869,2775
870,1327
870,2391
870,2274
870,1431
870,1544
871,872
871,2656
871,2655
871,2663
871,1541
873,874
874,969
874,1037
874,2104
874,1031
878,879
878,880
879,883
881,882
883,884
883,885
883,886
883,887
884,885
884,2145
884,2146
884,2147
885,886
885,2146
886,3013
886,2921
886,2923
886,887
887,3013
888,889
888,890
888,891
888,892
889,893
889,894
889,892
890,2682
891,3456
893,2307
893,2306
893,894
893,2308
898,899
898,900
899,901
899,902
900,2441
900,2442
900,2443
900,2444
902,1053
903,904
905,3162
907,908
907,909
907,910
907,911
908,912
908,913
908,914
908,915
908,916
908,917
908,918
909,1111
909,2660
909,910
911,1762
911,2380
912,1761
913,2091
913,1042
913,1784
913,2092
913,2364
913,918
914,2995
915,1220
915,916
916,1761
916,1261
918,2563
918,2091
918,2089
918,2093
918,2340
919,920
919,921
920,1797
922,929
922,923
922,924
922,925
922,930
922,931
922,932
922,933
922,934
922,935
922,936
922,926
922,927
922,937
922,928
923,924
923,925
923,929
923,930
923,931
923,932
923,933
923,934
923,935
923,926
923,927
923,928
924,938
924,929
924,930
924,931
924,932
924,939
924,933
924,925
924,926
924,927
924,928
924,940
925,929
925,941
925,931
925,942
925,926
925,927
925,928
926,931
926,933
926,927
926,928
927,929
927,931
927,983
927,933
928,3418
928,3419
928,3280
929,943
929,930
929,931
929,932
929,933
929,934
930,932
930,946
931,932
931,933
931,934
932,938
932,945
932,947
932,939
933,934
933,935
933,957
934,975
936,2365
936,1548
936,1042
937,2312
937,1652
937,1922
937,1754
937,1755
937,1724
937,1655
937,1481
937,1684
937,1634
937,1726
937,1496
937,1499
938,944
939,950
939,951
939,952
939,953
939,954
939,955
939,956
940,951
940,1706
940,2838
940,1463
940,2267
940,1485
940,2015
940,942
940,1092
940,2921
941,969
941,970
941,971
941,972
941,973
941,974
941,975
941,976
941,977
942,978
942,979
942,980
942,981
942,982
942,983
943,984
943,985
944,1461
944,2461
945,948
945,986
945,987
945,988
945,989
945,990
945,991
945,992
945,993
945,994
945,995
945,996
945,997
945,998
945,999
946,3064
946,3063
947,951
947,1000
947,990
947,1001
947,952
947,1002
947,953
947,954
947,1003
947,1004
947,1005
947,1006
947,1007
947,1008
948,986
948,1009
948,991
948,993
948,1010
948,998
948,1011
948,1005
949,1012
950,1013
950,951
950,953
950,954
950,1000
950,1014
951,1012
951,1015
951,954
951,1016
951,1017
951,1014
951,1018
951,1019
952,1020
952,1021
952,1017
952,1014
952,956
952,1018
953,978
953,1000
953,980
953,1021
953,956
953,1018
953,1022
954,1015
954,1023
954,1024
954,1017
954,1018
955,2458
955,1938
955,1021
955,956
955,1939
957,1076
958,1287
958,1288
958,965
959,960
959,2181
960,2182
960,2183
960,2184
961,2039
961,2185
961,2181
962,2462
962,2463
962,2461
962,968
963,1282
964,1501
967,2039
967,2042
967,2030
968,1265
968,2035
968,1266
968,1267
968,1269
968,1270
968,2030
968,3131
968,1273
968,2043
969,980
969,1028
969,971
969,1029
969,1030
969,975
969,1031
970,971
971,1028
971,972
971,2102
971,1031
972,973
972,975
973,2616
973,2102
973,974
973,975
974,3334
975,1030
976,1802
976,1076
976,1081
976,1099
977,1128
978,980
978,1032
978,1033
978,1034
979,1037
979,1038
979,1039
979,1040
979,1041
980,983
980,1028
980,1042
980,1043
980,1027
981,982
981,983
981,1028
981,1037
981,1044
982,1045
982,1046
982,983
982,1028
982,1044
983,1029
983,1046
983,1037
983,1028
983,1047
983,1048
983,1049
984,1002
984,3079
984,1175
985,1975
986,1423
986,1574
986,987
986,988
986,989
986,992
986,993
986,994
986,995
986,996
986,998
986,999
987,988
989,2330
990,1001
990,1002
990,1004
990,1014
990,998
990,1011
990,2234
990,1005
990,3079
991,3103
991,1826
991,1016
991,998
992,1258
992,1377
992,1452
992,1127
992,1454
992,996
992,2533
992,993
992,2330
992,1010
992,1443
992,1329
992,1009
992,994
992,1339
992,1545
992,995
993,996
993,994
993,995
993,999
994,996
994,2330
994,995
994,3316
994,999
995,996
995,999
996,2217
996,2216
996,999
997,3013
998,2668
998,3103
998,1011
998,1007
1001,1002
1001,1004
1001,1005
1002,1004
1002,1005
1002,1175
1004,3103
1004,1014
1004,1011
1004,2234
1004,1005
1005,1011
1005,1296
1005,1975
1005,1007
1006,2668
1007,3103
1007,1011
1007,1296
1011,3103
1011,1028
1012,1014
1012,1298
1013,2208
1013,2235
1014,1939
1015,1473
1015,2767
1015,2768
1016,3104
1016,2429
1016,2430
1016,2376
1016,1275
1016,1494
1016,2944
1017,1020
1018,1730
1018,1021
1018,1896
1019,2429
1019,1729
1019,1021
1019,1940
1019,1943
1021,2237
1022,1590
1023,2219
1023,2220
1023,2207
1023,2208
1023,2209
1023,2221
1023,1024
1023,1738
1023,2222
1024,2210
1024,2212
1026,2668
1026,2225
1027,2039
1027,1260
1027,3152
1027,3345
1027,1028
1028,1802
1028,1037
1028,1725
1029,1037
1029,1974
1031,3366
1031,2081
1032,3274
1032,1891
1032,1584
1032,3273
1033,1116
1035,1079
1035,1076
1035,1081
1035,3147
1035,1102
1036,3400
1037,1046
1037,1047
1038,2382
1041,3314
1041,1447
1041,1440
1041,1527
1041,1448
1042,2348
1042,2349
1042,2350
1042,2351
1042,1330
1042,2058
1042,2352
1042,2353
1042,1557
1042,1340
1042,2354
1042,2355
1042,2356
1042,1118
1042,1543
1042,1580
1042,1583
1043,2479
1044,3291
1045,2103
1046,1049
1047,2002
1047,1182
1047,3365
1047,2620
1047,1181
1047,2621
1047,3025
1047,1180
1049,1667
1050,1051
1050,1052
1051,1053
1052,1404
1052,1130
1054,1055
1054,1056
1055,1099
1056,1099
1057,1058
1057,1059
1057,1060
1057,1061
1058,1067
1058,1417
1058,1418
1058,1419
1058,1061
1060,1293
1060,1067
1061,3163
1061,1067
1062,1063
1063,2421
1064,1065
1064,1066
1065,2159
1065,2535
1065,1076
1065,1081
1065,2228
1065,1114
1066,2159
1066,1982
1066,1113
1069,1070
1070,1595
1070,2252
1071,1072
1074,1075
1074,1076
1074,1077
1075,1078
1076,1079
1076,1080
1076,1081
1076,1082
1076,1083
1076,1084
1076,1085
1076,1086
1076,1087
1076,1088
1076,1089
1076,1090
1076,1091
1076,1092
1076,1093
1076,1094
1076,1095
1076,1096
1076,1097
1076,1098
1076,1099
1076,1100
1076,1101
1076,1102
1076,1103
1076,1104
1076,1105
1076,1106
1076,1107
1076,1108
1077,1364
1077,3448
1078,1080
1078,3439
1079,1081
1079,1083
1079,1087
1079,1109
1079,1102
1079,1110
1080,1111
1080,1086
1080,1087
1080,1088
1080,1095
1080,1097
1080,1102
1081,1112
1081,1082
1081,1113
1081,1084
1081,1114
1081,1087
1081,1089
1081,1093
1081,1098
1081,1100
1081,1102
1081,1115
1081,1116
1081,1103
1081,1106
1081,1107
1081,1108
1082,1525
1082,1551
1083,1112
1083,1590
1083,2322
1083,1108
1084,1590
1084,1591
1084,1113
1084,2549
1084,1551
1084,1114
1084,1090
1084,1094
1085,1568
1085,1525
1085,1551
1085,1458
1086,2758
1086,2757
1087,1473
1087,1109
1087,2739
1087,1088
1087,2713
1087,1089
1087,1485
1089,1112
1089,2842
1090,2331
1090,1449
1090,1476
1090,1450
1090,1590
1090,1526
1090,1529
1092,1615
1092,1097
1093,1525
1093,2842
1094,1528
1094,1416
1094,1614
1095,1780
1095,1104
1096,3309
1096,1100
1098,1452
1098,1525
1098,1443
1098,3386
1099,1802
1100,3309
1100,3308
1100,1101
1100,1104
1100,1105
1101,3309
1101,3308
1101,3062
1103,1590
1103,1591
1103,1551
1104,1105
1104,1106
1106,3126
1109,1377
1110,1888
1110,1889
1111,1117
1111,1118
1111,1119
1111,1120
1112,1121
1112,1114
1113,1133
1113,1590
1113,1551
1113,1537
1114,2535
1114,2160
1114,1906
1115,1615
1115,1524
1115,1759
1116,2125
1116,1584
1116,3273
1116,1326
1117,1822
1121,1177
1122,1123
1122,1124
1122,1125
1123,1193
1124,3072
1126,1127
1127,1318
1127,1542
1127,1319
1127,1442
1127,1443
1127,1456
1127,1463
1127,1543
1127,1329
1127,1320
1127,1544
1127,1337
1127,1545
1127,1546
1127,1547
1127,1336
1128,2055
1131,1132
1133,1134
1134,1136
1134,1137
1134,1138
1134,1139
1134,1140
1134,1141
1134,1142
1134,1143
1134,1144
1134,1145
1134,1146
1134,1147
1134,1148
1134,1149
1134,1150
1134,1151
1134,1152
1134,1153
1134,1154
1134,1155
1134,1156
1134,1157
1134,1158
1134,1159
1134,1160
1134,1161
1134,1162
1134,1163
1134,1164
1134,1165
1134,1166
1134,1167
1134,1168
1134,1169
1134,1170
1134,1171
1135,1528
1135,2479
1135,2155
1135,3340
1136,1137
1137,1138
1137,1139
1137,1140
1138,1139
1138,1140
1138,2167
1138,1141
1138,2168
1138,1143
1138,2169
1138,1145
1138,1146
1138,1379
1138,1147
1138,1148
1138,1149
1138,1150
1138,1151
1138,2170
1138,1153
1138,1154
1138,1155
1138,2171
1138,1156
1138,2172
1138,1157
1138,1160
1138,2173
1138,2174
1138,1163
1138,1165
1138,2175
1138,2176
1138,2177
1138,2178
1138,1169
1138,2179
1139,2167
1139,1141
1139,2168
1139,1145
1139,1379
1139,1150
1139,2170
1139,1153
1139,1154
1139,1155
1139,1157
1139,2174
1139,1163
1139,2175
1139,2176
1139,2177
1139,2178
1139,2179
1139,1170
1140,2167
1140,1142
1140,1432
1141,2180
1141,2167
1141,2168
1141,1151
1141,1836
1141,1157
1141,2176
1142,1168
1143,2761
1144,2169
1144,2811
1144,2532
1144,2867
1144,2873
1144,2864
1144,2875
1144,1150
1144,2865
1144,2877
1144,2881
1144,2891
1144,2179
1145,2167
1145,1146
1145,2168
1145,1379
1145,1153
1145,1170
1146,1147
1146,1165
1146,1170
1147,1378
1147,2999
1147,1164
1147,1165
1148,3068
1148,1153
1148,1155
1148,2171
1148,1156
1148,2172
1148,2173
1148,3069
1148,2177
1148,2178
1149,2002
1149,3075
1149,2167
1149,3076
1149,2168
1150,2169
1150,2811
1150,2532
1150,1378
1150,2880
1150,2179
1151,2579
1151,2167
1151,2168
1153,2167
1153,1379
1154,2167
1154,2761
1155,2167
1155,1379
1155,2761
1155,1170
1156,2761
1157,2167
1157,2168
1157,2174
1158,3329
1158,1167
1160,2552
1163,3329
1163,2167
1163,2168
1163,1170
1165,2167
1165,2168
1166,3372
1166,2734
1167,1168
1168,3329
1170,2167
1170,2168
1170,1904
1174,1509
1174,1655
1174,1656
1174,1482
1174,1632
1174,1507
1175,1920
1175,1470
1175,1471
1175,1473
1175,1474
1175,1510
1175,1477
1175,2838
1175,1917
1175,1482
1175,1896
1175,1295
1175,1626
1175,1627
1175,1628
1175,1667
1179,1180
1179,1181
1179,1182
1179,1183
1180,2620
1180,2621
1181,1182
1181,3070
1181,3071
1182,2410
1182,3070
1182,2438
1182,3072
1182,1194
1184,1185
1185,1215
1186,1187
1186,1188
1187,2291
1187,2934
1187,1188
1187,2936
1187,2888
1187,2242
1188,2934
1188,2936
1188,2888
1189,1190
1190,1255
1190,1981
1190,1980
1191,1192
1193,1194
1194,2438
1194,1359
1194,1360
1197,1205
1197,1206
1197,1198
1197,1204
1197,1207
1197,1208
1198,1209
1198,1206
1198,1199
1198,1203
1198,1210
1198,1208
1199,1209
1199,1211
1199,1206
1199,1212
1199,1213
1199,1214
1200,1215
1200,1216
1201,1217
1202,1212
1203,1209
1203,1218
1203,1219
1204,1206
1204,1222
1205,1206
1206,1222
1206,1207
1206,1224
1206,1208
1206,1225
1208,3445
1209,1211
1209,1212
1209,1213
1209,1218
1209,1219
1209,1228
1209,1214
1209,1229
1209,1225
1209,1230
1210,2191
1210,2186
1211,1212
1212,1234
1212,1213
1212,1229
1213,1234
1213,1214
1214,1219
1214,1228
1215,2543
1215,3094
1215,2453
1216,2845
1216,2846
1217,1231
1218,1219
1220,1241
1220,1242
1220,1243
1220,1244
1220,1245
1220,1246
1220,1247
1220,1248
1220,1249
1220,1250
1220,1251
1220,1252
1220,1253
1220,1254
1221,1255
1221,1256
1223,1228
1224,1226
1224,3302
1224,2345
1224,2620
1224,2953
1226,2345
1226,1230
1227,1252
1229,2082
1230,2187
1236,1257
1236,1258
1236,1259
1236,1260
1236,1245
1236,1244
1236,1261
1236,1249
1236,1262
1237,2003
1237,2004
1238,2644
1238,2648
1238,2646
1240,3115
1241,1243
1242,2194
1242,1396
1242,2195
1242,1398
1244,1257
1244,1258
1244,1245
1244,1343
1245,1257
1245,1258
1245,1259
1245,1343
1245,1262
1245,1254
1246,3217
1246,1247
1246,2602
1247,3219
1247,3220
1247,3221
1247,3055
1249,1257
1249,1258
1249,1261
1249,1953
1250,2782
1250,2052
1250,2793
1250,2792
1251,3217
1251,3168
1251,3341
1253,1830
1253,3462
1253,2897
1254,1257
1254,1258
1255,2359
1257,1258
1257,1259
1258,1259
1258,1343
1258,1262
1259,1330
1259,1262
1259,1540
1259,2385
1263,1364
1264,1265
1264,1266
1264,1267
1264,1268
1264,1269
1264,1270
1264,1271
1264,1272
1264,1273
1264,1274
1265,1266
1265,1275
1265,1267
1265,1276
1265,1270
1265,1273
1265,1277
1265,1278
1265,1279
1266,1276
1266,1270
1266,1271
1266,1280
1266,1281
1266,1282
1266,1277
1266,1278
1266,1279
1267,2029
1267,2035
1267,2036
1267,1276
1267,1275
1267,1268
1267,2031
1267,1269
1267,1270
1267,1272
1267,2037
1267,1280
1267,2032
1267,1282
1267,2033
1267,2034
1268,1276
1268,1269
1268,2038
1268,1270
1268,1275
1268,2031
1268,1272
1268,2037
1268,2033
1268,2034
1269,2029
1269,2039
1269,1271
1269,1270
1270,2029
1270,2039
1270,2036
1270,2042
1270,1276
1270,1271
1270,2038
1270,1272
1270,1273
1270,2032
1271,2029
1271,2039
1271,1276
1271,1272
1271,2032
1271,1952
1272,2039
1272,2038
1272,1275
1272,2280
1272,1273
1272,2033
1272,2043
1273,2029
1273,2031
1273,1275
1273,2033
1273,1277
1273,2034
1273,2558
1274,2318
1275,2029
1275,2030
1275,2031
1275,2032
1275,2033
1275,1277
1275,2034
1276,2029
1276,2035
1276,2042
1276,1280
1276,2043
1276,1278
1277,2029
1277,2035
1277,2031
1277,3206
1277,3208
1277,1395
1277,1396
1277,2032
1277,2034
1278,2029
1278,2035
1278,1947
1278,2816
1278,2032
1278,2043
1279,2558
1281,1705
1281,2046
1281,2954
1282,2765
1282,2276
1282,2780
1283,1284
1283,1285
1284,1470
1284,1471
1284,1866
1284,1473
1284,1474
1284,1510
1284,1623
1284,1530
1284,1702
1284,1624
1284,1647
1284,1643
1284,1286
1284,1667
1284,1696
1284,1867
1285,1866
1285,1653
1285,1867
1289,1290
1289,1291
1289,1292
1290,2267
1290,1292
1290,2677
1292,1316
1293,1296
1293,1297
1294,2834
1294,1409
1294,2837
1294,2832
1294,2838
1294,1408
1294,1412
1295,1920
1295,1467
1295,1629
1295,1658
1295,1706
1295,1724
1295,1917
1295,1661
1295,1482
1295,1485
1296,2901
1297,2651
1298,3097
1300,1301
1300,1302
1301,2845
1301,2955
1301,2380
1302,2845
1302,2955
1303,1304
1304,2006
1305,1306
1306,1947
1306,1672
1306,1949
1306,1953
1307,1308
1307,1309
1307,1310
1309,1862
1309,1863
1309,2283
1309,1628
1312,1313
1313,1314
1313,1315
1314,1866
1314,1667
1314,1907
1314,2009
1314,2633
1314,2634
1314,1691
1314,1946
1317,1318
1317,1319
1317,1320
1317,1321
1317,1322
1317,1323
1317,1324
1317,1325
1317,1326
1318,1327
1318,1328
1318,1329
1318,1330
1318,1320
1318,1321
1318,1322
1318,1323
1318,1324
1318,1325
1318,1331
1318,1332
1318,1333
1318,1334
1318,1335
1318,1336
1319,1560
1319,1561
1319,1548
1319,1562
1320,1327
1320,1328
1320,1329
1321,1328
1321,1330
1321,2384
1321,1329
1321,1335
1322,2433
1322,2118
1322,2366
1322,1340
1322,1580
1322,1323
1322,1324
1322,1341
1322,1613
1322,2357
1322,2434
1322,2435
1322,1583
1322,2436
1322,2437
1322,1335
1323,2433
1323,1324
1323,1580
1323,2366
1323,1341
1323,2434
1323,2435
1323,1583
1323,2436
1323,2437
1323,1335
1324,2433
1324,1580
1324,2366
1324,1341
1324,1325
1324,2368
1324,2434
1324,1583
1324,1333
1324,2468
1324,1334
1324,1335
1324,1336
1325,1328
1325,1564
1325,1578
1325,2379
1325,1463
1325,1554
1325,1579
1325,1555
1325,2659
1325,1581
1325,1582
1325,2654
1325,1331
1325,1332
1325,1333
1325,1334
1325,1552
1325,1336
1326,1587
1326,2125
1326,1540
1327,1337
1328,1329
1328,1337
1328,1333
1328,1334
1328,1335
1329,1451
1329,1377
1329,1542
1329,2258
1329,1452
1329,2350
1329,1442
1329,1453
1329,1330
1329,1564
1329,1578
1329,1612
1329,1554
1329,1579
1329,1454
1329,1455
1329,1456
1329,1443
1329,1532
1329,1543
1329,1562
1329,2357
1329,1331
1329,1546
1329,1332
1330,2258
1330,1331
1330,1337
1330,1332
1330,2369
1330,1333
1330,1334
1330,1336
1331,1542
1331,1406
1331,1463
1331,2920
1331,2397
1331,1544
1331,1336
1332,1542
1332,1463
1332,2920
1332,2397
1332,1544
1332,3248
1332,1336
1333,1341
1333,2368
1333,2468
1334,1564
1334,1578
1334,2379
1334,1463
1334,1554
1334,1579
1334,1555
1334,2659
1334,1581
1334,1582
1335,1884
1335,1336
1336,1452
1336,1406
1336,1463
1336,2397
1336,1544
1336,1565
1336,1543
1337,2350
1337,1341
1337,2716
1337,3140
1339,1553
1339,2126
1339,1543
1339,1342
1339,1545
1339,1535
1339,1552
1340,1583
1341,2350
1341,2366
1341,2469
1341,1583
1342,1564
1342,1578
1342,1463
1342,1554
1342,1579
1342,1555
1342,1458
1342,1613
1343,2652
1344,1345
1344,1346
1344,1347
1345,2866
1345,2854
1345,2169
1345,2867
1345,2856
1345,2858
1345,2864
1345,2868
1345,2869
1345,2870
1346,2169
1346,2811
1346,2815
1346,2812
1346,2131
1346,2862
1346,2170
1346,2880
1347,2855
1347,3367
1347,2170
1347,2862
1348,1349
1348,1350
1348,1351
1349,2086
1350,2086
1351,2086
1354,1355
1354,1356
1354,1357
1354,1358
1355,2335
1356,2824
1356,2817
1356,2816
1356,2819
1356,2825
1358,3149
1361,1362
1362,1483
1363,1364
1364,1373
1365,1596
1365,2487
1365,1367
1365,2253
1365,2488
1365,1572
1365,2489
1365,1368
1365,2483
1365,1372
1366,1566
1366,2481
1366,1367
1366,2483
1367,1566
1367,2481
1367,2487
1367,1596
1367,2483
1367,1372
1368,2487
1368,2489
1368,2253
1368,1372
1370,1566
1372,1596
1372,2487
1372,2483
1374,1375
1376,1377
1377,1609
1377,2383
1378,1379
1379,2167
1380,1381
1381,2049
1381,3431
1381,3433
1382,1383
1382,1384
1382,1385
1383,2552
1383,1384
1383,2553
1385,3430
1386,1387
1386,1388
1387,3368
1388,2723
1389,1390
1389,1391
1390,1391
1390,1392
1390,1393
1390,1394
1390,1395
1390,1396
1390,1397
1390,1398
1390,1399
1390,1400
1391,1396
1392,1393
1392,1397
1392,1398
1392,3240
1393,1398
1393,3240
1395,2194
1395,1396
1395,2989
1395,3207
1395,1398
1396,2981
1396,2195
1396,3024
1396,2194
1397,1398
1398,2597
1398,1817
1398,3207
1399,3401
1401,1809
1401,2261
1401,1436
1401,1877
1401,1810
1401,1814
1401,2260
1401,1879
1402,2941
1402,2943
1402,1403
1403,2263
1407,1408
1407,1409
1407,1410
1407,1411
1407,1412
1407,1413
1407,1414
1408,1409
1408,2832
1408,1938
1408,1896
1408,2833
1409,2834
1409,2832
1409,2835
1409,1410
1409,1411
1409,1412
1409,1413
1409,1677
1409,2836
1410,1411
1410,1412
1410,1413
1411,2834
1411,2832
1411,1412
1411,1413
1411,3080
1411,3081
1412,2834
1412,1677
1412,1413
1414,2834
1416,1420
1416,1421
1417,2155
1417,1418
1417,1421
1418,1419
1419,2252
1419,2253
1419,2641
1420,1422
1420,1423
1420,1424
1420,1425
1421,2534
1421,2155
1421,1443
1422,1426
1422,1427
1422,1423
1422,1428
1422,1424
1422,1429
1423,1427
1423,2651
1423,2649
1424,2251
1424,1595
1424,2650
1424,1427
1424,1890
1424,1429
1424,1425
1424,2157
1424,2012
1426,2247
1426,1427
1427,1595
1427,1976
1427,1428
1427,1429
1428,1595
1428,2650
1428,1429
1428,2252
1428,1976
1428,2012
1430,1431
1435,1436
1436,1437
1440,1449
1440,1447
1440,1450
1440,1448
1442,1451
1442,1452
1442,1453
1442,1443
1442,1454
1442,1455
1442,1456
1442,1457
1443,1451
1443,1452
1443,1453
1443,1454
1443,1455
1443,1456
1443,1457
1443,1458
1443,1459
1444,1460
1444,1461
1445,1462
1445,1463
1445,1464
1445,1465
1446,1508
1446,1470
1446,1471
1446,1473
1446,1509
1446,1510
1446,1511
1446,1512
1446,1513
1446,1514
1446,1476
1446,1477
1446,1515
1446,1516
1446,1517
1446,1491
1446,1492
1446,1518
1446,1519
1446,1520
1446,1521
1446,1522
1446,1523
1447,1451
1447,1513
1447,1524
1447,1525
1447,1526
1447,1527
1447,1448
1448,3454
1448,3455
1448,1917
1448,1450
1448,2332
1449,1528
1449,1513
1449,1450
1449,1526
1449,1529
1450,1531
1451,1462
1451,1452
1451,1453
1451,1454
1451,1525
1451,1532
1451,1533
1451,1458
1451,1534
1451,1535
1451,1536
1452,1454
1452,1455
1452,1456
1452,1463
1452,1537
1452,1538
1452,1539
1452,1535
1452,1540
1452,1541
1453,1454
1453,1532
1454,1548
1454,1549
1454,1525
1454,1456
1454,1458
1454,1536
1455,1550
1455,1549
1455,1525
1455,1463
1455,1551
1455,1457
1455,1458
1455,1552
1456,1553
1456,1554
1456,1555
1456,1552
1457,1550
1457,1592
1457,1549
1457,1525
1457,1551
1457,1533
1457,1570
1457,1458
1458,1588
1458,1568
1458,1564
1458,1578
1458,1525
1458,1463
1458,1554
1458,1579
1458,1551
1458,1555
1458,1581
1458,1565
1460,2060
1463,1548
1463,1464
1463,1554
1463,1555
1463,1578
1463,1579
1463,1580
1463,1581
1463,1582
1463,1583
1463,1584
1463,1585
1463,1535
1463,1586
1465,1563
1465,1654
1465,2010
1466,1721
1466,1688
1466,1497
1466,1722
1467,1637
1467,1645
1467,1658
1467,1723
1467,1724
1467,1661
1467,1725
1467,1726
1467,1699
1468,1713
1468,1504
1469,1504
1470,1622
1470,1513
1470,1473
1470,1510
1470,1530
1470,1471
1470,1475
1470,1509
1470,1511
1470,1514
1470,1476
1470,1477
1470,1623
1470,1624
1470,1625
1470,1479
1470,1480
1470,1626
1470,1627
1470,1628
1470,1629
1470,1630
1470,1631
1470,1481
1470,1632
1470,1633
1470,1634
1470,1485
1470,1635
1470,1486
1470,1636
1470,1637
1470,1638
1470,1639
1470,1640
1470,1641
1470,1642
1470,1643
1470,1644
1470,1645
1470,1646
1470,1487
1470,1647
1470,1648
1470,1649
1470,1650
1470,1651
1470,1652
1470,1653
1470,1654
1470,1655
1470,1656
1470,1617
1470,1657
1470,1488
1470,1658
1470,1659
1470,1660
1470,1605
1470,1661
1470,1662
1470,1663
1470,1664
1470,1665
1470,1666
1470,1667
1470,1668
1470,1669
1470,1490
1470,1670
1470,1671
1470,1672
1470,1518
1470,1673
1470,1674
1470,1675
1470,1676
1470,1677
1470,1494
1470,1678
1470,1679
1470,1680
1470,1681
1470,1682
1470,1683
1470,1496
1470,1684
1470,1685
1470,1686
1470,1687
1470,1688
1470,1689
1470,1690
1470,1691
1470,1692
1470,1693
1470,1694
1470,1695
1470,1696
1470,1697
1470,1504
1470,1698
1470,1699
1470,1700
1471,1727
1471,1513
1471,1473
1471,1510
1471,1530
1471,1509
1471,1514
1471,1476
1471,1623
1471,1624
1471,1480
1471,1627
1471,1628
1471,1631
1471,1481
1471,1632
1471,1633
1471,1634
1471,1485
1471,1635
1471,1486
1471,1637
1471,1638
1471,1639
1471,1640
1471,1642
1471,1643
1471,1645
1471,1487
1471,1647
1471,1648
1471,1649
1471,1650
1471,1652
1471,1703
1471,1655
1471,1656
1471,1617
1471,1657
1471,1488
1471,1659
1471,1605
1471,1661
1471,1662
1471,1663
1471,1664
1471,1666
1471,1667
1471,1668
1471,1669
1471,1490
1471,1670
1471,1671
1471,1672
1471,1518
1471,1707
1471,1676
1471,1494
1471,1678
1471,1679
1471,1681
1471,1683
1471,1684
1471,1689
1471,1728
1471,1691
1471,1694
1471,1695
1471,1696
1471,1697
1471,1712
1471,1699
1471,1700
1472,1477
1472,1625
1472,1630
1472,1729
1472,1682
1472,1730
1472,1497
1472,1731
1472,1732
1472,1733
1472,1504
1472,1734
1473,1622
1473,1513
1473,1524
1473,1510
1473,1530
1473,1475
1473,1509
1473,1514
1473,1476
1473,1477
1473,1623
1473,1624
1473,1701
1473,1625
1473,1479
1473,1480
1473,1627
1473,1628
1473,1630
1473,1631
1473,1481
1473,1632
1473,1633
1473,1634
1473,1485
1473,1635
1473,1637
1473,1638
1473,1639
1473,1640
1473,1641
1473,1642
1473,1702
1473,1643
1473,1645
1473,1646
1473,1487
1473,1647
1473,1648
1473,1649
1473,1650
1473,1651
1473,1652
1473,1703
1473,1654
1473,1655
1473,1656
1473,1617
1473,1515
1473,1657
1473,1488
1473,1658
1473,1605
1473,1661
1473,1704
1473,1489
1473,1662
1473,1663
1473,1664
1473,1705
1473,1665
1473,1666
1473,1667
1473,1668
1473,1669
1473,1490
1473,1670
1473,1671
1473,1672
1473,1518
1473,1673
1473,1706
1473,1675
1473,1707
1473,1676
1473,1494
1473,1678
1473,1679
1473,1680
1473,1681
1473,1683
1473,1496
1473,1684
1473,1688
1473,1708
1473,1689
1473,1709
1473,1690
1473,1691
1473,1498
1473,1692
1473,1500
1473,1501
1473,1710
1473,1711
1473,1693
1473,1694
1473,1695
1473,1696
1473,1697
1473,1712
1473,1698
1473,1699
1473,1700
1474,1646
1474,1487
1474,1639
1474,1647
1474,1510
1474,1631
1474,1481
1474,1633
1474,1634
1474,1485
1474,1635
1474,1640
1474,1645
1474,1650
1474,1654
1474,1655
1474,1656
1474,1488
1474,1663
1474,1666
1474,1490
1474,1670
1474,1671
1474,1735
1474,1518
1474,1678
1474,1679
1474,1680
1474,1683
1474,1691
1474,1696
1474,1700
1474,1736
1475,1630
1475,1682
1476,1509
1476,1510
1476,1511
1476,1512
1476,1513
1476,1524
1476,1514
1476,1477
1476,1616
1476,1617
1476,1515
1476,1756
1476,1516
1476,1491
1476,1492
1476,1757
1476,1518
1476,1519
1476,1758
1476,1521
1476,1522
1476,1523
1476,1759
1476,1552
1477,1721
1477,1760
1477,1625
1477,1510
1477,1512
1477,1616
1477,1484
1477,1516
1477,1757
1477,1522
1477,1523
1478,1760
1478,1625
1478,1479
1478,1480
1478,1626
1478,1627
1478,1628
1478,1882
1478,1670
1478,1887
1478,1688
1478,1696
1479,1629
1479,1893
1479,1625
1479,1894
1479,1510
1479,1630
1479,1631
1479,1481
1479,1482
1479,1853
1479,1632
1479,1633
1479,1634
1479,1895
1479,1796
1479,1616
1479,1896
1479,1483
1479,1484
1479,1485
1479,1714
1479,1635
1480,1897
1480,1509
1480,1898
1480,1899
1480,1900
1480,1510
1480,1623
1480,1511
1480,1901
1480,1530
1480,1902
1480,1903
1480,1741
1480,1486
1480,1482
1480,1636
1480,1637
1480,1749
1480,1638
1480,1904
1480,1626
1480,1856
1480,1726
1480,1621
1480,1905
1481,1629
1481,1892
1481,1893
1481,1625
1481,1652
1481,1653
1481,1922
1481,1510
1481,1623
1481,1530
1481,1902
1481,1632
1481,1490
1481,1726
1481,1496
1481,1915
1482,1509
1482,1754
1482,1703
1482,1654
1482,1492
1482,1505
1482,1911
1483,1657
1483,1506
1484,1625
1484,1634
1484,1796
1484,1688
1484,1941
1484,1507
1485,1713
1485,1622
1485,1718
1485,1509
1485,1510
1485,1944
1485,1530
1485,1702
1485,1651
1485,1624
1485,1945
1485,1946
1486,1510
1486,1623
1486,1965
1486,1530
1486,1639
1486,1627
1486,1634
1486,1636
1486,1640
1486,1641
1486,1643
1486,1657
1486,1605
1486,1666
1486,1676
1486,1680
1486,1688
1486,1915
1486,1708
1486,1522
1486,1943
1486,1864
1486,1693
1486,1966
1486,1698
1486,1700
1487,1928
1487,1509
1487,1659
1487,1646
1487,1510
1487,1623
1487,1639
1487,1647
1487,1488
1487,1490
1487,1670
1487,1735
1487,1696
1487,1736
1488,1928
1488,1509
1488,1659
1488,1548
1488,1510
1488,1921
1488,1917
1488,1943
1489,1996
1489,1753
1489,1852
1489,1718
1489,1649
1489,1513
1489,1651
1489,2529
1489,1918
1489,1662
1489,1672
1489,1887
1489,2287
1489,1728
1489,1910
1490,1928
1490,1509
1490,1646
1490,1510
1490,1623
1490,2635
1490,1639
1490,1647
1490,1636
1490,1735
1490,1715
1490,1668
1490,1670
1490,1696
1491,1512
1491,1749
1491,1492
1492,1723
1492,1893
1492,1512
1492,1617
1492,1515
1492,1651
1492,1516
1492,1937
1492,1756
1492,1757
1492,1637
1492,1518
1492,1519
1492,1529
1492,1616
1492,1887
1492,1758
1492,1915
1492,1520
1492,1522
1492,1523
1493,2106
1493,2748
1493,2515
1493,1862
1493,1608
1494,2458
1494,1510
1494,1623
1494,1530
1494,2431
1494,2460
1495,1510
1495,1706
1496,2312
1496,1652
1496,1922
1496,1754
1496,1510
1496,1755
1496,1658
1496,1724
1496,1655
1496,1684
1496,1634
1496,1726
1496,1499
1497,1721
1497,3357
1497,1917
1497,1722
1497,1683
1497,1688
1498,1919
1498,1754
1498,1722
1499,2312
1499,1652
1499,1922
1499,1754
1499,1755
1499,1714
1499,1626
1499,1627
1499,1666
1499,1667
1499,1726
1499,1671
1499,1500
1499,2639
1499,1856
1499,1864
1500,1530
1500,1724
1500,1917
1500,1714
1500,1628
1500,1666
1500,1667
1500,1726
1501,3380
1501,1509
1501,1510
1501,1673
1501,1514
1501,3381
1501,1681
1501,1518
1501,1715
1501,1923
1502,1513
1502,1524
1502,3412
1502,1865
1503,2587
1503,1830
1503,2598
1503,3437
1503,3222
1503,2586
1503,1825
1503,3426
1504,1924
1504,1510
1504,1917
1505,1684
1505,1654
1507,1760
1507,1605
1507,1634
1507,1626
1508,1629
1508,1515
1508,1737
1508,1738
1509,1644
1509,1739
1509,1740
1509,1511
1509,1514
1509,1625
1509,1631
1509,1741
1509,1636
1509,1639
1509,1647
1509,1652
1509,1656
1509,1605
1509,1667
1509,1670
1509,1742
1509,1676
1509,1679
1509,1680
1509,1743
1509,1521
1509,1710
1509,1696
1509,1744
1509,1745
1510,1713
1510,1622
1510,1623
1510,1530
1510,1514
1510,1624
1510,1627
1510,1628
1510,1631
1510,1633
1510,1634
1510,1714
1510,1635
1510,1637
1510,1639
1510,1715
1510,1640
1510,1642
1510,1643
1510,1647
1510,1648
1510,1649
1510,1650
1510,1654
1510,1655
1510,1656
1510,1617
1510,1657
1510,1658
1510,1605
1510,1661
1510,1662
1510,1663
1510,1664
1510,1666
1510,1667
1510,1668
1510,1669
1510,1670
1510,1671
1510,1518
1510,1676
1510,1678
1510,1679
1510,1680
1510,1681
1510,1683
1510,1684
1510,1689
1510,1716
1510,1694
1510,1695
1510,1696
1510,1717
1510,1697
1510,1699
1510,1700
1511,1644
1511,1514
1511,1741
1511,1636
1511,1617
1511,1742
1511,1676
1511,1743
1511,1746
1511,1520
1511,1747
1511,1748
1512,1645
1512,1749
1512,1517
1512,1518
1512,1750
1512,1751
1512,1752
1513,1615
1513,1548
1513,1524
1513,1616
1513,1617
1513,1526
1513,1527
1513,1518
1513,1519
1513,1521
1513,1522
1513,1552
1514,1644
1514,1629
1514,1753
1514,1718
1514,1646
1514,1754
1514,1755
1514,1649
1514,1650
1514,1636
1514,1676
1514,1680
1514,1621
1514,1710
1515,2318
1515,1723
1515,1936
1515,1718
1515,1617
1515,1616
1515,1516
1515,1517
1515,1518
1515,1522
1515,1523
1515,2319
1516,1723
1516,1617
1516,1937
1516,1756
1516,1518
1516,1519
1516,1522
1516,1523
1516,2320
1517,2079
1517,2212
1517,2565
1518,1936
1518,1718
1518,1623
1518,1530
1518,1617
1518,1937
1518,1756
1518,1887
1518,1758
1518,1520
1518,1522
1519,2808
1519,1617
1519,1937
1519,1756
1519,2321
1520,1996
1520,1617
1520,1937
1520,1756
1520,1636
1520,3250
1520,1747
1520,1915
1520,1521
1520,1522
1520,2967
1521,1644
1521,1636
1521,1620
1521,1680
1521,1627
1522,1644
1522,1723
1522,1936
1522,1617
1522,1937
1522,1756
1522,1636
1522,1689
1522,1523
1522,1627
1523,1723
1523,1617
1523,1570
1523,1584
1524,1526
1524,1619
1524,1620
1524,1621
1525,1568
1525,1549
1525,1534
1525,1536
1526,1548
1526,1658
1526,1724
1526,1661
1526,1654
1526,1527
1526,1759
1526,2314
1527,1615
1528,1614
1530,1713
1530,1622
1530,1718
1530,1719
1530,1623
1530,1624
1530,1627
1530,1628
1530,1631
1530,1633
1530,1634
1530,1635
1530,1636
1530,1640
1530,1641
1530,1642
1530,1643
1530,1648
1530,1655
1530,1656
1530,1617
1530,1657
1530,1605
1530,1663
1530,1664
1530,1666
1530,1667
1530,1668
1530,1669
1530,1671
1530,1678
1530,1679
1530,1680
1530,1683
1530,1708
1530,1691
1530,1695
1530,1720
1530,1700
1531,1569
1531,1577
1531,1862
1531,1570
1533,1568
1533,1534
1533,1536
1534,1568
1534,1549
1535,3339
1535,1543
1536,1556
1536,1568
1536,1549
1536,1537
1537,1587
1537,1912
1538,2365
1538,1582
1538,1539
1538,2427
1538,2419
1538,1541
1539,2365
1539,1541
1540,1587
1540,2258
1541,2656
1541,3037
1541,2125
1541,2141
1541,2119
1541,2112
1541,1912
1542,1558
1542,1559
1543,2346
1543,2048
1543,2347
1543,1558
1544,2920
1544,2397
1545,1587
1545,1582
1546,3162
1546,2667
1546,2669
1548,1563
1548,1554
1548,1564
1548,1565
1549,1566
1549,1567
1549,1568
1550,1569
1550,1570
1550,1571
1550,1572
1550,1573
1550,1574
1550,1575
1551,1587
1551,1588
1551,1589
1551,1568
1551,1590
1551,1591
1552,1564
1552,1578
1552,1579
1552,1555
1553,1606
1553,1582
1553,1607
1553,1608
1554,1611
1554,1564
1554,1578
1554,1612
1554,1555
1554,1581
1554,1613
1555,1564
1555,1578
1555,1579
1555,1613
1556,1609
1558,2363
1560,2047
1560,2048
1560,1561
1561,2048
1561,1584
1563,2464
1564,1578
1564,1579
1564,2384
1564,1581
1564,1613
1564,1565
1564,2385
1565,1578
1565,1579
1565,1581
1566,2481
1566,2482
1566,2483
1566,2484
1566,2485
1566,2486
1567,2476
1569,1577
1569,1976
1569,1977
1569,1890
1570,1571
1570,1577
1570,1701
1570,1890
1570,1573
1571,1574
1572,2640
1572,2487
1572,2489
1572,2253
1572,2488
1572,1575
1573,2958
1574,1790
1574,1577
1577,1976
1577,1977
1577,1890
1578,2386
1578,2059
1578,1579
1578,1581
1578,1613
1578,2357
1579,1883
1579,1581
1579,1613
1579,2383
1580,2350
1580,2119
1580,2112
1580,2467
1580,1583
1580,2133
1581,2404
1581,1613
1582,1587
1582,2656
1583,2433
1583,2848
1583,2350
1583,1612
1583,2435
1583,2716
1583,2436
1583,2166
1583,1789
1584,3272
1584,3273
1586,1732
1587,1912
1587,2126
1587,2404
1587,2405
1587,2406
1588,1590
1588,2482
1588,2518
1589,2227
1590,1591
1590,2518
1591,2482
1591,2518
1592,2560
1593,2013
1593,2014
1593,2016
1593,2015
1593,2017
1593,2018
1595,2251
1595,2247
1595,2252
1595,2253
1595,1976
1595,2254
1595,2255
1596,2487
1596,2483
1598,2492
1598,2493
1600,2647
1600,2253
1600,2641
1601,2253
1601,2488
1601,2644
1601,2645
1601,2648
1601,2646
1605,1623
1605,1657
1605,1855
1605,1698
1607,2746
1607,1609
1607,2747
1608,2106
1608,2748
1608,2515
1608,1704
1608,2893
1609,3269
1611,1613
1613,2106
1613,2346
1613,2357
1613,2469
1615,2331
1615,2332
1616,1892
1616,1893
1616,1936
1616,1625
1616,1617
1616,1937
1616,1756
1616,1632
1616,1887
1617,1623
1617,1756
1617,1757
1620,1621
1621,1754
1621,1755
1621,1903
1621,1703
1621,1749
1621,1638
1621,1949
1621,1679
1621,1680
1622,1634
1622,1715
1622,1667
1622,1669
1622,1679
1622,1681
1622,1708
1622,1851
1622,1700
1623,1624
1623,1627
1623,1631
1623,1633
1623,1634
1623,1635
1623,1640
1623,1641
1623,1643
1623,1647
1623,1655
1623,1656
1623,1657
1623,1663
1623,1666
1623,1667
1623,1669
1623,1670
1623,1671
1623,1678
1623,1681
1623,1683
1623,1695
1623,1696
1623,1861
1623,1700
1624,1643
1624,1628
1624,1634
1624,1642
1624,1700
1625,1629
1625,1760
1625,1891
1625,1892
1625,1893
1625,1740
1625,1710
1626,1906
1626,1668
1626,1907
1626,1670
1626,1671
1626,1676
1626,1680
1626,1688
1626,1908
1626,1708
1626,1728
1626,1909
1626,1695
1626,1696
1626,1700
1626,1910
1626,1911
1627,1718
1627,1639
1627,1634
1627,1715
1627,1640
1627,1641
1627,1912
1627,1906
1627,1668
1627,1670
1627,1671
1627,1913
1627,1914
1627,1676
1627,1688
1627,1915
1627,1908
1627,1708
1627,1728
1627,1909
1627,1864
1627,1696
1627,1700
1627,1916
1627,1910
1627,1911
1628,1917
1628,1642
1628,1918
1628,1668
1628,1670
1628,1914
1628,1676
1628,1688
1628,1915
1628,1908
1628,1708
1628,1728
1628,1909
1628,1864
1628,1696
1628,1700
1628,1910
1628,1911
1629,1919
1629,1920
1629,1713
1629,1740
1629,1921
1629,1754
1629,1922
1629,1684
1629,1685
1629,1710
1629,1860
1629,1923
1630,1755
1630,1682
1631,1924
1631,1652
1631,1754
1631,1917
1631,1656
1631,1683
1631,1688
1631,1693
1632,1893
1632,1714
1633,1753
1633,1649
1633,1650
1633,1651
1633,1639
1633,1648
1633,1926
1633,1927
1633,1662
1633,1664
1634,1713
1634,1702
1634,1643
1634,1638
1634,1641
1634,1672
1634,1745
1634,1867
1636,1644
1636,1639
1636,1676
1636,1680
1636,1743
1636,1746
1636,1915
1637,1968
1637,1897
1637,1969
1637,1753
1637,1718
1637,1649
1637,1650
1637,1658
1637,1651
1637,1904
1637,1732
1638,1902
1638,1903
1638,1703
1638,1672
1639,1928
1639,1646
1639,1640
1639,1647
1639,1972
1639,1666
1639,1667
1639,1670
1639,1735
1639,1680
1639,1696
1639,1736
1640,1907
1640,1669
1640,1666
1640,1667
1640,1680
1641,1691
1642,1727
1643,1866
1643,1667
1644,1739
1644,1740
1644,1754
1644,1652
1644,1676
1644,1680
1644,1710
1644,1860
1645,1723
1645,2001
1646,1647
1646,1670
1646,1735
1646,1696
1646,1736
1647,1928
1647,1667
1647,1670
1647,1735
1647,1696
1648,2006
1648,1718
1648,1965
1648,1649
1648,1650
1648,1651
1648,1662
1648,1664
1648,2007
1648,1708
1648,2287
1649,1968
1649,2006
1649,2288
1649,1718
1649,1959
1649,1965
1649,1651
1649,1918
1649,1971
1649,1662
1649,1663
1649,1972
1649,1664
1649,2007
1649,1913
1649,1689
1649,2287
1649,2289
1650,1753
1650,1718
1650,1965
1650,1651
1650,1926
1650,1662
1650,1663
1650,2007
1650,1913
1650,1689
1650,2287
1651,2006
1651,1718
1651,1965
1651,1926
1651,1918
1651,1971
1651,1662
1651,1663
1651,1972
1651,2007
1651,1913
1651,1689
1651,2287
1652,2312
1652,1726
1652,1684
1653,1660
1653,1916
1654,1759
1654,2314
1655,1657
1655,2316
1656,1924
1656,1754
1656,1917
1657,1922
1658,1714
1658,1724
1658,1661
1658,1726
1658,2316
1658,1699
1659,2325
1660,1705
1660,2328
1660,1717
1660,2329
1660,1916
1660,1910
1661,2312
1661,1724
1661,1726
1661,1699
1662,1968
1662,1897
1662,1753
1662,1718
1662,1926
1662,1927
1662,1970
1662,1663
1662,1972
1662,1664
1662,1918
1662,1913
1662,1680
1662,2287
1663,1753
1663,1718
1663,1926
1663,1680
1663,2287
1664,1968
1664,2008
1664,2007
1664,1913
1664,2287
1664,1728
1665,1947
1665,2213
1665,2214
1666,1907
1666,1669
1666,1906
1666,1668
1666,1670
1666,1671
1666,1676
1666,1688
1666,1708
1666,1728
1666,1696
1666,1712
1666,1700
1666,1910
1666,1911
1667,1715
1667,1906
1667,1668
1667,2632
1667,1670
1667,1671
1667,1914
1667,1676
1667,1688
1667,1915
1667,1908
1667,1708
1667,1728
1667,1909
1667,1864
1667,1696
1667,1700
1667,1916
1667,1910
1667,1911
1668,1906
1668,2632
1668,1671
1668,1676
1668,1855
1668,1688
1668,1708
1668,1728
1668,1909
1668,1700
1668,1916
1668,1910
1669,1727
1669,1680
1669,1728
1669,1712
1670,1928
1670,1735
1670,2636
1670,2632
1670,1671
1670,1688
1670,1708
1670,1728
1670,1696
1670,1700
1670,1910
1671,2632
1671,1993
1671,1914
1671,1688
1671,1708
1671,1728
1671,1909
1671,1946
1671,1700
1671,1916
1671,1910
1672,1899
1672,1854
1672,2277
1672,2281
1672,2556
1672,2633
1672,1946
1673,1755
1673,2431
1673,1710
1673,2753
1673,2762
1676,3052
1677,2832
1678,1713
1679,1944
1679,1855
1680,1743
1680,3141
1680,1923
1681,1858
1683,1924
1683,1754
1683,1917
1683,1726
1684,1922
1684,1777
1685,1995
1685,1996
1685,1723
1685,1998
1685,1739
1685,1740
1685,1754
1685,1952
1685,1917
1685,1686
1686,1995
1686,1996
1686,1723
1686,1998
1686,1739
1686,1740
1686,1754
1686,1952
1686,1917
1686,2081
1687,1928
1687,3249
1688,1721
1688,1746
1688,1912
1688,2387
1688,1915
1688,1908
1688,1708
1689,1897
1689,1969
1689,1718
1690,1693
1691,2009
1691,1907
1692,2968
1693,1974
1693,1698
1693,1911
1694,2513
1695,1940
1696,3425
1696,1928
1696,1702
1696,1717
1696,1735
1696,2636
1697,1754
1697,1755
1698,1911
1700,1702
1700,1708
1701,1882
1703,1754
1703,2313
1703,1745
1704,2515
1704,1827
1704,2516
1705,1718
1705,2530
1705,1972
1708,1958
1708,1728
1708,1909
1710,1919
1710,1994
1710,1995
1710,1996
1710,1997
1710,1723
1710,1998
1710,1739
1710,1999
1710,2000
1710,1936
1710,1740
1710,1754
1710,1755
1710,1917
1710,3382
1711,2777
1712,1958
1712,1898
1713,1982
1714,1726
1715,1922
1716,1928
1717,1996
1717,2006
1718,1968
1718,1897
1718,1969
1718,1753
1718,1904
1718,1970
1718,1918
1718,1971
1718,1972
1718,1913
1719,2002
1719,2003
1719,2004
1719,2005
1720,1970
1720,2289
1720,1971
1722,2008
1723,1740
1723,1751
1723,2333
1723,2334
1724,1726
1724,2466
1726,1894
1726,3230
1726,1917
1727,1907
1728,1907
1729,2209
1730,2535
1730,1940
1731,3389
1734,2838
1734,2963
1734,3443
1734,3442
1737,3085
1738,2206
1738,1750
1739,1740
1739,1993
1739,1860
1740,1919
1740,1994
1740,1995
1740,1996
1740,1997
1740,1998
1740,1999
1740,2000
1740,1936
1742,1924
1742,1917
1743,2313
1745,1754
1745,1902
1745,1903
1746,1905
1748,1924
1748,1917
1749,1937
1749,1949
1749,1758
1749,1751
1749,1752
1753,1926
1754,2286
1754,1995
1754,1996
1754,1998
1754,1917
1754,1755
1756,1937
1756,2321
1756,1758
1757,2319
1758,1937
1759,2314
1760,1853
1761,1762
1761,1763
1761,1764
1762,2728
1762,2729
1762,2380
1762,2730
1763,2731
1763,2090
1764,2374
1764,3325
1764,2090
1765,1766
1768,1769
1769,1770
1769,1771
1769,1772
1770,2522
1771,1772
1772,3065
1773,1774
1773,1775
1775,3459
1777,1778
1779,1780
1779,1781
1780,1789
1781,1790
1781,1791
1781,1792
1781,1788
1781,1793
1781,1794
1781,1795
1782,1801
1783,2550
1783,1784
1784,2091
1784,2550
1784,2666
1784,2089
1784,2551
1785,2647
1785,2378
1785,2090
1786,1787
1787,1802
1787,1788
1787,3108
1788,2372
1788,2373
1788,1802
1788,2090
1788,3327
1788,3397
1789,2134
1790,1802
1790,1803
1790,1804
1793,1930
1793,1932
1793,3283
1793,1796
1793,1798
1794,3365
1795,2415
1795,2615
1796,1929
1796,1930
1796,1931
1796,1932
1796,1933
1796,1934
1796,1935
1798,1934
1798,2189
1799,2443
1800,3341
1801,2359
1803,2772
1805,1806
1805,1807
1805,1808
1806,1809
1806,1808
1806,1810
1806,1811
1806,1812
1806,1813
1807,1808
1807,1810
1807,1814
1807,1811
1807,1813
1807,1815
1807,1816
1807,1817
1808,1818
1808,1813
1809,1811
1809,1812
1809,1813
1810,1811
1810,1814
1810,2262
1811,2266
1813,1870
1814,2261
1814,2263
1815,2981
1815,2266
1815,2598
1815,1833
1815,2595
1815,2596
1815,1836
1815,2612
1815,2592
1815,1845
1815,2613
1815,1850
1816,3107
1818,1819
1818,1820
1818,1821
1819,1820
1819,2566
1819,2304
1819,2571
1820,2573
1820,2574
1820,2575
1820,2576
1820,2526
1820,1821
1820,2377
1820,2568
1821,2937
1821,3181
1821,3378
1823,1824
1823,1825
1823,1826
1824,1829
1824,1826
1825,1830
1826,1831
1828,1851
1829,1832
1830,1833
1830,1834
1830,1835
1830,1836
1830,1837
1830,1838
1830,1839
1830,1840
1830,1841
1830,1842
1830,1843
1830,1844
1830,1845
1830,1846
1830,1847
1830,1848
1830,1849
1830,1850
1833,2587
1833,2589
1833,1838
1834,2782
1834,3178
1834,2785
1834,2823
1834,2790
1834,3179
1834,3180
1835,2823
1835,3182
1835,1846
1836,2981
1836,2586
1836,2612
1836,2174
1836,1850
1837,3222
1837,2800
1837,2790
1837,1840
1838,2587
1838,3275
1838,2782
1838,2588
1838,2589
1838,3276
1838,3026
1838,2605
1839,3297
1839,3298
1839,3299
1840,2782
1840,2790
1842,2266
1842,2605
1844,2981
1844,2982
1844,2592
1844,2174
1845,2587
1845,2981
1845,2588
1845,2589
1845,2600
1845,2586
1845,2604
1845,2612
1845,2601
1845,2596
1845,2986
1845,2592
1845,2597
1845,2591
1845,2174
1845,1850
1846,2599
1846,2981
1846,2145
1846,2588
1846,2589
1846,2601
1846,2596
1846,2986
1846,2592
1847,3409
1847,2592
1848,2587
1848,2589
1848,2601
1848,2986
1848,2597
1850,2587
1850,2981
1850,2589
1850,2598
1850,2612
1850,2601
1850,2597
1850,2046
1851,2529
1851,1857
1852,1853
1852,1859
1852,1860
1854,1898
1854,1900
1855,2895
1856,1902
1856,2313
1856,2636
1856,2639
1856,2081
1858,1900
1858,2779
1860,1995
1860,1996
1860,1997
1860,1998
1860,1999
1862,2283
1862,1863
1862,2284
1862,2285
1862,1865
1863,2283
1863,2285
1864,2639
1864,1951
1864,1993
1866,2009
1866,1907
1867,2278
1867,2895
1867,1947
1867,2277
1867,3450
1867,1925
1867,2633
1868,1869
1868,1870
1868,1871
1868,1872
1868,1873
1868,1874
1868,1875
1869,1871
1869,1873
1869,1874
1869,1875
1870,1872
1870,1874
1870,1875
1871,1872
1871,1873
1871,1874
1871,1875
1872,1873
1872,1874
1873,1876
1873,1874
1875,2926
1877,2261
1877,1879
1878,2347
1878,2394
1878,2395
1879,2261
1879,2267
1880,1881
1881,2782
1882,1883
1882,1884
1883,1884
1884,1885
1884,1886
1885,1886
1887,1893
1887,1937
1888,1978
1890,2545
1890,2476
1890,2012
1892,1893
1896,1921
1896,1938
1896,1939
1896,1940
1897,1927
1897,1957
1898,1958
1898,1900
1898,1959
1899,1947
1899,1960
1900,1961
1900,1910
1902,1962
1903,1963
1903,1964
1905,2530
1905,3361
1906,2632
1907,2009
1907,2633
1907,2634
1910,3381
1913,2973
1914,3021
1917,1924
1917,1951
1917,1973
1917,1974
1918,1971
1919,1992
1921,1997
1923,3104
1924,1973
1924,1974
1925,2276
1925,2277
1926,1970
1927,2315
1927,1957
1928,2078
1928,2245
1929,1932
1929,1983
1930,1984
1930,1932
1930,1985
1930,1986
1930,1987
1931,1933
1931,1988
1931,1989
1931,1990
1932,1991
1932,1935
1934,2129
1935,3066
1935,3463
1936,2316
1937,2319
1937,2320
1938,1939
1939,1940
1940,3163
1940,2760
1940,2104
1940,2208
1940,2805
1944,2323
1944,2324
1945,1996
1946,2633
1946,2636
1947,2279
1947,1948
1947,2276
1947,2280
1947,2281
1947,1949
1947,2046
1947,1953
1947,2282
1949,1950
1949,2281
1949,1951
1953,3344
1953,2370
1954,3252
1955,1956
1957,2315
1959,2288
1960,2610
1963,3294
1963,3295
1963,3296
1965,2006
1965,2007
1965,2008
1967,3216
1968,1972
1969,2290
1972,2007
1975,3399
1976,2650
1976,1977
1976,2252
1976,2476
1976,2649
1976,2012
1977,2653
1978,2099
1980,1981
1982,2159
1983,3282
1983,2885
1984,1985
1985,2778
1985,1987
1986,3343
1987,2778
1987,2822
1991,3396
1994,2333
1994,2334
1996,2326
1996,2327
1999,2945
2000,2946
2002,2291
2002,2292
2002,2293
2002,2294
2002,2005
2002,2295
2002,2296
2002,2297
2002,2298
2002,2299
2002,2300
2002,2301
2002,2103
2002,2051
2003,2004
2003,2292
2003,2302
2004,2292
2004,2950
2004,2951
2004,2952
2004,2953
2004,2954
2004,2302
2005,2292
2006,2008
2006,2287
2007,2008
2009,2633
2010,2711
2011,2012
2012,2480
2012,2476
2013,2014
2013,2015
2014,2019
2014,2016
2014,2015
2014,2018
2015,2018
2016,2020
2018,2019
2020,2843
2024,2028
2025,2559
2026,2993
2027,3416
2028,3033
2028,3032
2028,2056
2028,3030
2029,2030
2029,2032
2030,2032
2031,2039
2031,2040
2031,2032
2031,2033
2031,2034
2032,2432
2032,2208
2032,2034
2033,2039
2033,3151
2033,2040
2033,2034
2034,2039
2034,3151
2034,2282
2034,2040
2036,2041
2039,2044
2041,2046
2044,3380
2048,2358
2048,2359
2048,2360
2049,2050
2049,2051
2050,3431
2051,2855
2052,2782
2052,2787
2052,2788
2052,2053
2053,2782
2053,2787
2053,2788
2053,2786
2057,2058
2057,2059
2057,2060
2059,2386
2059,2384
2061,2062
2061,2063
2061,2064
2062,2064
2063,2065
2063,2064
2064,2066
2067,2073
2068,2069
2068,2070
2068,2071
2072,2073
2072,2074
2072,2075
2072,2076
2072,2077
2073,2074
2074,2075
2074,2077
2076,2255
2076,2077
2077,2255
2079,2080
2079,2565
2081,2639
2082,2083
2083,2249
2083,2328
2083,3017
2083,2329
2084,2085
2085,3233
2085,3169
2087,2110
2088,2089
2088,2090
2089,2091
2089,2092
2089,2090
2090,2372
2090,2373
2090,2667
2090,2423
2090,2110
2090,2111
2090,2108
2090,2729
2091,2093
2093,3051
2094,2095
2094,2096
2096,2623
2096,2624
2096,2625
2096,2626
2096,2627
2097,2098
2097,2099
2097,2100
2097,2101
2098,2099
2098,2100
2099,2100
2099,2101
2105,2106
2106,2748
2106,2357
2106,2749
2106,2735
2109,2111
2109,2112
2109,2113
2109,2124
2109,2117
2110,2125
2110,2119
2110,2112
2110,2121
2110,2114
2110,2115
2111,2113
2111,2120
2111,2133
2111,2122
2111,2114
2112,2141
2112,2119
2112,2120
2112,2121
2112,2133
2112,2115
2112,2134
2114,2122
2115,2125
2115,2119
2115,2121
2118,2129
2118,2130
2118,2131
2119,2132
2119,2120
2119,2121
2119,2133
2119,2134
2121,2125
2121,2141
2121,2127
2123,3394
2125,2126
2125,2127
2125,2128
2127,2141
2129,2130
2129,2136
2129,2137
2129,2138
2129,2139
2129,2140
2131,2815
2131,2862
2133,2433
2133,2847
2134,3037
2135,2259
2136,2137
2136,3037
2137,3037
2138,2957
2138,2883
2141,2470
2142,2143
2142,2144
2143,2144
2144,3113
2145,2923
2147,3111
2147,3112
2148,2149
2149,2610
2149,2266
2149,2472
2149,3077
2149,2263
2149,2270
2149,3078
2149,2269
2149,2268
2149,2262
2149,3395
2152,3151
2155,2228
2155,2230
2155,2157
2156,3328
2157,2479
2157,2230
2157,2643
2158,2159
2159,2160
2159,2161
2159,2162
2159,2163
2159,2164
2161,2162
2161,3040
2163,2520
2163,2521
2165,2166
2166,2433
2166,2705
2166,2437
2166,2706
2167,2168
2167,2170
2167,2172
2167,2173
2167,2174
2167,2175
2167,2176
2167,2177
2167,2178
2167,2179
2168,2170
2168,2171
2168,2172
2168,2173
2168,2176
2169,2873
2169,2867
2169,2532
2169,2874
2169,2864
2169,2875
2169,2865
2169,2871
2169,2876
2169,2877
2169,2872
2169,2878
2169,2879
2169,2880
2169,2881
2169,2882
2169,2179
2169,2883
2170,2855
2170,2862
2170,3174
2171,2172
2171,2761
2172,2173
2174,2981
2174,2589
2174,2592
2177,2178
2180,2686
2180,2687
2180,2688
2180,2613
2180,2689
2181,2185
2186,2187
2187,2189
2187,2190
2188,2192
2188,2193
2189,2367
2194,2987
2194,3024
2196,2197
2196,2198
2196,2199
2196,2200
2197,2198
2197,2199
2197,2201
2198,2202
2198,2203
2198,2199
2198,2201
2198,2204
2200,2207
2200,2210
2200,2201
2200,2211
2200,2212
2202,2203
2202,2205
2204,3238
2206,2218
2207,2219
2207,2223
2207,2208
2207,2221
2207,2224
2208,2219
2208,2225
2208,2223
2208,2226
2208,2221
2209,2210
2209,2212
2210,2226
2210,2212
2212,3311
2212,2226
2213,2214
2216,2276
2216,2229
2217,2228
2217,2229
2217,2230
2219,2223
2219,2221
2219,2231
2220,2232
2221,2223
2221,2226
2221,2224
2222,2223
2222,2224
2223,2224
2225,2233
2225,2234
2226,2236
2226,2237
2226,2238
2226,2239
2227,2420
2228,2534
2228,2230
2236,2430
2236,2376
2236,3311
2236,2432
2236,3312
2236,2237
2236,2239
2236,3415
2237,2430
2237,2376
2237,2432
2237,2239
2237,3415
2238,3251
2239,3415
2240,2241
2241,2242
2241,2243
2242,3323
2245,3436
2247,2248
2248,3191
2248,2249
2248,2328
2248,3017
2248,3283
2248,2329
2249,3191
2249,3190
2249,2329
2250,2965
2251,2254
2251,2256
2251,2257
2253,2640
2253,2487
2253,2489
2253,2488
2253,2643
2253,2644
2253,2648
2253,2646
2258,2259
2262,2610
2262,2266
2262,2919
2262,2263
2262,3384
2263,2267
2263,2268
2263,2269
2263,2270
2263,2271
2264,2265
2266,2415
2266,2610
2266,2589
2266,2596
2266,2611
2266,2612
2266,2613
2267,2610
2267,2500
2267,2389
2267,2502
2267,2923
2268,3077
2268,3078
2269,2271
2272,2273
2273,2372
2273,2373
2273,3108
2273,2423
2273,2426
2274,2275
2277,2278
2279,2281
2281,2765
2281,2766
2283,2513
2287,2973
2291,2934
2291,2935
2292,2950
2292,2302
2293,2294
2293,2622
2295,2552
2295,2298
2299,3449
2299,2302
2299,2552
2302,2951
2302,2952
2303,2304
2304,2566
2305,2306
2306,2307
2306,2308
2306,2309
2306,2310
2307,2311
2308,2310
2310,3054
2313,2330
2322,3146
2322,3144
2323,2324
2324,2665
2327,2638
2328,2583
2328,3017
2328,3018
2328,2329
2328,3019
2328,3020
2329,3019
2329,3020
2330,3040
2332,2382
2332,3314
2332,3370
2335,2336
2335,2337
2335,2338
2336,2337
2336,2339
2336,2340
2336,2341
2336,2342
2338,2343
2338,2344
2339,3014
2339,2967
2340,2563
2340,2696
2340,3247
2340,2706
2341,2563
2341,2696
2341,3247
2341,3256
2342,3373
2343,3176
2343,3175
2344,2691
2346,2357
2347,2361
2347,2362
2348,2356
2350,2366
2350,2367
2350,2357
2350,2368
2350,2369
2352,2375
2353,2376
2353,2377
2354,2372
2354,2373
2354,2378
2356,2380
2357,2368
2358,2382
2358,2360
2360,2446
2361,2389
2361,2390
2361,2391
2361,2392
2361,2393
2362,2396
2363,2369
2363,3420
2365,2418
2365,2419
2366,2433
2366,2469
2366,2434
2367,2716
2367,2718
2368,2750
2369,2912
2369,3420
2372,2373
2372,2378
2372,2422
2372,2423
2372,2424
2372,2425
2372,2426
2373,2423
2373,2424
2373,2425
2373,2426
2375,2411
2375,2428
2376,2429
2376,2430
2376,2431
2376,2432
2377,3113
2378,2422
2378,2438
2378,2439
2379,2440
2380,2728
2380,2729
2380,2730
2382,2445
2384,2386
2384,2399
2385,2911
2386,2398
2389,2390
2389,2407
2389,2392
2389,2408
2389,2409
2389,2410
2389,2411
2389,2412
2389,2413
2390,2414
2391,2916
2391,2917
2392,3011
2392,2472
2392,2407
2392,2408
2392,2414
2392,2921
2392,2925
2392,2409
2392,2473
2392,2923
2392,2413
2394,2631
2394,2625
2394,2630
2395,3110
2395,2916
2395,3192
2396,2415
2396,2416
2396,2417
2397,2920
2398,3150
2400,2826
2400,2831
2400,2830
2400,2402
2400,2827
2401,2610
2401,2616
2401,2617
2401,3127
2401,3208
2402,2826
2404,2668
2407,2923
2407,2921
2407,2409
2407,2927
2407,2412
2407,2413
2408,2923
2409,2414
2409,2927
2409,2413
2410,2923
2410,2411
2412,3011
2412,2414
2412,2927
2413,2472
2413,2927
2413,2921
2413,3395
2414,3011
2414,3012
2415,2614
2415,2601
2415,2615
2418,2427
2422,3346
2422,2438
2423,2426
2424,2647
2424,2425
2429,2431
2429,2944
2430,2432
2433,2467
2433,2434
2433,2435
2433,2436
2434,2467
2434,2436
2435,2436
2435,2437
2436,2849
2436,2949
2436,2440
2436,2437
2437,2441
2437,2705
2438,3070
2438,3346
2439,3346
2440,2848
2440,2850
2440,2851
2440,3049
2441,3050
2442,2443
2442,2444
2443,2444
2445,3438
2447,2448
2447,2449
2448,2449
2450,2451
2450,2452
2450,2453
2452,3039
2454,2455
2456,2457
2457,2682
2458,2459
2458,2460
2461,3131
2463,3131
2467,2656
2468,3429
2468,3359
2468,3139
2468,3385
2471,2892
2471,2893
2472,2473
2472,2474
2472,2475
2474,3395
2476,2479
2476,2480
2477,3453
2481,2483
2481,2486
2482,2534
2482,2538
2483,2487
2484,2899
2484,2485
2487,2489
2487,2488
2488,2640
2488,2489
2488,2644
2488,2646
2492,2493
2494,2495
2494,2496
2494,2497
2495,2498
2495,2499
2495,2500
2495,2501
2495,2502
2495,2503
2495,2504
2495,2505
2495,2506
2495,2507
2495,2508
2495,2509
2495,2510
2495,2511
2495,2512
2496,2502
2496,2504
2497,3414
2498,2500
2498,2499
2498,2670
2499,2671
2499,2501
2499,2504
2499,2505
2499,2506
2499,2509
2499,2674
2500,2675
2500,2501
2500,2502
2500,2504
2500,2505
2500,2506
2500,2507
2500,2676
2500,2672
2500,2509
2500,2677
2500,2678
2500,2679
2501,2502
2501,2503
2501,2504
2501,2505
2502,2503
2502,2504
2502,2505
2502,2509
2502,2678
2502,2510
2502,3109
2502,2512
2503,2506
2503,3110
2503,3109
2504,2678
2504,3109
2505,3110
2505,2509
2506,2623
2506,3111
2506,2671
2506,2672
2506,2673
2507,2676
2507,2509
2508,3300
2509,3355
2509,2675
2509,2916
2509,2676
2510,3096
2515,2516
2522,2523
2524,2525
2524,2526
2524,2527
2524,2528
2527,2528
2530,3120
2530,3124
2530,3121
2531,2532
2532,2871
2532,2872
2532,2878
2532,2879
2532,2882
2532,2883
2534,2538
2536,2537
2536,2539
2536,2540
2536,2541
2536,2542
2537,2539
2537,2540
2537,2543
2537,2541
2537,2544
2537,2542
2539,2540
2539,2543
2539,2541
2539,2544
2539,2542
2543,2544
2543,3095
2544,3203
2545,2649
2550,2551
2551,2700
2552,3351
2557,3263
2560,3170
2562,2563
2565,2943
2566,2572
2567,3209
2568,2572
2568,2937
2569,3181
2570,2572
2570,2702
2570,2707
2573,2577
2573,2574
2573,2578
2574,2577
2574,3033
2574,3035
2574,3032
2574,3027
2574,3029
2574,3030
2575,2578
2575,3036
2577,3031
2577,3032
2577,3027
2577,3030
2577,3033
2577,3034
2578,3027
2579,2580
2579,2581
2582,2583
2582,2584
2582,2585
2583,2976
2583,3014
2583,3015
2585,3355
2586,2587
2586,2588
2586,2589
2586,2590
2586,2591
2586,2592
2586,2593
2586,2594
2587,2588
2587,2589
2587,2595
2587,2596
2587,2597
2587,2598
2587,2599
2587,2600
2587,2601
2587,2602
2587,2603
2587,2592
2587,2604
2587,2605
2587,2594
2588,2606
2588,2590
2588,2607
2588,2591
2588,2592
2589,2597
2589,2600
2589,2601
2590,2607
2590,2591
2590,2592
2591,3342
2591,2607
2591,2593
2592,2981
2592,2687
2592,2604
2592,2612
2592,2601
2592,2596
2593,2800
2593,2601
2593,3003
2593,2823
2595,2981
2595,2982
2595,2596
2595,2597
2596,2984
2596,2599
2596,2981
2596,2611
2596,2600
2596,2982
2596,2597
2596,2985
2597,2986
2599,2984
2599,2611
2599,2988
2599,2989
2599,2990
2602,2790
2602,3002
2603,2613
2604,2613
2605,2981
2605,2782
2605,2986
2606,2609
2610,2616
2610,2617
2610,2618
2610,2619
2611,2984
2611,2988
2611,2990
2612,2981
2612,2982
2612,2983
2613,2981
2613,3275
2613,2686
2614,2670
2616,2684
2618,3313
2619,3371
2619,2840
2620,2621
2620,2622
2623,2626
2623,2628
2623,2629
2625,2626
2625,2627
2625,2630
2626,2627
2627,2630
2628,2629
2629,3355
2629,3422
2630,2707
2630,3186
2635,2637
2636,2638
2636,2639
2637,2895
2640,2643
2640,2644
2640,2645
2640,2646
2643,2644
2643,2648
2643,2646
2644,3115
2644,2645
2644,2648
2644,2646
2645,2646
2646,3115
2646,2648
2650,2652
2652,3307
2654,2655
2655,2656
2655,2657
2655,2658
2656,2663
2656,2658
2656,2664
2660,2665
2662,3039
2664,2971
2665,3375
2667,2669
2668,2762
2668,2763
2668,2764
2670,2671
2671,2672
2671,2673
2672,2675
2672,2676
2673,3111
2673,2674
2674,3143
2675,2736
2675,2676
2675,2679
2676,2736
2676,2679
2677,3398
2678,2916
2680,2681
2680,2682
2681,2683
2681,2684
2681,2685
2682,3127
2682,3128
2683,2732
2683,2733
2684,3411
2685,3212
2685,3258
2685,3452
2685,2894
2687,2906
2689,3401
2689,3447
2690,2691
2690,2692
2690,2693
2691,2694
2691,2695
2691,2696
2691,2697
2691,2698
2691,2699
2691,2693
2691,2700
2691,2701
2692,2693
2694,2696
2695,2702
2695,2703
2696,2698
2696,2701
2697,2701
2698,2705
2698,2706
2703,3175
2705,2908
2705,2909
2705,2706
2706,2912
2706,2710
2706,3246
2707,3185
2707,3187
2708,3247
2710,2912
2710,3246
2716,2717
2719,2720
2719,2721
2720,2722
2720,2721
2721,2722
2721,3460
2721,2883
2723,2724
2723,2725
2723,2726
2723,2727
2724,2725
2724,2727
2725,3196
2725,2726
2725,2727
2727,3196
2728,2729
2728,2730
2729,2731
2732,2733
2733,3306
2739,2841
2740,2741
2740,2742
2741,2743
2741,2744
2750,3432
2751,2752
2751,2753
2755,2756
2755,2757
2756,2757
2759,2760
2761,3278
2761,3279
2762,3103
2763,3151
2765,2766
2769,2770
2770,2771
2770,2772
2770,2773
2770,2774
2771,2772
2771,2773
2771,2976
2772,2773
2773,2774
2773,2977
2774,2976
2774,2977
2774,3173
2774,2979
2774,3348
2774,3349
2774,2980
2775,3405
2776,2777
2779,2780
2781,2782
2781,2783
2782,2784
2782,2785
2782,2786
2782,2787
2782,2788
2782,2789
2782,2790
2782,2791
2782,2792
2782,2793
2782,2794
2782,2795
2782,2796
2782,2797
2783,2798
2783,2799
2783,2800
2783,2801
2783,2802
2784,2790
2784,2791
2785,2789
2785,2791
2786,3184
2786,2787
2786,2788
2787,3184
2787,2788
2788,3184
2790,2791
2792,2793
2792,2796
2795,3363
2797,3427
2797,3000
2797,3001
2798,2803
2798,2804
2798,2801
2798,2802
2799,3000
2799,3001
2799,2800
2800,3002
2800,3003
2802,3001
2804,3410
2805,3163
2811,2812
2811,2813
2811,2814
2812,2815
2814,2815
2814,2862
2815,2874
2816,2817
2816,2818
2816,2819
2817,2820
2817,2818
2817,2821
2817,2819
2817,2822
2818,2823
2819,2820
2819,2821
2820,2821
2820,2827
2823,3181
2823,3178
2823,3182
2823,3183
2823,3180
2824,2828
2825,2869
2826,2829
2826,2830
2826,2827
2827,2829
2829,3006
2829,3008
2832,2834
2834,2835
2838,2839
2839,3464
2843,2844
2844,3257
2844,3258
2845,2846
2848,2849
2848,2850
2848,2851
2848,2852
2850,2851
2850,2852
2853,2854
2853,2855
2853,2856
2853,2857
2853,2858
2854,2859
2854,2856
2854,2857
2854,2858
2854,2860
2854,2861
2855,2862
2856,2863
2856,2857
2856,2858
2856,2864
2856,2865
2857,2858
2858,2864
2860,2868
2860,2885
2860,3159
2860,3160
2860,2886
2860,3161
2862,3174
2863,2871
2863,2872
2864,2873
2864,2874
2864,2875
2864,2867
2864,2865
2865,2873
2865,2874
2865,2867
2865,2871
2867,2873
2867,2874
2867,2875
2869,2870
2871,2876
2871,3068
2871,2877
2871,2872
2871,2878
2871,3315
2873,2874
2873,2875
2875,2940
2875,2877
2875,2880
2876,2878
2876,3315
2877,3068
2877,3315
2878,3315
2879,3319
2882,3057
2883,3057
2884,2885
2884,2886
2886,3159
2886,3160
2887,2888
2887,2889
2887,2890
2894,2895
2894,2896
2895,2897
2895,2898
2899,2900
2901,2902
2903,2904
2905,2906
2908,2910
2908,2909
2909,2910
2909,2911
2911,2912
2911,2913
2911,2914
2912,3248
2912,2913
2912,3246
2915,2916
2921,2922
2921,2923
2921,2924
2921,2925
2921,2926
2922,2928
2922,2923
2923,2925
2929,2930
2930,2931
2930,2932
2931,2933
2936,3289
2937,2938
2937,2939
2939,3379
2941,2942
2947,2948
2948,3435
2959,2960
2959,2962
2959,2961
2960,2962
2961,3402
2961,2962
2964,2965
2965,2966
2965,2967
2967,3283
2967,3284
2969,2970
2969,2971
2970,2971
2970,2972
2973,2974
2974,2975
2976,2978
2976,2979
2976,2977
2976,2980
2977,3347
2977,3348
2977,2980
2979,3347
2980,3154
2981,2983
2984,2988
2984,2989
2989,3266
2991,2992
2992,2993
2992,2994
2993,3106
2995,2996
2997,2998
2998,3280
3000,3001
3001,3002
3002,3218
3004,3171
3005,3006
3005,3007
3006,3007
3006,3008
3006,3009
3006,3010
3008,3290
3011,3012
3013,3105
3014,3016
3015,3019
3015,3020
3017,3191
3017,3190
3017,3192
3019,3020
3022,3023
3022,3024
3023,3025
3024,3026
3027,3028
3027,3029
3027,3030
3028,3030
3029,3030
3030,3033
3030,3032
3031,3032
3032,3033
3032,3034
3042,3132
3042,3133
3042,3043
3042,3134
3043,3134
3043,3136
3043,3048
3045,3214
3050,3051
3053,3054
3053,3055
3053,3056
3055,3293
3056,3084
3057,3058
3057,3059
3057,3060
3057,3061
3058,3059
3058,3062
3059,3060
3059,3358
3059,3062
3060,3061
3060,3062
3062,3446
3063,3064
3067,3068
3068,3069
3069,3369
3070,3073
3077,3078
3080,3234
3080,3235
3080,3236
3080,3237
3080,3238
3083,3084
3086,3087
3086,3088
3087,3090
3088,3091
3088,3089
3089,3093
3091,3092
3099,3100
3111,3112
3114,3115
3114,3116
3115,3116
3115,3117
3115,3118
3116,3203
3116,3118
3118,3203
3118,3201
3118,3362
3118,3204
3119,3120
3119,3121
3119,3122
3120,3123
3121,3125
3122,3125
3122,3361
3123,3125
3124,3164
3125,3361
3129,3130
3132,3133
3132,3135
3133,3135
3138,3139
3139,3140
3144,3145
3148,3149
3151,3152
3153,3154
3156,3179
3156,3231
3159,3160
3159,3161
3160,3387
3161,3332
3165,3166
3165,3167
3166,3167
3169,3393
3171,3172
3178,3180
3185,3188
3186,3187
3190,3191
3193,3194
3193,3195
3193,3196
3193,3197
3193,3198
3193,3199
3195,3197
3196,3376
3196,3197
3197,3198
3197,3376
3198,3199
3200,3201
3200,3202
3201,3203
3201,3202
3201,3204
3202,3203
3203,3204
3205,3206
3206,3207
3206,3208
3211,3212
3212,3213
3215,3216
3216,3322
3216,3421
3218,3223
3218,3224
3218,3225
3219,3220
3223,3224
3223,3225
3223,3317
3224,3317
3226,3227
3226,3228
3227,3228
3233,3336
3234,3238
3235,3236
3235,3239
3236,3239
3241,3242
3242,3243
3245,3305
3252,3253
3257,3258
3259,3260
3259,3261
3259,3262
3260,3261
3260,3391
3260,3262
3261,3391
3262,3391
3263,3264
3266,3267
3274,3406
3274,3407
3275,3277
3280,3281
3283,3284
3284,3285
3287,3288
3297,3299
3298,3299
3303,3304
3308,3309
3309,3310
3311,3312
3316,3353
3316,3354
3317,3318
3318,3319
3318,3320
3318,3321
3324,3325
3325,3326
3325,3327
3330,3331
3333,3334
3338,3339
3348,3377
3353,3354
3359,3360
3373,3374
3383,3428
3387,3388
3390,3392
3392,3417
3402,3403
3406,3413
3408,3409
3426,3427
3430,3458
3434,3435
3439,3440
3444,3445
3454,3455
