source,target
0,1
0,2
0,3
0,4
0,5
0,6
0,7
0,8
1,3022
1,2666
1,2667
1,3009
1,3023
1,2
1,65
1,4
1,2437
1,5
1,3024
1,2670
1,2671
1,2498
1,6
1,3025
1,3026
1,3027
1,2769
1,2770
1,3028
1,8
1,3018
1,1262
3,4
3,16
3,6
3,3026
4,3059
4,5
4,3060
5,3539
5,3538
6,2666
6,3058
9,10
9,11
9,12
9,13
9,14
9,15
9,16
9,17
9,18
9,19
9,20
9,21
9,22
9,23
9,24
10,25
10,26
10,27
10,28
11,29
11,30
11,31
11,32
11,33
11,34
11,35
11,36
11,37
11,38
12,39
12,40
12,41
12,42
12,43
12,44
12,45
12,21
13,46
13,47
13,48
13,49
13,50
13,51
13,52
13,53
13,54
13,55
13,56
14,57
14,58
15,59
16,60
16,41
16,61
16,18
16,19
16,20
16,62
16,63
16,64
17,65
17,43
17,66
17,67
18,61
18,19
18,20
18,63
19,3486
19,61
19,20
19,3025
19,3487
19,3488
20,3486
20,584
20,61
21,1536
21,3683
21,543
21,2113
21,698
21,267
21,66
21,3684
22,3059
22,3061
22,3719
22,3288
22,584
22,1117
22,585
22,1192
25,281
25,269
25,271
25,274
25,282
25,283
25,284
25,285
25,286
25,131
25,287
25,288
25,289
25,290
25,291
25,292
25,293
25,294
26,1765
26,1766
27,1184
27,1384
27,407
27,1094
27,2577
28,1327
29,548
29,1241
29,544
29,30
29,551
29,37
31,541
31,542
31,1240
31,1245
31,259
31,2121
32,541
32,48
32,1913
32,1698
32,550
32,1699
32,1690
32,33
32,1694
32,2473
32,1930
32,1925
32,1915
32,1703
33,1755
33,1242
33,1474
33,1846
33,1708
33,541
33,550
33,1338
33,1915
33,36
33,38
34,1030
34,541
34,1241
34,544
34,546
34,547
35,541
35,697
35,1241
35,544
35,702
35,546
35,699
35,2395
36,37
36,550
36,541
36,139
36,46
37,99
37,46
37,38
38,3549
38,3629
38,2743
38,3479
38,3550
38,98
38,1242
38,1909
38,1083
38,2466
38,87
38,91
38,541
38,1111
38,1112
38,1420
38,180
38,85
38,86
38,46
40,93
40,1428
40,1429
40,1425
40,1433
40,1143
40,1441
40,95
40,1444
40,1446
40,1457
40,341
41,703
41,266
42,43
42,3630
42,71
42,82
42,119
42,86
43,1460
43,71
43,82
43,2115
43,119
43,86
44,3017
45,93
45,1428
45,2235
46,541
46,542
46,543
46,544
46,56
46,545
47,1080
47,1081
47,1082
47,69
47,1083
47,145
47,1084
48,541
48,112
51,1194
52,1242
52,1385
53,3261
53,3259
53,2758
53,3260
54,1030
56,3346
56,2895
56,1030
56,544
56,715
57,522
57,523
59,1385
62,3539
63,3551
65,68
65,3462
67,3540
68,69
68,70
69,1030
69,1483
69,1484
69,1478
69,1393
69,1241
69,544
69,1080
69,1481
69,1482
69,1085
70,2717
70,703
70,1731
70,710
70,711
71,72
71,73
71,74
71,75
71,76
71,77
71,78
71,79
71,80
71,81
72,85
72,2230
73,93
73,82
73,84
73,85
73,86
73,2232
73,1694
73,2235
73,1703
74,541
74,1067
74,82
74,84
74,86
74,1689
74,1690
74,2712
74,1700
74,2723
74,96
74,112
74,1076
74,1701
74,2692
74,1704
74,1705
75,1948
75,108
75,82
75,84
75,101
75,140
75,86
75,1694
75,480
75,933
75,1703
75,1084
76,811
76,1970
76,194
76,1929
76,1971
76,1846
76,1920
76,1842
76,1708
76,1069
76,764
76,1930
76,86
76,170
76,175
76,1705
77,82
77,86
77,1945
78,2127
78,85
78,86
78,1471
78,1472
78,81
78,1459
78,1403
79,1948
79,177
79,86
79,369
79,95
79,112
80,93
80,3630
80,82
80,86
80,2235
81,1846
81,2235
81,86
82,83
83,86
83,3164
84,85
84,86
84,87
84,88
84,89
85,90
85,88
85,91
85,92
86,93
86,94
86,87
86,95
86,96
86,97
86,98
86,91
87,1948
87,278
87,2466
87,1111
87,99
87,1204
87,1041
87,151
87,1708
87,2467
87,1464
87,1695
87,2469
87,176
88,3056
88,1436
88,3057
90,843
90,180
90,194
90,1096
90,196
90,1928
90,668
90,1969
90,1896
90,2882
90,92
91,145
91,2743
91,1909
92,194
93,1459
93,2315
94,2231
94,1929
94,1941
94,1846
94,1921
94,1698
94,1694
94,1943
94,1711
94,1069
94,764
94,170
94,1972
94,1930
94,1703
94,2711
94,1135
95,1948
95,2694
95,1208
95,103
95,107
95,558
95,1838
95,1831
95,1909
95,1908
95,110
95,2596
95,1841
95,1910
95,550
95,99
95,809
95,177
95,747
95,755
95,1209
95,112
95,178
96,1210
96,2975
96,2974
96,558
96,2980
96,1204
96,850
96,176
97,1374
97,1927
97,1846
97,1896
97,3568
97,1464
97,3569
98,1111
98,3544
99,100
99,101
99,102
99,103
99,104
99,105
99,106
99,107
99,108
99,109
99,110
99,111
99,112
99,113
99,114
99,115
99,116
99,117
100,1082
100,1114
100,1116
103,177
103,2582
103,107
103,112
103,2583
103,566
104,2710
104,177
104,1385
105,108
105,109
105,177
105,1698
105,111
105,112
105,2134
105,114
106,1112
106,1698
106,2714
106,111
106,117
106,2715
107,543
107,177
107,2582
107,112
107,2583
107,1911
107,566
108,177
108,1709
108,109
109,542
109,543
109,2387
109,177
109,340
109,1076
109,2134
109,2729
110,2694
110,1909
110,177
110,1944
110,1910
110,176
111,1179
111,177
111,2714
111,112
111,2134
111,117
112,3529
112,2582
112,2708
112,1846
112,564
112,2675
112,2723
112,2453
112,560
112,550
112,2463
112,2790
112,2456
112,541
112,1099
112,1730
112,1100
112,180
112,177
112,556
114,177
116,3381
116,3637
116,2760
117,1179
117,1112
117,177
118,119
119,141
119,142
119,143
119,144
120,121
120,122
120,123
121,141
121,535
122,1838
123,141
123,3160
124,125
124,126
124,127
124,128
124,129
124,130
124,131
124,132
124,133
124,134
124,135
124,136
124,137
125,295
125,502
125,503
125,504
125,138
125,505
125,309
125,310
125,297
126,630
126,937
126,637
126,138
126,639
128,630
128,937
128,637
128,138
129,838
129,502
129,843
129,138
129,430
129,825
129,1815
129,1133
131,357
131,2834
131,138
131,1034
131,1868
132,142
132,138
132,303
132,147
132,148
132,1542
132,648
133,1948
133,3091
133,3094
133,3288
133,3327
133,2654
133,2903
133,1204
133,138
133,2902
133,1081
134,837
134,657
134,1025
134,1026
134,469
134,1042
134,843
134,637
134,138
134,1041
135,837
135,657
135,1026
135,469
135,1042
135,843
135,546
135,637
135,138
135,1041
136,503
136,1026
136,504
136,1065
136,138
136,505
137,2318
137,138
141,145
141,146
142,147
142,148
142,149
142,150
142,151
142,152
142,153
142,154
142,155
142,156
142,157
142,158
142,159
142,160
142,161
143,162
143,163
144,3630
144,1906
145,1241
145,1083
145,1084
147,154
147,159
149,837
149,658
149,838
149,761
149,670
149,671
150,858
150,859
150,650
150,860
150,764
150,861
150,670
150,158
150,673
151,416
151,1125
152,1134
152,314
152,1477
152,1457
154,571
154,1326
154,761
154,858
154,1832
154,1833
154,411
154,535
154,847
154,1829
154,472
154,1436
154,1834
154,1383
155,1098
155,685
155,1864
155,3275
155,1861
155,2034
155,861
157,2399
157,1539
157,755
157,158
157,2799
158,2399
158,284
159,1837
159,1933
159,1918
159,812
159,1904
159,303
160,2399
160,284
160,1369
162,1430
162,1432
162,1462
162,1438
164,165
164,166
164,167
164,168
164,169
164,170
164,171
164,172
164,173
164,174
164,175
164,176
165,768
165,1665
165,166
165,428
165,809
166,768
166,1665
166,428
166,809
166,830
166,172
166,175
167,1837
167,1838
167,1474
167,1831
167,1839
167,1840
167,1841
167,1842
167,847
167,1843
167,1698
167,824
167,170
167,400
167,1844
167,1338
167,173
167,1447
168,316
168,935
168,333
168,284
168,420
168,1961
168,1963
169,821
169,822
169,2548
169,2406
169,358
169,1405
169,1810
169,2488
169,2859
169,1425
169,2860
169,2559
169,475
169,1976
169,476
169,767
169,843
169,579
169,1524
169,935
169,809
169,429
169,404
169,333
169,1811
169,430
169,824
169,845
169,2489
169,484
170,1949
170,1837
170,1933
170,1929
170,1941
170,812
170,1846
170,1920
170,813
170,1843
170,1840
170,1921
170,1943
170,1841
170,1434
170,1069
170,764
170,1930
170,1711
171,2446
172,1752
172,1665
172,1751
172,428
172,809
172,175
172,798
173,1679
173,1837
173,2687
173,1840
173,472
173,1841
173,303
173,1041
173,405
174,966
174,2638
174,632
174,1461
174,469
174,470
174,629
174,1040
174,640
174,361
174,1410
175,1665
175,830
175,428
175,809
176,2975
176,1838
176,3350
176,1909
176,2466
176,2475
176,2460
176,2454
176,1910
176,2253
177,178
177,179
178,1948
179,1081
180,181
180,182
180,183
180,184
180,185
180,186
180,187
180,188
180,189
180,190
180,191
180,192
180,193
180,194
180,195
180,196
180,197
180,198
180,199
180,200
180,201
180,202
180,203
180,204
180,205
180,206
180,207
180,208
180,209
180,210
180,211
180,212
181,193
181,213
181,214
181,215
181,216
181,217
181,218
181,219
181,220
181,221
181,222
181,223
181,224
181,225
181,226
181,199
181,227
181,228
181,229
182,193
182,230
182,231
182,214
182,215
182,216
182,217
182,218
182,232
182,233
182,220
182,234
182,221
182,235
182,236
182,237
182,224
182,225
182,226
182,199
182,238
182,239
182,227
182,240
182,228
182,241
182,229
182,242
182,243
183,215
183,217
183,232
183,244
183,245
183,226
183,246
183,227
183,247
183,248
184,193
184,231
184,215
184,217
184,232
184,249
184,234
184,236
184,223
184,225
184,226
184,227
185,250
185,240
186,230
186,214
186,251
186,252
187,230
187,231
187,214
187,253
187,254
187,223
187,196
187,197
187,199
187,255
187,240
189,225
190,207
191,231
191,256
191,253
191,257
191,199
191,206
193,216
193,217
193,226
193,247
193,258
194,1842
194,196
194,1069
194,1928
194,1969
196,1134
196,399
196,197
196,1136
196,804
196,750
196,1896
196,208
197,1134
197,817
197,399
197,231
197,804
197,214
197,2484
197,199
197,205
197,654
197,208
198,485
198,399
198,284
198,400
198,1937
198,2485
198,2486
198,2487
198,211
199,790
199,620
199,2534
199,2535
199,2530
199,772
199,473
199,2537
199,1886
199,1365
199,2538
199,2531
199,2539
199,789
199,2540
199,2541
199,2533
199,2542
199,2449
199,855
199,1032
199,787
199,990
199,809
199,231
199,238
199,2448
199,333
199,2223
199,850
199,2529
199,2532
199,2543
200,2418
200,1891
200,205
200,2544
200,2886
201,2150
201,2151
201,2936
201,2154
201,2157
201,3233
202,751
203,1882
203,2085
203,772
203,1886
203,1365
203,2098
203,1301
203,2097
203,3395
203,2541
203,2099
203,1984
203,1985
203,1986
203,2021
203,2022
203,2023
203,2025
203,808
203,787
204,925
204,1134
204,811
204,2078
204,399
204,2644
205,2544
205,2886
206,772
206,811
206,2538
206,858
207,256
207,253
207,214
207,3376
207,1634
208,2643
208,1849
208,1852
208,1634
208,3720
208,3737
209,210
209,284
209,2120
211,1934
211,485
212,253
213,685
213,862
213,863
213,864
213,865
213,628
213,866
213,867
214,804
214,1134
214,251
214,1135
216,582
216,217
216,232
217,582
219,601
219,1538
220,1538
221,1789
221,234
221,225
223,582
223,225
225,1789
226,582
227,582
229,1652
229,3588
230,251
231,582
232,249
239,582
240,582
240,839
240,651
244,1739
245,1790
245,1791
245,1792
246,1215
246,2211
246,2218
246,2219
246,2220
247,951
247,3387
247,3388
247,2592
249,582
250,1213
251,2785
251,2786
251,804
251,856
252,1089
252,754
252,748
253,754
256,754
257,406
258,1826
259,260
259,261
259,262
259,263
259,264
259,265
260,261
260,263
260,265
261,3351
262,3566
262,3567
262,1855
262,1096
262,1896
263,755
263,1701
264,1855
264,585
265,3351
267,268
268,575
268,281
268,576
268,332
269,270
269,271
269,272
269,273
269,274
269,275
270,276
270,277
270,278
270,279
270,280
271,295
271,274
271,275
271,284
271,287
271,291
271,293
271,296
271,297
273,298
273,299
273,275
273,300
274,277
274,301
274,282
274,302
274,295
274,303
274,296
275,304
275,305
275,306
275,307
275,308
275,309
275,299
275,310
275,311
275,312
275,313
275,314
275,315
275,300
276,316
276,301
276,317
276,284
276,318
276,287
276,319
276,320
276,321
276,322
276,323
276,324
276,325
276,326
276,293
276,327
276,328
276,294
276,329
277,301
277,284
277,330
277,331
277,294
279,301
279,2341
279,366
279,322
279,340
279,448
279,2966
280,1368
280,3465
281,332
282,343
282,344
282,304
282,302
282,345
282,287
282,346
282,347
282,293
282,327
282,348
282,349
282,350
283,317
283,1272
283,1305
283,1306
283,1307
283,1308
283,1309
283,1310
283,1311
283,1312
283,1313
283,1314
283,1315
284,419
284,1954
284,1742
284,337
284,1955
284,509
284,851
284,420
284,301
284,489
284,1956
284,1957
284,1269
284,1270
284,358
284,338
284,1743
284,371
284,1958
284,1327
284,1278
284,997
284,731
284,732
284,1330
284,316
284,406
284,1544
284,1959
284,1546
284,573
284,404
284,1841
284,314
284,776
284,1960
284,1961
284,400
284,321
284,290
284,380
284,323
284,384
284,1962
284,326
284,986
284,389
284,1963
284,1964
284,329
286,357
286,1955
286,314
286,1918
286,336
286,2797
286,843
286,935
286,326
286,2798
287,343
287,344
287,301
287,1141
287,371
287,302
287,375
287,2885
288,1332
288,1887
288,1835
288,2007
289,2488
289,2236
289,292
289,3053
289,294
289,2350
290,1956
290,358
290,371
290,314
290,1327
290,1330
290,322
290,2485
290,495
290,1959
290,1546
290,573
291,3458
291,323
291,326
291,1749
292,963
292,2101
292,1887
292,1835
292,1856
292,1832
292,1432
292,2277
292,1425
292,2104
292,759
292,1430
292,680
292,871
292,477
292,469
292,470
293,301
293,327
293,325
293,294
294,1623
295,333
295,334
295,335
295,336
295,337
295,338
295,339
295,340
296,1269
296,1270
296,1281
296,1280
296,1271
296,1272
296,351
296,1273
297,309
297,299
297,310
297,303
297,404
298,300
299,307
299,308
299,309
299,312
299,315
299,300
299,341
300,1742
300,1956
300,2807
300,511
301,316
301,338
301,321
301,322
301,327
301,342
301,331
301,329
302,343
302,351
302,352
302,353
302,347
302,354
302,349
302,350
303,309
303,355
303,356
303,357
303,358
303,338
303,359
303,360
303,361
303,362
304,363
304,364
304,365
304,366
304,367
304,368
304,369
304,370
304,345
304,371
304,372
304,373
304,374
304,375
304,376
304,347
304,377
304,378
304,379
304,380
304,381
304,382
304,383
304,384
304,385
304,386
304,387
304,388
304,389
304,390
304,391
305,392
305,393
305,394
305,359
305,395
305,396
305,360
305,397
306,398
306,399
306,314
306,400
307,315
308,401
308,402
308,403
309,404
309,310
309,405
310,404
311,313
312,314
312,323
312,341
313,406
314,1432
314,315
314,1274
314,323
314,360
314,1962
314,326
314,341
314,1964
315,3268
316,419
316,420
316,321
316,329
317,1367
317,1368
317,1338
317,410
317,1369
318,1954
318,2352
318,1141
318,994
318,2351
318,997
318,1961
318,2354
318,320
318,1143
318,2358
318,2353
318,327
318,1157
318,328
319,363
319,2961
319,358
319,1405
319,1425
319,1960
319,494
319,477
319,492
319,2808
319,495
319,1811
319,2962
319,1054
319,430
319,579
319,505
319,809
320,1954
320,999
320,2352
320,2354
320,327
321,371
321,1594
321,366
321,1180
321,1143
321,322
322,366
322,1180
322,340
323,1741
323,1336
323,3458
323,3459
323,1294
323,912
323,400
323,406
323,1959
323,1546
324,1269
324,1270
324,371
324,1278
324,1280
324,1271
324,1272
324,351
324,1273
324,1274
324,1417
324,740
325,531
325,1327
325,1379
325,536
325,578
326,1742
326,580
326,1741
326,489
326,1956
326,1597
326,358
326,2807
326,1744
326,1419
326,3242
326,511
326,1375
326,495
326,406
326,1546
326,1384
328,1141
329,371
329,2316
329,366
329,1180
330,950
330,1885
330,1095
330,1094
330,1698
331,1270
331,1273
332,575
332,411
332,576
333,837
333,657
333,658
333,1025
333,1026
333,843
333,546
333,637
333,769
333,992
333,778
333,499
333,986
333,987
333,989
334,1419
335,1026
335,630
335,637
336,371
336,2347
336,2799
337,1147
337,1597
337,338
337,340
337,380
337,2700
337,2799
338,419
338,2809
338,340
338,2581
338,341
338,2811
339,503
339,406
339,1026
340,419
340,464
340,380
341,2657
341,647
341,3452
341,1428
341,359
341,817
341,3453
341,1432
341,2647
341,1425
341,3451
341,2809
341,1430
341,2803
341,3157
341,2799
341,1900
341,3757
341,809
343,347
343,390
344,421
344,345
344,422
344,423
344,347
344,424
344,377
344,425
344,348
344,426
344,350
344,390
344,427
345,1181
345,1581
345,1582
345,422
345,1571
345,1141
345,371
345,1572
345,372
345,423
345,731
345,732
345,1568
345,1559
345,1560
345,1561
345,1180
345,368
345,370
347,1593
347,1581
347,1600
347,422
347,3410
347,371
347,463
347,424
347,423
347,377
347,2519
347,1568
347,375
347,1560
347,1180
347,1143
348,1931
348,1744
348,423
348,3697
348,350
349,1327
349,352
349,3724
350,421
350,422
350,423
350,1016
351,1269
351,1270
351,1271
351,1272
351,1273
351,1274
351,1275
353,1142
354,1795
355,371
355,731
355,732
355,356
355,1238
355,1563
355,362
356,371
356,731
356,732
356,1238
356,740
356,1623
357,1740
357,1742
357,1743
357,1744
357,1745
357,1746
357,1747
357,1748
357,1749
358,773
358,814
358,1918
358,399
358,1811
358,2488
358,492
358,965
358,493
358,477
358,495
358,430
358,1961
358,824
358,1419
358,2489
359,854
359,900
359,1795
360,1742
360,2807
360,1936
360,3564
360,1546
360,404
361,1553
361,632
361,475
361,1442
361,634
361,965
361,469
361,470
362,371
362,731
362,732
362,1563
362,1564
362,1140
362,384
362,730
362,391
363,428
363,429
363,430
364,431
364,432
364,433
364,434
364,435
365,368
365,436
365,437
365,438
365,439
365,440
365,441
366,442
366,443
366,444
366,445
366,446
366,377
366,447
366,448
366,390
367,449
367,450
367,451
367,452
367,453
367,454
367,455
367,456
367,457
367,458
368,459
368,460
368,461
368,462
368,463
368,440
368,464
368,465
368,466
368,467
369,381
369,468
370,1558
370,1559
370,1560
370,1561
370,1562
370,1563
370,1564
370,1565
370,1566
370,1140
371,1593
371,1561
371,1563
371,1568
371,731
371,732
371,1578
371,373
371,375
371,477
371,1143
371,1594
371,380
371,384
371,1575
371,388
371,389
371,467
371,1145
371,1146
371,391
372,1571
372,1561
372,1565
372,1140
372,1579
372,1580
372,1143
372,1589
372,1586
372,391
373,1596
373,1597
373,1141
373,1578
373,1563
373,383
373,384
373,1598
374,2520
374,1139
374,2518
374,2519
374,461
375,1143
375,2353
375,1145
378,2520
378,424
378,2523
379,1387
379,3265
380,419
380,731
380,732
380,1238
380,3511
380,2489
381,1581
381,468
382,3485
382,3599
382,1585
382,387
382,1555
383,384
384,1559
384,1578
385,3366
385,386
386,2393
386,3366
387,3599
387,1555
388,1581
388,1558
388,1571
388,731
388,732
388,1568
388,1559
388,1560
388,1561
388,1562
388,1601
388,1565
388,2518
389,731
389,732
389,1594
389,1563
391,1571
391,1589
391,1584
391,1180
393,1385
394,836
394,810
394,809
394,756
394,1283
394,831
394,2745
395,770
395,925
395,1336
395,1346
395,1299
395,1347
395,1294
395,779
395,927
395,3131
395,780
395,1349
395,1129
395,924
395,935
395,845
395,829
398,469
398,470
398,471
398,472
398,473
398,474
398,475
398,476
398,477
398,478
398,479
398,480
398,481
398,482
398,483
398,484
399,485
399,1935
399,1939
399,1134
399,851
399,1405
399,852
399,1940
399,1089
399,1841
399,400
399,538
399,1441
399,1324
400,485
400,1935
400,851
400,510
400,1843
400,538
400,1841
400,1937
400,3268
400,986
401,1160
401,1158
401,402
402,1169
403,1169
404,485
404,486
404,487
404,488
404,489
404,490
404,491
404,492
404,493
404,494
404,495
404,496
404,497
404,498
404,499
404,500
404,501
406,506
406,507
406,508
406,509
406,510
406,511
406,512
406,513
406,514
406,515
407,408
407,409
407,410
408,409
408,577
408,576
408,536
408,578
409,576
409,577
410,1292
410,1332
410,1128
410,964
410,1341
410,1339
410,2656
410,1130
410,1338
410,1340
410,3611
410,1344
411,412
411,413
411,414
413,575
413,3647
414,3491
414,1359
414,1552
415,416
416,417
416,418
418,1918
418,1838
418,1831
418,533
419,1542
419,1620
419,1146
420,2810
421,424
421,425
421,426
423,427
424,1581
424,3410
428,1126
428,1127
428,775
428,1128
428,1129
428,1130
428,1131
428,1132
428,1133
429,749
429,769
429,758
429,965
429,968
430,2488
430,680
430,1976
430,823
430,2313
430,492
430,495
430,1811
430,824
430,845
431,444
432,2576
433,2629
433,2164
433,434
433,2888
433,2889
433,2890
433,2891
434,1196
438,2391
438,2392
439,1779
439,3294
439,3299
439,1782
439,2527
439,1783
439,1784
439,2181
439,1786
440,3471
440,1550
440,1249
440,1254
440,1556
440,1551
440,1255
440,3468
440,3470
440,2921
440,2180
440,3472
442,1600
442,1142
442,1564
442,1143
442,1183
442,448
443,444
443,2421
443,1141
443,1572
443,1142
443,1143
443,447
443,448
444,1147
444,1590
445,3031
445,3032
445,3033
446,2468
447,448
448,1142
448,2964
448,2966
449,726
449,727
449,728
449,729
450,2135
450,2127
450,1073
450,2140
450,2141
450,2142
450,2143
450,2144
450,2137
451,1440
451,3045
452,2704
453,2127
454,3490
454,1470
454,3491
454,3383
454,1549
455,2940
456,3598
456,3656
456,1390
457,1552
458,2940
458,1472
459,1779
459,460
460,1779
460,1784
461,462
461,1560
461,2518
463,1180
463,1147
463,464
463,3411
463,1615
463,3067
464,2779
465,2173
467,1571
467,1141
467,1568
467,1561
467,1139
468,1587
468,1581
468,2674
468,1608
468,1585
468,1194
468,1196
468,3597
469,640
469,471
469,961
469,962
469,814
469,963
469,772
469,632
469,964
469,475
469,476
469,965
469,845
469,634
469,480
469,966
469,967
469,968
469,635
469,969
469,483
469,970
469,971
470,640
470,963
470,632
470,475
470,1043
470,480
470,967
470,635
471,1485
472,1837
472,1933
472,1887
472,1856
472,1833
472,1918
472,1838
472,1829
472,1831
472,812
472,1843
472,1840
472,1965
472,1841
472,1892
472,1135
472,1383
473,790
473,2492
473,773
473,787
473,2448
473,789
473,2449
473,1048
473,2545
473,795
473,479
473,1056
473,970
473,2546
474,2475
474,2792
474,478
474,482
475,1553
475,632
475,1432
475,1425
475,1430
475,2559
475,2840
475,476
475,477
475,480
475,481
475,2561
475,483
475,1135
476,945
476,814
476,632
476,758
476,1461
476,759
476,1433
476,2559
476,2840
476,1408
476,1409
476,480
477,1432
477,1425
477,1430
477,494
478,962
478,3317
478,482
479,790
479,773
479,2495
479,2409
480,1128
480,964
480,1341
480,2559
481,1461
481,1432
481,1425
481,1430
481,2559
482,962
482,3317
483,1553
483,1485
483,1432
483,1425
483,1430
483,2489
484,2548
484,2559
485,1934
485,1841
485,851
485,1843
485,750
485,1935
485,493
485,1936
485,1937
485,751
485,986
485,1938
486,1813
486,487
486,488
487,650
487,489
487,983
488,1813
488,489
488,2313
488,825
488,1816
488,496
488,497
489,2578
489,490
489,491
489,494
489,2313
489,1816
489,496
489,498
489,2579
490,491
490,495
490,2313
490,1816
491,503
492,1405
492,1811
492,493
492,495
493,1405
493,579
493,1323
494,1742
494,2961
494,2807
494,1936
494,2809
494,1960
494,1961
494,1745
494,2808
494,495
494,2963
494,2964
494,2968
494,2966
495,1405
495,2962
496,1813
496,2578
496,1812
496,2969
496,2236
496,497
496,1814
496,2489
496,2350
497,1813
497,1816
498,2578
499,748
499,1065
499,1063
499,1059
500,809
502,924
502,935
502,637
502,843
502,936
502,937
502,938
502,939
502,940
502,934
502,784
505,1061
505,1062
505,1058
505,1059
505,1063
505,631
505,1064
508,1775
509,754
509,510
509,514
510,1935
510,1134
510,1888
510,1936
510,514
511,1742
511,2803
511,1749
512,1741
512,3552
513,3623
513,3624
513,514
514,3243
514,3623
514,1623
514,3624
514,2749
516,517
516,518
516,519
516,520
516,521
517,520
517,521
518,520
518,521
521,1326
521,3505
521,3426
521,3674
522,529
523,1727
524,525
524,526
525,530
525,569
525,529
525,570
525,571
525,526
525,572
526,530
526,569
526,540
526,1373
527,528
528,1182
528,1183
529,530
529,532
530,531
531,1845
534,535
535,536
535,537
535,538
535,539
536,578
537,540
537,1269
537,1270
537,1271
537,1272
537,1276
537,1278
537,1279
537,1280
537,1281
537,1283
537,1273
537,1274
538,1939
538,1134
538,3219
538,3269
541,546
541,547
541,548
541,549
541,550
541,551
542,552
542,553
542,554
542,555
543,556
543,552
543,557
543,558
543,559
543,560
543,555
543,561
543,562
543,549
543,563
543,564
543,565
543,566
543,567
544,551
544,568
545,3709
546,1030
546,1031
547,1246
548,1030
548,1247
550,2596
550,1913
550,1130
550,1338
550,1705
551,1240
551,1241
551,2476
551,3444
552,1194
552,1108
552,557
552,560
552,1195
552,567
553,1202
553,1203
554,1072
554,2426
555,557
555,558
555,560
555,2451
555,564
555,2459
556,1101
556,1102
556,1103
556,1104
556,1099
556,1105
557,2450
557,558
557,560
557,2451
557,561
557,2452
557,2453
557,2454
557,564
557,2455
557,2456
557,2457
557,2458
557,566
557,2459
558,2450
558,559
558,560
558,561
558,1159
558,2460
558,2452
558,2453
558,2454
558,1699
558,564
558,2455
558,2461
558,2462
558,2463
558,2456
558,2464
558,2465
559,2451
559,2466
559,2450
559,560
560,2451
560,561
560,1159
560,2460
560,2452
560,2453
560,1196
560,2450
560,2462
560,2463
560,2456
560,2429
561,2451
561,1109
561,1945
562,1199
562,1757
563,2701
563,2702
563,2109
563,1385
563,2684
563,2112
563,2703
563,2429
564,2451
564,2708
564,1159
564,1385
564,1945
565,2967
565,2132
565,2429
568,1072
571,1845
571,572
572,1291
573,574
576,577
579,580
580,1285
580,881
580,924
580,718
580,935
581,582
581,583
583,584
584,585
584,586
584,587
584,588
584,589
584,590
584,591
584,592
584,593
584,594
585,1117
585,586
585,587
585,588
585,1118
585,1119
585,591
585,592
585,1120
585,593
585,594
586,1117
586,587
587,1117
588,653
588,1824
588,1825
588,1823
588,1790
589,2717
589,3230
589,3229
590,591
590,592
591,592
593,949
593,1117
594,1117
595,596
595,597
596,1034
596,597
596,1032
596,1035
596,2581
597,1052
597,2581
598,599
598,600
598,601
598,602
598,603
598,604
598,605
599,600
599,602
599,606
599,607
599,604
599,608
599,609
599,605
599,610
599,611
599,612
599,613
599,614
600,615
600,616
600,603
600,617
600,606
600,618
600,619
600,604
600,620
600,621
600,622
600,623
600,624
600,625
600,626
601,627
601,628
602,686
602,651
603,1796
604,803
606,797
606,2394
606,609
606,613
607,1023
609,3655
609,1331
609,797
609,1023
609,796
609,2312
610,3549
610,1290
610,800
610,896
610,1331
610,895
610,881
610,884
610,885
610,886
610,2312
614,1670
615,868
615,685
615,869
615,864
615,870
615,871
615,872
615,628
615,873
615,874
616,915
616,916
616,624
617,1850
617,1853
617,1884
617,1901
617,747
617,755
617,1829
617,622
617,1898
617,912
617,1876
618,619
621,1850
621,1851
621,1853
621,2262
621,1884
621,2014
621,860
621,2125
621,1861
621,888
621,622
621,2106
621,1284
621,974
621,2039
621,960
621,1527
622,2779
622,1987
622,1850
622,1851
622,2238
622,1853
622,2276
622,811
622,2262
622,1884
622,1885
622,856
622,2014
622,1988
622,1887
622,910
622,2257
622,1833
622,863
622,869
622,661
622,1992
622,1898
622,1309
622,911
622,912
622,663
622,908
622,2361
622,2543
622,1874
623,1853
623,2286
623,1884
623,862
623,866
623,2065
624,766
624,791
624,3135
625,839
626,768
626,913
626,908
626,914
627,1681
627,1682
627,1683
627,1684
628,2346
628,1683
628,2250
628,2257
628,862
628,863
628,1982
628,2203
628,2195
628,1999
628,2010
628,1998
628,871
628,2954
628,2955
628,2957
628,1984
628,1985
628,1986
628,2021
628,2022
628,2023
628,2025
628,2031
628,2026
628,1674
628,2059
628,1540
628,958
628,2251
628,955
628,798
629,630
629,631
629,632
629,633
629,634
629,635
629,636
630,637
630,638
630,639
630,640
630,641
630,642
630,643
630,644
630,645
631,1061
631,855
631,643
631,1024
632,633
632,1951
632,1461
632,2840
632,1443
632,2409
632,635
633,1461
633,2841
633,2842
634,1040
634,845
635,966
635,2638
635,1461
635,640
636,1023
636,2223
636,1238
637,935
637,638
637,640
637,645
638,757
639,640
639,965
639,968
640,1042
640,937
641,839
643,1822
645,937
646,647
646,648
647,649
647,859
647,1870
647,2647
647,1667
648,3270
649,650
650,1813
650,656
650,1870
650,982
650,2577
650,983
651,652
651,653
651,654
651,655
652,686
652,653
652,655
653,2588
653,686
653,1825
653,1823
653,1824
653,2589
654,1301
654,787
655,1886
656,657
656,658
656,659
656,660
656,661
656,662
656,663
656,664
656,665
656,666
656,667
656,668
656,669
656,670
656,671
656,672
656,673
657,674
657,675
657,676
657,677
657,678
657,679
658,674
658,680
658,681
658,682
658,683
658,679
659,858
659,664
659,958
659,1871
659,2071
659,955
659,673
660,1983
660,2238
660,869
660,888
660,1974
661,1850
661,1851
661,2238
661,1853
661,869
661,1859
661,1974
661,663
661,1526
662,770
662,775
662,2261
662,2278
662,665
662,1859
662,1799
662,2279
662,2280
662,1363
662,1527
663,1884
663,2014
663,1859
663,2075
663,1873
663,1874
664,1857
664,888
664,958
664,1871
664,955
665,788
665,860
665,2261
665,975
666,1985
666,1986
666,2022
666,3334
666,2026
666,670
666,955
667,1290
667,1347
667,3389
667,1527
668,859
669,1984
669,1985
669,1986
669,2022
669,958
669,955
670,1698
670,861
670,671
671,957
671,861
673,1425
673,1861
673,1430
673,1452
673,2558
674,837
674,838
674,954
674,841
674,924
674,769
674,774
674,780
675,778
675,678
675,987
675,989
676,837
676,913
677,1975
677,2095
677,794
678,837
678,843
680,1940
680,924
680,809
680,2313
680,824
680,825
680,2236
680,832
680,2350
681,771
681,1987
681,2334
681,788
681,2135
681,2261
681,837
681,767
682,2240
682,2642
683,838
684,685
685,1680
685,2167
685,2169
685,978
685,2170
685,1038
685,2171
686,687
688,689
688,690
688,691
688,692
688,693
689,1793
689,971
692,1793
692,3147
692,693
693,1793
694,695
694,696
695,950
695,3141
695,2726
695,1643
695,1162
695,1163
695,1166
695,2728
695,3142
697,698
697,699
697,700
698,713
698,714
699,2362
699,715
699,2363
699,2364
699,2365
701,702
701,703
701,704
701,705
702,704
702,706
702,707
702,708
703,709
703,704
703,710
703,711
703,712
704,1480
704,710
704,1756
706,826
706,3392
706,3148
706,1802
706,806
706,707
707,2572
707,716
712,2717
713,2363
717,718
717,719
717,720
717,721
717,722
717,723
717,724
717,725
718,721
718,738
718,736
718,739
721,1289
721,1327
721,1377
721,1378
721,739
722,2859
722,2862
722,2860
722,1960
722,2863
722,2962
723,1128
723,1130
723,1338
724,1066
724,1815
724,1288
724,2146
724,1425
724,1320
724,1430
724,3626
725,2859
725,2862
725,2860
726,3041
726,2857
726,1175
727,2669
727,3582
727,3583
727,2140
727,3279
730,731
730,732
730,733
730,734
730,735
730,736
730,737
731,1238
731,1563
731,732
731,1594
732,1563
734,2339
734,1769
734,2626
735,3642
735,3643
736,3524
736,2859
736,2862
736,2860
736,2864
737,3123
737,1566
738,1553
738,1425
738,1433
738,911
738,769
738,841
738,845
738,986
739,1378
740,741
741,2127
742,743
742,744
742,745
743,746
744,2773
744,1265
745,2701
745,2702
745,1179
745,2146
745,2127
745,2134
745,2429
745,3620
745,3690
746,1576
747,748
747,749
747,750
747,751
747,752
747,753
748,754
749,755
749,756
749,757
749,758
749,759
749,760
750,1935
750,851
750,943
750,1096
750,1940
750,1843
750,805
750,2236
750,1937
750,1896
750,986
750,1902
751,1935
751,851
751,943
751,1332
751,2135
751,1940
751,861
751,986
752,819
752,777
752,761
752,2010
752,2349
752,755
753,760
753,1360
753,755
754,851
754,852
754,853
754,854
755,761
755,762
755,763
755,764
755,765
755,766
756,1093
756,833
757,1152
757,1057
757,1151
757,1042
757,1154
758,759
758,2868
758,2869
758,2870
758,785
759,945
759,2124
759,2868
759,2871
759,2870
759,785
760,816
760,3627
761,762
761,1846
761,763
762,1837
763,1846
764,811
764,1967
764,1833
764,1970
764,1929
764,3063
764,1941
764,1846
764,1920
764,1921
764,1943
764,1842
764,1069
764,1711
764,1930
765,2705
765,2753
765,1361
765,3256
765,829
767,768
767,769
767,770
767,771
767,772
767,773
767,774
767,775
767,776
767,777
767,778
767,779
767,780
767,781
767,782
767,783
767,784
767,785
767,786
768,769
768,776
768,1666
768,778
768,1667
768,934
769,1405
769,1810
769,843
769,924
769,935
769,986
770,925
770,774
770,927
770,1362
770,929
770,1132
771,2359
772,1882
772,1950
772,2548
772,2538
772,2549
772,2086
772,970
773,936
774,775
774,843
774,924
774,935
774,1861
774,916
774,927
774,829
774,933
775,925
775,1040
775,2278
775,1799
775,895
775,929
775,2279
775,1359
775,2280
775,1302
775,930
776,778
776,1667
777,3029
778,927
778,843
779,1363
779,829
779,1879
780,2492
780,935
781,816
781,820
781,1034
781,1033
781,1294
781,1540
781,796
782,925
782,796
784,984
784,924
784,857
784,935
785,1951
785,1843
785,3739
787,788
787,789
787,790
787,791
787,792
787,793
787,794
787,795
788,1850
788,1851
788,1853
788,942
788,1861
788,2088
788,2261
788,860
788,2010
788,972
788,916
788,792
788,2360
788,2062
788,1463
788,2067
788,1527
789,2530
789,1884
789,2531
789,2195
789,2529
789,791
789,795
790,2547
790,2020
790,1048
790,2545
790,1056
790,970
790,2546
791,1975
791,2117
791,3133
791,877
791,959
791,972
791,794
791,795
792,1832
792,1975
792,1889
792,2277
792,2010
792,2104
792,2646
792,972
792,2034
792,2106
792,960
792,1895
792,1463
793,2072
793,1852
793,2001
793,1886
793,2086
793,1894
794,2072
794,1886
794,1887
794,1856
794,1975
794,2104
794,2097
794,1974
794,911
794,2095
794,972
794,2022
794,1894
794,1895
794,877
795,2530
795,1886
795,912
795,2449
796,797
796,798
797,860
797,941
797,855
798,2257
798,863
798,2038
799,800
799,801
799,802
800,963
800,1290
800,2400
800,2402
800,1331
800,2312
801,1269
801,2400
801,1342
802,2224
802,2850
802,2851
802,2229
802,2852
804,805
804,806
804,807
805,1853
805,863
805,2230
806,1798
806,826
806,1800
806,1802
806,2032
806,1666
806,1801
806,1803
807,976
809,810
809,811
809,812
809,813
809,814
809,815
809,816
809,817
809,818
809,819
809,820
809,821
809,822
809,823
809,824
809,825
809,826
809,827
809,828
809,829
809,830
809,831
809,832
809,833
809,834
809,835
810,836
811,819
811,1840
811,1688
811,1846
811,1920
811,1887
811,1865
811,1283
811,1929
811,1898
811,912
811,1069
811,1930
811,916
812,962
812,1837
812,1933
812,814
812,1833
812,1918
812,1840
812,1841
812,1843
812,1431
812,1434
812,1905
812,845
812,1442
812,986
812,1447
812,1907
813,1948
813,1949
813,1950
813,1933
813,1951
813,1952
813,1461
813,1841
813,1843
813,1431
813,1433
813,1434
813,1452
814,1553
814,1040
814,1833
814,1976
814,1048
814,1462
814,845
814,1442
814,970
814,834
815,1850
815,1851
815,1853
815,1854
815,1884
815,1981
815,1901
815,863
815,1859
816,1299
816,925
816,991
816,1362
818,2657
818,1415
818,1887
818,909
818,1899
818,1441
818,2658
818,1463
819,2784
820,2834
820,2057
820,1032
820,2608
820,1034
820,1868
821,2559
821,824
821,1055
821,2861
822,1462
822,845
822,2079
822,1409
823,2868
823,825
823,2313
824,1810
824,2488
824,1088
824,1811
824,845
825,1813
825,1812
825,1332
825,2970
826,1800
826,3148
826,1666
826,3150
826,1802
826,1804
827,925
827,1299
827,1300
827,895
827,1302
827,930
827,1363
827,829
827,2568
828,3131
828,2280
828,834
829,1298
829,2078
829,2280
829,2281
829,930
830,1357
830,3407
831,2558
832,2350
833,1852
833,3153
833,3275
833,3739
833,3738
834,1405
834,1404
834,1411
835,3154
836,2745
837,839
837,840
837,841
837,842
837,843
837,844
838,845
839,952
839,953
841,928
841,844
841,845
843,939
843,930
843,932
843,986
843,987
843,988
843,989
844,3413
844,1292
844,3449
844,3448
844,2263
845,1553
845,1852
845,2079
845,1810
845,1442
845,993
845,1443
846,847
846,848
846,849
847,1828
847,1829
847,1830
847,1831
847,1052
851,1841
851,1843
851,986
852,1841
853,1795
855,856
856,2779
856,895
856,1869
856,1302
856,930
856,2780
856,2781
858,1847
858,1848
858,1849
858,1850
858,1851
858,1852
858,1853
858,1854
858,1855
858,1832
858,1856
858,1857
858,1858
858,1859
858,1860
858,869
858,1861
858,907
858,957
858,859
858,1862
858,1863
858,1864
858,1865
858,871
858,1866
858,1867
858,972
858,1868
858,1869
858,1870
858,1284
858,974
858,1871
858,1872
858,1873
858,1874
858,1875
858,1667
858,1876
858,1463
858,1877
858,1878
858,1879
858,1038
858,1880
858,867
858,1881
859,1850
859,1851
859,1853
859,1854
859,1981
859,1865
859,1863
859,877
859,1859
859,1866
859,2281
859,1667
859,2252
860,2260
860,1987
860,1850
860,1853
860,1883
860,2001
860,1861
860,1667
860,1527
861,3271
861,1097
861,3272
861,3273
862,2193
862,1850
862,1851
862,1853
862,1884
862,1981
862,1901
862,863
862,1860
862,2194
862,864
862,978
862,2065
862,1999
862,2195
862,1965
862,2024
862,2196
862,2197
862,866
862,2036
862,2045
862,2071
862,2046
862,980
862,2066
862,2198
862,873
862,2199
862,2054
863,1980
863,1850
863,1851
863,1853
863,1854
863,1884
863,1981
863,1901
863,1982
863,1656
863,1985
863,1986
863,869
863,864
863,1990
863,1991
863,1862
863,978
863,2065
863,1996
863,1998
863,1999
863,2195
863,2203
863,2004
863,2010
863,2204
863,2018
863,2019
863,2021
863,2022
863,2023
863,2024
863,2026
863,2031
863,1869
863,2033
863,2034
863,866
863,2036
863,2038
863,1540
863,958
863,2205
863,955
863,2048
863,2206
863,2198
863,873
863,2054
863,1613
864,2257
864,1982
864,2203
864,1999
864,1538
864,1859
864,1986
864,2265
864,1896
864,970
864,2208
865,2102
865,2040
865,2041
865,1872
865,867
866,2197
866,2960
867,2333
867,1848
867,2959
867,877
868,875
868,876
868,877
869,1987
869,1850
869,1851
869,2238
869,1853
869,1983
869,2008
869,1854
869,2009
869,2262
869,1884
869,1981
869,1901
869,2246
869,1859
869,1866
869,2075
869,1284
869,974
869,2255
870,1850
870,2009
870,872
870,2654
870,2067
870,2655
870,2256
870,874
871,2333
871,2101
871,2193
871,1853
871,2068
871,2005
871,1887
871,2007
871,2853
871,2258
871,2017
871,2027
871,973
871,2612
871,2077
871,940
871,874
872,1853
872,2068
872,921
872,2309
872,1641
873,1851
873,1853
873,2296
873,2242
873,2024
873,2021
874,2244
874,3672
874,1984
874,1985
874,1986
874,2021
874,2022
874,2023
874,2025
874,2026
875,882
877,972
877,973
877,974
877,932
878,879
879,979
879,2122
880,881
880,882
881,883
881,884
881,885
881,886
881,887
881,888
881,889
881,890
881,891
881,892
881,893
881,894
881,895
881,896
881,897
881,898
881,899
881,900
881,901
881,902
881,903
881,904
881,905
882,906
882,907
883,888
883,889
883,890
883,895
883,898
883,900
883,901
884,888
884,889
884,890
884,893
884,894
884,895
884,898
884,899
884,900
884,901
884,903
884,905
885,889
885,890
885,895
885,900
885,901
885,903
886,889
886,890
886,894
886,895
886,900
886,901
886,903
886,905
887,888
887,895
887,901
888,2259
888,1987
888,1850
888,2268
888,1851
888,2238
888,2011
888,893
888,2012
888,1859
888,898
888,1871
888,1667
889,890
889,1820
889,2447
891,2348
891,892
893,1853
894,3068
894,1411
895,2779
895,925
895,2278
895,1799
895,2279
895,1302
895,930
896,1027
896,898
897,1291
898,1820
899,1311
900,2872
900,1433
900,901
900,1546
905,3747
907,1476
907,2013
907,1859
907,1880
908,909
908,910
908,911
908,912
908,913
908,914
909,984
909,2240
909,1864
909,1866
909,2330
909,913
911,986
912,1850
912,1851
912,1853
912,1884
912,1887
912,1897
912,1833
912,1898
912,1505
913,914
914,3753
915,917
916,2098
916,2105
916,2646
916,972
916,3131
916,2280
916,1879
916,3132
918,919
918,920
918,921
918,922
918,923
919,2172
919,2167
919,2169
920,921
920,3430
920,3427
921,3431
921,923
921,3428
922,3431
923,2094
923,1860
923,3652
924,925
924,926
924,927
924,928
924,929
924,930
924,931
924,932
924,933
924,934
925,935
925,1294
925,1298
925,1299
925,2349
925,927
925,1362
925,929
925,1129
925,1302
925,1303
925,930
925,1363
925,1291
925,1132
927,935
927,1879
928,935
929,1292
929,1297
929,3076
929,1298
929,1332
929,1336
929,1346
929,1295
929,1343
930,2779
930,1360
930,2278
930,1279
930,1286
930,2443
930,1303
930,1363
930,1302
930,935
931,1039
931,944
931,935
931,1338
931,946
932,1087
932,1032
932,1821
934,953
934,940
938,1154
940,2079
940,3076
940,968
940,1425
940,1430
940,952
940,953
941,942
941,943
942,1525
942,1526
942,1527
943,2312
944,945
944,946
944,947
945,1039
945,946
945,947
946,2779
946,947
948,949
948,950
948,951
950,2590
950,2726
950,2727
950,2728
950,1788
951,2590
951,2936
951,1119
951,2592
952,953
954,955
955,1850
955,1853
955,1989
955,1863
955,957
955,2094
955,1667
955,2253
955,2714
955,1984
955,1985
955,1986
955,1858
955,2021
955,2022
955,1979
955,2023
955,2025
955,2026
955,2255
955,2060
955,958
955,1871
955,2106
955,956
955,2205
956,957
956,958
957,1983
957,1857
957,1991
957,2140
957,1859
957,958
957,1881
958,1850
958,1853
958,1989
958,1863
958,2094
958,2253
958,2714
958,1984
958,1985
958,1986
958,1858
958,2021
958,2022
958,2023
958,2025
958,2026
958,2255
958,2060
958,1871
959,960
960,2333
960,1885
960,1832
960,1975
960,2277
960,2104
960,1992
960,1892
960,3316
960,2095
960,972
960,2255
960,1894
960,1895
960,3279
961,1713
962,1072
962,1837
962,1838
962,1918
962,1922
962,1844
963,2406
964,1292
964,1128
964,1332
964,2656
964,1130
964,1338
964,1339
964,1340
964,1341
964,1660
964,2780
964,970
964,1344
965,1425
965,1430
965,1048
967,1553
967,2800
968,2492
969,1529
970,1045
970,1853
970,2286
970,2020
970,1128
970,1835
970,1975
970,2545
970,2097
970,1044
971,2492
971,1528
972,2072
972,2238
972,1886
972,1856
972,1832
972,1975
972,1889
972,2007
972,1890
972,2277
972,1861
972,2104
972,2105
972,1993
972,1892
972,1893
972,1900
972,1974
972,1867
972,973
972,2106
972,2255
972,1895
972,1896
973,2238
973,2277
973,1892
973,1974
973,1858
974,2637
974,1850
974,1853
974,2008
974,2262
974,2102
974,1884
974,2103
974,2014
974,2073
974,2011
974,2039
974,1991
974,1284
974,2075
974,1873
977,978
977,979
977,980
978,979
978,2246
978,1860
978,1653
979,2246
979,2195
979,2417
979,2418
979,2419
979,1037
979,980
979,2420
979,1373
979,2100
979,2294
980,2066
981,982
981,983
982,3492
982,3491
982,2655
982,983
982,2422
983,3492
983,2654
983,3330
983,3579
983,2655
984,985
985,1275
986,1553
986,1843
987,1742
990,991
990,992
990,993
991,1864
991,1866
992,1065
992,1063
992,1059
993,1810
993,1294
994,995
994,996
994,997
994,998
994,999
994,1000
994,1001
994,1002
994,1003
994,1004
994,1005
994,1006
994,1007
994,1008
994,1009
994,1010
994,1011
994,1012
994,1013
994,1014
994,1015
994,1016
994,1017
994,1018
994,1019
994,1020
994,1021
994,1022
995,1004
995,1005
995,1017
995,1018
996,1173
997,1954
997,2352
997,2354
997,2353
997,1157
998,2907
998,2927
999,3158
1000,1001
1001,3353
1001,1002
1001,3354
1001,3355
1001,3356
1001,3104
1001,3357
1001,3358
1001,3359
1002,2925
1002,2168
1002,3396
1002,3399
1002,2182
1002,3358
1003,3108
1003,3111
1004,2173
1004,2907
1004,2905
1004,2909
1004,2926
1004,1005
1004,3463
1005,2906
1005,2173
1005,1006
1005,1007
1005,2176
1005,2905
1005,2920
1005,3463
1005,2189
1006,1007
1006,1009
1006,3464
1007,1009
1007,3464
1008,3108
1008,3113
1008,3114
1008,2391
1008,3112
1008,2392
1009,2173
1009,3216
1009,2340
1009,2617
1009,2342
1009,3633
1009,3520
1009,3111
1009,2168
1009,3262
1009,3464
1009,3120
1011,2178
1011,2173
1011,3108
1011,3482
1011,3480
1011,3111
1011,3437
1011,2905
1011,3483
1011,2177
1011,3138
1011,3102
1016,3358
1019,3364
1019,2173
1019,2512
1019,3006
1022,2178
1022,3482
1022,3480
1022,3483
1022,2177
1022,1645
1022,3138
1022,3106
1022,3102
1023,1024
1026,1027
1026,1028
1026,1029
1030,1241
1030,1243
1030,1031
1030,1085
1030,1244
1030,1107
1032,1033
1032,1034
1032,1035
1032,1036
1032,1037
1032,1038
1033,2259
1033,1884
1033,1034
1033,2608
1033,1876
1033,2835
1034,1035
1034,2838
1034,1968
1034,1868
1034,1540
1036,1052
1037,1045
1037,2102
1037,2103
1037,1860
1037,1984
1037,1986
1037,2022
1037,1875
1037,2960
1037,2197
1037,2205
1037,2420
1038,1045
1038,2000
1038,2193
1038,1850
1038,2087
1038,1883
1038,2102
1038,1885
1038,2103
1038,1897
1038,1888
1043,1553
1043,2800
1043,2488
1043,3631
1044,1045
1044,1046
1044,1047
1044,1048
1044,1049
1044,1050
1044,1051
1045,1860
1045,1987
1045,2246
1045,1994
1045,2088
1045,1046
1045,2285
1045,2286
1045,2102
1045,1047
1045,1677
1045,2287
1045,2288
1045,1049
1045,2099
1045,2289
1045,2040
1045,2290
1045,2041
1045,1051
1045,2291
1045,1979
1045,2062
1045,2292
1045,2293
1045,2294
1046,1625
1046,2374
1046,1626
1046,1624
1046,1627
1046,2285
1046,1310
1046,2020
1046,1628
1046,2369
1046,1635
1046,1636
1046,1047
1046,1633
1046,2375
1046,1640
1046,2371
1046,2383
1046,1638
1046,2372
1047,1625
1047,2374
1047,1626
1047,1624
1047,2604
1047,1627
1047,2285
1047,1310
1047,2376
1047,1630
1047,2020
1047,2877
1047,2369
1047,2247
1047,1635
1047,2605
1047,1633
1047,2878
1047,1048
1047,1632
1047,2879
1047,2371
1047,2292
1047,2372
1048,2286
1048,2020
1048,2545
1048,1053
1050,2548
1050,2285
1050,2020
1050,3209
1050,2196
1053,1054
1053,1055
1053,1056
1055,1949
1055,1931
1055,1952
1055,1190
1055,2861
1056,2020
1056,2545
1058,1059
1058,1060
1059,1065
1059,1063
1059,1060
1060,1063
1061,1211
1062,1064
1062,1212
1065,1066
1066,1316
1066,1379
1066,2443
1066,1373
1067,1068
1067,1069
1067,1070
1067,1071
1068,1687
1068,1686
1068,1707
1068,1696
1068,1385
1068,1708
1068,1709
1068,1689
1068,1690
1068,1691
1068,1692
1068,1693
1068,1710
1068,1694
1068,1711
1068,1209
1068,1703
1068,1704
1068,1705
1069,1970
1069,1929
1069,1941
1069,1846
1069,1920
1069,1943
1069,1928
1069,1711
1069,1972
1069,1930
1072,1073
1072,1074
1072,1075
1072,1076
1072,1077
1072,1078
1072,1079
1073,1179
1073,1074
1073,2127
1074,1444
1074,1076
1075,1082
1075,1079
1076,1945
1076,2472
1077,1080
1077,1239
1080,1081
1080,1085
1080,1086
1083,1385
1086,1206
1087,1088
1089,1090
1089,1091
1089,1092
1095,1096
1095,1097
1095,1098
1096,1939
1096,1134
1096,1896
1097,1098
1097,1939
1097,1134
1098,3275
1101,1106
1101,1107
1103,1108
1103,1105
1103,1109
1103,1110
1105,1474
1105,1698
1105,1708
1105,1923
1105,1458
1106,1393
1109,1248
1109,2473
1109,1195
1110,2007
1110,3641
1111,1112
1111,1113
1111,1114
1111,1115
1111,1116
1113,1251
1113,2979
1113,1264
1113,2974
1113,1252
1113,2131
1113,1114
1113,2973
1113,1116
1113,1265
1114,1251
1114,1179
1114,2979
1114,1264
1114,2974
1114,2984
1114,1252
1114,2131
1114,1240
1114,1116
1114,1265
1115,3055
1115,1422
1116,2983
1116,1916
1116,2973
1121,1122
1121,1123
1121,1124
1122,1123
1122,1219
1122,1124
1123,1219
1123,3526
1123,1124
1124,1784
1124,2371
1124,3562
1124,2372
1126,1292
1126,1271
1126,1279
1126,1127
1126,1129
1126,1133
1127,1292
1127,1295
1127,1296
1127,1271
1127,1279
1127,1129
1127,1133
1128,1292
1128,1332
1128,1295
1128,2856
1128,1130
1128,1338
1128,1339
1128,1340
1128,1341
1128,1267
1128,2780
1128,2781
1128,1344
1129,1299
1129,1300
1129,1279
1129,1303
1129,1133
1130,1292
1130,1335
1130,1334
1130,2675
1130,1339
1130,1698
1130,1340
1130,1338
1133,3695
1133,1292
1133,1296
1133,1279
1133,1354
1134,2394
1134,1324
1135,1887
1135,1856
1135,1929
1135,1941
1135,1921
1135,1841
1135,1842
1135,1694
1135,1708
1137,1138
1138,1571
1138,2776
1139,1140
1139,1141
1139,1142
1139,1143
1139,1144
1139,1145
1139,1146
1140,1571
1140,1572
1140,1560
1140,1566
1140,1584
1141,1181
1141,1561
1141,1563
1141,1143
1141,1575
1141,1592
1141,1590
1141,1146
1142,1564
1142,1143
1142,1599
1143,1600
1143,1571
1143,1572
1143,3408
1143,1594
1143,1568
1143,1435
1143,1430
1143,1580
1143,1438
1143,1441
1143,1563
1143,1180
1143,1584
1145,3243
1146,1574
1146,1580
1146,1561
1147,1148
1147,1149
1147,1150
1148,1149
1148,1150
1149,2339
1149,1180
1149,1150
1149,3541
1149,1516
1150,2339
1150,1767
1150,1180
1150,3541
1150,1516
1152,1153
1153,1581
1153,1618
1153,1619
1153,1604
1153,1385
1153,2699
1153,1605
1153,1712
1153,2700
1155,1156
1155,1157
1156,3612
1156,3522
1156,3521
1157,2173
1157,3702
1157,2911
1158,1159
1158,1160
1158,1161
1158,1162
1158,1163
1158,1164
1158,1165
1158,1166
1158,1167
1158,1168
1158,1169
1158,1170
1158,1171
1158,1172
1159,1160
1159,1161
1159,1691
1159,1715
1160,1161
1160,1164
1160,1165
1160,2274
1160,2474
1160,1169
1160,1172
1162,1163
1162,1643
1162,1644
1162,1645
1162,1646
1162,1166
1162,1647
1162,1648
1163,1643
1163,1166
1163,1647
1163,3142
1164,1165
1164,3350
1165,3350
1166,1647
1168,3516
1168,3521
1170,3612
1174,1175
1174,1176
1174,1177
1178,1179
1179,2128
1179,2129
1179,2130
1179,2131
1179,2132
1179,2133
1179,2112
1179,2134
1180,1181
1181,1237
1182,3423
1182,3424
1182,1183
1182,2964
1182,3425
1182,3426
1182,2966
1184,1185
1186,1187
1186,1188
1187,1189
1187,1190
1187,1191
1188,1524
1188,2313
1190,1950
1190,3030
1190,1416
1190,2861
1191,1543
1191,1416
1192,1193
1194,1196
1194,1197
1194,1198
1195,2755
1195,1692
1195,1691
1195,2757
1195,1693
1195,1942
1195,1945
1195,2788
1195,2758
1195,3163
1195,2471
1195,3024
1195,2498
1196,1559
1196,1197
1196,1587
1196,1585
1196,1588
1198,1648
1198,2324
1199,1200
1199,1201
1202,1203
1204,1205
1204,1206
1204,1207
1204,1208
1204,1209
1204,1210
1207,1837
1207,1208
1207,3090
1208,1209
1208,1818
1208,3096
1209,1696
1209,2717
1209,2598
1209,1818
1209,1914
1214,1215
1214,1216
1215,1221
1217,1218
1218,1219
1219,1220
1221,1222
1221,1223
1221,1224
1221,1225
1222,1223
1222,2479
1222,2480
1222,2481
1223,1224
1223,2480
1224,3326
1224,3233
1224,3235
1224,1225
1225,3326
1226,1227
1226,1228
1226,1229
1226,1230
1227,1231
1227,1232
1227,1230
1228,2999
1229,3752
1231,2632
1231,2631
1231,1232
1231,2633
1233,1234
1233,1235
1233,1236
1234,2666
1234,3665
1235,1236
1241,1242
1242,2763
1242,2764
1242,1717
1242,2765
1247,3467
1249,1250
1249,1251
1249,1252
1249,1253
1250,1254
1250,1255
1250,1256
1250,1257
1250,1258
1250,1259
1250,1260
1250,1261
1250,1262
1251,1460
1251,2979
1251,1252
1252,1255
1253,2110
1253,2709
1254,1259
1254,1263
1255,1264
1255,1259
1255,1265
1256,2109
1257,2430
1257,1385
1257,2131
1257,2431
1257,2693
1257,1262
1258,3306
1259,1581
1259,1260
1260,2109
1260,1621
1262,2884
1262,2430
1262,2428
1262,2432
1262,2670
1266,1267
1266,1268
1267,2141
1269,1276
1269,1270
1269,1271
1269,1272
1269,1277
1269,1278
1269,1279
1269,1280
1269,1281
1269,1282
1269,1283
1269,1273
1269,1274
1269,1284
1269,1275
1270,1271
1270,1272
1270,1276
1270,1277
1270,1278
1270,1279
1270,1280
1270,1281
1270,1282
1270,1273
1270,1274
1270,1275
1271,1285
1271,1276
1271,1277
1271,1278
1271,1279
1271,1286
1271,1280
1271,1272
1271,1273
1271,1274
1271,1275
1271,1287
1272,1276
1272,1288
1272,1278
1272,1289
1272,1273
1272,1274
1272,1275
1273,1278
1273,1280
1273,1274
1273,1275
1274,1276
1274,1278
1274,1330
1274,1280
1275,3714
1275,3715
1275,3576
1276,1290
1276,1277
1276,1278
1276,1279
1276,1280
1276,1281
1277,1279
1277,1293
1278,1279
1278,1280
1278,1281
1279,1285
1279,1292
1279,1294
1279,1286
1280,1281
1280,1282
1280,1304
1281,1322
1283,2694
1283,1385
1284,2637
1284,2008
1284,2262
1284,2102
1284,2103
1284,2073
1284,2011
1284,2039
1284,1991
1284,2075
1284,1873
1285,1291
1286,1297
1286,1298
1286,1299
1286,1300
1286,1301
1286,1302
1286,1303
1287,1298
1287,2058
1287,3153
1287,1846
1287,2591
1287,1862
1287,2353
1287,1289
1287,1441
1287,3233
1288,1316
1288,1317
1288,1318
1288,1319
1288,1320
1288,1321
1288,1322
1288,1323
1288,1324
1289,1325
1289,1326
1289,1327
1289,1328
1289,1329
1289,1330
1290,1331
1291,2781
1292,1295
1292,1332
1292,1333
1292,1334
1292,1335
1292,1336
1292,1337
1292,1338
1292,1339
1292,1340
1292,1341
1292,1342
1292,1343
1292,1344
1293,3375
1293,3374
1294,1298
1294,1345
1294,1336
1294,1346
1294,1299
1294,1347
1294,1300
1294,1301
1294,1348
1294,1349
1294,1350
1294,1351
1294,1352
1294,1353
1295,1332
1295,1354
1295,1337
1295,1339
1295,1355
1295,1343
1295,1356
1295,1350
1296,1357
1297,1358
1297,1298
1297,1300
1297,1301
1297,1345
1297,1359
1298,1357
1298,1360
1298,1301
1298,1361
1298,1362
1298,1359
1298,1363
1299,1362
1299,1359
1299,1303
1299,1363
1300,1325
1300,1345
1300,1327
1300,1303
1300,1363
1300,1364
1301,1360
1301,1365
1301,1366
1301,1362
1301,1363
1302,2779
1302,2278
1302,1303
1302,2279
1304,1425
1305,1659
1305,1660
1305,1312
1306,1307
1306,2513
1307,2514
1307,2515
1307,2516
1308,2377
1308,2517
1308,2513
1309,2782
1309,2783
1309,2781
1309,1315
1310,1642
1311,1875
1314,2377
1314,2380
1314,2368
1315,1625
1315,2373
1315,1626
1315,1627
1315,1629
1315,1630
1315,2368
1315,3438
1315,1633
1315,2381
1316,1327
1316,1370
1316,1318
1316,1371
1316,1372
1316,1322
1316,1373
1317,1318
1318,1370
1318,1319
1318,2441
1318,1373
1319,1320
1319,1322
1320,2935
1320,2441
1320,1321
1320,1322
1321,3626
1322,1372
1323,2146
1323,1425
1323,1430
1323,1448
1325,1327
1325,1374
1325,1375
1325,1376
1326,1379
1326,1380
1326,1381
1326,1382
1326,1383
1327,1384
1327,1330
1327,1370
1327,1385
1327,1386
1327,1369
1328,1329
1328,1330
1328,1370
1328,1379
1328,1387
1329,1388
1329,1389
1329,1330
1329,1370
1329,1387
1330,1371
1330,1389
1330,1379
1330,1370
1330,1390
1330,1391
1330,1392
1331,2312
1332,1333
1332,1334
1332,1335
1332,1338
1332,1339
1332,1340
1332,1341
1332,1343
1332,1344
1333,1334
1335,2656
1336,1346
1336,1347
1336,1349
1336,1359
1336,1343
1336,1356
1336,2565
1336,1350
1336,3389
1337,3412
1337,2169
1337,1361
1337,1343
1338,1618
1338,1755
1338,1838
1338,1474
1338,1840
1338,1341
1338,2856
1338,1339
1338,2656
1338,1355
1338,1698
1338,1354
1338,1708
1338,1915
1338,1340
1339,1341
1339,1340
1339,1344
1340,1341
1340,1344
1341,2548
1341,2547
1341,1344
1342,3326
1343,2985
1343,3412
1343,1356
1343,1352
1346,1347
1346,1349
1346,1350
1347,1349
1347,1350
1347,1527
1349,3412
1349,1359
1349,1356
1349,2565
1349,1350
1350,1356
1350,1668
1350,2312
1350,1352
1351,2985
1352,3412
1352,1356
1352,1668
1356,3412
1356,1370
1357,1359
1358,2540
1358,2566
1359,2279
1360,1853
1360,3083
1361,3413
1361,2752
1361,2705
1361,1635
1361,1869
1361,3256
1363,2079
1364,1951
1365,2550
1365,2551
1365,2539
1365,2540
1365,2541
1365,2552
1365,1366
1365,2086
1365,2553
1366,2542
1366,2544
1368,2985
1368,2556
1369,2377
1369,1620
1369,3459
1369,3636
1369,1370
1370,2146
1370,1379
1370,2074
1371,1379
1371,2311
1373,3657
1373,2420
1374,3570
1374,2237
1374,3569
1375,1464
1377,1428
1377,1425
1377,1430
1377,3454
1377,1451
1378,3693
1379,1389
1379,1390
1380,1679
1383,3609
1383,1833
1383,1829
1383,1899
1383,1834
1384,1753
1385,2677
1385,2678
1385,2679
1385,2680
1385,1699
1385,2397
1385,2681
1385,2682
1385,1923
1385,1709
1385,2683
1385,2684
1385,2685
1385,1466
1385,1913
1385,1942
1385,1945
1386,2800
1387,3587
1388,2442
1389,1392
1390,2339
1390,1533
1390,3656
1390,2940
1390,1532
1390,2941
1390,3338
1390,1531
1392,2022
1393,1394
1394,1483
1394,1478
1395,1396
1395,1397
1396,2121
1397,3675
1397,3676
1398,1399
1398,1400
1399,1941
1399,2398
1399,2712
1399,2724
1400,3164
1400,3166
1401,1402
1401,1403
1402,1448
1403,1448
1404,1405
1404,1406
1404,1407
1405,1411
1405,1811
1407,1665
1407,1411
1408,1409
1408,1410
1409,2491
1409,1425
1409,1430
1409,2559
1409,1462
1410,2491
1410,2319
1410,1461
1412,1413
1413,1414
1414,2850
1417,1418
1419,3621
1421,1422
1423,1424
1423,1425
1423,1426
1424,1427
1425,1428
1425,1429
1425,1430
1425,1431
1425,1432
1425,1433
1425,1434
1425,1435
1425,1436
1425,1437
1425,1438
1425,1439
1425,1440
1425,1441
1425,1442
1425,1443
1425,1444
1425,1445
1425,1446
1425,1447
1425,1448
1425,1449
1425,1450
1425,1451
1425,1452
1425,1453
1425,1454
1425,1455
1425,1456
1425,1457
1426,1741
1426,3744
1427,1429
1427,3735
1428,1430
1428,1432
1428,1436
1428,1458
1428,1451
1428,1459
1429,1460
1429,1435
1429,1436
1429,1437
1429,1444
1429,1446
1429,1451
1430,1431
1430,1461
1430,1433
1430,1462
1430,1436
1430,1438
1430,1442
1430,1447
1430,1449
1430,1451
1430,1463
1430,1464
1430,1452
1430,1455
1430,1456
1430,1457
1432,1951
1432,2647
1432,1457
1433,1951
1433,1952
1433,1461
1433,2872
1433,1462
1433,1439
1433,1443
1434,1933
1435,3074
1435,3073
1436,1853
1436,1458
1436,3057
1436,1437
1436,3031
1436,1438
1436,1862
1438,3157
1439,2657
1439,1835
1439,1856
1439,1836
1439,1951
1439,1898
1439,1900
1441,1446
1442,3157
1443,1553
1443,1810
1443,1973
1444,1453
1445,3604
1445,1449
1447,1838
1447,3679
1448,2146
1449,3604
1449,3603
1449,1450
1449,1453
1449,1454
1450,3604
1450,3603
1450,3373
1452,1951
1452,1952
1453,1454
1453,1455
1455,3433
1458,1755
1459,2235
1460,1465
1460,1466
1460,1467
1460,1468
1461,1485
1461,1951
1461,1908
1462,2492
1462,2249
1463,1897
1463,2107
1464,2466
1464,3569
1464,1695
1465,2166
1469,1470
1469,1471
1469,1472
1470,1548
1471,3383
1473,1474
1474,1687
1474,1912
1474,1688
1474,1831
1474,1842
1474,1846
1474,1913
1474,1698
1474,1689
1474,1914
1474,1706
1474,1915
1474,1916
1474,1917
1474,1705
1475,1476
1476,1738
1479,1480
1485,1486
1485,1487
1486,1488
1486,1489
1486,1490
1486,1491
1486,1492
1486,1493
1486,1494
1486,1495
1486,1496
1486,1497
1486,1498
1486,1499
1486,1500
1486,1501
1486,1502
1486,1503
1486,1504
1486,1505
1486,1506
1486,1507
1486,1508
1486,1509
1486,1510
1486,1511
1486,1512
1486,1513
1486,1514
1486,1515
1486,1516
1486,1517
1486,1518
1486,1519
1486,1520
1486,1521
1486,1522
1486,1523
1487,1488
1487,1490
1487,1492
1487,1498
1487,1499
1487,1502
1487,1504
1487,1516
1487,1518
1488,1489
1489,1490
1489,1491
1489,1492
1490,1491
1490,1492
1490,2499
1490,1493
1490,2500
1490,1495
1490,2501
1490,1497
1490,1498
1490,1768
1490,1499
1490,1500
1490,1501
1490,1502
1490,1503
1490,2502
1490,1505
1490,1506
1490,1507
1490,2503
1490,1508
1490,2504
1490,1509
1490,1512
1490,2505
1490,2506
1490,1515
1490,1517
1490,2507
1490,2508
1490,2509
1490,2510
1490,1521
1490,2511
1491,2499
1491,1493
1491,2500
1491,1497
1491,1768
1491,1502
1491,2502
1491,1505
1491,1506
1491,1507
1491,1509
1491,2506
1491,1515
1491,2507
1491,2508
1491,2509
1491,2510
1491,2511
1491,1522
1492,2499
1492,1494
1492,1819
1493,2512
1493,2499
1493,2500
1493,1503
1493,2179
1493,1509
1493,2508
1494,1520
1495,3077
1496,2501
1496,3085
1496,2855
1496,3180
1496,3185
1496,3177
1496,3187
1496,1502
1496,3178
1496,3189
1496,3193
1496,3203
1496,2511
1497,2499
1497,1498
1497,2500
1497,1768
1497,1505
1497,1522
1498,1499
1498,1517
1498,1522
1499,1767
1499,3310
1499,1516
1499,1517
1500,3379
1500,1505
1500,1507
1500,2503
1500,1508
1500,2504
1500,2505
1500,3380
1500,2509
1500,2510
1501,2339
1501,3385
1501,2499
1501,3386
1501,2500
1502,2501
1502,3085
1502,2855
1502,1767
1502,3192
1502,2511
1503,2858
1503,2499
1503,2500
1505,2499
1505,1768
1506,2499
1506,3077
1507,2499
1507,1768
1507,3077
1507,1522
1508,3077
1509,2499
1509,2500
1509,2506
1510,3622
1510,1519
1512,2875
1515,3622
1515,2499
1515,2500
1515,1522
1517,2499
1517,2500
1518,3664
1518,3052
1519,1520
1520,3622
1522,2499
1522,2500
1522,2248
1526,1883
1526,2011
1526,2012
1526,1861
1526,1881
1527,2260
1527,1850
1527,1851
1527,1853
1527,1854
1527,1884
1527,1857
1527,3153
1527,2257
1527,1861
1527,1667
1527,1984
1527,1985
1527,1986
1527,2022
1530,1531
1530,1532
1530,1533
1530,1534
1531,2940
1531,2941
1532,1533
1532,3381
1532,3382
1533,2735
1533,3381
1533,2760
1533,3383
1533,1549
1535,1536
1535,1537
1536,2616
1536,3246
1536,1537
1536,3248
1536,3200
1536,2573
1537,3246
1537,3248
1537,3200
1538,1539
1538,1540
1538,1541
1540,2203
1540,2204
1540,2608
1540,1986
1542,1543
1544,1545
1545,1615
1545,2318
1545,2317
1546,1547
1548,1549
1549,2760
1549,1736
1549,1737
1552,1553
1552,1554
1552,1555
1553,1835
1553,1973
1554,2716
1554,2690
1554,2739
1555,3599
1556,1557
1559,1567
1559,1568
1559,1560
1559,1566
1559,1569
1559,1570
1560,1571
1560,1568
1560,1561
1560,1565
1560,1570
1561,1571
1561,1572
1561,1568
1561,1573
1561,1574
1561,1575
1562,1576
1562,1577
1563,1578
1564,1573
1565,1571
1565,1579
1565,1580
1566,1568
1566,1583
1567,1568
1568,1583
1568,1569
1568,1585
1568,1570
1568,1586
1570,3741
1571,1572
1571,1573
1571,1574
1571,1579
1571,1580
1571,1589
1571,1575
1571,1590
1571,1586
1571,1591
1572,1573
1573,1595
1573,1574
1573,1590
1574,1595
1574,1575
1575,1580
1575,1589
1576,2866
1576,3404
1576,2774
1577,3161
1577,3162
1578,1592
1579,1580
1581,1601
1581,1602
1581,1603
1581,1604
1581,1605
1581,1606
1581,1607
1581,1608
1581,1609
1581,1610
1581,1611
1581,1612
1581,1613
1581,1614
1582,1615
1582,1616
1584,1589
1585,1587
1585,3598
1585,2674
1585,2940
1585,3265
1587,2674
1587,1591
1588,1612
1590,2421
1591,2519
1597,1617
1597,1618
1597,1619
1597,1620
1597,1605
1597,1604
1597,1621
1597,1609
1597,1622
1598,2340
1598,2341
1599,2964
1599,2968
1599,2966
1601,1603
1602,2527
1602,1784
1602,2528
1602,1786
1604,1617
1604,1618
1604,1605
1604,1712
1605,1617
1605,1618
1605,1619
1605,1712
1605,1622
1605,1614
1606,3515
1606,1607
1606,2921
1607,3517
1607,3518
1607,3519
1607,3366
1609,1617
1609,1618
1609,1621
1609,2291
1610,3108
1610,2391
1610,3119
1610,3118
1611,3515
1611,3471
1611,3632
1613,2173
1613,3758
1613,3209
1614,1617
1614,1618
1615,2688
1617,1618
1617,1619
1618,1619
1618,1712
1618,1622
1619,1699
1619,1622
1619,1911
1619,2713
1623,1741
1624,1625
1624,1626
1624,1627
1624,1628
1624,1629
1624,1630
1624,1631
1624,1632
1624,1633
1624,1634
1625,1626
1625,1635
1625,1627
1625,1636
1625,1630
1625,1633
1625,1637
1625,1638
1625,1639
1626,1636
1626,1630
1626,1631
1626,1640
1626,1641
1626,1642
1626,1637
1626,1638
1626,1639
1627,2367
1627,2373
1627,2374
1627,1636
1627,1635
1627,1628
1627,2369
1627,1629
1627,1630
1627,1632
1627,2375
1627,1640
1627,2370
1627,1642
1627,2371
1627,2372
1628,1636
1628,1629
1628,2376
1628,1630
1628,1635
1628,2369
1628,1632
1628,2375
1628,2371
1628,2372
1629,2367
1629,2377
1629,1631
1629,1630
1630,2367
1630,2377
1630,2374
1630,2380
1630,1636
1630,1631
1630,2376
1630,1632
1630,1633
1630,2370
1631,2367
1631,2377
1631,1636
1631,1632
1631,2370
1631,2290
1632,2377
1632,2376
1632,1635
1632,2605
1632,1633
1632,2371
1632,2381
1633,2367
1633,2369
1633,1635
1633,2371
1633,1637
1633,2372
1633,2880
1634,2643
1635,2367
1635,2368
1635,2369
1635,2370
1635,2371
1635,1637
1635,2372
1636,2367
1636,2373
1636,2380
1636,1640
1636,2381
1636,1638
1637,2367
1637,2373
1637,2369
1637,3507
1637,3509
1637,1783
1637,1784
1637,2370
1637,2372
1638,2367
1638,2373
1638,2285
1638,1644
1638,2370
1638,2381
1639,2880
1641,2384
1641,3266
1642,3081
1642,2601
1642,3101
1643,1644
1643,1645
1643,1646
1643,1647
1643,1648
1644,1645
1644,1646
1644,1649
1644,1647
1645,3138
1646,3139
1646,1732
1646,1647
1646,3140
1647,1649
1648,2324
1650,1651
1650,1652
1650,1653
1650,1654
1651,1654
1652,2902
1652,2814
1653,1654
1654,3615
1654,3717
1654,2122
1655,1656
1655,1657
1656,1850
1656,1851
1656,2207
1656,1853
1656,1854
1656,1884
1656,1981
1656,1901
1656,2055
1656,1982
1656,2003
1656,1999
1656,1658
1656,2022
1656,2050
1656,2208
1657,2207
1657,2009
1657,2208
1661,1662
1661,1663
1661,1664
1662,2591
1662,1664
1662,2994
1663,2786
1664,1685
1665,1668
1665,1669
1666,1800
1666,3152
1666,3148
1666,3153
1666,1799
1667,2260
1667,1847
1667,1987
1667,2014
1667,2058
1667,2073
1667,2257
1667,2016
1667,1861
1667,1862
1668,3213
1669,2970
1671,1672
1671,1673
1672,3161
1672,3267
1672,2709
1673,3161
1673,3267
1674,1675
1675,2343
1676,1677
1677,2285
1677,2027
1677,2287
1677,2291
1678,1679
1679,2687
1679,2658
1679,2766
1681,1682
1682,1683
1682,1684
1683,2207
1683,2022
1683,2250
1683,2346
1683,2954
1683,2955
1683,2045
1683,2284
1686,1687
1686,1688
1686,1689
1686,1690
1686,1691
1686,1692
1686,1693
1686,1694
1686,1695
1687,1696
1687,1697
1687,1698
1687,1699
1687,1689
1687,1690
1687,1691
1687,1692
1687,1693
1687,1694
1687,1700
1687,1701
1687,1702
1687,1703
1687,1704
1687,1705
1688,1926
1688,1927
1688,1928
1689,1696
1689,1697
1689,1698
1690,1697
1690,1699
1690,2712
1690,1698
1690,1704
1691,2755
1691,2695
1691,1709
1691,1942
1691,1692
1691,1693
1691,1710
1691,1972
1691,2686
1691,2756
1691,2757
1691,1945
1691,2758
1691,2759
1691,1704
1692,2755
1692,1693
1692,1942
1692,2695
1692,1710
1692,2756
1692,2757
1692,1945
1692,2758
1692,2759
1692,1704
1693,2755
1693,1942
1693,2695
1693,1710
1693,1694
1693,2697
1693,2756
1693,1945
1693,1702
1693,2789
1693,1703
1693,1704
1693,1705
1694,1697
1694,1929
1694,1941
1694,2708
1694,1846
1694,1920
1694,1921
1694,2978
1694,1943
1694,1944
1694,2973
1694,1700
1694,1701
1694,1702
1694,1703
1694,1705
1695,1948
1695,2466
1695,1911
1696,1706
1697,1698
1697,1706
1697,1702
1697,1703
1697,1704
1698,1837
1698,1755
1698,1912
1698,2582
1698,1838
1698,2679
1698,1831
1698,1839
1698,1699
1698,1929
1698,1941
1698,1971
1698,1920
1698,1840
1698,1841
1698,1842
1698,1903
1698,1913
1698,1928
1698,2686
1698,1700
1698,1916
1698,1701
1699,2582
1699,1700
1699,1706
1699,1701
1699,2698
1699,1702
1699,1703
1699,1705
1700,1912
1700,1797
1700,1846
1700,3232
1700,2723
1700,1914
1700,1705
1701,1912
1701,1846
1701,3232
1701,2723
1701,1914
1701,3544
1701,1705
1702,1710
1702,2697
1702,2789
1703,1929
1703,1941
1703,2708
1703,1846
1703,1920
1703,1921
1703,2978
1703,1943
1703,1944
1704,2232
1704,1705
1705,1838
1705,1797
1705,1846
1705,2723
1705,1914
1705,1930
1705,1913
1706,2679
1706,1710
1706,3034
1706,3447
1708,1919
1708,2467
1708,1913
1708,1711
1708,1915
1708,1906
1709,1945
1710,2679
1710,2695
1710,2790
1710,1945
1711,1929
1711,1941
1711,1846
1711,1920
1711,1921
1711,1972
1712,2971
1714,1715
1714,1716
1714,1717
1714,1718
1715,3086
1715,1722
1715,3087
1716,3546
1717,2764
1717,2143
1717,2765
1719,1720
1719,1721
1719,1722
1719,1723
1720,1725
1721,3179
1721,3169
1721,2501
1721,3180
1721,3171
1721,3173
1721,3177
1721,1806
1721,3181
1721,3182
1722,2501
1722,3085
1722,3086
1722,3136
1722,2664
1722,3084
1722,3087
1722,2502
1722,3192
1723,3170
1723,3658
1723,2502
1723,3087
1724,1725
1725,3661
1726,1727
1726,1728
1726,1729
1727,2425
1728,2425
1729,2425
1732,1733
1732,1734
1732,1735
1733,2665
1735,3456
1740,1741
1741,1750
1742,1956
1742,2807
1742,1744
1742,2808
1742,1936
1742,2809
1742,1745
1742,2803
1742,1749
1743,1931
1743,2802
1743,1744
1743,2803
1744,1931
1744,2802
1744,2807
1744,1956
1744,2803
1744,1749
1745,2807
1745,2809
1745,1749
1747,1931
1749,1956
1749,2807
1749,2803
1751,1752
1754,1755
1755,1969
1755,2711
1756,1757
1756,1758
1756,1759
1757,1758
1757,1760
1757,1761
1758,1761
1761,3755
1762,1763
1762,1764
1763,1764
1763,3296
1763,2918
1763,1783
1764,3563
1767,1768
1768,2499
1769,1770
1770,2388
1770,3727
1770,3729
1771,1772
1771,1773
1771,1774
1772,2875
1772,1773
1772,2876
1774,3726
1776,1777
1776,1778
1777,3659
1778,3041
1779,1780
1779,1781
1779,1782
1779,1783
1779,1784
1779,1785
1779,1786
1779,1787
1779,1788
1780,1781
1780,1785
1780,1786
1780,3537
1781,1786
1781,3537
1783,2527
1783,1784
1783,3508
1783,1786
1784,3293
1784,2528
1784,3337
1784,2527
1785,1786
1786,2916
1786,2161
1786,3508
1787,3694
1790,2153
1790,2585
1790,1824
1790,2218
1790,2154
1790,2158
1790,2584
1790,2220
1791,3253
1791,3255
1791,1792
1792,2587
1794,1795
1796,2223
1798,1799
1798,1800
1798,1801
1798,1802
1798,1803
1798,1804
1799,1800
1799,3148
1799,2278
1799,3149
1800,3148
1800,3150
1800,1801
1800,1802
1800,1803
1800,2032
1800,3151
1801,1802
1801,1803
1802,3148
1802,1803
1802,3390
1802,3391
1805,1806
1805,1807
1805,1808
1805,1809
1806,1807
1807,3169
1807,3197
1807,1808
1807,3466
1807,3198
1807,1809
1808,3466
1808,3198
1808,1809
1809,3625
1810,1812
1811,2488
1812,1813
1812,1814
1813,1816
1815,3626
1816,2969
1816,2313
1816,2350
1817,1818
1820,1821
1823,1824
1824,1825
1826,1827
1829,1835
1829,1833
1829,1836
1829,1834
1831,1837
1831,1838
1831,1839
1831,1840
1831,1841
1831,1842
1831,1843
1832,1882
1832,1850
1832,1851
1832,1853
1832,1883
1832,1884
1832,1885
1832,1886
1832,1887
1832,1888
1832,1856
1832,1857
1832,1889
1832,1890
1832,1891
1832,1867
1832,1892
1832,1893
1832,1894
1832,1895
1832,1896
1833,1837
1833,1887
1833,1897
1833,1898
1833,1899
1833,1834
1834,3750
1834,3751
1834,2257
1834,1836
1834,2658
1835,1887
1835,1836
1835,1898
1835,1900
1836,1902
1837,1838
1837,1839
1837,1840
1837,1903
1837,1904
1837,1905
1837,1906
1837,1907
1838,1840
1838,1841
1838,1842
1838,1846
1838,1908
1838,1909
1838,1910
1838,1906
1838,1911
1839,1840
1839,1903
1840,1918
1840,1842
1840,1907
1841,1918
1841,1846
1841,1843
1842,1919
1842,1920
1842,1921
1843,1953
1843,1918
1843,1904
1845,2399
1846,1920
1846,1921
1846,1941
1846,1942
1846,1943
1846,1944
1846,1945
1846,1946
1846,1906
1846,1947
1847,1993
1847,2001
1847,2014
1847,2072
1847,2073
1847,2016
1847,2074
1847,2075
1847,2053
1848,2064
1848,1878
1849,1878
1850,1980
1850,1887
1850,1853
1850,1884
1850,1901
1850,1851
1850,1855
1850,1883
1850,1885
1850,1888
1850,1856
1850,1857
1850,1981
1850,1982
1850,1983
1850,1859
1850,1860
1850,1984
1850,1985
1850,1986
1850,1987
1850,1988
1850,1989
1850,1990
1850,1991
1850,1862
1850,1863
1850,1992
1850,1993
1850,1994
1850,1995
1850,1996
1850,1997
1850,1998
1850,1999
1850,2000
1850,2001
1850,2002
1850,1864
1850,2003
1850,2004
1850,2005
1850,2006
1850,2007
1850,2008
1850,2009
1850,2010
1850,2011
1850,2012
1850,1975
1850,2013
1850,1865
1850,2014
1850,2015
1850,1965
1850,2016
1850,2017
1850,2018
1850,2019
1850,2020
1850,2021
1850,2022
1850,2023
1850,2024
1850,1866
1850,2025
1850,2026
1850,2027
1850,1892
1850,2028
1850,2029
1850,2030
1850,2031
1850,2032
1850,1869
1850,2033
1850,2034
1850,2035
1850,2036
1850,2037
1850,2038
1850,2039
1850,2040
1850,2041
1850,2042
1850,2043
1850,2044
1850,2045
1850,2046
1850,2047
1850,2048
1850,2049
1850,2050
1850,2051
1850,1878
1850,2052
1850,2053
1850,2054
1851,2076
1851,1887
1851,1853
1851,1884
1851,1901
1851,1883
1851,1888
1851,1856
1851,1981
1851,1982
1851,1860
1851,1985
1851,1986
1851,1989
1851,1990
1851,1991
1851,1862
1851,1863
1851,1993
1851,1994
1851,1995
1851,1996
1851,1998
1851,1999
1851,2001
1851,1864
1851,2003
1851,2004
1851,2005
1851,2006
1851,2008
1851,2056
1851,2011
1851,2012
1851,1975
1851,2013
1851,1865
1851,2015
1851,1965
1851,2016
1851,2017
1851,2018
1851,2019
1851,2021
1851,2022
1851,2023
1851,2024
1851,1866
1851,2025
1851,2026
1851,2027
1851,1892
1851,2059
1851,2031
1851,1869
1851,2033
1851,2034
1851,2036
1851,2038
1851,2039
1851,2043
1851,2077
1851,2045
1851,2048
1851,2049
1851,2050
1851,2051
1851,2053
1851,2054
1852,1857
1852,1983
1852,1988
1852,2078
1852,2037
1852,2079
1852,1871
1852,2080
1852,2081
1852,2082
1852,1878
1853,1980
1853,1887
1853,1897
1853,1884
1853,1901
1853,1855
1853,1883
1853,1888
1853,1856
1853,1857
1853,1981
1853,1982
1853,1983
1853,1859
1853,1860
1853,1985
1853,1986
1853,1988
1853,1989
1853,1990
1853,1991
1853,1862
1853,1993
1853,1994
1853,1995
1853,1996
1853,1997
1853,1998
1853,2055
1853,1999
1853,2001
1853,2002
1853,1864
1853,2003
1853,2004
1853,2005
1853,2006
1853,2007
1853,2008
1853,2056
1853,2010
1853,2011
1853,2012
1853,1975
1853,1889
1853,2013
1853,1865
1853,2014
1853,1965
1853,2016
1853,2057
1853,2017
1853,2018
1853,2019
1853,2020
1853,2021
1853,2022
1853,2023
1853,2024
1853,1866
1853,2025
1853,2026
1853,2027
1853,1892
1853,2028
1853,2058
1853,2030
1853,2059
1853,2031
1853,1869
1853,2033
1853,2034
1853,2035
1853,2036
1853,2038
1853,2039
1853,2060
1853,2043
1853,2061
1853,2044
1853,2045
1853,1872
1853,2046
1853,1874
1853,1875
1853,2062
1853,2063
1853,2047
1853,2048
1853,2049
1853,2050
1853,2051
1853,2052
1853,2053
1853,2054
1854,2002
1854,1864
1854,1995
1854,2003
1854,1884
1854,1989
1854,1990
1854,1991
1854,1862
1854,1996
1854,2001
1854,2006
1854,2010
1854,2011
1854,2012
1854,1865
1854,2018
1854,2021
1854,1866
1854,2025
1854,2026
1854,2083
1854,1892
1854,2033
1854,2034
1854,2035
1854,2038
1854,2045
1854,2050
1854,2054
1854,2084
1855,1988
1855,2037
1856,1883
1856,1884
1856,1885
1856,1886
1856,1887
1856,1897
1856,1888
1856,1857
1856,1974
1856,1975
1856,1889
1856,2104
1856,1890
1856,1867
1856,2105
1856,1892
1856,1893
1856,2106
1856,1894
1856,1895
1856,1896
1856,2107
1857,2108
1857,1983
1857,1884
1857,1886
1857,1974
1857,1890
1857,2105
1857,1895
1857,1896
1858,2108
1858,1983
1858,1859
1858,1860
1858,1984
1858,1985
1858,1986
1858,2230
1858,2025
1858,2050
1859,1987
1859,2238
1859,1983
1859,2239
1859,1884
1859,1988
1859,1989
1859,1861
1859,2194
1859,1990
1859,1991
1859,2240
1859,2140
1859,1974
1859,1862
1860,2241
1860,1883
1860,2242
1860,2243
1860,2244
1860,1884
1860,1981
1860,1885
1860,2245
1860,1901
1860,2246
1860,2247
1860,2089
1860,1863
1860,1861
1860,1992
1860,1993
1860,2097
1860,1994
1860,2248
1860,1984
1860,2197
1860,2075
1860,1979
1861,1883
1861,2102
1861,2056
1861,2010
1861,1879
1861,2252
1862,2064
1862,1980
1862,2068
1862,1883
1862,1884
1862,2282
1862,1901
1862,2055
1862,2007
1862,1982
1862,2283
1862,2284
1863,1884
1863,1981
1863,2303
1863,1901
1863,1995
1863,1985
1863,1991
1863,1992
1863,1996
1863,1997
1863,1999
1863,2013
1863,1965
1863,2021
1863,2031
1863,2035
1863,2255
1863,2060
1863,1895
1863,2281
1863,2205
1863,2047
1863,2304
1863,2052
1863,2054
1864,2268
1864,1883
1864,2015
1864,2002
1864,1884
1864,1981
1864,1995
1864,2003
1864,1865
1864,1866
1864,2025
1864,2083
1864,2050
1864,2084
1865,2268
1865,1883
1865,2015
1865,1884
1865,2261
1865,2257
1865,2281
1866,2268
1866,1883
1866,2002
1866,1884
1866,1981
1866,2956
1866,1995
1866,2003
1866,1992
1866,2083
1866,2065
1866,2023
1866,2025
1866,2050
1867,1886
1867,2097
1868,2446
1868,3066
1868,2836
1868,2203
1868,1968
1869,2779
1869,1884
1869,1981
1869,1901
1869,2753
1869,2780
1870,1884
1870,2058
1871,3648
1871,2257
1871,2071
1871,2038
1872,2259
1872,2102
1872,2071
1873,2637
1873,2008
1873,2262
1873,2102
1873,2103
1873,1984
1873,1985
1873,2021
1873,2022
1873,2075
1873,2026
1873,1874
1873,2960
1873,2197
1873,2205
1874,1901
1874,2073
1874,2257
1874,1986
1874,2021
1874,2022
1874,2075
1875,2526
1875,1883
1875,1884
1875,2028
1875,1888
1875,3672
1875,2036
1875,1892
1875,2065
1875,2263
1876,1887
1876,1897
1876,3705
1876,2206
1877,2906
1877,2173
1877,2917
1877,3733
1877,3520
1877,2905
1877,2168
1877,3722
1878,2264
1878,1884
1878,2257
1879,2039
1879,2010
1881,2108
1881,1965
1881,1991
1881,1984
1882,1987
1882,1889
1882,2085
1882,2086
1883,2000
1883,2087
1883,2088
1883,1885
1883,1888
1883,1983
1883,1989
1883,2089
1883,1992
1883,1995
1883,2003
1883,2008
1883,2012
1883,1965
1883,2022
1883,2025
1883,2090
1883,2031
1883,2034
1883,2035
1883,2091
1883,1894
1883,2062
1883,2050
1883,2092
1883,2093
1884,2064
1884,1980
1884,1981
1884,1901
1884,1888
1884,1982
1884,1985
1884,1986
1884,1989
1884,1990
1884,1991
1884,1993
1884,1995
1884,2065
1884,1996
1884,1998
1884,1999
1884,2003
1884,2004
1884,2005
1884,2006
1884,2010
1884,2011
1884,2012
1884,1975
1884,2013
1884,2014
1884,1965
1884,2016
1884,2017
1884,2018
1884,2019
1884,2021
1884,2022
1884,2023
1884,2024
1884,2025
1884,2026
1884,1892
1884,2031
1884,2033
1884,2034
1884,2035
1884,2036
1884,2038
1884,2039
1884,2043
1884,2066
1884,2048
1884,2049
1884,2050
1884,2067
1884,2051
1884,2053
1884,2054
1885,2000
1885,1888
1885,2089
1885,1992
1885,1975
1885,2090
1885,2031
1885,2091
1885,2094
1885,2095
1885,2096
1886,2001
1886,2097
1886,1891
1886,1892
1886,2098
1886,2099
1886,2100
1887,1897
1887,1974
1887,1975
1887,1898
1887,1899
1887,1892
1887,1893
1887,1894
1887,1895
1888,2000
1888,1987
1888,2101
1888,2068
1888,2002
1888,2102
1888,2103
1888,2005
1888,2006
1888,1992
1888,2031
1888,2035
1888,1979
1888,2062
1889,2643
1889,2072
1889,2276
1889,2068
1889,1975
1889,1974
1889,1890
1889,1891
1889,1892
1889,1895
1889,1896
1889,2644
1890,2072
1890,1975
1890,2277
1890,2104
1890,1892
1890,1893
1890,1895
1890,1896
1890,2645
1891,2418
1891,2544
1891,2886
1892,2276
1892,2068
1892,1981
1892,1901
1892,1975
1892,2277
1892,2104
1892,2106
1892,1895
1893,3134
1893,1975
1893,2277
1893,2104
1893,2646
1894,2000
1894,1992
1894,1978
1894,2035
1894,1985
1895,2000
1895,2072
1895,2276
1895,1975
1895,2277
1895,2104
1895,1992
1895,2043
1895,1896
1895,1985
1896,2072
1896,1975
1897,1898
1897,1977
1897,1978
1897,1979
1898,2014
1898,2073
1898,2016
1898,2010
1898,1899
1898,2107
1898,2639
1901,2064
1901,1980
1901,2068
1901,2069
1901,1981
1901,1982
1901,1985
1901,1986
1901,1989
1901,1990
1901,1991
1901,1992
1901,1996
1901,1997
1901,1998
1901,1999
1901,2004
1901,2011
1901,2012
1901,1975
1901,2013
1901,1965
1901,2018
1901,2019
1901,2021
1901,2022
1901,2023
1901,2024
1901,2026
1901,2033
1901,2034
1901,2035
1901,2038
1901,2060
1901,2045
1901,2049
1901,2070
1901,2054
1902,1934
1902,1940
1902,2203
1904,1933
1904,1905
1904,1907
1905,1933
1905,1918
1906,1913
1907,1922
1907,1933
1907,1918
1907,1908
1908,1948
1908,2253
1909,2694
1909,1944
1909,1910
1909,2744
1910,2694
1911,1948
1911,2582
1912,1924
1912,1925
1913,2675
1913,2386
1913,2676
1913,1924
1914,3232
1914,2723
1915,1948
1915,1944
1916,3467
1916,2984
1916,2986
1918,1931
1918,1932
1918,1933
1919,1966
1919,1944
1919,1967
1919,1968
1920,1970
1920,1929
1920,1941
1920,1971
1920,1921
1920,1943
1920,1972
1921,1929
1921,1941
1921,1972
1922,1969
1924,2692
1926,2385
1926,2386
1926,1927
1927,2386
1929,1941
1929,2712
1929,1943
1929,1972
1929,1930
1929,2713
1930,1941
1930,1943
1931,2802
1931,2803
1931,2804
1931,2805
1931,2806
1932,2797
1934,1940
1934,2313
1934,2314
1934,2236
1936,2961
1936,2807
1936,2809
1936,2808
1936,1938
1937,3270
1940,2313
1940,2314
1940,2236
1941,2398
1941,1943
1941,1972
1941,2686
1942,2679
1942,2460
1942,2454
1942,2788
1942,1945
1942,2471
1943,2730
1943,1972
1944,1948
1944,2975
1945,2755
1945,3164
1945,2679
1945,1971
1945,2757
1945,3034
1945,2758
1945,2498
1947,2081
1948,2253
1948,2467
1948,2730
1948,2731
1949,1951
1949,2839
1950,2558
1951,1952
1951,2839
1952,2839
1953,2881
1954,2351
1954,2352
1954,2354
1954,2353
1954,2355
1954,2356
1956,2807
1956,2803
1958,2812
1958,2813
1960,2967
1960,2962
1961,2808
1961,2964
1961,2965
1961,2968
1961,2966
1965,1981
1965,2013
1965,2196
1965,2052
1967,3064
1967,1969
1967,3065
1968,2446
1968,3066
1968,2836
1968,2057
1968,3205
1969,3565
1970,1972
1972,2446
1972,2675
1972,2686
1972,2790
1974,2238
1974,2276
1974,1983
1974,1975
1974,2277
1974,2104
1975,1981
1975,2104
1975,2105
1978,1979
1979,2102
1979,2103
1979,2247
1979,2056
1979,2097
1979,1994
1979,2287
1979,2034
1979,2035
1980,1991
1980,2065
1980,2022
1980,2024
1980,2034
1980,2036
1980,2060
1980,2192
1980,2054
1981,1982
1981,1985
1981,1989
1981,1990
1981,1991
1981,1996
1981,1997
1981,1999
1981,2003
1981,2011
1981,2012
1981,2013
1981,2018
1981,2021
1981,2022
1981,2024
1981,2025
1981,2026
1981,2033
1981,2036
1981,2038
1981,2049
1981,2050
1981,2202
1981,2054
1982,1999
1982,1986
1982,1991
1982,1998
1982,2054
1983,1987
1983,2108
1983,2237
1983,2238
1983,2088
1983,2062
1984,2249
1984,2023
1984,2250
1984,2025
1984,2026
1984,2031
1984,2035
1984,2060
1984,2077
1984,2251
1984,2049
1984,2050
1984,2054
1984,2252
1985,2068
1985,1995
1985,1991
1985,2065
1985,1996
1985,1997
1985,2253
1985,2249
1985,2023
1985,2025
1985,2026
1985,2254
1985,2031
1985,2255
1985,2060
1985,2077
1985,2251
1985,2205
1985,2050
1985,2054
1985,2256
1985,2252
1986,2257
1986,1998
1986,2258
1986,2023
1986,2025
1986,2031
1986,2255
1986,2060
1986,2077
1986,2251
1986,2205
1986,2050
1986,2054
1986,2252
1987,2259
1987,2260
1987,2064
1987,2088
1987,2261
1987,2102
1987,2262
1987,2039
1987,2040
1987,2062
1987,2201
1987,2263
1988,2103
1988,2037
1989,2264
1989,2008
1989,2102
1989,2257
1989,2012
1989,2038
1989,2047
1990,2101
1990,2005
1990,2006
1990,2007
1990,1995
1990,2004
1990,2266
1990,2267
1990,2017
1990,2019
1991,2064
1991,2055
1991,1999
1991,1994
1991,1997
1991,2027
1991,2093
1991,2208
1992,2000
1992,1995
1992,2031
1992,2035
1992,2091
1992,2094
1992,2255
1993,2305
1993,2241
1993,2306
1993,2101
1993,2068
1993,2005
1993,2006
1993,2014
1993,2007
1993,2248
1993,2081
1994,2246
1994,2247
1994,2056
1994,2027
1995,2268
1995,2002
1995,1996
1995,2003
1995,2309
1995,2021
1995,2022
1995,2025
1995,2083
1995,2035
1995,2050
1995,2084
1996,2250
1996,2024
1996,2021
1996,2022
1996,2035
1997,2045
1998,2076
1999,2207
1999,2022
2000,2087
2000,2088
2000,2102
2000,2008
2000,2031
2000,2035
2000,2062
2000,2201
2001,2072
2001,2338
2002,2003
2002,2025
2002,2083
2002,2050
2002,2084
2003,2268
2003,2022
2003,2025
2003,2083
2003,2050
2004,2343
2004,2068
2004,2303
2004,2005
2004,2006
2004,2007
2004,2017
2004,2019
2004,2344
2004,2060
2004,2612
2005,2305
2005,2343
2005,2613
2005,2068
2005,2297
2005,2303
2005,2007
2005,2258
2005,2308
2005,2017
2005,2018
2005,2309
2005,2019
2005,2344
2005,2254
2005,2043
2005,2612
2005,2614
2006,2101
2006,2068
2006,2303
2006,2007
2006,2266
2006,2017
2006,2018
2006,2344
2006,2254
2006,2043
2006,2612
2007,2343
2007,2068
2007,2303
2007,2266
2007,2258
2007,2308
2007,2017
2007,2018
2007,2309
2007,2344
2007,2254
2007,2043
2007,2612
2008,2637
2008,2075
2008,2039
2009,2256
2010,2107
2010,2639
2011,2013
2011,2641
2012,2264
2012,2102
2012,2257
2013,2262
2014,2073
2014,2016
2014,2075
2014,2641
2014,2053
2015,2650
2016,2637
2016,2073
2016,2075
2016,2053
2017,2305
2017,2241
2017,2101
2017,2068
2017,2266
2017,2267
2017,2307
2017,2018
2017,2309
2017,2019
2017,2258
2017,2254
2017,2035
2017,2612
2018,2101
2018,2068
2018,2266
2018,2035
2018,2612
2019,2305
2019,2345
2019,2344
2019,2254
2019,2612
2019,2077
2020,2285
2020,2545
2021,2250
2021,2024
2021,2249
2021,2023
2021,2025
2021,2026
2021,2031
2021,2060
2021,2077
2021,2050
2021,2054
2021,2252
2022,2065
2022,2249
2022,2023
2022,2953
2022,2025
2022,2026
2022,2031
2022,2255
2022,2060
2022,2077
2022,2251
2022,2205
2022,2050
2022,2054
2022,2256
2022,2252
2023,2249
2023,2953
2023,2026
2023,2031
2023,2196
2023,2060
2023,2077
2023,2251
2023,2054
2023,2256
2024,2076
2024,2035
2024,2077
2025,2268
2025,2083
2025,2957
2025,2953
2025,2026
2025,2060
2025,2077
2025,2050
2025,2054
2026,2953
2026,2330
2026,2060
2026,2077
2026,2251
2026,2284
2026,2054
2026,2256
2027,2243
2027,2195
2027,2602
2027,2606
2027,2878
2027,2954
2027,2284
2028,2103
2028,2753
2028,2062
2028,3070
2028,3078
2031,3363
2032,3148
2033,2064
2034,2282
2034,2196
2035,2091
2035,3448
2035,2263
2036,2199
2038,2264
2038,2102
2038,2257
2038,2075
2039,2262
2039,2125
2040,2332
2040,2333
2040,2072
2040,2335
2040,2087
2040,2088
2040,2102
2040,2290
2040,2257
2040,2041
2041,2332
2041,2333
2041,2072
2041,2335
2041,2087
2041,2088
2041,2102
2041,2290
2041,2257
2041,2420
2042,2268
2042,3545
2043,2241
2043,2306
2043,2068
2044,2047
2045,2346
2045,2250
2046,3280
2047,2311
2047,2052
2047,2252
2048,2834
2049,2280
2050,3721
2050,2268
2050,2055
2050,2067
2050,2083
2050,2957
2051,2102
2051,2103
2052,2252
2054,2055
2054,2060
2056,2102
2056,2638
2056,2093
2057,2836
2057,2170
2057,2837
2060,2296
2060,2077
2060,2251
2062,2259
2062,2331
2062,2332
2062,2333
2062,2334
2062,2072
2062,2335
2062,2087
2062,2336
2062,2337
2062,2276
2062,2088
2062,2102
2062,2103
2062,2257
2062,3673
2063,3098
2064,2319
2065,2262
2066,2268
2067,2333
2067,2343
2068,2305
2068,2241
2068,2306
2068,2101
2068,2248
2068,2307
2068,2258
2068,2308
2068,2309
2068,2254
2069,2339
2069,2340
2069,2341
2069,2342
2070,2307
2070,2614
2070,2308
2071,2345
2072,2088
2072,2099
2072,2659
2072,2660
2073,2075
2073,2787
2075,2239
2075,3527
2075,2257
2076,2250
2077,2250
2078,2541
2079,2280
2080,3682
2085,3395
2086,2538
2086,2098
2087,2088
2087,2330
2087,2201
2088,2259
2088,2331
2088,2332
2088,2333
2088,2334
2088,2335
2088,2336
2088,2337
2088,2276
2090,2264
2090,2257
2091,2638
2093,2102
2093,2246
2093,2247
2096,2264
2096,2257
2097,2277
2097,2287
2097,2106
2097,2099
2097,2100
2101,2266
2102,2611
2102,2332
2102,2333
2102,2335
2102,2257
2102,2103
2104,2277
2104,2646
2104,2106
2105,2644
2106,2277
2107,2639
2108,2194
2109,2110
2109,2111
2109,2112
2110,3046
2110,3047
2110,2709
2110,3048
2111,3049
2111,2429
2112,2703
2112,3618
2112,2429
2113,2114
2116,2117
2117,2118
2117,2119
2117,2120
2118,2843
2119,2120
2120,3376
2122,2123
2125,2126
2127,2135
2127,2136
2127,2137
2127,2138
2127,2139
2128,2145
2130,2873
2130,2131
2131,2430
2131,2873
2131,2983
2131,2428
2131,2874
2132,2967
2132,2707
2132,2429
2133,2134
2134,2146
2134,3417
2135,2146
2135,2147
2135,2148
2136,2444
2137,2270
2137,2272
2137,3579
2137,2140
2137,2142
2138,3656
2139,2740
2139,2934
2140,2269
2140,2270
2140,2271
2140,2272
2140,2273
2140,2274
2140,2275
2142,2274
2142,2521
2144,3632
2145,2688
2147,3093
2149,2150
2149,2151
2149,2152
2150,2153
2150,2152
2150,2154
2150,2155
2150,2156
2150,2157
2151,2152
2151,2154
2151,2158
2151,2155
2151,2157
2151,2159
2151,2160
2151,2161
2152,2162
2152,2157
2153,2155
2153,2156
2153,2157
2154,2155
2154,2158
2154,2586
2155,2590
2157,2211
2158,2585
2158,2587
2159,3293
2159,2590
2159,2917
2159,2176
2159,2914
2159,2915
2159,2179
2159,2931
2159,2911
2159,2187
2159,2932
2159,2191
2160,3416
2162,2163
2162,2164
2162,2165
2163,2164
2163,2887
2163,2629
2163,2892
2164,2894
2164,2895
2164,2896
2164,2897
2164,2847
2164,2165
2164,2706
2164,2889
2165,3249
2165,3482
2165,3670
2167,2168
2167,2169
2168,2173
2169,2174
2171,2192
2172,2175
2173,2176
2173,2177
2173,2178
2173,2179
2173,2180
2173,2181
2173,2182
2173,2183
2173,2184
2173,2185
2173,2186
2173,2187
2173,2188
2173,2189
2173,2190
2173,2191
2176,2906
2176,2908
2176,2181
2177,3108
2177,3480
2177,3111
2177,3138
2177,3116
2177,3481
2177,3106
2178,3138
2178,3483
2178,2188
2179,3293
2179,2905
2179,2931
2179,2506
2179,2191
2180,3520
2180,3126
2180,3116
2180,2183
2181,2906
2181,3571
2181,3108
2181,2907
2181,2908
2181,3572
2181,3339
2181,2924
2182,3593
2182,3594
2182,3595
2183,3108
2183,3116
2184,2590
2184,2924
2186,3293
2186,3294
2186,2911
2186,2506
2187,2906
2187,3293
2187,2907
2187,2908
2187,2919
2187,2905
2187,2923
2187,2931
2187,2920
2187,2915
2187,3298
2187,2911
2187,2916
2187,2910
2187,2506
2187,2191
2188,2918
2188,3293
2188,2479
2188,2907
2188,2908
2188,2920
2188,2915
2188,3298
2188,2911
2189,2906
2189,2908
2189,2920
2189,3298
2189,2916
2191,2906
2191,3293
2191,2908
2191,2917
2191,2931
2191,2920
2191,2916
2191,2384
2192,2853
2192,2198
2193,2194
2193,2200
2193,2201
2195,2242
2195,2244
2196,3207
2197,2246
2197,2638
2197,2957
2197,2960
2197,2420
2199,2244
2199,3100
2201,2332
2201,2333
2201,2334
2201,2335
2201,2336
2203,2608
2203,2204
2203,2609
2203,2610
2203,2206
2204,2608
2204,2610
2205,2960
2205,2289
2205,2330
2207,2346
2207,2250
2208,2603
2208,3207
2208,2285
2208,2602
2208,3746
2208,2265
2208,2954
2209,2210
2209,2211
2209,2212
2209,2213
2209,2214
2209,2215
2209,2216
2210,2212
2210,2214
2210,2215
2210,2216
2211,2213
2211,2215
2211,2216
2212,2213
2212,2214
2212,2215
2212,2216
2213,2214
2213,2215
2214,2217
2214,2215
2216,3238
2218,2585
2218,2220
2219,2676
2219,2720
2219,2721
2220,2585
2220,2591
2221,2222
2222,3108
2224,2225
2224,2226
2224,2227
2225,2850
2225,2851
2227,2228
2227,2851
2230,2231
2230,2232
2231,2232
2232,2233
2232,2234
2233,2234
2236,2868
2236,2797
2236,2350
2241,2267
2241,2295
2242,2296
2242,2244
2242,2297
2243,2285
2243,2298
2244,2299
2246,2300
2247,2301
2247,2302
2249,2953
2250,2346
2250,2954
2250,2955
2254,3285
2257,2264
2257,2289
2257,2310
2257,2311
2258,2308
2259,2329
2261,2334
2263,3413
2264,2310
2264,2311
2265,2601
2265,2602
2266,2307
2267,2640
2267,2295
2268,2417
2268,2575
2269,2272
2269,2320
2270,2321
2270,2272
2270,2322
2270,2323
2270,2324
2271,2273
2271,2325
2271,2326
2271,2327
2272,2328
2272,2275
2275,3377
2275,3759
2276,2641
2277,2644
2277,2645
2278,2279
2279,2280
2280,3076
2280,2443
2280,2540
2280,3131
2282,2648
2282,2649
2283,2333
2284,2954
2284,2957
2285,2604
2285,2286
2285,2601
2285,2605
2285,2606
2285,2287
2285,2384
2285,2291
2285,2607
2287,2288
2287,2606
2287,2289
2291,3635
2291,2699
2292,3549
2293,2294
2295,2640
2297,2613
2298,2929
2301,3590
2301,3591
2301,3592
2303,2343
2303,2344
2303,2345
2305,2309
2306,2615
2309,2344
2312,3692
2313,2969
2313,2314
2313,2797
2313,2350
2314,2972
2315,2438
2317,2318
2319,2491
2320,3578
2320,3197
2321,2322
2322,3099
2322,2324
2323,3634
2324,3099
2328,3689
2331,2659
2331,2660
2333,2651
2333,2652
2335,2653
2336,3257
2337,3258
2339,2616
2339,2617
2339,2618
2339,2619
2339,2342
2339,2620
2339,2621
2339,2622
2339,2623
2339,2624
2339,2625
2339,2626
2339,2442
2339,2390
2340,2341
2340,2617
2340,2627
2341,2617
2341,3262
2341,3263
2341,3264
2341,3265
2341,3266
2341,2627
2342,2617
2343,2345
2343,2612
2344,2345
2346,2954
2349,3029
2350,2801
2350,2797
2351,2352
2351,2353
2352,2357
2352,2354
2352,2353
2352,2356
2353,2356
2354,2358
2356,2357
2358,3158
2362,2366
2364,3304
2365,3712
2366,3346
2366,3345
2366,2395
2366,3343
2367,2368
2367,2370
2368,2370
2369,2377
2369,2378
2369,2370
2369,2371
2369,2372
2370,2754
2370,2540
2370,2372
2371,2377
2371,3458
2371,2378
2371,2372
2372,2377
2372,3458
2372,2607
2372,2378
2374,2379
2377,2382
2379,2384
2382,2526
2386,2687
2386,2688
2386,2600
2386,2689
2388,2389
2388,2390
2389,3727
2390,3170
2391,3108
2391,3113
2391,3114
2391,2392
2392,3108
2392,3113
2392,3114
2392,3112
2396,2397
2396,2398
2396,2399
2398,2712
2400,2401
2400,2402
2400,2403
2401,2403
2402,2404
2402,2403
2403,2405
2406,2412
2407,2408
2407,2409
2407,2410
2411,2412
2411,2413
2411,2414
2411,2415
2411,2416
2412,2413
2413,2414
2413,2416
2415,2579
2415,2416
2416,2579
2418,2419
2418,2886
2420,2960
2421,2422
2422,2654
2422,3330
2422,2655
2423,2424
2424,3530
2424,3472
2426,2452
2427,2428
2427,2429
2428,2430
2428,2431
2428,2429
2429,2701
2429,2702
2429,2984
2429,2747
2429,2452
2429,2453
2429,2450
2429,3047
2430,2432
2432,3362
2433,2434
2433,2435
2435,2943
2435,2944
2435,2945
2435,2946
2435,2947
2436,2437
2436,2438
2436,2439
2436,2440
2437,2438
2437,2439
2438,2439
2438,2440
2445,2446
2446,3066
2446,2686
2446,3053
2448,2449
2449,2530
2449,2531
2449,2533
2451,2453
2451,2454
2451,2455
2451,2465
2451,2459
2452,2466
2452,2460
2452,2454
2452,2462
2452,2456
2452,2457
2453,2455
2453,2461
2453,2471
2453,2463
2453,2456
2454,2475
2454,2460
2454,2461
2454,2462
2454,2471
2454,2457
2454,2472
2456,2463
2457,2466
2457,2460
2457,2462
2460,2470
2460,2461
2460,2462
2460,2471
2460,2472
2462,2466
2462,2475
2462,2468
2464,3687
2466,2467
2466,2468
2466,2469
2468,2475
2471,2755
2471,3163
2472,3350
2473,2583
2474,3269
2474,3195
2475,2791
2476,2477
2476,2478
2477,2478
2478,3422
2479,3235
2481,3420
2481,3421
2482,2483
2483,2929
2483,2590
2483,2793
2483,3387
2483,2587
2483,2594
2483,3388
2483,2593
2483,2592
2483,2586
2483,3688
2485,3458
2488,2559
2488,2561
2488,2489
2489,2800
2489,2561
2489,2963
2490,2491
2491,2492
2491,2493
2491,2494
2491,2495
2491,2496
2493,2494
2493,3352
2495,2841
2495,2842
2497,2498
2498,2755
2498,3023
2498,2759
2498,3024
2499,2500
2499,2502
2499,2504
2499,2505
2499,2506
2499,2507
2499,2508
2499,2509
2499,2510
2499,2511
2500,2502
2500,2503
2500,2504
2500,2505
2500,2508
2501,3185
2501,3180
2501,2855
2501,3186
2501,3177
2501,3187
2501,3178
2501,3183
2501,3188
2501,3189
2501,3184
2501,3190
2501,3191
2501,3192
2501,3193
2501,3194
2501,2511
2501,3195
2502,3170
2502,3084
2502,3087
2502,3477
2503,2504
2503,3077
2504,2505
2506,3293
2506,2908
2506,2911
2509,2510
2512,3005
2512,3006
2512,3007
2512,2932
2512,3004
2513,2517
2518,2519
2519,2521
2519,2522
2520,2523
2520,2524
2521,2696
2525,2526
2527,3299
2527,3337
2529,2530
2529,2531
2529,2532
2529,2533
2530,2531
2530,2532
2531,2534
2531,2535
2531,2532
2531,2536
2533,2539
2533,2542
2533,2543
2533,2544
2534,2535
2534,2537
2536,3535
2538,2549
2539,2550
2539,2554
2539,2540
2539,2552
2539,2555
2540,2550
2540,2556
2540,2554
2540,2557
2540,2552
2541,2542
2541,2544
2542,2557
2542,2544
2544,3606
2544,2557
2547,2601
2547,2560
2548,2559
2548,2560
2548,2561
2550,2554
2550,2552
2550,2562
2551,2563
2552,2554
2552,2557
2552,2555
2553,2554
2553,2555
2554,2555
2556,2564
2556,2565
2557,2567
2557,2568
2557,2569
2557,2570
2559,2561
2567,2752
2567,2705
2567,3606
2567,2754
2567,3607
2567,2568
2567,2570
2567,3711
2568,2752
2568,2705
2568,2754
2568,2570
2568,3711
2569,3548
2570,3711
2571,2572
2572,2573
2572,2574
2573,3616
2575,3732
2577,3277
2578,2580
2578,2581
2582,2583
2586,2929
2586,2590
2586,3231
2586,2587
2586,3677
2587,2591
2587,2592
2587,2593
2587,2594
2587,2595
2588,2589
2590,2740
2590,2929
2590,2908
2590,2915
2590,2930
2590,2931
2590,2932
2591,2929
2591,2821
2591,2716
2591,2823
2591,3235
2592,3387
2592,3388
2593,2595
2596,2597
2597,2701
2597,2702
2597,3417
2597,2747
2597,2750
2598,2599
2602,2603
2604,2606
2606,3081
2606,3082
2608,2834
2612,3285
2616,3246
2616,3247
2617,3262
2617,2627
2618,2619
2618,2942
2620,2875
2620,2623
2624,3745
2624,2627
2624,2875
2627,3263
2627,3264
2628,2629
2629,2887
2630,2631
2631,2632
2631,2633
2631,2634
2631,2635
2632,2636
2633,2635
2635,3365
2638,2656
2647,3453
2647,3451
2648,2649
2649,2982
2652,2959
2653,2952
2654,2903
2654,3330
2654,3331
2654,2655
2654,3332
2654,3333
2655,3332
2655,3333
2656,3352
2658,3609
2658,3662
2661,2662
2661,2663
2662,2664
2665,2666
2665,2667
2665,2668
2666,2667
2666,2669
2666,2670
2666,2671
2668,2672
2668,2673
2669,3327
2669,3279
2670,2884
2670,3014
2670,3543
2670,3024
2671,2884
2671,3014
2671,3543
2671,3553
2672,3479
2672,3478
2673,3009
2675,2686
2676,2690
2676,2691
2677,2685
2679,2695
2679,2696
2679,2686
2679,2697
2679,2698
2681,2704
2682,2705
2682,2706
2683,2701
2683,2702
2683,2707
2685,2709
2686,2697
2687,2689
2689,2767
2690,2716
2690,2717
2690,2718
2690,2719
2691,2722
2692,2698
2692,3716
2694,2743
2694,2744
2695,2755
2695,2790
2695,2756
2696,3034
2696,3036
2697,3067
2698,3224
2698,3716
2701,2702
2701,2707
2701,2746
2701,2747
2701,2748
2701,2749
2701,2750
2702,2747
2702,2748
2702,2749
2702,2750
2704,2736
2704,2751
2705,2752
2705,2753
2705,2754
2706,3422
2707,2746
2707,2760
2707,2761
2708,2762
2709,3046
2709,3047
2709,3048
2712,2725
2713,3223
2716,2732
2716,2718
2716,2733
2716,2734
2716,2735
2716,2736
2716,2737
2716,2738
2717,3228
2717,3229
2718,3324
2718,2793
2718,2732
2718,2733
2718,2739
2718,3233
2718,3237
2718,2734
2718,2794
2718,3235
2718,2738
2720,2951
2720,2945
2720,2950
2721,3419
2721,3228
2721,3493
2722,2740
2722,2741
2722,2742
2723,3232
2724,3457
2726,3141
2726,3147
2726,3146
2726,2728
2726,3142
2727,2929
2727,2935
2727,2936
2727,3434
2727,3509
2728,3141
2730,2985
2732,3235
2732,3233
2732,2734
2732,3239
2732,2737
2732,2738
2733,3235
2734,2739
2734,3239
2734,2738
2735,3235
2735,2736
2737,3324
2737,2739
2737,3239
2738,2793
2738,3239
2738,3233
2738,3688
2739,3324
2739,3325
2740,2933
2740,2920
2740,2934
2746,3637
2746,2760
2747,2750
2748,2967
2748,2749
2752,2754
2755,2788
2755,2756
2755,2757
2755,2758
2756,2788
2756,2758
2757,2758
2757,2759
2758,3165
2758,3261
2758,2762
2758,2759
2759,2763
2759,3023
2760,3381
2760,3637
2761,3637
2762,3164
2762,3166
2762,3167
2762,3360
2763,3361
2764,2765
2766,3734
2768,2769
2768,2770
2769,2770
2771,2772
2771,2773
2771,2774
2775,2776
2777,2778
2778,2999
2779,2780
2781,3438
2783,3438
2786,2939
2788,2975
2789,3725
2789,3650
2789,3446
2789,3678
2792,3204
2792,3205
2793,2794
2793,2795
2793,2796
2795,3688
2797,2800
2797,2801
2798,3749
2802,2803
2802,2806
2803,2807
2804,3211
2804,2805
2807,2809
2807,2808
2808,2961
2808,2809
2808,2964
2808,2966
2812,2813
2815,2816
2815,2817
2815,2818
2816,2819
2816,2820
2816,2821
2816,2822
2816,2823
2816,2824
2816,2825
2816,2826
2816,2827
2816,2828
2816,2829
2816,2830
2816,2831
2816,2832
2816,2833
2817,2823
2817,2825
2818,3707
2819,2821
2819,2820
2819,2987
2820,2988
2820,2822
2820,2825
2820,2826
2820,2827
2820,2830
2820,2991
2821,2992
2821,2822
2821,2823
2821,2825
2821,2826
2821,2827
2821,2828
2821,2993
2821,2989
2821,2830
2821,2994
2821,2995
2821,2996
2822,2823
2822,2824
2822,2825
2822,2826
2823,2824
2823,2825
2823,2826
2823,2830
2823,2995
2823,2831
2823,3418
2823,2833
2824,2827
2824,3419
2824,3418
2825,2995
2825,3418
2826,3419
2826,2830
2827,2943
2827,3420
2827,2988
2827,2989
2827,2990
2828,2993
2828,2830
2829,3596
2830,3646
2830,2992
2830,3228
2830,2993
2831,3406
2836,2837
2843,2844
2845,2846
2845,2847
2845,2848
2845,2849
2848,2849
2854,2855
2855,3183
2855,3184
2855,3190
2855,3191
2855,3194
2855,3195
2857,2858
2858,2900
2858,2901
2859,2860
2859,2862
2859,2863
2859,2864
2859,2865
2860,2862
2860,2863
2860,2866
2860,2864
2860,2867
2860,2865
2862,2863
2862,2866
2862,2864
2862,2867
2862,2865
2866,2867
2866,3405
2867,3504
2873,2874
2874,3018
2875,3642
2879,3560
2881,3473
2883,2884
2886,3255
2887,2893
2888,3510
2889,2893
2889,3249
2890,3482
2891,2893
2891,3020
2891,3025
2894,2898
2894,2895
2894,2899
2895,2898
2895,3346
2895,3348
2895,3345
2895,3340
2895,3342
2895,3343
2896,2899
2896,3349
2898,3344
2898,3345
2898,3340
2898,3343
2898,3346
2898,3347
2899,3340
2902,2903
2902,2904
2903,3288
2903,3327
2903,3328
2904,3646
2905,2906
2905,2907
2905,2908
2905,2909
2905,2910
2905,2911
2905,2912
2905,2913
2906,2907
2906,2908
2906,2914
2906,2915
2906,2916
2906,2917
2906,2918
2906,2919
2906,2920
2906,2921
2906,2922
2906,2911
2906,2923
2906,2924
2906,2913
2907,2925
2907,2909
2907,2926
2907,2910
2907,2911
2908,2916
2908,2919
2908,2920
2909,2926
2909,2910
2909,2911
2910,3633
2910,2926
2910,2912
2911,3293
2911,3006
2911,2923
2911,2931
2911,2920
2911,2915
2912,3126
2912,2920
2912,3314
2912,3138
2914,3293
2914,3294
2914,2915
2914,2916
2915,3296
2915,2918
2915,3293
2915,2930
2915,2919
2915,3294
2915,2916
2915,3297
2916,3298
2918,3296
2918,2930
2918,3300
2918,3301
2921,3116
2921,3313
2922,2932
2923,2932
2924,3293
2924,3108
2924,3298
2925,2928
2929,2935
2929,2936
2929,2937
2929,2938
2930,3296
2930,3300
2930,3301
2931,3293
2931,3294
2931,3295
2932,3293
2932,3571
2932,3005
2933,2987
2935,3001
2937,3608
2938,3663
2938,3155
2940,2941
2940,2942
2943,2946
2943,2948
2943,2949
2945,2946
2945,2947
2945,2950
2946,2947
2947,2950
2948,2949
2949,3646
2949,3718
2950,3025
2950,3487
2956,2958
2957,2959
2957,2960
2958,3207
2961,2963
2961,2964
2961,2965
2961,2966
2963,2964
2963,2968
2963,2966
2964,2965
2964,2968
2964,2966
2965,2966
2966,2968
2969,2971
2971,3602
2973,2974
2974,2975
2974,2976
2974,2977
2975,2980
2975,2977
2975,2981
2979,2982
2981,3283
2982,3667
2984,2986
2985,3078
2985,3079
2985,3080
2987,2988
2988,2989
2988,2990
2989,2992
2989,2993
2990,3420
2990,2991
2991,3450
2992,3054
2992,2993
2992,2996
2993,3054
2993,2996
2994,3691
2995,3228
2997,2998
2997,2999
2998,3000
2998,3001
2998,3002
2999,3434
2999,3435
3000,3050
3000,3051
3001,3704
3002,3513
3002,3555
3002,3748
3002,3206
3003,3004
3004,3694
3004,3743
3006,3218
3008,3009
3008,3010
3008,3011
3009,3012
3009,3013
3009,3014
3009,3015
3009,3016
3009,3017
3009,3011
3009,3018
3009,3019
3010,3011
3012,3014
3013,3020
3013,3021
3014,3016
3014,3019
3015,3019
3016,3023
3016,3024
3021,3478
3023,3220
3023,3221
3023,3024
3024,3224
3024,3028
3024,3542
3025,3486
3025,3488
3026,3543
3028,3224
3028,3542
3034,3035
3037,3038
3037,3039
3038,3040
3038,3039
3039,3040
3039,3756
3039,3195
3041,3042
3041,3043
3041,3044
3041,3045
3042,3043
3042,3045
3043,3497
3043,3044
3043,3045
3045,3497
3046,3047
3046,3048
3047,3049
3050,3051
3051,3601
3057,3156
3058,3059
3058,3060
3059,3061
3059,3062
3067,3728
3068,3069
3068,3070
3071,3072
3071,3073
3072,3073
3075,3076
3077,3574
3077,3575
3078,3412
3079,3458
3081,3082
3084,3085
3084,3086
3084,3087
3084,3088
3084,3089
3085,3136
3085,3137
3085,3089
3086,3136
3086,3186
3086,3089
3087,3170
3087,3477
3087,3089
3090,3091
3091,3092
3091,3093
3091,3094
3091,3095
3092,3093
3092,3094
3092,3288
3093,3094
3094,3095
3094,3289
3095,3288
3095,3289
3095,3476
3095,3291
3095,3639
3095,3640
3095,3292
3096,3698
3097,3098
3100,3101
3102,3103
3102,3104
3102,3105
3102,3106
3103,3104
3106,3480
3106,3138
3107,3108
3107,3109
3108,3110
3108,3111
3108,3112
3108,3113
3108,3114
3108,3115
3108,3116
3108,3117
3108,3118
3108,3119
3108,3120
3108,3121
3108,3122
3108,3123
3109,3124
3109,3125
3109,3126
3109,3127
3109,3128
3110,3116
3110,3117
3111,3115
3111,3117
3112,3485
3112,3113
3112,3114
3113,3485
3113,3114
3114,3485
3116,3117
3118,3119
3118,3122
3121,3654
3123,3723
3123,3311
3123,3312
3124,3129
3124,3130
3124,3127
3124,3128
3125,3311
3125,3312
3125,3126
3126,3313
3126,3314
3128,3312
3130,3703
3138,3482
3138,3480
3138,3483
3138,3484
3139,3143
3140,3181
3141,3144
3141,3145
3141,3146
3141,3142
3142,3144
3144,3319
3144,3321
3153,3154
3158,3159
3159,3554
3159,3555
3161,3162
3164,3165
3164,3166
3164,3167
3166,3167
3168,3169
3168,3170
3168,3171
3168,3172
3168,3173
3169,3174
3169,3171
3169,3172
3169,3173
3169,3175
3171,3176
3171,3172
3171,3173
3171,3177
3171,3178
3172,3173
3173,3177
3176,3183
3176,3184
3177,3185
3177,3186
3177,3187
3177,3180
3177,3178
3178,3185
3178,3186
3178,3180
3178,3183
3180,3185
3180,3186
3180,3187
3181,3182
3183,3188
3183,3379
3183,3189
3183,3184
3183,3190
3183,3610
3185,3186
3185,3187
3187,3252
3187,3189
3187,3192
3188,3190
3188,3610
3189,3379
3189,3610
3190,3610
3191,3613
3194,3368
3195,3368
3196,3197
3196,3198
3198,3466
3199,3200
3199,3201
3199,3202
3206,3207
3206,3208
3207,3209
3207,3210
3211,3212
3213,3214
3215,3216
3217,3218
3220,3222
3220,3221
3221,3222
3221,3223
3223,3224
3223,3225
3223,3226
3224,3544
3224,3225
3224,3542
3227,3228
3233,3234
3233,3235
3233,3236
3233,3237
3233,3238
3234,3240
3234,3235
3235,3237
3241,3242
3242,3243
3242,3244
3243,3245
3248,3585
3249,3250
3249,3251
3251,3671
3253,3254
3259,3260
3260,3731
3271,3272
3271,3274
3271,3273
3272,3274
3273,3695
3273,3274
3276,3277
3277,3278
3277,3279
3279,3579
3279,3580
3281,3282
3281,3283
3282,3283
3282,3284
3285,3286
3286,3287
3288,3290
3288,3291
3288,3289
3288,3292
3289,3638
3289,3639
3289,3292
3291,3638
3292,3461
3293,3295
3296,3300
3302,3303
3303,3304
3303,3305
3304,3415
3306,3307
3308,3309
3309,3576
3311,3312
3312,3313
3313,3516
3315,3316
3317,3474
3318,3319
3318,3320
3319,3320
3319,3321
3319,3322
3319,3323
3321,3586
3324,3325
3326,3414
3327,3329
3328,3332
3328,3333
3330,3492
3330,3491
3330,3493
3332,3333
3335,3336
3335,3337
3336,3338
3337,3339
3340,3341
3340,3342
3340,3343
3341,3343
3342,3343
3343,3346
3343,3345
3344,3345
3345,3346
3345,3347
3354,3439
3354,3440
3354,3355
3354,3441
3355,3441
3355,3443
3355,3359
3361,3362
3364,3365
3364,3366
3364,3367
3366,3589
3367,3394
3368,3369
3368,3370
3368,3371
3368,3372
3369,3370
3369,3373
3370,3371
3370,3649
3370,3373
3371,3372
3371,3373
3373,3742
3374,3375
3378,3379
3379,3380
3380,3660
3381,3384
3387,3388
3390,3531
3390,3532
3390,3533
3390,3534
3390,3535
3393,3394
3396,3397
3396,3398
3397,3400
3398,3401
3398,3399
3399,3403
3401,3402
3408,3409
3420,3421
3423,3424
3424,3504
3424,3426
3426,3504
3426,3502
3426,3653
3426,3505
3427,3428
3427,3429
3428,3432
3429,3432
3429,3652
3430,3432
3432,3652
3436,3437
3439,3440
3439,3442
3440,3442
3445,3446
3446,3447
3451,3452
3455,3456
3458,3459
3460,3461
3463,3481
3463,3528
3466,3680
3468,3469
3468,3470
3469,3470
3472,3686
3474,3475
3486,3489
3487,3488
3491,3492
3494,3495
3494,3496
3494,3497
3494,3498
3494,3499
3494,3500
3496,3498
3497,3668
3497,3498
3498,3499
3498,3668
3499,3500
3501,3502
3501,3503
3502,3504
3502,3503
3502,3505
3503,3504
3504,3505
3506,3507
3507,3508
3507,3509
3512,3513
3513,3514
3516,3521
3516,3522
3517,3518
3521,3522
3523,3524
3523,3525
3524,3525
3530,3628
3531,3535
3532,3533
3532,3536
3533,3536
3538,3539
3539,3540
3541,3600
3546,3547
3549,3550
3554,3555
3556,3557
3556,3558
3556,3559
3557,3558
3557,3684
3557,3559
3558,3684
3559,3684
3560,3561
3570,3699
3570,3700
3571,3573
3576,3577
3579,3580
3580,3581
3583,3584
3593,3595
3594,3595
3603,3604
3604,3605
3606,3607
3611,3644
3611,3645
3612,3613
3612,3614
3617,3618
3618,3619
3618,3620
3623,3624
3639,3669
3644,3645
3650,3651
3665,3666
3674,3724
3675,3710
3675,3676
3676,3710
3680,3681
3683,3685
3685,3713
3695,3696
3699,3706
3701,3702
3708,3709
3722,3723
3726,3754
3730,3731
3735,3736
3740,3741
3750,3751
