source,target
0,1
0,2
0,3
0,4
0,5
0,6
0,7
0,8
1,2587
1,2214
1,2215
1,2574
1,2588
1,2
1,10
1,4
1,1971
1,5
1,2589
1,2218
1,2219
1,2041
1,6
1,2590
1,2591
1,2592
1,2328
1,2329
1,2593
1,8
1,2583
1,1164
3,4
3,370
3,6
3,2591
4,2624
4,5
4,2625
5,3129
5,3128
6,2214
6,2623
9,10
9,11
10,3042
11,2270
11,343
11,1212
12,13
12,14
12,15
12,16
12,17
12,18
12,19
12,20
12,21
12,22
12,23
12,24
13,1758
14,1764
14,25
14,27
14,1760
14,1188
14,1765
14,1197
15,651
15,611
15,25
15,27
15,1183
15,1184
15,2263
15,1194
15,2276
15,728
15,44
15,1663
15,1195
15,2241
15,1198
15,1199
16,1453
16,39
16,25
16,27
16,32
16,1188
16,238
16,504
16,1197
16,618
17,1408
17,1478
17,1414
17,1425
17,1479
17,1321
17,1415
17,1313
17,1202
17,613
17,438
17,1426
17,1315
17,685
17,1199
18,25
18,1449
19,1655
19,971
19,972
19,24
19,955
19,903
20,1453
20,43
20,44
21,1764
21,3228
21,25
21,1765
22,23
22,3228
22,67
22,25
23,67
23,956
23,25
24,1321
24,1765
25,26
26,2734
27,28
27,29
28,1453
28,83
28,1998
28,660
28,30
28,724
28,1202
28,1999
28,962
28,1189
28,2001
28,1401
28,358
29,2621
29,932
29,2622
30,31
30,32
30,33
30,34
30,35
30,36
30,37
30,38
30,39
30,40
30,41
30,42
30,43
30,44
30,45
30,46
30,47
30,48
30,49
30,50
31,663
31,665
34,2133
34,38
34,43
34,44
34,2134
34,717
35,2259
35,885
36,39
36,40
36,1192
36,42
36,44
36,1661
36,47
37,661
37,1192
37,2266
37,42
37,50
37,2267
38,706
38,2133
38,43
38,44
38,2134
38,1400
38,717
39,1203
39,40
40,719
40,706
40,140
40,1663
40,1661
40,2282
41,2243
41,1398
41,1448
41,43
41,1399
41,1401
42,1653
42,2266
42,44
42,1661
42,50
43,1453
43,2243
43,726
43,708
43,1309
43,1299
43,1398
43,1397
43,68
43,2147
43,1312
43,1399
43,656
43,727
43,44
43,2285
44,3119
44,2133
44,2257
44,1321
44,715
44,2224
44,2276
44,1984
44,710
44,656
44,1995
44,2349
44,1987
44,651
44,658
44,1211
44,659
46,353
46,354
46,59
46,358
49,2958
49,3236
49,2318
50,1653
50,661
51,52
52,1309
53,54
53,55
53,56
54,1220
54,2393
54,75
54,57
54,594
54,1351
55,434
55,57
55,333
56,1453
56,2653
56,2656
56,2864
56,2901
56,2205
56,2866
56,724
56,57
58,59
59,357
59,656
59,651
59,353
60,61
60,62
60,63
60,64
60,65
60,66
61,62
61,64
61,66
62,2926
63,3157
63,3158
63,1333
63,627
63,1383
64,1195
65,1333
66,2926
67,68
67,69
67,70
67,71
67,72
68,1764
68,924
68,925
68,921
68,929
68,960
68,937
68,940
68,942
68,953
68,141
69,343
69,370
70,2582
71,1764
71,924
71,1765
72,1031
72,3283
72,706
72,3282
72,3284
73,74
73,75
73,76
73,77
73,78
73,79
73,80
74,81
74,82
74,83
74,84
74,85
75,86
75,87
75,76
75,79
75,88
75,89
75,90
75,91
75,92
75,93
75,94
75,95
75,96
75,97
75,98
75,99
75,100
76,101
76,79
76,80
76,90
76,93
76,97
76,99
76,102
76,103
78,104
78,105
78,80
78,106
79,82
79,107
79,88
79,108
79,101
79,102
80,109
80,110
80,111
80,112
80,113
80,114
80,105
80,115
80,116
80,117
80,118
80,106
81,119
81,107
81,120
81,90
81,121
81,93
81,122
81,123
81,124
81,125
81,126
81,127
81,128
81,129
81,99
81,130
81,131
81,100
81,132
82,107
82,90
82,133
82,134
82,100
84,107
84,1881
84,158
84,125
84,140
84,226
84,2528
85,869
85,3045
86,135
86,136
88,143
88,144
88,109
88,108
88,145
88,93
88,146
88,147
88,99
88,130
88,148
88,149
88,150
89,120
89,765
89,798
89,799
89,800
89,801
89,802
89,803
89,804
89,805
89,806
89,807
89,808
90,201
90,1459
90,1222
90,138
90,1460
90,202
90,426
90,1435
90,424
90,203
90,107
90,1461
90,1462
90,1463
90,762
90,763
90,1431
90,139
90,1223
90,160
90,1464
90,820
90,771
90,564
90,1063
90,1064
90,823
90,119
90,630
90,1033
90,1465
90,1312
90,117
90,399
90,1466
90,1467
90,191
90,124
90,96
90,169
90,126
90,173
90,1468
90,129
90,441
90,559
90,178
90,1469
90,1470
90,448
90,1471
90,132
92,1220
92,1460
92,117
92,1409
92,137
92,2356
92,506
92,129
92,2357
93,143
93,144
93,107
93,1054
93,160
93,108
93,164
93,2447
94,826
94,1372
94,1306
94,1521
95,2030
95,1766
95,98
95,2619
95,100
95,1889
96,1462
96,1431
96,160
96,117
96,820
96,823
96,125
96,2027
96,1279
96,1465
97,3038
97,126
97,129
97,1229
98,539
98,1628
98,1372
98,1306
98,1334
98,1303
98,928
98,1813
98,921
98,1631
98,412
98,926
98,497
98,1347
98,235
98,227
98,228
99,107
99,130
99,128
99,100
100,1118
101,137
101,138
101,139
101,140
102,762
102,763
102,774
102,773
102,764
102,765
102,151
102,766
103,114
103,105
103,115
104,106
105,112
105,113
105,114
105,118
105,106
105,141
106,1222
106,1462
106,2367
106,632
107,119
107,139
107,124
107,125
107,130
107,142
107,134
107,132
108,143
108,151
108,152
108,153
108,147
108,154
108,149
108,150
109,155
109,156
109,157
109,158
109,159
109,145
109,160
109,161
109,162
109,163
109,164
109,165
109,147
109,166
109,167
109,168
109,169
109,170
109,171
109,172
109,173
109,174
109,175
109,176
109,177
109,178
109,179
109,180
110,181
110,182
110,183
110,184
110,185
110,186
110,187
110,188
111,189
111,190
111,117
111,191
112,118
113,192
113,193
113,194
114,115
114,195
117,928
117,118
117,767
117,126
117,187
117,1468
117,129
117,141
117,1471
118,2843
119,201
119,202
119,203
119,124
119,132
120,868
120,869
120,832
120,834
120,870
121,1459
121,1891
121,1054
121,563
121,1890
121,564
121,1467
121,1893
121,123
121,960
121,1897
121,1892
121,130
121,1722
121,131
122,155
122,2522
122,1431
122,905
122,921
122,1466
122,2128
122,235
122,1278
122,2368
122,1279
122,1277
122,2523
122,2524
122,212
122,271
122,733
123,1459
123,566
123,1891
123,1893
123,130
124,160
124,1086
124,158
124,960
124,125
125,158
125,140
126,1221
126,830
126,3038
126,3039
126,787
126,488
126,191
126,630
126,1465
127,762
127,763
127,160
127,771
127,773
127,764
127,765
127,151
127,766
127,767
128,257
128,820
128,880
128,2986
129,1222
129,274
129,1221
129,1461
129,1462
129,1090
129,1431
129,2367
129,1224
129,2031
129,2817
129,632
129,876
129,1279
129,630
131,1054
132,160
132,1855
132,158
133,519
133,1370
133,626
133,1192
134,763
134,766
135,697
135,2125
136,820
137,160
137,2358
138,1090
138,139
138,140
138,169
138,2249
138,2358
139,201
139,2369
139,140
139,2132
139,141
139,2371
140,201
140,2339
140,169
141,2208
141,332
141,3034
141,924
141,184
141,2025
141,3035
141,928
141,2199
141,921
141,3033
141,2369
141,926
141,2363
141,2728
141,2358
141,1389
141,3354
143,147
143,179
144,204
144,145
144,205
144,206
144,147
144,207
144,166
144,208
144,148
144,209
144,150
144,179
144,210
145,750
145,1071
145,1072
145,205
145,1052
145,1054
145,160
145,1055
145,161
145,206
145,1063
145,1064
145,1049
145,1039
145,1040
145,1041
145,159
147,1084
147,1071
147,1093
147,205
147,2989
147,160
147,2990
147,207
147,206
147,166
147,2062
147,1049
147,164
147,1040
147,960
148,1428
148,1224
148,206
148,3297
148,150
149,820
149,152
149,3321
150,204
150,205
150,206
150,583
151,762
151,763
151,764
151,765
151,766
151,767
151,768
153,1068
154,2637
155,211
155,212
156,213
156,214
156,215
156,216
157,217
157,218
157,219
158,220
158,221
158,222
158,223
158,224
158,166
158,225
158,226
158,179
159,1038
159,1039
159,1040
159,1041
159,1042
159,1043
159,1044
159,1045
159,1046
159,1047
160,1084
160,1041
160,1043
160,1049
160,1063
160,1064
160,1065
160,162
160,1066
160,1085
160,164
160,235
160,960
160,1086
160,169
160,173
160,1058
160,177
160,178
160,1059
160,1087
160,1060
160,1067
160,180
161,1052
161,1041
161,1045
161,1047
161,1069
161,1070
161,960
161,1080
161,1077
161,180
162,1089
162,1090
162,1054
162,1065
162,1043
162,172
162,173
162,1091
163,2063
163,2061
163,2062
163,1053
164,960
164,1892
164,1087
167,2063
167,207
167,2067
168,887
168,2840
169,201
169,1063
169,1064
169,3097
169,2032
170,1071
170,898
171,3071
171,3192
171,1076
171,176
171,3193
172,173
173,1039
173,1065
173,1067
174,2943
174,175
175,1929
175,2943
176,3192
176,3193
177,1071
177,1038
177,1052
177,1063
177,1064
177,1049
177,1039
177,1040
177,1041
177,1042
177,1095
177,1045
177,2061
178,1063
178,1064
178,1086
178,1043
180,1052
180,1080
180,1075
180,1067
182,885
183,910
183,909
183,776
183,2299
183,2300
184,428
184,478
184,2637
185,392
185,496
185,830
185,841
185,792
185,842
185,787
185,402
185,498
185,2690
185,403
185,845
185,679
185,494
185,542
185,860
187,1222
187,2367
187,1436
187,3155
189,227
189,228
189,229
189,230
189,231
189,232
189,233
189,234
189,235
189,236
189,237
189,238
189,239
189,240
189,241
189,242
190,1410
190,1434
190,1441
190,1442
190,1435
190,424
190,1431
190,905
190,425
190,1443
190,623
190,1312
190,648
190,649
190,191
190,263
190,937
190,1427
190,817
191,1410
191,1434
191,1435
191,424
191,631
191,1314
191,263
191,1312
191,1300
191,1437
191,2843
191,559
192,2002
192,193
193,2013
194,2013
195,1317
196,197
196,198
196,199
196,200
197,1301
197,819
197,1302
197,435
197,1303
197,1304
197,434
197,261
197,609
197,1297
197,230
197,932
197,1305
197,884
199,266
199,3248
200,3077
200,855
201,1115
201,1060
202,203
202,1467
202,1470
203,2370
204,207
204,208
204,209
206,210
207,1071
207,2989
211,674
211,675
211,676
211,677
211,398
211,678
211,679
211,680
211,681
211,682
211,683
211,684
211,685
212,1431
212,2030
212,497
212,1486
212,2531
212,1852
212,272
212,1278
212,1279
212,1277
212,1281
212,542
213,2121
214,2181
214,1695
214,215
214,2451
214,2452
214,2453
214,2454
215,897
217,1245
217,2871
217,2876
217,1249
217,2069
217,1250
217,1251
217,1713
217,1253
218,3055
218,1037
218,3052
218,3054
218,2482
218,1712
218,3056
220,1093
220,1068
220,1044
220,960
220,1094
220,226
221,222
221,1956
221,1054
221,1055
221,1068
221,960
221,225
221,226
222,1081
223,2596
223,2597
223,2598
224,2000
225,226
226,1068
226,2526
226,2528
227,229
227,537
227,538
227,539
227,395
227,321
227,540
227,233
227,234
227,541
227,542
227,323
227,238
227,543
227,324
227,544
227,545
227,546
227,325
227,547
227,241
227,548
227,549
228,539
228,321
228,233
228,978
228,238
228,543
228,324
228,545
228,325
229,976
230,1308
230,1430
230,1372
230,1334
230,1304
230,1409
230,1309
230,1297
230,1299
230,1385
230,1314
230,1311
230,1472
230,1312
230,1377
230,1317
230,1412
230,884
231,2080
231,2035
231,396
231,1586
231,430
231,2076
231,604
231,2089
231,1625
231,237
231,2090
231,548
231,2091
232,2015
232,2351
232,236
232,240
233,1388
233,321
233,928
233,921
233,926
233,2104
233,2399
233,272
233,234
233,235
233,238
233,239
233,2106
233,543
233,241
233,1412
234,514
234,538
234,321
234,411
234,958
234,412
234,929
234,2104
234,2399
234,911
234,272
234,912
234,238
235,1431
235,928
235,921
235,926
235,2128
236,537
236,2891
236,240
237,2080
237,396
237,2038
237,1944
238,678
238,540
238,836
238,2104
239,958
239,928
239,921
239,926
239,2104
240,537
240,2891
241,1388
241,976
241,928
241,921
241,926
241,2032
242,2093
242,2104
242,272
243,244
243,245
243,246
243,247
243,248
244,247
244,248
245,247
245,248
248,819
248,3091
248,3007
248,3275
249,250
250,1409
250,1309
250,1299
250,259
251,252
251,253
251,254
252,255
253,367
255,256
255,258
256,257
257,1318
260,261
261,262
261,263
261,264
262,265
262,762
262,763
262,764
262,765
262,769
262,771
262,772
262,773
262,774
262,776
262,766
262,767
263,1441
263,1442
263,2794
263,2844
267,268
267,269
267,270
268,269
268,270
268,2986
269,270
271,272
271,273
271,274
272,2415
272,2416
272,2093
272,1941
272,1431
272,905
272,1276
272,2030
272,2417
272,921
272,2418
272,2104
272,1486
272,389
272,506
272,1015
272,1277
272,1281
272,542
272,2032
273,1410
273,1431
273,905
273,1278
273,816
274,778
274,462
274,494
274,380
275,276
275,277
276,278
276,279
276,280
277,281
278,450
278,638
278,451
279,450
279,667
279,640
280,667
281,282
281,283
281,284
281,285
281,286
281,287
281,288
281,289
281,290
282,536
282,1293
282,1294
282,1292
282,1261
283,2270
283,2805
283,2804
284,373
284,3072
284,374
284,370
284,372
285,286
285,287
286,287
288,2624
288,2626
288,3316
288,2864
288,1275
289,518
289,1275
290,1275
291,292
291,293
292,594
292,293
292,591
292,595
292,2132
293,608
293,2132
294,295
294,296
294,297
294,298
294,299
295,296
295,300
295,301
295,299
295,302
295,303
295,304
295,305
295,306
295,307
296,308
296,298
296,309
296,300
296,299
296,310
296,311
296,312
296,313
296,314
296,315
296,316
297,317
297,318
298,1265
299,420
300,415
300,1930
300,303
300,306
301,590
303,3256
303,825
303,415
303,590
303,414
303,1851
304,3139
304,783
304,418
304,474
304,825
304,473
304,462
304,464
304,465
304,466
304,1851
307,1154
308,491
308,492
308,314
309,1328
309,1331
309,1369
309,1390
309,1297
309,312
309,1386
309,488
309,1360
310,430
311,1328
311,1329
311,1331
311,1798
311,1369
311,1528
311,437
311,1650
311,1340
311,468
311,312
311,1633
311,777
311,1354
311,1554
311,1380
311,1020
312,2338
312,1499
312,1328
312,1329
312,1769
312,1331
312,1812
312,1408
312,1798
312,1369
312,1370
312,431
312,1528
312,1500
312,1372
312,486
312,1793
312,1304
312,1493
312,1339
312,1502
312,1506
312,1386
312,802
312,487
312,488
312,1584
312,484
312,1900
312,2087
312,1358
313,1331
313,1824
313,1369
313,1491
313,1732
313,1585
314,2694
314,1643
314,2695
316,390
316,489
316,484
316,490
317,1176
317,1177
317,1178
318,1886
318,1177
318,1783
318,1793
318,1491
318,1493
318,1494
318,1738
318,1729
318,1513
318,1524
318,1512
318,1347
318,2515
318,2516
318,2518
318,1496
318,1497
318,1498
318,1536
318,1537
318,1538
318,1540
318,1546
318,1541
318,1165
318,1577
318,1172
318,1558
318,1785
318,530
318,416
319,320
319,321
319,322
319,323
319,324
319,325
319,326
320,327
320,328
320,329
320,330
321,322
321,1456
321,958
321,2399
321,939
321,1944
321,543
321,324
321,325
322,958
322,2400
322,2401
323,542
323,543
324,544
324,2190
324,958
324,543
324,913
325,544
325,2190
325,958
326,590
327,495
328,522
331,332
331,333
332,334
332,436
332,1353
332,2199
332,1150
333,2845
334,335
335,1282
335,433
335,2122
335,1353
335,2124
335,2125
335,2123
336,337
336,338
337,519
337,2712
337,2279
337,2702
337,2706
337,2707
337,2281
337,2713
339,340
340,1901
340,378
340,1902
340,1903
340,1904
341,342
341,343
341,344
341,345
342,344
342,346
342,347
342,348
343,344
343,349
346,2720
346,2970
346,2718
346,1271
346,1272
346,347
347,2117
349,2270
350,351
350,352
351,753
351,360
351,617
351,2306
351,618
353,354
353,355
353,356
353,357
353,358
354,654
354,753
354,758
354,355
354,657
356,651
356,1403
356,1192
356,656
356,1193
356,1184
356,357
356,1188
356,2008
356,1426
356,1420
356,1405
356,1197
357,1234
357,755
357,974
357,1321
357,1202
357,651
357,656
357,832
357,1405
357,358
358,3139
358,3227
358,2297
358,3063
358,3140
358,666
358,755
358,1398
358,617
358,1998
358,2306
358,651
358,660
358,661
358,918
359,360
359,361
359,362
359,363
359,364
359,365
359,366
360,616
360,617
360,618
363,755
363,885
364,2836
364,2834
364,2316
364,2835
365,754
366,2920
366,2458
366,754
366,758
366,378
368,369
369,885
370,371
370,372
370,373
370,374
370,375
370,376
370,377
372,373
372,374
373,374
373,376
374,3072
374,2590
374,3073
374,3074
375,3129
376,3141
379,380
379,381
379,382
379,383
379,384
379,385
380,381
380,386
380,387
380,388
381,782
381,820
381,878
381,879
381,388
382,2417
382,2420
382,2418
382,1466
382,2421
382,2523
383,678
383,680
383,832
384,731
384,3223
384,781
384,1676
384,921
384,813
384,926
384,3224
385,2417
385,2420
385,2418
386,1388
386,921
386,929
386,487
386,391
386,533
386,542
386,559
387,3114
387,2417
387,2420
387,2418
387,2422
388,879
389,390
389,391
389,392
389,393
389,394
389,395
389,396
389,397
389,398
389,399
389,400
389,401
389,402
389,403
389,404
389,405
389,406
389,407
389,408
389,409
390,676
390,677
390,391
390,399
390,1149
390,401
390,1150
390,505
391,905
391,1276
391,506
391,494
391,559
392,1772
392,496
392,397
392,498
392,858
392,500
392,683
393,394
393,1499
393,1873
393,1018
393,1664
393,1797
393,523
393,527
394,1898
395,1367
395,1455
395,2093
395,430
395,2082
395,2094
395,866
395,1611
395,687
395,548
396,507
396,1431
397,398
397,506
397,494
397,1340
397,492
397,498
397,860
397,504
398,496
398,1772
398,1814
398,1268
398,473
398,500
398,1815
398,855
398,1816
398,795
398,501
399,401
399,1150
400,2594
400,1323
401,498
401,506
401,525
402,859
402,860
402,1363
403,2035
404,861
404,592
404,594
404,593
404,787
404,1172
404,414
405,496
405,414
407,556
407,495
407,494
407,432
408,411
408,1456
408,1314
408,3335
408,412
410,411
410,412
410,413
411,412
411,2426
411,2427
411,2428
412,514
412,1649
412,2426
412,2429
412,2428
413,861
413,3225
413,2651
414,415
414,416
415,437
415,510
415,429
416,1793
416,1493
416,1553
416,681
417,418
417,419
418,539
418,783
418,1935
418,1937
418,825
418,1851
419,762
419,1935
419,837
421,422
421,423
422,424
422,425
422,426
422,427
422,428
423,730
424,1410
424,1312
424,1314
424,1433
424,1438
424,559
425,1312
426,630
426,631
426,635
427,2637
429,430
429,431
430,2080
430,2077
430,2078
430,2072
430,2081
430,1371
430,864
430,2082
430,2073
430,649
430,2083
430,1586
430,2084
430,2085
430,2075
430,2086
430,2076
430,450
430,638
430,640
430,686
430,591
430,2071
430,2074
430,2087
431,2338
431,641
431,473
431,1352
431,795
431,501
431,2340
431,2341
433,434
433,435
433,436
433,437
433,438
433,439
433,440
433,441
433,442
434,443
434,444
434,445
434,446
434,441
434,447
434,448
434,449
435,1324
435,1325
435,1326
435,1327
435,1328
435,1329
435,1330
435,1331
435,1332
435,1333
435,1303
435,1334
435,1335
435,1336
435,1337
435,1338
435,1339
435,1340
435,1341
435,1342
435,436
435,1343
435,1344
435,1345
435,1346
435,1347
435,1348
435,1349
435,1350
435,1351
435,1352
435,1353
435,777
435,1354
435,1355
435,1356
435,1357
435,1358
435,1359
435,1150
435,687
435,1360
435,961
435,1361
435,1362
435,1363
435,598
435,1364
435,1365
435,1366
436,1328
436,1329
436,1331
436,1332
436,1492
436,1346
436,1344
436,1337
436,1348
436,1818
436,1819
436,1150
436,1787
437,1796
437,1499
437,1328
437,1331
437,1018
437,1368
437,1515
437,1340
437,551
437,1150
437,1020
438,1408
438,1474
438,1304
438,1478
438,1425
438,2628
438,1444
438,1321
438,1415
438,1445
438,1416
438,1447
438,1313
438,613
438,1205
438,1315
438,1426
439,2846
439,628
439,1438
439,2847
439,444
439,440
439,1817
439,2848
440,1192
440,1817
440,1790
441,1934
441,446
442,1324
442,921
442,1340
442,926
442,948
442,2103
444,629
444,1175
444,1345
444,2851
444,1340
444,1549
446,1934
446,1170
446,2358
447,1308
447,1430
447,1409
447,1385
447,1393
448,1934
448,870
450,451
450,452
450,453
450,454
450,455
450,456
450,457
450,458
451,638
451,667
451,668
451,669
452,638
452,688
452,667
453,638
454,638
454,1169
456,638
456,2437
457,638
458,638
458,3180
458,3181
459,460
460,554
461,462
462,463
462,464
462,465
462,466
462,467
462,468
462,469
462,470
462,471
462,472
462,473
462,474
462,475
462,476
462,477
462,478
462,479
462,480
462,481
462,482
462,483
463,468
463,469
463,470
463,473
463,476
463,478
463,479
464,468
464,469
464,470
464,471
464,472
464,473
464,476
464,477
464,478
464,479
464,481
464,483
465,469
465,470
465,473
465,478
465,479
465,481
466,469
466,470
466,472
466,473
466,478
466,479
466,481
466,483
467,468
467,473
467,479
468,1795
468,1499
468,1592
468,1328
468,1804
468,1768
468,1329
468,1769
468,1525
468,471
468,1526
468,1337
468,476
468,1355
468,1150
469,470
469,1980
471,1331
472,2634
472,914
473,2338
473,496
473,1814
473,862
473,1268
473,1815
473,795
473,501
474,476
475,784
477,804
478,2430
478,929
478,479
483,3345
484,485
484,486
484,487
484,488
484,489
484,490
485,1482
485,556
485,1771
485,1345
485,1348
485,1869
485,489
487,1485
487,559
488,1328
488,1329
488,1331
488,1408
488,1369
488,1372
488,1384
488,1304
488,1386
488,996
488,1625
489,526
489,490
490,3351
491,493
492,1018
492,1408
492,1623
492,1632
492,2198
492,1350
492,2690
492,1816
492,1363
492,2691
494,495
494,496
494,497
494,498
494,499
494,500
494,501
494,502
494,503
494,504
494,505
495,506
495,507
495,508
495,509
495,505
496,861
496,787
496,791
496,792
496,862
496,1887
496,498
496,858
496,500
496,679
496,795
496,796
496,1427
496,501
496,859
496,784
496,683
497,1443
497,527
497,1852
497,1281
497,1283
497,1766
497,1888
497,1889
498,1363
499,533
500,785
500,790
500,2643
500,791
500,826
500,830
500,841
500,788
500,838
501,2338
501,856
501,1814
501,772
501,862
501,779
501,1977
501,796
501,859
501,795
501,860
501,506
502,599
502,513
502,832
502,515
503,621
503,506
503,591
505,509
506,523
506,558
506,559
506,560
506,561
506,562
509,1603
509,2643
509,546
509,921
509,926
509,1347
509,521
510,511
510,512
511,1018
511,1017
511,1019
511,1020
512,1433
512,1438
512,1851
513,514
513,515
513,516
514,599
514,515
514,516
515,2338
515,516
517,518
517,519
517,520
519,2141
519,2279
519,2280
519,2281
519,1255
520,2141
520,2497
520,2962
520,668
520,2143
521,522
522,523
523,531
523,532
523,533
523,526
523,534
524,525
524,526
525,560
525,562
527,528
528,1771
528,2194
529,530
530,1324
530,1592
530,1328
530,1331
530,1493
530,1501
530,1344
530,1342
530,1619
530,1150
530,1788
530,2266
530,1496
530,1497
530,1498
530,1336
530,1536
530,1537
530,1489
530,1538
530,1540
530,1541
530,1791
530,1784
530,1578
530,1558
530,1355
530,1633
530,1790
530,1740
533,534
533,542
534,2993
534,785
534,3031
534,3030
534,1799
535,536
536,2139
536,1294
536,1292
536,1293
536,2140
537,1308
537,1309
537,1409
537,1385
537,1417
537,1316
538,1388
538,1304
538,1385
538,1431
538,1486
538,604
538,959
538,542
538,938
538,548
538,908
539,1941
540,785
540,678
540,826
540,2207
540,680
540,832
540,833
540,834
540,835
540,836
540,1143
540,2340
540,548
540,839
541,1431
541,921
541,926
541,604
541,543
542,1388
542,2416
542,1330
542,1603
542,1276
542,1385
542,938
542,844
542,939
542,1281
542,610
543,1388
543,938
545,1388
545,2359
546,2035
547,1023
548,2080
548,601
548,1331
548,1824
548,1535
548,678
548,1306
548,1484
548,2089
548,1171
548,1622
548,600
549,2035
549,1021
550,551
551,1018
551,1797
551,1772
552,553
552,554
552,555
553,554
553,1175
553,1778
553,1491
553,1493
553,1338
553,1843
554,1778
554,1729
554,1952
554,1953
554,1954
554,597
554,555
554,1955
554,874
554,1627
554,1832
555,1491
555,1587
556,557
557,768
558,1414
558,627
558,648
558,1423
558,1818
558,1476
558,1383
558,2444
558,1477
559,1388
559,1410
559,1438
559,1385
559,1314
559,1433
560,1222
563,564
563,565
563,566
563,567
563,568
563,569
563,570
563,571
563,572
563,573
563,574
563,575
563,576
563,577
563,578
563,579
563,580
563,581
563,582
563,583
563,584
563,585
563,586
563,587
563,588
563,589
564,1459
564,1891
564,1893
564,1892
564,1722
565,2468
565,2488
566,2729
567,568
568,2929
568,569
568,2930
568,2931
568,2932
568,2933
568,2934
568,2935
568,2936
569,2486
569,1700
569,2974
569,2977
569,1714
569,2935
570,2665
570,2668
571,1705
571,2468
571,2466
571,2470
571,2487
571,572
571,3043
572,2467
572,1705
572,573
572,574
572,1708
572,2466
572,2481
572,3043
572,1723
573,574
573,576
573,3044
574,576
574,3044
575,2665
575,2670
575,2671
575,2672
575,2669
575,2680
576,1705
576,2791
576,1880
576,2168
576,1882
576,3232
576,3109
576,2668
576,1700
576,2837
576,3044
576,2678
578,1710
578,1705
578,2665
578,3068
578,3065
578,2668
578,3019
578,2466
578,3069
578,1709
578,2709
583,2935
586,2941
586,1705
586,2055
586,2570
589,1710
589,3068
589,3065
589,3069
589,1709
589,2703
589,2709
589,3067
591,592
591,593
591,594
591,595
591,596
591,597
591,598
592,2393
592,1574
592,2158
592,594
592,1351
593,1795
593,1369
593,594
593,2158
593,1360
593,2394
594,595
594,2397
594,1475
594,1351
594,1172
596,608
597,601
597,1629
597,1630
597,1338
597,1496
597,1498
597,1537
597,1359
597,2521
597,1731
597,1740
597,1955
598,601
598,1514
598,1727
598,1328
598,1612
598,1368
598,1175
598,1629
598,1370
598,1630
598,1384
598,1373
600,601
600,602
600,603
600,604
600,605
600,606
600,607
601,1338
601,1499
601,1778
601,1508
601,1613
601,602
601,1823
601,1824
601,1629
601,603
601,1168
601,1825
601,1826
601,605
601,1624
601,1827
601,1555
601,1828
601,1556
601,607
601,1829
601,1489
601,1580
601,1830
601,1831
601,1832
602,1120
602,1913
602,1121
602,1119
602,1122
602,1823
602,803
602,1535
602,1123
602,1908
602,1130
602,1131
602,603
602,1128
602,1914
602,1135
602,1910
602,1922
602,1133
602,1911
603,1120
603,1913
603,1121
603,1119
603,2154
603,1122
603,1823
603,803
603,1915
603,1125
603,1535
603,2438
603,1908
603,1779
603,1130
603,2155
603,1128
603,2439
603,604
603,1127
603,2440
603,1910
603,1830
603,1911
604,2080
604,1824
604,1535
604,2089
606,2093
606,1823
606,1535
606,2783
606,1730
608,609
609,1296
609,1297
609,1298
609,1299
609,1300
611,612
611,613
611,614
611,615
612,1181
612,1180
612,1201
612,1190
612,885
612,1202
612,1203
612,1183
612,1184
612,1185
612,1186
612,1187
612,1204
612,1188
612,1205
612,727
612,1197
612,1198
612,1199
613,1408
613,1478
613,1414
613,1425
613,1444
613,1321
613,1415
613,1445
613,1447
613,1423
613,1205
613,1315
613,1480
613,1426
616,619
616,620
617,885
620,751
621,622
622,1281
623,624
623,625
626,627
626,628
626,629
627,1441
627,1442
627,1433
627,1383
628,629
628,1441
628,1442
629,2851
630,631
630,632
630,633
630,634
630,635
630,636
631,1434
631,1442
631,1373
631,1436
631,635
632,1222
632,2363
632,1229
633,1221
633,3142
634,3220
634,3221
634,635
635,2818
635,3220
635,1118
635,3221
635,2304
637,638
637,639
637,640
637,641
638,642
638,643
638,644
638,645
638,646
639,641
640,647
640,648
640,649
640,650
641,2345
643,667
648,1442
648,1414
648,649
648,692
648,1433
648,1383
648,1598
649,1442
649,2025
649,2024
649,2026
649,867
649,1598
651,652
651,653
651,654
651,655
651,656
651,657
652,754
654,754
654,760
655,706
656,2147
656,1403
656,680
656,832
656,1199
657,752
657,753
657,758
657,2016
657,3026
660,661
660,662
660,663
660,664
660,665
660,666
662,965
662,2542
662,2543
662,2537
662,2544
662,1658
662,663
662,2536
662,665
662,2545
663,965
663,1653
663,2542
663,2543
663,2537
663,2550
663,2544
663,1658
663,752
663,665
663,2545
665,2549
665,1406
665,2536
666,3135
668,2965
668,2966
668,688
668,2143
669,1295
670,671
670,672
670,673
671,672
671,737
671,673
672,737
672,3116
672,673
673,1251
673,1910
673,3152
673,1911
674,785
674,764
674,772
674,675
674,679
674,684
675,785
675,788
675,789
675,764
675,772
675,679
675,684
676,1148
676,677
677,1148
677,1153
677,681
677,685
678,785
678,826
678,788
678,2413
678,680
678,832
678,833
678,834
678,835
678,836
678,2414
678,2340
678,2341
678,839
679,792
679,793
679,772
679,796
679,684
680,785
680,829
680,828
680,2224
680,833
680,1192
680,834
680,835
680,832
681,1232
681,1148
681,1231
681,685
684,3295
684,785
684,789
684,772
684,850
685,1148
685,1153
686,687
687,1408
687,2082
688,689
688,690
688,691
689,1261
689,1262
689,1263
690,1746
690,1753
690,1754
690,1755
693,694
694,1052
694,2335
695,696
696,1071
696,1113
696,1114
696,1098
696,885
696,2248
696,1099
696,1206
696,2249
697,698
699,700
700,1455
700,2595
700,2362
700,915
700,2419
701,702
701,703
701,704
701,705
703,974
703,1192
703,1202
703,1418
703,954
704,761
704,712
704,2008
704,2009
705,1521
705,3240
706,707
706,708
706,709
706,710
706,711
706,712
706,713
706,714
706,715
706,716
706,717
706,718
707,1981
707,708
707,710
707,711
707,1982
707,712
707,1983
707,1984
707,1985
707,715
707,1986
707,1987
707,1988
707,1989
707,717
707,1990
708,711
708,1981
708,709
708,710
708,712
708,1991
708,1992
708,1983
708,1984
708,1985
708,1193
708,715
708,1986
708,1993
708,1994
708,728
708,1995
708,1987
708,1996
708,1997
709,1982
709,1998
709,1981
709,710
710,711
710,1982
710,712
710,1991
710,1992
710,1983
710,1984
710,897
710,1981
710,1994
710,1995
710,1987
710,1963
711,719
711,1982
711,715
711,1990
712,1982
712,1449
713,721
713,1646
714,2250
714,2251
714,1636
714,885
714,2233
714,1639
714,2252
714,1963
715,1982
715,2257
715,1991
715,885
715,1449
716,2529
716,1659
716,1963
719,720
720,1960
721,722
721,723
724,725
724,726
724,727
724,728
724,729
725,1308
725,726
725,2652
726,727
726,1291
726,2658
727,1190
727,2270
727,2149
727,1291
727,1404
728,729
728,2538
728,2537
728,2546
728,1401
730,731
730,732
731,809
731,880
731,1977
731,874
733,734
733,735
734,736
738,739
738,740
738,741
739,2019
739,2020
739,2021
740,2900
740,2808
740,2810
740,741
741,2900
742,743
742,744
742,745
742,746
743,747
743,748
743,746
744,2565
745,3350
747,2184
747,2183
747,748
747,2185
749,750
750,1054
753,754
753,755
754,756
754,757
755,2321
755,2322
755,2323
755,2324
757,900
758,759
760,3049
762,769
762,763
762,764
762,765
762,770
762,771
762,772
762,773
762,774
762,775
762,776
762,766
762,767
762,777
762,768
763,764
763,765
763,769
763,770
763,771
763,772
763,773
763,774
763,775
763,766
763,767
763,768
764,778
764,769
764,770
764,771
764,772
764,779
764,773
764,765
764,766
764,767
764,768
764,780
765,769
765,781
765,771
765,782
765,766
765,767
765,768
766,771
766,773
766,767
766,768
767,769
767,771
767,823
767,773
768,3311
768,3312
768,3167
769,783
769,770
769,771
769,772
769,773
769,774
770,772
770,786
771,772
771,773
771,774
772,778
772,785
772,787
772,779
773,774
773,775
773,797
774,815
776,2243
776,1408
776,885
777,2189
777,1522
777,1798
777,1629
777,1630
777,1595
777,1525
777,1339
777,1554
777,1504
777,1597
777,1354
777,1357
778,784
779,790
779,791
779,792
779,793
779,794
779,795
779,796
780,791
780,1576
780,2724
780,1321
780,2142
780,1343
780,1892
780,782
780,937
780,2808
781,809
781,810
781,811
781,812
781,813
781,814
781,815
781,816
781,817
782,818
782,819
782,820
782,821
782,822
782,823
783,824
783,825
784,1319
784,2341
785,788
785,826
785,827
785,828
785,829
785,830
785,831
785,832
785,833
785,834
785,835
785,836
785,837
785,838
785,839
786,2952
786,2951
787,791
787,840
787,830
787,841
787,792
787,842
787,793
787,794
787,843
787,844
787,845
787,846
787,847
787,848
787,849
788,826
788,850
788,831
788,833
788,851
788,838
788,852
788,846
789,853
790,854
790,791
790,793
790,794
790,840
790,855
791,853
791,856
791,794
791,857
791,858
791,855
791,859
791,860
792,861
792,862
792,858
792,855
792,796
792,859
793,818
793,840
793,820
793,862
793,796
793,859
793,863
794,856
794,864
794,865
794,858
794,866
794,859
794,867
795,2338
795,1814
795,862
795,796
795,1815
797,921
798,1142
798,1143
798,805
799,800
799,2056
800,2057
800,2058
800,2059
801,1916
801,2060
801,2056
802,2342
802,2343
802,2341
802,808
803,1137
804,1359
807,1916
807,1919
807,1907
808,1120
808,1912
808,1121
808,1122
808,1124
808,1125
808,1907
808,3020
808,1128
808,1920
809,820
809,871
809,811
809,872
809,873
809,815
809,874
810,811
811,871
811,812
811,1975
811,874
812,813
812,815
813,2496
813,1975
813,814
813,815
814,3224
815,873
816,1676
816,921
816,926
816,944
817,1442
818,820
818,875
818,876
818,877
819,880
819,881
819,882
819,883
819,884
820,823
820,871
820,885
820,886
820,870
821,822
821,823
821,871
821,880
821,887
822,888
822,889
822,823
822,871
822,887
823,872
823,889
823,880
823,871
823,890
823,891
823,892
824,842
824,2967
824,1020
825,1851
826,1283
826,1438
826,827
826,828
826,829
826,832
826,833
826,834
826,835
826,836
826,838
826,839
827,828
829,2207
830,841
830,842
830,845
830,855
830,838
830,852
830,2110
830,846
830,2967
831,2992
831,1701
831,857
831,838
832,1113
832,1234
832,1309
832,974
832,1311
832,836
832,2413
832,833
832,2207
832,851
832,1300
832,1192
832,850
832,834
832,1202
832,1405
832,835
833,836
833,834
833,835
833,839
834,836
834,2207
834,835
834,3206
834,839
835,836
835,839
836,2093
836,2092
836,839
837,2900
838,2551
838,2992
838,852
838,848
841,842
841,845
841,846
842,845
842,846
842,1020
844,1276
845,2992
845,855
845,852
845,2110
845,846
846,852
846,1151
846,1851
846,848
847,2551
848,2992
848,852
848,1151
852,2992
852,871
853,855
853,1153
854,2084
854,2111
855,1815
856,1331
856,2650
856,2651
857,2993
857,2309
857,2310
857,2254
857,1130
857,1352
857,2831
858,861
859,1603
859,862
859,1772
860,2309
860,1601
860,862
860,1816
860,1819
861,1878
862,2113
863,1456
864,2095
864,2096
864,2083
864,2084
864,2085
864,2097
864,865
864,866
864,1611
864,2098
865,2086
865,2088
866,1367
866,1610
866,1371
866,1623
866,1622
866,2973
866,2085
866,1624
866,1496
866,1497
866,1498
866,1536
866,1537
866,1538
866,1540
869,2551
869,2101
870,1916
870,1115
870,3039
870,3235
870,871
871,1676
871,880
871,1596
872,880
872,1850
874,3258
874,1955
875,3161
875,1767
875,1450
875,3160
876,962
878,924
878,921
878,926
878,3036
878,947
879,3293
880,889
880,890
881,2260
884,3204
884,1304
884,1297
884,1387
884,1305
885,1160
885,2226
885,2227
885,2228
885,2229
885,1193
885,1932
885,2230
885,2231
885,1418
885,1203
885,2232
885,2233
885,2234
885,964
885,1403
885,1446
885,1449
886,2359
887,3179
888,1976
889,892
890,1879
890,1027
890,3257
890,2500
890,3194
890,1026
890,2501
890,2912
890,1025
892,1537
893,894
893,895
894,900
895,1264
895,975
896,897
896,898
896,899
897,1039
897,1078
897,898
897,1076
897,1079
898,1078
898,1071
898,2223
898,1103
898,1076
898,3190
899,2708
899,1863
901,902
901,903
902,944
903,944
904,905
904,906
904,907
904,908
905,914
905,1277
905,1278
905,1279
905,908
907,1148
907,914
908,3050
908,914
909,910
910,2300
911,912
911,913
912,2034
912,2416
912,921
912,926
912,2104
912,959
913,2034
913,1858
913,958
916,917
917,1461
917,2127
919,920
919,921
919,922
920,923
921,924
921,925
921,926
921,927
921,928
921,929
921,930
921,931
921,932
921,933
921,934
921,935
921,936
921,937
921,938
921,939
921,940
921,941
921,942
921,943
921,944
921,945
921,946
921,947
921,948
921,949
921,950
921,951
921,952
921,953
922,1221
922,3340
923,925
923,3331
924,926
924,928
924,932
924,954
924,947
924,955
925,956
925,931
925,932
925,933
925,940
925,942
925,947
926,957
926,927
926,958
926,929
926,959
926,932
926,934
926,960
926,938
926,943
926,945
926,947
926,961
926,962
926,948
926,951
926,952
926,953
927,1385
927,1411
928,957
928,1456
928,2199
928,953
929,1456
929,1457
929,958
929,2430
929,1411
929,959
929,935
929,939
930,1430
930,1385
930,1411
930,1315
931,2641
931,2640
931,960
932,1331
932,954
932,2622
932,933
932,2596
932,934
932,1343
934,957
934,2728
934,960
935,2208
935,1306
935,1334
935,1307
935,1456
935,1386
935,1389
936,2925
937,1482
937,960
937,942
938,1385
938,2728
939,1388
939,1276
939,1481
940,1654
940,949
941,3199
941,945
943,1309
943,1385
943,1300
943,3278
944,1676
945,3199
945,3198
945,946
945,949
945,950
946,3199
946,3198
946,2950
948,1456
948,1457
948,1411
949,950
949,951
951,3015
954,1234
955,1764
955,1765
956,963
956,964
956,965
956,966
956,967
957,968
957,959
958,976
958,1456
958,1411
958,1397
959,2416
959,2035
959,1782
960,1093
960,1052
960,1054
960,1055
960,2987
960,1086
960,1049
960,1068
960,1070
960,1043
960,1075
961,1482
961,1018
961,1384
961,1379
961,1634
962,1998
962,1450
962,3160
962,1189
963,1697
965,2542
965,2544
968,1022
969,970
969,971
969,972
970,1035
970,2785
971,2960
972,2504
973,974
974,1181
974,1402
974,1182
974,1299
974,1300
974,1313
974,1321
974,1403
974,1192
974,1183
974,1404
974,1200
974,1405
974,1406
974,1407
974,1199
976,977
977,979
977,980
977,981
977,982
977,983
977,984
977,985
977,986
977,987
977,988
977,989
977,990
977,991
977,992
977,993
977,994
977,995
977,996
977,997
977,998
977,999
977,1000
977,1001
977,1002
977,1003
977,1004
977,1005
977,1006
977,1007
977,1008
977,1009
977,1010
977,1011
977,1012
977,1013
977,1014
978,1388
978,2359
978,2030
978,3230
979,980
980,981
980,982
980,983
981,982
981,983
981,2042
981,984
981,2043
981,986
981,2044
981,988
981,989
981,1236
981,990
981,991
981,992
981,993
981,994
981,2045
981,996
981,997
981,998
981,2046
981,999
981,2047
981,1000
981,1003
981,2048
981,2049
981,1006
981,1008
981,2050
981,2051
981,2052
981,2053
981,1012
981,2054
982,2042
982,984
982,2043
982,988
982,1236
982,993
982,2045
982,996
982,997
982,998
982,1000
982,2049
982,1006
982,2050
982,2051
982,2052
982,2053
982,2054
982,1013
983,2042
983,985
984,2055
984,2042
984,2043
984,994
984,1711
984,1000
984,2051
985,1011
986,2644
987,2044
987,2696
987,2412
987,2753
987,2759
987,2750
987,2761
987,993
987,2751
987,2763
987,2767
987,2777
987,2054
988,2042
988,989
988,2043
988,1236
988,996
988,1013
989,990
989,1008
989,1013
990,1235
990,2886
990,1007
990,1008
991,2956
991,996
991,998
991,2046
991,999
991,2047
991,2048
991,2957
991,2052
991,2053
992,1879
992,2963
992,2042
992,2964
992,2043
993,2044
993,2696
993,2412
993,1235
993,2766
993,2054
994,2463
994,2042
994,2043
996,2042
996,1236
997,2042
997,2644
998,2042
998,1236
998,2644
998,1013
999,2644
1000,2042
1000,2043
1000,2049
1001,3219
1001,1010
1003,2434
1006,3219
1006,2042
1006,2043
1006,1013
1007,2171
1007,1237
1008,2042
1008,2043
1009,3264
1009,2618
1010,1011
1011,3219
1013,2042
1013,2043
1013,1780
1015,1016
1016,1852
1018,1328
1018,1329
1018,1331
1018,1340
1018,1613
1018,1797
1018,1524
1018,1350
1018,1379
1018,1899
1018,1580
1018,1588
1018,1020
1019,1368
1019,1525
1019,1526
1019,1340
1019,1502
1019,1366
1020,1796
1020,1328
1020,1329
1020,1331
1020,1332
1020,1369
1020,1335
1020,2724
1020,1793
1020,1340
1020,1772
1020,1150
1020,1496
1020,1497
1020,1498
1020,1537
1024,1025
1024,1026
1024,1027
1025,2500
1025,2501
1026,1027
1026,2958
1026,2959
1027,2289
1027,2958
1027,2318
1027,2960
1027,1036
1028,1029
1029,1061
1030,1031
1030,1032
1031,2167
1031,2821
1031,1032
1031,2823
1031,2774
1031,2118
1032,2821
1032,2823
1032,2774
1033,1034
1034,1110
1034,1857
1034,1856
1035,1036
1036,2318
1036,2785
1036,1213
1036,1214
1039,1048
1039,1049
1039,1040
1039,1046
1039,1050
1039,1051
1040,1052
1040,1049
1040,1041
1040,1045
1040,1047
1040,1053
1040,1051
1041,1052
1041,1054
1041,1055
1041,1049
1041,1056
1041,1057
1041,1058
1041,1059
1041,1060
1042,1061
1042,1062
1043,1054
1043,1063
1043,1064
1043,1065
1043,1066
1043,1067
1044,1056
1044,1068
1044,1067
1045,1052
1045,1069
1045,1070
1046,1049
1046,1073
1046,1047
1046,1074
1047,1052
1047,1055
1047,1075
1047,1067
1048,1049
1049,1073
1049,1050
1049,1076
1049,1051
1049,1059
1049,1077
1051,3337
1052,1055
1052,1056
1052,1057
1052,1069
1052,1070
1052,1080
1052,1058
1052,1081
1052,1059
1052,1077
1052,1082
1053,2066
1053,2061
1054,1058
1054,1083
1054,1081
1054,1059
1054,1060
1055,1056
1056,1088
1056,1057
1056,1081
1057,1088
1057,1058
1057,1060
1058,1070
1058,1080
1060,1070
1061,2424
1061,2982
1061,2333
1062,2731
1062,2732
1063,1064
1063,1066
1063,1085
1063,1086
1063,1067
1064,1066
1064,1085
1064,1067
1065,1083
1066,1085
1066,1067
1068,1092
1069,1070
1071,1095
1071,1096
1071,1097
1071,1098
1071,1099
1071,1100
1071,1101
1071,1102
1071,1103
1071,1104
1071,1105
1071,1106
1071,1107
1071,1108
1071,1109
1072,1110
1072,1111
1074,2682
1075,1080
1076,1078
1076,3191
1076,2223
1076,2500
1076,2840
1078,2223
1078,1082
1079,1107
1081,1956
1082,2062
1085,1118
1087,2818
1090,1112
1090,1113
1090,1114
1090,1115
1090,1099
1090,1098
1090,1116
1090,1104
1090,1117
1091,1880
1091,1881
1092,2526
1092,2530
1092,2528
1094,3004
1095,1097
1096,2069
1096,1251
1096,2070
1096,1253
1098,1112
1098,1113
1098,1099
1098,1206
1099,1112
1099,1113
1099,1114
1099,1206
1099,1117
1099,1109
1100,1162
1100,1158
1101,3104
1101,1102
1101,2482
1102,3106
1102,3107
1102,3108
1102,2943
1104,1112
1104,1113
1104,1116
1104,1829
1105,2665
1105,2672
1105,2677
1105,2676
1106,3104
1106,3055
1106,3231
1108,1705
1108,3355
1108,1493
1108,2783
1109,1112
1109,1113
1110,2990
1110,2237
1112,1113
1112,1114
1113,1114
1113,1206
1113,1117
1114,1193
1114,1117
1114,1400
1114,2264
1116,1162
1118,1221
1119,1120
1119,1121
1119,1122
1119,1123
1119,1124
1119,1125
1119,1126
1119,1127
1119,1128
1119,1129
1120,1121
1120,1130
1120,1122
1120,1131
1120,1125
1120,1128
1120,1132
1120,1133
1120,1134
1121,1131
1121,1125
1121,1126
1121,1135
1121,1136
1121,1137
1121,1132
1121,1133
1121,1134
1122,1906
1122,1912
1122,1913
1122,1131
1122,1130
1122,1123
1122,1908
1122,1124
1122,1125
1122,1127
1122,1914
1122,1135
1122,1909
1122,1137
1122,1910
1122,1911
1123,1131
1123,1124
1123,1915
1123,1125
1123,1130
1123,1908
1123,1127
1123,1914
1123,1910
1123,1911
1124,1906
1124,1916
1124,1126
1124,1125
1125,1906
1125,1916
1125,1913
1125,1919
1125,1131
1125,1126
1125,1915
1125,1127
1125,1128
1125,1909
1126,1906
1126,1916
1126,1131
1126,1127
1126,1909
1126,1828
1127,1916
1127,1915
1127,1130
1127,2155
1127,1128
1127,1910
1127,1920
1128,1906
1128,1908
1128,1130
1128,1910
1128,1132
1128,1911
1128,2441
1129,2195
1129,1218
1129,1598
1130,1906
1130,1907
1130,1908
1130,1909
1130,1910
1130,1132
1130,1911
1131,1906
1131,1912
1131,1919
1131,1135
1131,1920
1131,1133
1132,1906
1132,1912
1132,1908
1132,3093
1132,3095
1132,1250
1132,1251
1132,1909
1132,1911
1133,1906
1133,1912
1133,1823
1133,2701
1133,1909
1133,1920
1134,2441
1136,1575
1136,1923
1136,2841
1137,2648
1137,2151
1137,2663
1138,1139
1138,1140
1139,1328
1139,1329
1139,1742
1139,1331
1139,1332
1139,1369
1139,1492
1139,1390
1139,1572
1139,1494
1139,1517
1139,1513
1139,1141
1139,1493
1139,1537
1139,1566
1139,1743
1140,1742
1140,1523
1140,1743
1144,1145
1144,1146
1144,1147
1145,2142
1145,1147
1145,2560
1147,1179
1148,1151
1148,1152
1149,2720
1149,1269
1149,2723
1149,2718
1149,2724
1149,1268
1149,1272
1150,1796
1150,1325
1150,1499
1150,1528
1150,1576
1150,1595
1150,1793
1150,1531
1150,1340
1150,1343
1151,2788
1152,2533
1153,2985
1155,1156
1155,1157
1156,2731
1156,2842
1156,2258
1157,2731
1157,2842
1158,1159
1158,1160
1158,1161
1158,1162
1158,1163
1158,1164
1159,1636
1160,1964
1160,1658
1160,1965
1160,2242
1160,1164
1161,2884
1162,1636
1164,2446
1164,1964
1164,1962
1164,1966
1164,2218
1165,1166
1166,1883
1167,1168
1168,1823
1168,1542
1168,1825
1168,1829
1169,1170
1169,1171
1169,1172
1169,1173
1171,1793
1171,1491
1171,1493
1171,1494
1171,1738
1171,1513
1171,1337
1171,1498
1171,1801
1171,1383
1171,1743
1172,1493
1172,1738
1172,1739
1172,2158
1172,1498
1174,1175
1175,1698
1175,1701
1175,1702
1175,1703
1177,1742
1177,1537
1177,1783
1177,1886
1177,2515
1177,2516
1177,1561
1177,1822
1180,1181
1180,1182
1180,1183
1180,1184
1180,1185
1180,1186
1180,1187
1180,1188
1180,1189
1181,1190
1181,1191
1181,1192
1181,1193
1181,1183
1181,1184
1181,1185
1181,1186
1181,1187
1181,1188
1181,1194
1181,1195
1181,1196
1181,1197
1181,1198
1181,1199
1182,1421
1182,1422
1182,1408
1182,1423
1183,1190
1183,1191
1183,1192
1184,1191
1184,1193
1184,2263
1184,1192
1184,1198
1185,2313
1185,1991
1185,2244
1185,1203
1185,1446
1185,1186
1185,1187
1185,1204
1185,1480
1185,2235
1185,2314
1185,2009
1185,2315
1185,1449
1185,2316
1185,2317
1185,1198
1186,2313
1186,1187
1186,1446
1186,2244
1186,1204
1186,2314
1186,2009
1186,2315
1186,1449
1186,2316
1186,2317
1186,1198
1187,2313
1187,1446
1187,2244
1187,1204
1187,1188
1187,2246
1187,2314
1187,2009
1187,1449
1187,1196
1187,2348
1187,1197
1187,1198
1187,1199
1188,1191
1188,1425
1188,1444
1188,2257
1188,1321
1188,1415
1188,1445
1188,1416
1188,2541
1188,1447
1188,1448
1188,2536
1188,1194
1188,1195
1188,1196
1188,1197
1188,1412
1188,1199
1189,1453
1189,1998
1189,1400
1190,1200
1191,1192
1191,1200
1191,1196
1191,1197
1191,1198
1192,1308
1192,1234
1192,1402
1192,2133
1192,1309
1192,2228
1192,1299
1192,1310
1192,1193
1192,1425
1192,1444
1192,1479
1192,1415
1192,1445
1192,1311
1192,1312
1192,1313
1192,1300
1192,1392
1192,1403
1192,1423
1192,2235
1192,1194
1192,1406
1192,1195
1193,2133
1193,1194
1193,1200
1193,1195
1193,2247
1193,1196
1193,1197
1193,1199
1194,1402
1194,1266
1194,1321
1194,2807
1194,2276
1194,1404
1194,1199
1195,1402
1195,1321
1195,2807
1195,2276
1195,1404
1195,3135
1195,1199
1196,1204
1196,2246
1196,2348
1197,1425
1197,1444
1197,2257
1197,1321
1197,1415
1197,1445
1197,1416
1197,2541
1197,1447
1197,1448
1198,1760
1198,1199
1199,1309
1199,1266
1199,1321
1199,2276
1199,1404
1199,1426
1199,1403
1200,2228
1200,1204
1200,2599
1200,3029
1202,1413
1202,1999
1202,1403
1202,1205
1202,1405
1202,1395
1202,1412
1203,1449
1204,2228
1204,2244
1204,2349
1204,1449
1205,1425
1205,1444
1205,1321
1205,1415
1205,1445
1205,1416
1205,1315
1205,1480
1206,2534
1207,1208
1207,1209
1207,1210
1208,2752
1208,2740
1208,2044
1208,2753
1208,2742
1208,2744
1208,2750
1208,2754
1208,2755
1208,2756
1209,2044
1209,2696
1209,2700
1209,2697
1209,2004
1209,2748
1209,2045
1209,2766
1210,2741
1210,3259
1210,2045
1210,2748
1215,1216
1216,1341
1217,1218
1218,2953
1219,1220
1219,1221
1220,1222
1220,1223
1220,1224
1220,1225
1220,1226
1220,1227
1220,1228
1220,1229
1221,1230
1222,1462
1222,2367
1222,1224
1222,2128
1222,2368
1222,1436
1222,2369
1222,1225
1222,2363
1222,1229
1223,1428
1223,2361
1223,1224
1223,2363
1224,1428
1224,2361
1224,2367
1224,1462
1224,2363
1224,1229
1225,2367
1225,2369
1225,2128
1225,1229
1227,1428
1229,1462
1229,2367
1229,2363
1231,1232
1233,1234
1234,1476
1234,2262
1235,1236
1235,1237
1236,2042
1237,1879
1237,2171
1237,3131
1237,3132
1238,1239
1238,1240
1239,1879
1239,2178
1240,1926
1240,3323
1240,3325
1241,1242
1241,1243
1242,3260
1243,2606
1244,1245
1244,1246
1245,1246
1245,1247
1245,1248
1245,1249
1245,1250
1245,1251
1245,1252
1245,1253
1245,1254
1245,1255
1246,1251
1247,1248
1247,1252
1247,1253
1247,3127
1248,1253
1248,3127
1250,2069
1250,1251
1250,2878
1250,3094
1250,1253
1251,2870
1251,2070
1251,2911
1251,2069
1252,1253
1253,2477
1253,1692
1253,3094
1254,3294
1256,1257
1256,1258
1256,1259
1256,1260
1257,2606
1257,3064
1258,2217
1258,3174
1258,3175
1258,1671
1258,2855
1261,1683
1261,2136
1261,1293
1261,1753
1261,1684
1261,1689
1261,2135
1261,1755
1262,2828
1262,2830
1262,1263
1263,2138
1267,1268
1267,1269
1267,1270
1267,1271
1267,1272
1267,1273
1267,1274
1268,1269
1268,2718
1268,1814
1268,1772
1268,2719
1269,2720
1269,2718
1269,2721
1269,1270
1269,1271
1269,1272
1269,1273
1269,1547
1269,2722
1270,1271
1270,1272
1270,1273
1271,2720
1271,2718
1271,1272
1271,1273
1271,2968
1271,2969
1272,2720
1272,1547
1272,1273
1274,2720
1276,1280
1276,1281
1277,1431
1277,2030
1277,1278
1277,1281
1278,1431
1278,1279
1279,1431
1279,2127
1279,2128
1279,2523
1280,1282
1280,1283
1280,1284
1280,1285
1281,2415
1281,1431
1281,2030
1281,1300
1282,1286
1282,1287
1282,1283
1282,1288
1282,1284
1282,1289
1283,1287
1283,2533
1283,2531
1284,2126
1284,1461
1284,2532
1284,1287
1284,1766
1284,1289
1284,1285
1284,2032
1284,1889
1286,2122
1286,1287
1287,1461
1287,1852
1287,1288
1287,1289
1288,1461
1288,2532
1288,1289
1288,2127
1288,1852
1288,1889
1290,1291
1292,1293
1293,1294
1297,1306
1297,1304
1297,1307
1297,1305
1299,1308
1299,1309
1299,1310
1299,1300
1299,1311
1299,1312
1299,1313
1299,1314
1300,1308
1300,1309
1300,1310
1300,1311
1300,1312
1300,1313
1300,1314
1300,1315
1300,1316
1300,1317
1301,1318
1301,1319
1302,1320
1302,1321
1302,1322
1302,1323
1303,1367
1303,1328
1303,1329
1303,1331
1303,1368
1303,1369
1303,1370
1303,1371
1303,1372
1303,1373
1303,1334
1303,1335
1303,1374
1303,1375
1303,1376
1303,1349
1303,1350
1303,1377
1303,1378
1303,1379
1303,1380
1303,1381
1303,1382
1303,1383
1304,1308
1304,1372
1304,1384
1304,1385
1304,1386
1304,1387
1304,1305
1305,3348
1305,3349
1305,1793
1305,1307
1305,2209
1306,1388
1306,1372
1306,1307
1306,1386
1306,1389
1307,1391
1308,1320
1308,1309
1308,1310
1308,1311
1308,1385
1308,1392
1308,1393
1308,1315
1308,1394
1308,1395
1308,1317
1308,1396
1309,1311
1309,1312
1309,1313
1309,1321
1309,1397
1309,1398
1309,1399
1309,1395
1309,1400
1309,1401
1310,1311
1310,1392
1311,1408
1311,1409
1311,1385
1311,1313
1311,1315
1311,1317
1311,1396
1312,1410
1312,1409
1312,1385
1312,1321
1312,1411
1312,1314
1312,1315
1312,1317
1312,1412
1313,1413
1313,1414
1313,1415
1313,1416
1313,1412
1314,1410
1314,1458
1314,1409
1314,1385
1314,1411
1314,1393
1314,1433
1314,1315
1315,1454
1315,1430
1315,1425
1315,1444
1315,1385
1315,1321
1315,1415
1315,1445
1315,1411
1315,1416
1315,1447
1315,1426
1317,2260
1317,2236
1318,1934
1321,1408
1321,1322
1321,1415
1321,1416
1321,1444
1321,1445
1321,1446
1321,1447
1321,1448
1321,1449
1321,1450
1321,1451
1321,1395
1321,1452
1323,1424
1323,1524
1323,1887
1324,1592
1324,1558
1324,1355
1324,1593
1325,1507
1325,1515
1325,1528
1325,1594
1325,1595
1325,1531
1325,1596
1325,1597
1325,1569
1326,1583
1326,1362
1326,1365
1327,1362
1327,1598
1328,1490
1328,1372
1328,1331
1328,1369
1328,1390
1328,1329
1328,1333
1328,1368
1328,1370
1328,1373
1328,1334
1328,1335
1328,1491
1328,1492
1328,1493
1328,1494
1328,1495
1328,1337
1328,1338
1328,1496
1328,1497
1328,1498
1328,1499
1328,1500
1328,1501
1328,1339
1328,1502
1328,1503
1328,1504
1328,1343
1328,1505
1328,1344
1328,1506
1328,1507
1328,1508
1328,1509
1328,1510
1328,1511
1328,1512
1328,1513
1328,1514
1328,1515
1328,1516
1328,1345
1328,1517
1328,1518
1328,1519
1328,1520
1328,1521
1328,1522
1328,1523
1328,1524
1328,1525
1328,1526
1328,1484
1328,1527
1328,1346
1328,1528
1328,1529
1328,1530
1328,1472
1328,1531
1328,1532
1328,1533
1328,1534
1328,1535
1328,1536
1328,1537
1328,1538
1328,1539
1328,1348
1328,1540
1328,1541
1328,1542
1328,1377
1328,1543
1328,1544
1328,1545
1328,1546
1328,1547
1328,1352
1328,1548
1328,1549
1328,1550
1328,1551
1328,1552
1328,1553
1328,1354
1328,1554
1328,1555
1328,1556
1328,1557
1328,1558
1328,1559
1328,1560
1328,1561
1328,1562
1328,1563
1328,1564
1328,1565
1328,1566
1328,1567
1328,1362
1328,1568
1328,1569
1328,1570
1329,1599
1329,1372
1329,1331
1329,1369
1329,1390
1329,1368
1329,1373
1329,1334
1329,1491
1329,1492
1329,1493
1329,1494
1329,1338
1329,1497
1329,1498
1329,1501
1329,1339
1329,1502
1329,1503
1329,1504
1329,1343
1329,1505
1329,1344
1329,1507
1329,1508
1329,1509
1329,1510
1329,1512
1329,1513
1329,1515
1329,1345
1329,1517
1329,1518
1329,1519
1329,1520
1329,1522
1329,1573
1329,1525
1329,1526
1329,1484
1329,1527
1329,1346
1329,1529
1329,1472
1329,1531
1329,1532
1329,1533
1329,1534
1329,1536
1329,1537
1329,1538
1329,1539
1329,1348
1329,1540
1329,1541
1329,1542
1329,1377
1329,1577
1329,1546
1329,1352
1329,1548
1329,1549
1329,1551
1329,1553
1329,1554
1329,1559
1329,1600
1329,1561
1329,1564
1329,1565
1329,1566
1329,1567
1329,1582
1329,1569
1329,1570
1330,1335
1330,1495
1330,1500
1330,1601
1330,1602
1330,1552
1330,1603
1330,1355
1330,1604
1330,1605
1330,1606
1330,1362
1330,1598
1330,1607
1331,1490
1331,1372
1331,1384
1331,1369
1331,1390
1331,1333
1331,1368
1331,1373
1331,1334
1331,1335
1331,1491
1331,1492
1331,1493
1331,1494
1331,1571
1331,1495
1331,1337
1331,1338
1331,1497
1331,1498
1331,1500
1331,1501
1331,1339
1331,1502
1331,1503
1331,1504
1331,1343
1331,1505
1331,1507
1331,1508
1331,1509
1331,1510
1331,1511
1331,1512
1331,1572
1331,1513
1331,1515
1331,1516
1331,1345
1331,1517
1331,1518
1331,1519
1331,1520
1331,1521
1331,1522
1331,1573
1331,1524
1331,1525
1331,1526
1331,1484
1331,1374
1331,1527
1331,1346
1331,1528
1331,1472
1331,1531
1331,1574
1331,1347
1331,1532
1331,1533
1331,1534
1331,1575
1331,1535
1331,1536
1331,1537
1331,1538
1331,1539
1331,1348
1331,1540
1331,1541
1331,1542
1331,1377
1331,1543
1331,1576
1331,1545
1331,1577
1331,1546
1331,1352
1331,1548
1331,1549
1331,1550
1331,1551
1331,1553
1331,1354
1331,1554
1331,1558
1331,1578
1331,1559
1331,1579
1331,1560
1331,1561
1331,1356
1331,1562
1331,1358
1331,1359
1331,1580
1331,1581
1331,1563
1331,1564
1331,1565
1331,1566
1331,1567
1331,1582
1331,1568
1331,1569
1331,1570
1332,1516
1332,1345
1332,1509
1332,1517
1332,1369
1332,1493
1332,1501
1332,1339
1332,1503
1332,1504
1332,1343
1332,1505
1332,1510
1332,1515
1332,1520
1332,1524
1332,1525
1332,1526
1332,1346
1332,1533
1332,1536
1332,1348
1332,1540
1332,1541
1332,1608
1332,1377
1332,1548
1332,1549
1332,1550
1332,1553
1332,1561
1332,1566
1332,1570
1332,1609
1333,1500
1333,1552
1334,1368
1334,1369
1334,1370
1334,1371
1334,1372
1334,1384
1334,1373
1334,1335
1334,1483
1334,1484
1334,1374
1334,1631
1334,1375
1334,1349
1334,1350
1334,1632
1334,1377
1334,1378
1334,1633
1334,1485
1334,1381
1334,1382
1334,1383
1334,1634
1334,1412
1335,1592
1335,1635
1335,1495
1335,1369
1335,1371
1335,1483
1335,1342
1335,1375
1335,1632
1335,1382
1335,1383
1336,1635
1336,1495
1336,1337
1336,1338
1336,1496
1336,1497
1336,1498
1336,1758
1336,1540
1336,1763
1336,1558
1336,1566
1337,1499
1337,1769
1337,1495
1337,1770
1337,1369
1337,1500
1337,1501
1337,1339
1337,1340
1337,1728
1337,1502
1337,1503
1337,1504
1337,1771
1337,1671
1337,1483
1337,1772
1337,1341
1337,1342
1337,1343
1337,1584
1337,1505
1338,1773
1338,1368
1338,1774
1338,1775
1338,1776
1338,1369
1338,1492
1338,1370
1338,1777
1338,1390
1338,1778
1338,1779
1338,1491
1338,1614
1338,1344
1338,1340
1338,1506
1338,1507
1338,1622
1338,1508
1338,1780
1338,1496
1338,1731
1338,1597
1338,1489
1338,1781
1339,1499
1339,1768
1339,1769
1339,1495
1339,1522
1339,1523
1339,1798
1339,1369
1339,1492
1339,1390
1339,1778
1339,1493
1339,1502
1339,1348
1339,1597
1339,1354
1339,1791
1340,1368
1340,1629
1340,1573
1340,1524
1340,1350
1340,1363
1340,1787
1341,1527
1341,1364
1342,1495
1342,1504
1342,1671
1342,1558
1342,1817
1342,1366
1343,1583
1343,1490
1343,1589
1343,1368
1343,1369
1343,1820
1343,1390
1343,1572
1343,1521
1343,1493
1343,1494
1343,1821
1343,1822
1344,1369
1344,1492
1344,1841
1344,1390
1344,1509
1344,1497
1344,1504
1344,1506
1344,1510
1344,1511
1344,1513
1344,1527
1344,1472
1344,1536
1344,1546
1344,1550
1344,1558
1344,1791
1344,1578
1344,1382
1344,1819
1344,1740
1344,1563
1344,1842
1344,1568
1344,1570
1345,1878
1345,1804
1345,1368
1345,1529
1345,1516
1345,1369
1345,1492
1345,1509
1345,1517
1345,1346
1345,1348
1345,1540
1345,1608
1345,1566
1345,1609
1346,1804
1346,1368
1346,1529
1346,1408
1346,1369
1346,1797
1346,1793
1346,1819
1347,1872
1347,1628
1347,1727
1347,1589
1347,1519
1347,1372
1347,1521
1347,2409
1347,1794
1347,1532
1347,1542
1347,1763
1347,2163
1347,1600
1347,1786
1348,1878
1348,1804
1348,1368
1348,1516
1348,1369
1348,1492
1348,2517
1348,1509
1348,1517
1348,1506
1348,1608
1348,1585
1348,1538
1348,1540
1348,1566
1349,1371
1349,1622
1349,1350
1350,1594
1350,1769
1350,1371
1350,1484
1350,1374
1350,1521
1350,1375
1350,1813
1350,1631
1350,1632
1350,1507
1350,1643
1350,1377
1350,1378
1350,1389
1350,1483
1350,1763
1350,1633
1350,1379
1350,1791
1350,1380
1350,1485
1350,1382
1350,1383
1351,1979
1351,2631
1351,2395
1351,1738
1351,1475
1352,2338
1352,1369
1352,1492
1352,1390
1352,2311
1352,1493
1352,2340
1353,1369
1353,1576
1354,2189
1354,1522
1354,1798
1354,1629
1354,1369
1354,1630
1354,1528
1354,1595
1354,1525
1354,1554
1354,1504
1354,1597
1354,1357
1355,1592
1355,3249
1355,1793
1355,1593
1355,1553
1355,1558
1356,1795
1356,2162
1356,1629
1356,1593
1357,2189
1357,1522
1357,1798
1357,1629
1357,1630
1357,1584
1357,1496
1357,1497
1357,1536
1357,1537
1357,1597
1357,1541
1357,1358
1357,2521
1357,1731
1357,1740
1358,1390
1358,1595
1358,1793
1358,1584
1358,1498
1358,1536
1358,1537
1358,1597
1359,3272
1359,1368
1359,1369
1359,1543
1359,1373
1359,3273
1359,1551
1359,1377
1359,1585
1359,1799
1360,1372
1360,1384
1360,3305
1360,1741
1361,2467
1361,1705
1361,2478
1361,3329
1361,3109
1361,2466
1361,1700
1361,3319
1362,1800
1362,1369
1362,1793
1363,1554
1363,1524
1365,1872
1365,2162
1365,2520
1366,1635
1366,1472
1366,1504
1366,1496
1367,1499
1367,1374
1367,1610
1367,1611
1368,1514
1368,1612
1368,1613
1368,1370
1368,1373
1368,1495
1368,1501
1368,1614
1368,1506
1368,1509
1368,1517
1368,1522
1368,1526
1368,1472
1368,1537
1368,1540
1368,1615
1368,1546
1368,1549
1368,1550
1368,1616
1368,1381
1368,1580
1368,1566
1368,1617
1368,1618
1369,1583
1369,1490
1369,1492
1369,1390
1369,1373
1369,1491
1369,1493
1369,1494
1369,1497
1369,1498
1369,1501
1369,1503
1369,1504
1369,1584
1369,1505
1369,1507
1369,1509
1369,1585
1369,1510
1369,1512
1369,1513
1369,1517
1369,1586
1369,1518
1369,1519
1369,1520
1369,1524
1369,1525
1369,1526
1369,1484
1369,1527
1369,1528
1369,1472
1369,1531
1369,1532
1369,1533
1369,1534
1369,1536
1369,1537
1369,1538
1369,1539
1369,1540
1369,1541
1369,1377
1369,1546
1369,1548
1369,1549
1369,1550
1369,1551
1369,1553
1369,1554
1369,1559
1369,1587
1369,1564
1369,1565
1369,1566
1369,1588
1369,1567
1369,1569
1369,1570
1370,1514
1370,1373
1370,1614
1370,1506
1370,1484
1370,1615
1370,1546
1370,1616
1370,1619
1370,1380
1370,1620
1370,1621
1371,1515
1371,1622
1371,1376
1371,1377
1371,1623
1371,1624
1371,1602
1371,1485
1371,1625
1371,1626
1371,1627
1372,1482
1372,1408
1372,1384
1372,1483
1372,1484
1372,1386
1372,1387
1372,1377
1372,1378
1372,1485
1372,1381
1372,1382
1372,1412
1373,1514
1373,1499
1373,1628
1373,1589
1373,1516
1373,1629
1373,1630
1373,1519
1373,1520
1373,1506
1373,1546
1373,1550
1373,1489
1373,1580
1374,2195
1374,1594
1374,1812
1374,1589
1374,1484
1374,1483
1374,1375
1374,1376
1374,1377
1374,1379
1374,1382
1374,1383
1374,2196
1375,1594
1375,1484
1375,1813
1375,1631
1375,1377
1375,1378
1375,1382
1375,1383
1375,2197
1376,2448
1376,1953
1376,2088
1376,2449
1377,1812
1377,1589
1377,1492
1377,1390
1377,1484
1377,1813
1377,1631
1377,1763
1377,1633
1377,1380
1377,1382
1378,2693
1378,1484
1378,1813
1378,1631
1378,2198
1379,1484
1379,1813
1379,1524
1379,1631
1379,2198
1379,1549
1379,1633
1379,1380
1379,1382
1380,1872
1380,1484
1380,1813
1380,1631
1380,1506
1380,3137
1380,1620
1380,1791
1380,1381
1380,1382
1380,2855
1381,1514
1381,1602
1381,1506
1381,1488
1381,1550
1381,1497
1381,1485
1382,1514
1382,1594
1382,1812
1382,1484
1382,1813
1382,1631
1382,1506
1382,1559
1382,1383
1382,1497
1382,1485
1383,1594
1383,1484
1383,1433
1383,1450
1384,1386
1384,1487
1384,1488
1384,1489
1385,1430
1385,1409
1385,1394
1385,1396
1386,1408
1386,1528
1386,1595
1386,1531
1386,1524
1386,1387
1386,1634
1386,2191
1387,1482
1388,1481
1390,1583
1390,1490
1390,1589
1390,1590
1390,1492
1390,1491
1390,1493
1390,1494
1390,1497
1390,1498
1390,1501
1390,1503
1390,1504
1390,1505
1390,1506
1390,1510
1390,1511
1390,1512
1390,1513
1390,1518
1390,1525
1390,1526
1390,1484
1390,1527
1390,1472
1390,1533
1390,1534
1390,1536
1390,1537
1390,1538
1390,1539
1390,1541
1390,1548
1390,1549
1390,1550
1390,1553
1390,1578
1390,1561
1390,1565
1390,1591
1390,1570
1391,1432
1391,1443
1391,1738
1391,1433
1393,1430
1393,1394
1393,1396
1394,1430
1394,1409
1395,3229
1395,1403
1396,1417
1396,1430
1396,1409
1396,1397
1397,1453
1397,1788
1398,2243
1398,1448
1398,1399
1398,2306
1398,2298
1398,1401
1399,2243
1399,1401
1400,1453
1400,2133
1401,2538
1401,2924
1401,1998
1401,2015
1401,1992
1401,1985
1401,1788
1402,1419
1402,1420
1403,2224
1403,1925
1403,2225
1403,1419
1404,2807
1404,2276
1405,1453
1405,1448
1406,3049
1406,2550
1406,2552
1408,1424
1408,1415
1408,1425
1408,1426
1408,1427
1409,1428
1409,1429
1409,1430
1409,1431
1410,1432
1410,1433
1410,1434
1410,1435
1410,1436
1410,1437
1410,1438
1410,1439
1410,1440
1411,1453
1411,1454
1411,1455
1411,1430
1411,1456
1411,1457
1412,1425
1412,1444
1412,1445
1412,1416
1413,1473
1413,1448
1413,1474
1413,1475
1414,1423
1414,1476
1414,1477
1415,1478
1415,1425
1415,1444
1415,1479
1415,1416
1415,1447
1415,1480
1416,1425
1416,1444
1416,1445
1416,1480
1417,1476
1419,2241
1421,1924
1421,1925
1421,1422
1422,1925
1422,1450
1424,2344
1425,1444
1425,1445
1425,2263
1425,1447
1425,1480
1425,1426
1425,2264
1426,1444
1426,1445
1426,1447
1427,1442
1427,1601
1427,2196
1428,2361
1428,2362
1428,2363
1428,2364
1428,2365
1428,2366
1429,2356
1431,2030
1431,1467
1431,2031
1431,2032
1432,1443
1432,1852
1432,1853
1432,1766
1432,1440
1433,1434
1433,1443
1433,1571
1433,1766
1433,1437
1434,1438
1435,1437
1435,2027
1435,2028
1435,2029
1435,1440
1436,2522
1436,2367
1436,2369
1436,2128
1436,2368
1436,1439
1437,2845
1438,2850
1438,1664
1438,1443
1442,1930
1443,1852
1443,1853
1443,1766
1444,2265
1444,1933
1444,1445
1444,1447
1444,1480
1444,2235
1445,1759
1445,1447
1445,1480
1445,2262
1446,2228
1446,1992
1446,1985
1446,2347
1446,2009
1446,1449
1446,2006
1447,2283
1447,1480
1448,1453
1448,2538
1449,2313
1449,2734
1449,2228
1449,1479
1449,2315
1449,2599
1449,2009
1449,2316
1449,2041
1449,1663
1450,3159
1450,3160
1452,1605
1453,1788
1453,1999
1453,2283
1453,2284
1453,2285
1454,1456
1454,2362
1454,2398
1455,2103
1456,1457
1456,2398
1457,2362
1457,2398
1458,2443
1459,1890
1459,1891
1459,1893
1459,1892
1459,1894
1459,1895
1461,2126
1461,2122
1461,2127
1461,2128
1461,1852
1461,2129
1461,2130
1462,2367
1462,2363
1464,2372
1464,2373
1466,2529
1466,2128
1466,2523
1467,2128
1467,2368
1467,2526
1467,2527
1467,2530
1467,2528
1469,3342
1469,1645
1472,1492
1472,1491
1472,1527
1472,1730
1472,1568
1474,2629
1474,1476
1474,2630
1475,1979
1475,2631
1475,2395
1475,1574
1475,2779
1476,3156
1478,1480
1480,1979
1480,2224
1480,2235
1480,2349
1482,2208
1482,2209
1483,1768
1483,1769
1483,1812
1483,1495
1483,1484
1483,1813
1483,1631
1483,1502
1483,1763
1483,1485
1484,1492
1484,1631
1484,1632
1484,1643
1484,1485
1485,1594
1485,1631
1485,1643
1485,1622
1485,1620
1485,1537
1488,1489
1489,1629
1489,1630
1489,1779
1489,1573
1489,1622
1489,1508
1489,1825
1489,1549
1489,1550
1490,1493
1490,1504
1490,1585
1490,1537
1490,1539
1490,1549
1490,1551
1490,1578
1490,1726
1490,1570
1491,1727
1491,1492
1491,1493
1491,1728
1491,1585
1491,1513
1491,1729
1491,1539
1491,1730
1491,1731
1491,1732
1491,1551
1491,1561
1491,1593
1491,1562
1491,1587
1491,1733
1491,1582
1491,1734
1491,1570
1492,1493
1492,1494
1492,1497
1492,1501
1492,1503
1492,1504
1492,1505
1492,1510
1492,1511
1492,1513
1492,1517
1492,1525
1492,1526
1492,1527
1492,1533
1492,1536
1492,1537
1492,1539
1492,1540
1492,1541
1492,1548
1492,1551
1492,1553
1492,1565
1492,1566
1492,1737
1492,1570
1493,1494
1493,1571
1493,1497
1493,1498
1493,1503
1493,1504
1493,1505
1493,1585
1493,1510
1493,1512
1493,1513
1493,1729
1493,1738
1493,1518
1493,1524
1493,1739
1493,1533
1493,1534
1493,1536
1493,1537
1493,1538
1493,1539
1493,1541
1493,1546
1493,1548
1493,1549
1493,1732
1493,1551
1493,1553
1493,1558
1493,1740
1493,1564
1493,1741
1493,1733
1493,1582
1493,1570
1494,1513
1494,1498
1494,1504
1494,1512
1494,1570
1495,1499
1495,1635
1495,1767
1495,1768
1495,1769
1495,1613
1495,1580
1496,1782
1496,1538
1496,1783
1496,1540
1496,1541
1496,1546
1496,1550
1496,1558
1496,1784
1496,1578
1496,1600
1496,1785
1496,1565
1496,1566
1496,1570
1496,1786
1496,1787
1497,1589
1497,1509
1497,1504
1497,1585
1497,1510
1497,1511
1497,1788
1497,1782
1497,1538
1497,1540
1497,1541
1497,1789
1497,1790
1497,1546
1497,1558
1497,1791
1497,1784
1497,1578
1497,1600
1497,1785
1497,1740
1497,1566
1497,1570
1497,1792
1497,1786
1497,1787
1498,1793
1498,1512
1498,1794
1498,1538
1498,1540
1498,1790
1498,1546
1498,1558
1498,1791
1498,1784
1498,1578
1498,1600
1498,1785
1498,1740
1498,1566
1498,1570
1498,1786
1498,1787
1499,1795
1499,1796
1499,1583
1499,1613
1499,1797
1499,1629
1499,1798
1499,1554
1499,1555
1499,1580
1499,1736
1499,1799
1500,1630
1500,1552
1501,1800
1501,1522
1501,1629
1501,1793
1501,1526
1501,1553
1501,1558
1501,1563
1502,1769
1502,1584
1503,1628
1503,1519
1503,1520
1503,1521
1503,1509
1503,1518
1503,1802
1503,1803
1503,1532
1503,1534
1504,1583
1504,1572
1504,1513
1504,1508
1504,1511
1504,1542
1504,1618
1504,1743
1506,1514
1506,1509
1506,1546
1506,1550
1506,1616
1506,1619
1506,1791
1507,1844
1507,1773
1507,1845
1507,1628
1507,1589
1507,1519
1507,1520
1507,1528
1507,1521
1507,1780
1507,1605
1508,1778
1508,1779
1508,1573
1508,1542
1509,1804
1509,1516
1509,1510
1509,1517
1509,1848
1509,1536
1509,1537
1509,1540
1509,1608
1509,1550
1509,1566
1509,1609
1510,1783
1510,1539
1510,1536
1510,1537
1510,1550
1511,1561
1512,1599
1513,1742
1513,1537
1514,1612
1514,1613
1514,1629
1514,1522
1514,1546
1514,1550
1514,1580
1514,1736
1515,1594
1515,1602
1515,1877
1516,1517
1516,1540
1516,1608
1516,1566
1516,1609
1517,1804
1517,1537
1517,1540
1517,1608
1517,1566
1518,1883
1518,1589
1518,1841
1518,1519
1518,1520
1518,1521
1518,1532
1518,1534
1518,1884
1518,1578
1518,2163
1519,1844
1519,1883
1519,2164
1519,1589
1519,1835
1519,1841
1519,1521
1519,1794
1519,1847
1519,1532
1519,1533
1519,1848
1519,1534
1519,1884
1519,1789
1519,1559
1519,2163
1519,2165
1520,1628
1520,1589
1520,1841
1520,1521
1520,1802
1520,1532
1520,1533
1520,1884
1520,1789
1520,1559
1520,2163
1521,1883
1521,1589
1521,1841
1521,1802
1521,1794
1521,1847
1521,1532
1521,1533
1521,1848
1521,1884
1521,1789
1521,1559
1521,2163
1522,2189
1522,1597
1522,1554
1523,1530
1523,1792
1524,1634
1524,2191
1525,1527
1525,2193
1526,1800
1526,1629
1526,1793
1527,1798
1528,1584
1528,1595
1528,1531
1528,1597
1528,2193
1528,1569
1529,2202
1530,1575
1530,2205
1530,1588
1530,2206
1530,1792
1530,1786
1531,2189
1531,1595
1531,1597
1531,1569
1532,1844
1532,1773
1532,1628
1532,1589
1532,1802
1532,1803
1532,1846
1532,1533
1532,1848
1532,1534
1532,1794
1532,1789
1532,1550
1532,2163
1533,1628
1533,1589
1533,1802
1533,1550
1533,2163
1534,1844
1534,1885
1534,1884
1534,1789
1534,2163
1534,1600
1535,2080
1535,1823
1535,2089
1535,2090
1536,1783
1536,1539
1536,1782
1536,1538
1536,1540
1536,1541
1536,1546
1536,1558
1536,1578
1536,1600
1536,1566
1536,1582
1536,1570
1536,1786
1536,1787
1537,1585
1537,1782
1537,1538
1537,2514
1537,1540
1537,1541
1537,1790
1537,1546
1537,1558
1537,1791
1537,1784
1537,1578
1537,1600
1537,1785
1537,1740
1537,1566
1537,1570
1537,1792
1537,1786
1537,1787
1538,1782
1538,2514
1538,1541
1538,1546
1538,1730
1538,1558
1538,1578
1538,1600
1538,1785
1538,1570
1538,1792
1538,1786
1539,1599
1539,1550
1539,1600
1539,1582
1540,1804
1540,1608
1540,2518
1540,2514
1540,1541
1540,1558
1540,1578
1540,1600
1540,1566
1540,1570
1540,1786
1541,2514
1541,1869
1541,1790
1541,1558
1541,1578
1541,1600
1541,1785
1541,1822
1541,1570
1541,1792
1541,1786
1542,1775
1542,1729
1542,2152
1542,2156
1542,2439
1542,2515
1542,1822
1543,1630
1543,2311
1543,1580
1543,2636
1543,2645
1546,2940
1547,2718
1548,1583
1549,1820
1549,1730
1550,1616
1550,3030
1550,1799
1551,1734
1553,1800
1553,1629
1553,1793
1553,1597
1554,1798
1554,1650
1555,1871
1555,1872
1555,1594
1555,2162
1555,1874
1555,1612
1555,1613
1555,1629
1555,1828
1555,1793
1555,1556
1556,1871
1556,1872
1556,1594
1556,2162
1556,1874
1556,1612
1556,1613
1556,1629
1556,1828
1556,1793
1556,1955
1557,1804
1557,3136
1558,1592
1558,1619
1558,1788
1558,2266
1558,1791
1558,1784
1558,1578
1559,1773
1559,1845
1559,1589
1560,1563
1561,1886
1561,1783
1562,2856
1563,1850
1563,1568
1563,1787
1564,2393
1565,1816
1566,3318
1566,1804
1566,1572
1566,1588
1566,1608
1566,2518
1567,1629
1567,1630
1568,1787
1570,1572
1570,1578
1571,1758
1573,1629
1573,2190
1573,1618
1574,2395
1574,1702
1574,2396
1575,1589
1575,2410
1575,1848
1578,1834
1578,1600
1578,1785
1580,1795
1580,1870
1580,1871
1580,1872
1580,1873
1580,1594
1580,1874
1580,1612
1580,1875
1580,1876
1580,1812
1580,1613
1580,1629
1580,1630
1580,1793
1580,3274
1581,2660
1582,1834
1582,1774
1583,1858
1584,1597
1585,1798
1586,2072
1586,2073
1586,1729
1586,2071
1586,1643
1586,1625
1587,1804
1588,1872
1588,1883
1589,1844
1589,1773
1589,1845
1589,1628
1589,1780
1589,1846
1589,1794
1589,1847
1589,1848
1589,1789
1590,1879
1590,1880
1590,1881
1590,1882
1591,1846
1591,2165
1591,1847
1593,1885
1594,1613
1594,1624
1594,1602
1594,2210
1594,2211
1595,1597
1595,2346
1597,1770
1597,3117
1597,1793
1598,2195
1598,3317
1598,3333
1599,1783
1600,1783
1601,2085
1602,1611
1603,2416
1603,1816
1604,3281
1607,2724
1607,2851
1607,3335
1607,3334
1610,2973
1611,2082
1611,1623
1612,1613
1612,1869
1612,1736
1613,1795
1613,1870
1613,1871
1613,1872
1613,1873
1613,1874
1613,1875
1613,1876
1613,1812
1615,1800
1615,1793
1616,2190
1618,1629
1618,1778
1618,1779
1619,1781
1621,1800
1621,1793
1622,1813
1622,1825
1622,1633
1622,1624
1622,1627
1625,2072
1625,1643
1625,2076
1628,1802
1629,2161
1629,1871
1629,1872
1629,2162
1629,1874
1629,1793
1629,1630
1631,1813
1631,2198
1631,1633
1632,2196
1633,1813
1634,2191
1635,1728
1636,1637
1636,1638
1636,1639
1637,2612
1637,2613
1637,2611
1637,2258
1637,2614
1638,2615
1638,1963
1639,1653
1639,2252
1639,3215
1639,1963
1640,1641
1641,1642
1641,1643
1641,1644
1641,1645
1642,2402
1643,2692
1644,1645
1645,2953
1646,1647
1646,1648
1648,3352
1650,1651
1652,1653
1652,1654
1652,1655
1652,1656
1653,1657
1653,1658
1653,1659
1653,1660
1653,1661
1653,1662
1654,1663
1655,1664
1655,1656
1655,1665
1655,1666
1655,1667
1655,1662
1655,1668
1655,1669
1655,1670
1656,1664
1656,1671
1656,1672
1656,1673
1656,1674
1656,1675
1656,1668
1657,2431
1657,1658
1658,1964
1658,2431
1658,2549
1658,1962
1658,2432
1659,2529
1659,2256
1659,1963
1660,1661
1661,1676
1661,1662
1661,2997
1662,2250
1662,2251
1662,1676
1662,1963
1662,3217
1662,3290
1663,2007
1664,1676
1664,1677
1664,1678
1668,1806
1668,1808
1668,3171
1668,1671
1668,1673
1669,3257
1670,2294
1670,2495
1671,1805
1671,1806
1671,1807
1671,1808
1671,1809
1671,1810
1671,1811
1672,2414
1673,1810
1673,2064
1674,2323
1675,3231
1677,2655
1679,1680
1679,1681
1679,1682
1680,1683
1680,1682
1680,1684
1680,1685
1680,1686
1680,1687
1680,1688
1681,1682
1681,1684
1681,1689
1681,1685
1681,1687
1681,1688
1681,1690
1681,1691
1681,1692
1682,1693
1682,1688
1683,1685
1683,1686
1683,1688
1684,1685
1684,1689
1684,1687
1684,2137
1685,2141
1687,2497
1687,1688
1687,2808
1688,1746
1689,2136
1689,2138
1690,2870
1690,2141
1690,2478
1690,1708
1690,2475
1690,2476
1690,1711
1690,2492
1690,2472
1690,1720
1690,2493
1690,1725
1691,2996
1693,1694
1693,1695
1693,1696
1694,1695
1694,2450
1694,2181
1694,2455
1695,2457
1695,2458
1695,2459
1695,2460
1695,2406
1695,1696
1695,2255
1695,2452
1696,2824
1696,3068
1696,3270
1698,1699
1698,1700
1698,1701
1699,1704
1699,1701
1700,1705
1701,1706
1703,1726
1704,1707
1705,1708
1705,1709
1705,1710
1705,1711
1705,1712
1705,1713
1705,1714
1705,1715
1705,1716
1705,1717
1705,1718
1705,1719
1705,1720
1705,1721
1705,1722
1705,1723
1705,1724
1705,1725
1708,2467
1708,2469
1708,1713
1709,2665
1709,3065
1709,2668
1709,2709
1709,2674
1709,3066
1709,3067
1710,2709
1710,3069
1710,1721
1711,2870
1711,2466
1711,2492
1711,2049
1711,1725
1712,3109
1712,2685
1712,2674
1712,1715
1713,2467
1713,3162
1713,2665
1713,2468
1713,2469
1713,3163
1713,2913
1713,2485
1714,3186
1714,3187
1714,3188
1715,2665
1715,2674
1717,2141
1717,2485
1719,2870
1719,2871
1719,2472
1719,2049
1720,2467
1720,2870
1720,2468
1720,2469
1720,2480
1720,2466
1720,2484
1720,2492
1720,2481
1720,2476
1720,2875
1720,2472
1720,2477
1720,2471
1720,2049
1720,1725
1721,2479
1721,2870
1721,2019
1721,2468
1721,2469
1721,2481
1721,2476
1721,2875
1721,2472
1722,3302
1722,2472
1723,2467
1723,2469
1723,2481
1723,2875
1723,2477
1725,2467
1725,2870
1725,2469
1725,2478
1725,2492
1725,2481
1725,2477
1725,1923
1726,2409
1726,1733
1727,1728
1727,1735
1727,1736
1729,1774
1729,1776
1730,2781
1731,1778
1731,2190
1731,1732
1731,2518
1731,2521
1731,1955
1732,2521
1734,1776
1734,2662
1736,1871
1736,1872
1736,1873
1736,1874
1736,1875
1738,2158
1738,1739
1738,2159
1738,2160
1738,1741
1739,2158
1739,2160
1740,2521
1740,1827
1740,1869
1742,1886
1742,1783
1743,2153
1743,2781
1743,1823
1743,2152
1743,3344
1743,1801
1743,2515
1744,1745
1744,1746
1744,1747
1744,1748
1744,1749
1744,1750
1744,1751
1745,1747
1745,1749
1745,1750
1745,1751
1746,1748
1746,1750
1746,1751
1747,1748
1747,1749
1747,1750
1747,1751
1748,1749
1748,1750
1749,1752
1749,1750
1751,2813
1753,2136
1753,1755
1754,2225
1754,2273
1754,2274
1755,2136
1755,2142
1756,1757
1757,2665
1758,1759
1758,1760
1759,1760
1760,1761
1760,1762
1761,1762
1763,1769
1763,1813
1764,1854
1766,2426
1766,2356
1766,1889
1768,1769
1772,1797
1772,1814
1772,1815
1772,1816
1773,1803
1773,1833
1774,1834
1774,1776
1774,1835
1775,1823
1775,1836
1776,1837
1776,1786
1778,1838
1779,1839
1779,1840
1781,2410
1781,3253
1782,2514
1783,1886
1783,2515
1783,2516
1786,3273
1789,2861
1790,2908
1793,1800
1793,1827
1793,1849
1793,1850
1794,1847
1795,1868
1797,1873
1799,2993
1800,1849
1800,1850
1801,2151
1801,2152
1802,1846
1803,2192
1803,1833
1804,1952
1804,2120
1805,1808
1805,1859
1806,1860
1806,1808
1806,1861
1806,1862
1806,1863
1807,1809
1807,1864
1807,1865
1807,1866
1808,1867
1808,1811
1810,2002
1811,2954
1811,3356
1812,2193
1813,2196
1813,2197
1814,1815
1815,1816
1816,3050
1816,2643
1816,1977
1816,2084
1816,2690
1820,2200
1820,2201
1821,1872
1822,2515
1822,2518
1823,2154
1823,1824
1823,2151
1823,2155
1823,2156
1823,1825
1823,1923
1823,1829
1823,2157
1825,1826
1825,2156
1825,1827
1829,3234
1829,2248
1830,3139
1831,1832
1833,2192
1835,2164
1836,2490
1839,3183
1839,3184
1839,3185
1841,1883
1841,1884
1841,1885
1843,3103
1844,1848
1845,2166
1848,1884
1851,3292
1852,2532
1852,1853
1852,2127
1852,2356
1852,2531
1852,1889
1853,2535
1854,1972
1856,1857
1858,2034
1859,3170
1859,2771
1860,1861
1861,2661
1861,1863
1862,3233
1863,2661
1863,2708
1867,3289
1870,2210
1870,2211
1872,2203
1872,2204
1875,2832
1876,2833
1879,2167
1879,2168
1879,2169
1879,2170
1879,2171
1879,1882
1879,2172
1879,2173
1879,2174
1879,2175
1879,2176
1879,2177
1879,2178
1879,1976
1879,1928
1880,1881
1880,2168
1880,2179
1881,2168
1881,2837
1881,2838
1881,2839
1881,2840
1881,2841
1881,2179
1882,2168
1883,1885
1883,2163
1884,1885
1886,2515
1887,2594
1888,1889
1889,2360
1889,2356
1890,1891
1890,1892
1891,1896
1891,1893
1891,1892
1891,1895
1892,1895
1893,1897
1895,1896
1897,2729
1901,1905
1902,2442
1903,2882
1904,3309
1905,2920
1905,2919
1905,2917
1906,1907
1906,1909
1907,1909
1908,1916
1908,1917
1908,1909
1908,1910
1908,1911
1909,2312
1909,2084
1909,1911
1910,1916
1910,3038
1910,1917
1910,1911
1911,1916
1911,3038
1911,2157
1911,1917
1913,1918
1916,1921
1918,1923
1921,3272
1925,2236
1925,2237
1925,2238
1926,1927
1926,1928
1927,3323
1928,2741
1931,1932
1931,1933
1931,1934
1933,2265
1933,2263
1935,1936
1935,1937
1935,1938
1936,1938
1937,1939
1937,1938
1938,1940
1941,1947
1942,1943
1942,1944
1942,1945
1946,1947
1946,1948
1946,1949
1946,1950
1946,1951
1947,1948
1948,1949
1948,1951
1950,2130
1950,1951
1951,2130
1953,1954
1953,2448
1953,2449
1955,2521
1956,1957
1957,2124
1957,2205
1957,2904
1957,2206
1958,1959
1959,3120
1959,3056
1960,1983
1961,1962
1961,1963
1962,1964
1962,1965
1962,1963
1963,2250
1963,2251
1963,2550
1963,2302
1963,1983
1963,1984
1963,1981
1963,2613
1964,1966
1966,2939
1967,1968
1967,1969
1969,2505
1969,2506
1969,2507
1969,2508
1969,2509
1970,1971
1970,1972
1970,1973
1970,1974
1971,1972
1971,1973
1972,1973
1972,1974
1978,1979
1979,2631
1979,2235
1979,2632
1979,2619
1982,1984
1982,1985
1982,1986
1982,1997
1982,1990
1983,1998
1983,1992
1983,1985
1983,1994
1983,1987
1983,1988
1984,1986
1984,1993
1984,2006
1984,1995
1984,1987
1985,2015
1985,1992
1985,1993
1985,1994
1985,2006
1985,1988
1985,2007
1987,1995
1988,1998
1988,1992
1988,1994
1991,2002
1991,2003
1991,2004
1992,2005
1992,1993
1992,1994
1992,2006
1992,2007
1994,1998
1994,2015
1994,2000
1996,3287
1998,1999
1998,2000
1998,2001
2000,2015
2002,2003
2002,2010
2002,2011
2002,2012
2002,2013
2002,2014
2004,2700
2004,2748
2006,2313
2006,2009
2006,2733
2007,2924
2008,2134
2009,2313
2009,2315
2009,2347
2009,2316
2009,2733
2009,2589
2009,2041
2010,2011
2010,2924
2011,2924
2012,2844
2012,2769
2015,2350
2016,2017
2016,2018
2017,2018
2018,3002
2019,2810
2021,3000
2021,3001
2022,2023
2023,2490
2023,2141
2023,2352
2023,2965
2023,2138
2023,2145
2023,2966
2023,2144
2023,2143
2023,2137
2023,3288
2026,2448
2026,2088
2026,2449
2027,3038
2030,2104
2030,2106
2030,2032
2031,3218
2032,2359
2032,2106
2032,2525
2033,2034
2034,2035
2034,2036
2034,2037
2034,2038
2034,2039
2036,2037
2036,2928
2038,2400
2038,2401
2040,2041
2041,2313
2041,2588
2041,2317
2041,2589
2042,2043
2042,2045
2042,2047
2042,2048
2042,2049
2042,2050
2042,2051
2042,2052
2042,2053
2042,2054
2043,2045
2043,2046
2043,2047
2043,2048
2043,2051
2044,2759
2044,2753
2044,2412
2044,2760
2044,2750
2044,2761
2044,2751
2044,2757
2044,2762
2044,2763
2044,2758
2044,2764
2044,2765
2044,2766
2044,2767
2044,2768
2044,2054
2044,2769
2045,2741
2045,2748
2045,3061
2046,2047
2046,2644
2047,2048
2049,2870
2049,2469
2049,2472
2052,2053
2055,2569
2055,2570
2055,2571
2055,2493
2055,2572
2056,2060
2061,2062
2062,2064
2062,2065
2063,2067
2063,2068
2064,2245
2069,2876
2069,2911
2071,2072
2071,2073
2071,2074
2071,2075
2072,2073
2072,2074
2072,2076
2073,2077
2073,2078
2073,2074
2073,2076
2073,2079
2075,2083
2075,2086
2075,2076
2075,2087
2075,2088
2077,2078
2077,2081
2079,3125
2080,2092
2080,2089
2080,2090
2080,2091
2082,2094
2083,2095
2083,2099
2083,2084
2083,2097
2083,2100
2084,2095
2084,2101
2084,2099
2084,2102
2084,2097
2085,2086
2085,2088
2086,2102
2086,2088
2088,3201
2088,2448
2088,2102
2089,2090
2092,2151
2092,2105
2093,2104
2093,2105
2093,2106
2095,2099
2095,2097
2095,2107
2096,2108
2097,2099
2097,2102
2097,2100
2098,2099
2098,2100
2099,2100
2101,2109
2101,2110
2102,2112
2102,2113
2102,2114
2102,2115
2103,2299
2104,2415
2104,2106
2112,2310
2112,2254
2112,3201
2112,2312
2112,3202
2112,2113
2112,2115
2112,3308
2113,2310
2113,2254
2113,2312
2113,2115
2113,3308
2114,3138
2115,3308
2116,2117
2117,2118
2117,2119
2118,3213
2120,3328
2122,2123
2123,3078
2123,2124
2123,2205
2123,2904
2123,3171
2123,2206
2124,3078
2124,3077
2124,2206
2125,2853
2126,2129
2126,2131
2126,2132
2128,2522
2128,2367
2128,2369
2128,2368
2128,2525
2128,2526
2128,2530
2128,2528
2133,2134
2137,2490
2137,2141
2137,2806
2137,2138
2137,3276
2138,2142
2138,2143
2138,2144
2138,2145
2138,2146
2139,2140
2141,2294
2141,2490
2141,2469
2141,2476
2141,2491
2141,2492
2141,2493
2142,2490
2142,2380
2142,2268
2142,2382
2142,2810
2143,2965
2143,2966
2144,2146
2147,2148
2148,2250
2148,2251
2148,2997
2148,2302
2148,2305
2149,2150
2152,2153
2154,2156
2156,2648
2156,2649
2158,2393
2163,2861
2167,2821
2167,2822
2168,2837
2168,2179
2169,2170
2169,2502
2171,3131
2171,3132
2172,2434
2172,2175
2176,3341
2176,2179
2176,2434
2179,2838
2179,2839
2180,2181
2181,2450
2182,2183
2183,2184
2183,2185
2183,2186
2183,2187
2184,2188
2185,2187
2187,2942
2190,2207
2199,3035
2199,3033
2200,2201
2201,2548
2204,2520
2205,2866
2205,2904
2205,2905
2205,2206
2205,2906
2205,2907
2206,2906
2206,2907
2207,2928
2209,2260
2209,3204
2209,3262
2212,2213
2213,2214
2213,2215
2213,2216
2214,2215
2214,2217
2214,2218
2214,2219
2214,2220
2216,2221
2216,2222
2217,2901
2217,2855
2218,2446
2218,2579
2218,3134
2218,2589
2219,2446
2219,2579
2219,3134
2219,3143
2220,3265
2221,3063
2221,3062
2222,2574
2224,2235
2225,2239
2225,2240
2226,2234
2228,2244
2228,2245
2228,2235
2228,2246
2228,2247
2230,2253
2231,2254
2231,2255
2232,2250
2232,2251
2232,2256
2234,2258
2235,2246
2236,2260
2236,2238
2237,2261
2238,2326
2239,2268
2239,2269
2239,2270
2239,2271
2239,2272
2240,2275
2241,2247
2241,3313
2243,2297
2243,2298
2244,2313
2244,2349
2244,2314
2245,2599
2245,2601
2246,2633
2247,2799
2247,3313
2250,2251
2250,2256
2250,2301
2250,2302
2250,2303
2250,2304
2250,2305
2251,2302
2251,2303
2251,2304
2251,2305
2253,2307
2253,2290
2253,2308
2254,2309
2254,2310
2254,2311
2254,2312
2255,3002
2256,2301
2256,2318
2256,2319
2257,2320
2258,2611
2258,2612
2258,2613
2258,2614
2260,2325
2263,2265
2263,2278
2264,2798
2265,2277
2268,2269
2268,2286
2268,2271
2268,2287
2268,2288
2268,2289
2268,2290
2268,2291
2268,2292
2269,2293
2270,2803
2270,2804
2271,2898
2271,2352
2271,2286
2271,2287
2271,2293
2271,2808
2271,2812
2271,2288
2271,2353
2271,2810
2271,2292
2273,2513
2273,2507
2273,2512
2274,2999
2274,2803
2274,3079
2275,2294
2275,2295
2275,2296
2276,2807
2277,3037
2279,2712
2279,2717
2279,2716
2279,2281
2279,2713
2280,2490
2280,2496
2280,2497
2280,3016
2280,3095
2281,2712
2283,2551
2286,2810
2286,2808
2286,2288
2286,2814
2286,2291
2286,2292
2287,2810
2288,2293
2288,2814
2288,2292
2289,2810
2289,2290
2291,2898
2291,2293
2291,2814
2292,2352
2292,2814
2292,2808
2292,3288
2293,2898
2293,2899
2294,2494
2294,2481
2294,2495
2297,2306
2301,3236
2301,2318
2302,2305
2303,2529
2303,2304
2309,2311
2309,2831
2310,2312
2313,2347
2313,2314
2313,2315
2313,2316
2314,2347
2314,2316
2315,2316
2315,2317
2316,2735
2316,2836
2316,2320
2316,2317
2317,2321
2317,2588
2318,2958
2318,3236
2319,3236
2320,2734
2320,2736
2320,2737
2320,2937
2321,2938
2322,2323
2322,2324
2323,2324
2325,3330
2327,2328
2327,2329
2328,2329
2330,2331
2330,2332
2330,2333
2332,2927
2334,2335
2336,2337
2337,2565
2338,2339
2338,2340
2339,2990
2341,3020
2343,3020
2347,2538
2348,3322
2348,3251
2348,3028
2348,3277
2351,2778
2351,2779
2352,2353
2352,2354
2352,2355
2354,3288
2356,2359
2356,2360
2357,3347
2361,2363
2361,2366
2362,2415
2362,2419
2363,2367
2364,2786
2364,2365
2367,2369
2367,2368
2368,2522
2368,2369
2368,2526
2368,2528
2372,2373
2374,2375
2374,2376
2374,2377
2375,2378
2375,2379
2375,2380
2375,2381
2375,2382
2375,2383
2375,2384
2375,2385
2375,2386
2375,2387
2375,2388
2375,2389
2375,2390
2375,2391
2375,2392
2376,2382
2376,2384
2377,3307
2378,2380
2378,2379
2378,2553
2379,2554
2379,2381
2379,2384
2379,2385
2379,2386
2379,2389
2379,2557
2380,2558
2380,2381
2380,2382
2380,2384
2380,2385
2380,2386
2380,2387
2380,2559
2380,2555
2380,2389
2380,2560
2380,2561
2380,2562
2381,2382
2381,2383
2381,2384
2381,2385
2382,2383
2382,2384
2382,2385
2382,2389
2382,2561
2382,2390
2382,2998
2382,2392
2383,2386
2383,2999
2383,2998
2384,2561
2384,2998
2385,2999
2385,2389
2386,2505
2386,3000
2386,2554
2386,2555
2386,2556
2387,2559
2387,2389
2388,3189
2389,3246
2389,2558
2389,2803
2389,2559
2390,2984
2395,2396
2402,2403
2404,2405
2404,2406
2404,2407
2404,2408
2407,2408
2410,3009
2410,3013
2410,3010
2411,2412
2412,2757
2412,2758
2412,2764
2412,2765
2412,2768
2412,2769
2415,2419
2417,2418
2417,2420
2417,2421
2417,2422
2417,2423
2418,2420
2418,2421
2418,2424
2418,2422
2418,2425
2418,2423
2420,2421
2420,2424
2420,2422
2420,2425
2420,2423
2424,2425
2424,2983
2425,3090
2426,2531
2431,2432
2432,2583
2433,2434
2433,2435
2433,2436
2434,3241
2440,3150
2443,3057
2445,2446
2448,2449
2449,2830
2450,2456
2451,3096
2452,2456
2452,2824
2453,3068
2454,2456
2454,2585
2454,2590
2457,2461
2457,2458
2457,2462
2458,2461
2458,2920
2458,2922
2458,2919
2458,2914
2458,2916
2458,2917
2459,2462
2459,2923
2461,2918
2461,2919
2461,2914
2461,2917
2461,2920
2461,2921
2462,2914
2463,2464
2463,2465
2466,2467
2466,2468
2466,2469
2466,2470
2466,2471
2466,2472
2466,2473
2466,2474
2467,2468
2467,2469
2467,2475
2467,2476
2467,2477
2467,2478
2467,2479
2467,2480
2467,2481
2467,2482
2467,2483
2467,2472
2467,2484
2467,2485
2467,2474
2468,2486
2468,2470
2468,2487
2468,2471
2468,2472
2469,2477
2469,2480
2469,2481
2470,2487
2470,2471
2470,2472
2471,3232
2471,2487
2471,2473
2472,2870
2472,2570
2472,2484
2472,2492
2472,2481
2472,2476
2473,2685
2473,2481
2473,2890
2473,2709
2475,2870
2475,2871
2475,2476
2475,2477
2476,2873
2476,2479
2476,2870
2476,2491
2476,2480
2476,2871
2476,2477
2476,2874
2477,2875
2479,2873
2479,2491
2479,2877
2479,2878
2479,2879
2482,2674
2482,2889
2483,2493
2484,2493
2485,2870
2485,2665
2485,2875
2486,2489
2490,2496
2490,2497
2490,2498
2490,2499
2491,2873
2491,2877
2491,2879
2492,2870
2492,2871
2492,2872
2493,2870
2493,3162
2493,2569
2494,2553
2496,2567
2498,3203
2499,3263
2499,2726
2500,2501
2500,2502
2500,2503
2500,2504
2505,2508
2505,2510
2505,2511
2507,2508
2507,2509
2507,2512
2508,2509
2509,2512
2510,2511
2511,3246
2511,3315
2512,2590
2512,3073
2517,2519
2518,2520
2518,2521
2519,2781
2522,2525
2522,2526
2522,2527
2522,2528
2525,2526
2525,2530
2525,2528
2526,3004
2526,2527
2526,2530
2526,2528
2527,2528
2528,3004
2528,2530
2532,2534
2534,3197
2536,2537
2537,2538
2537,2539
2537,2540
2538,2546
2538,2540
2538,2547
2542,2548
2545,2927
2547,2859
2548,3267
2550,2552
2551,2645
2551,2646
2551,2647
2553,2554
2554,2555
2554,2556
2555,2558
2555,2559
2556,3000
2556,2557
2557,3032
2558,2620
2558,2559
2558,2562
2559,2620
2559,2562
2560,3291
2561,2803
2563,2564
2563,2565
2564,2566
2564,2567
2564,2568
2565,3016
2565,3017
2566,2616
2566,2617
2567,3304
2568,3099
2568,3145
2568,3346
2568,2780
2570,2793
2572,3294
2572,3339
2573,2574
2573,2575
2573,2576
2574,2577
2574,2578
2574,2579
2574,2580
2574,2581
2574,2582
2574,2576
2574,2583
2574,2584
2575,2576
2577,2579
2578,2585
2578,2586
2579,2581
2579,2584
2580,2584
2581,2588
2581,2589
2586,3062
2588,2795
2588,2796
2588,2589
2589,2799
2589,2593
2589,3133
2590,3072
2590,3074
2591,3134
2593,2799
2593,3133
2599,2600
2602,2603
2602,2604
2603,2605
2603,2604
2604,2605
2604,3353
2604,2769
2606,2607
2606,2608
2606,2609
2606,2610
2607,2608
2607,2610
2608,3083
2608,2609
2608,2610
2610,3083
2610,2925
2612,2613
2612,2614
2613,2615
2616,2617
2617,3196
2622,2727
2623,2624
2623,2625
2624,2626
2624,2627
2633,2990
2633,3324
2634,2635
2634,2636
2638,2639
2638,2640
2639,2640
2642,2643
2644,3165
2644,3166
2645,2992
2646,3038
2648,2649
2652,2653
2653,2654
2653,2655
2653,2656
2653,2657
2654,2655
2654,2656
2654,2864
2655,2656
2656,2657
2656,2865
2657,2864
2657,2865
2657,3060
2657,2868
2657,3238
2657,3239
2657,2869
2658,3298
2659,2660
2662,2663
2664,2665
2664,2666
2665,2667
2665,2668
2665,2669
2665,2670
2665,2671
2665,2672
2665,2673
2665,2674
2665,2675
2665,2676
2665,2677
2665,2678
2665,2679
2665,2680
2665,2681
2665,2682
2666,2683
2666,2684
2666,2685
2666,2686
2666,2687
2667,2674
2667,2675
2668,2673
2668,2675
2669,3071
2669,2670
2669,2671
2669,2680
2670,3071
2670,2671
2670,2672
2670,2680
2671,3071
2671,2672
2671,2680
2672,2680
2674,2675
2676,2677
2676,2681
2679,3255
2682,3320
2682,2887
2682,2888
2683,2688
2683,2689
2683,2686
2683,2687
2684,2887
2684,2888
2684,2685
2685,2889
2685,2890
2687,2888
2689,3303
2690,3050
2696,2697
2696,2698
2696,2699
2697,2700
2699,2700
2699,2748
2700,2760
2701,2702
2701,2703
2701,2704
2701,2705
2702,2706
2702,2703
2702,2704
2702,2707
2702,2705
2702,2708
2703,2709
2704,2710
2704,2705
2704,2711
2705,2706
2705,2707
2706,2707
2706,2713
2709,3068
2709,3065
2709,3069
2709,3070
2709,3067
2710,2714
2711,2755
2712,2715
2712,2716
2712,2713
2713,2715
2715,2893
2715,2895
2718,2720
2720,2721
2724,2725
2725,3357
2729,2730
2730,3144
2730,3145
2731,2732
2734,2735
2734,2736
2734,2737
2734,2738
2736,2737
2736,2738
2739,2740
2739,2741
2739,2742
2739,2743
2739,2744
2740,2745
2740,2742
2740,2743
2740,2744
2740,2746
2740,2747
2741,2748
2742,2749
2742,2743
2742,2744
2742,2750
2742,2751
2743,2744
2744,2750
2746,2754
2746,2771
2746,3046
2746,3047
2746,2772
2746,3048
2748,3061
2749,2757
2749,2758
2750,2759
2750,2760
2750,2761
2750,2753
2750,2751
2751,2759
2751,2760
2751,2753
2751,2757
2753,2759
2753,2760
2753,2761
2755,2756
2757,2762
2757,2956
2757,2763
2757,2758
2757,2764
2757,3205
2759,2760
2759,2761
2761,2827
2761,2763
2761,2766
2762,2764
2762,3205
2763,2956
2763,3205
2764,3205
2765,3209
2768,2945
2769,2945
2770,2771
2770,2772
2772,3046
2772,3047
2773,2774
2773,2775
2773,2776
2780,2781
2780,2782
2781,2783
2781,2784
2785,3076
2785,3077
2785,2960
2786,2787
2788,2789
2790,2791
2792,2793
2795,2797
2795,2796
2796,2797
2796,2798
2798,2799
2798,2800
2798,2801
2799,3135
2799,2800
2799,3133
2802,2803
2808,2809
2808,2810
2808,2811
2808,2812
2808,2813
2809,2815
2809,2810
2810,2812
2816,2817
2817,2818
2817,2819
2818,2820
2823,3177
2824,2825
2824,2826
2826,3271
2828,2829
2834,2835
2835,3327
2846,2847
2846,2849
2846,2848
2847,2849
2848,3295
2848,2849
2852,2853
2853,2854
2853,2855
2855,3171
2855,3172
2857,2858
2857,2859
2858,2859
2858,2860
2861,2862
2862,2863
2864,2866
2864,2867
2864,2868
2864,2865
2864,2869
2865,3237
2865,3238
2865,2869
2866,2901
2866,2902
2868,3237
2869,3041
2870,2872
2873,2877
2873,2878
2878,3153
2880,2881
2881,2882
2881,2883
2882,2995
2884,2885
2887,2888
2888,2889
2889,3105
2891,3058
2892,2893
2892,2894
2893,2894
2893,2895
2893,2896
2893,2897
2895,3178
2898,2899
2900,2994
2901,2903
2902,2906
2902,2907
2904,3078
2904,3077
2904,3079
2906,2907
2909,2910
2909,2911
2910,2912
2911,2913
2914,2915
2914,2916
2914,2917
2915,2917
2916,2917
2917,2920
2917,2919
2918,2919
2919,2920
2919,2921
2930,3021
2930,3022
2930,2931
2930,3023
2931,3023
2931,3025
2931,2936
2933,3101
2938,2939
2941,2942
2941,2943
2941,2944
2943,3182
2944,2972
2945,2946
2945,2947
2945,2948
2945,2949
2946,2947
2946,2950
2947,2948
2947,3250
2947,2950
2948,2949
2948,2950
2950,3338
2951,2952
2955,2956
2956,2957
2957,3261
2958,2961
2965,2966
2968,3121
2968,3122
2968,3123
2968,3124
2968,3125
2971,2972
2974,2975
2974,2976
2975,2978
2976,2979
2976,2977
2977,2981
2979,2980
2987,2988
2990,2991
3000,3001
3003,3004
3003,3005
3004,3005
3004,3006
3004,3007
3005,3090
3005,3007
3007,3090
3007,3088
3007,3254
3007,3091
3008,3009
3008,3010
3008,3011
3009,3012
3010,3014
3011,3014
3011,3253
3012,3014
3013,3051
3014,3253
3018,3019
3021,3022
3021,3024
3022,3024
3027,3028
3028,3029
3033,3034
3038,3039
3040,3041
3043,3066
3043,3118
3046,3047
3046,3048
3047,3279
3048,3222
3052,3053
3052,3054
3053,3054
3056,3286
3058,3059
3065,3067
3072,3075
3073,3074
3077,3078
3080,3081
3080,3082
3080,3083
3080,3084
3080,3085
3080,3086
3082,3084
3083,3268
3083,3084
3084,3085
3084,3268
3085,3086
3087,3088
3087,3089
3088,3090
3088,3089
3088,3091
3089,3090
3090,3091
3092,3093
3093,3094
3093,3095
3098,3099
3099,3100
3102,3103
3103,3212
3103,3314
3105,3110
3105,3111
3105,3112
3106,3107
3110,3111
3110,3112
3110,3207
3111,3207
3113,3114
3113,3115
3114,3115
3120,3226
3121,3125
3122,3123
3122,3126
3123,3126
3128,3129
3129,3130
3130,3343
3132,3195
3139,3140
3144,3145
3146,3147
3146,3148
3146,3149
3147,3148
3147,3284
3147,3149
3148,3284
3149,3284
3150,3151
3153,3154
3161,3299
3161,3300
3162,3164
3167,3168
3167,3169
3171,3172
3172,3173
3175,3176
3186,3188
3187,3188
3191,3194
3192,3193
3194,3257
3198,3199
3199,3200
3201,3202
3206,3244
3206,3245
3207,3208
3208,3209
3208,3210
3208,3211
3214,3215
3215,3216
3215,3217
3220,3221
3223,3224
3228,3229
3238,3269
3241,3242
3242,3243
3244,3245
3246,3247
3251,3252
3265,3266
3275,3321
3279,3280
3283,3285
3285,3310
3295,3296
3299,3306
3301,3302
3319,3320
3326,3327
3331,3332
3336,3337
3348,3349
