source,target
0,1
0,2
0,3
0,4
0,5
0,6
0,7
0,8
1,2893
1,2530
1,2531
1,2880
1,2894
1,2
1,63
1,4
1,2291
1,5
1,2895
1,2534
1,2535
1,2358
1,6
1,2896
1,2897
1,2898
1,2634
1,2635
1,2899
1,8
1,2889
1,1125
3,4
3,16
3,6
3,2897
4,2930
4,5
4,2931
5,3418
5,3417
6,2530
6,2929
9,10
9,11
9,12
9,13
9,14
9,15
9,16
9,17
9,18
9,19
9,20
9,21
9,22
9,23
9,24
10,25
10,26
10,27
10,28
11,29
11,30
11,31
11,32
11,33
11,34
11,35
11,36
12,37
12,38
12,39
12,40
12,41
12,42
12,43
12,21
13,44
13,45
13,46
13,47
13,48
13,49
13,50
13,51
13,52
13,53
13,54
14,55
14,56
15,57
16,58
16,39
16,59
16,18
16,19
16,20
16,60
16,61
16,62
17,63
17,41
17,64
17,65
18,59
18,19
18,20
18,61
19,3362
19,59
19,20
19,2896
19,3363
19,3364
20,3362
20,532
20,59
21,1395
21,3565
21,496
21,1957
21,633
21,252
21,64
21,3566
22,2930
22,2932
22,3600
22,3162
22,532
22,1000
22,533
25,266
25,254
25,256
25,259
25,267
25,268
25,269
25,270
25,271
25,123
25,272
25,273
25,274
25,275
25,276
25,277
25,278
25,279
26,1602
26,1603
27,1045
27,1245
27,388
27,2442
28,1188
29,501
29,1106
29,497
29,30
29,504
29,35
31,494
31,495
31,1105
31,1110
31,244
31,1969
32,494
32,46
32,1752
32,1543
32,503
32,1544
32,1535
32,33
32,1539
32,2329
32,1770
32,1765
32,1754
32,1548
33,1597
33,1107
33,1333
33,1681
33,1553
33,494
33,503
33,1199
33,1754
33,34
33,36
34,35
34,503
34,494
34,129
34,44
35,96
35,44
35,36
36,3430
36,3514
36,2608
36,3355
36,3431
36,95
36,1107
36,1748
36,966
36,2320
36,85
36,88
36,494
36,994
36,995
36,1281
36,169
36,83
36,84
36,44
38,90
38,1287
38,1288
38,1284
38,1292
38,1023
38,1300
38,92
38,1303
38,1305
38,1316
38,325
39,637
39,251
40,41
40,3515
40,69
40,80
40,116
40,84
41,1319
41,69
41,80
41,1959
41,116
41,84
42,2888
43,90
43,1287
43,2086
44,494
44,495
44,496
44,497
44,54
44,498
45,964
45,965
45,67
45,966
45,135
45,967
46,494
46,109
49,1057
50,1107
50,1246
51,3135
51,3133
51,2623
51,3134
52,931
54,3218
54,2764
54,931
54,497
54,648
55,478
55,479
57,1246
60,3418
61,3432
63,66
63,3335
65,3419
66,67
66,68
67,931
67,1343
67,1344
67,1338
67,1254
67,1106
67,497
67,964
67,1341
67,1342
67,968
68,2582
68,637
68,1572
68,644
68,645
69,70
69,71
69,72
69,73
69,74
69,75
69,76
69,77
69,78
69,79
70,83
70,2081
71,90
71,80
71,82
71,83
71,84
71,2083
71,1539
71,2086
71,1548
72,494
72,959
72,80
72,82
72,84
72,1534
72,1535
72,2576
72,1545
72,2588
72,93
72,109
72,1983
72,1546
72,2556
72,1549
72,1550
73,1788
73,105
73,80
73,82
73,98
73,130
73,84
73,1539
73,447
73,843
73,1548
73,967
74,736
74,1810
74,183
74,1769
74,1811
74,1681
74,1760
74,1676
74,1553
74,961
74,693
74,1770
74,84
74,159
74,164
74,1550
75,80
75,84
75,1785
76,1975
76,83
76,84
76,1330
76,1331
76,79
76,1318
76,1263
77,1788
77,166
77,84
77,92
77,109
78,90
78,3515
78,80
78,84
78,2086
79,1681
79,2086
79,84
80,81
81,84
81,3035
82,83
82,84
82,85
82,86
83,87
83,86
83,88
83,89
84,90
84,91
84,85
84,92
84,93
84,94
84,95
84,88
85,1788
85,263
85,2320
85,994
85,96
85,1068
85,941
85,1553
85,2321
85,1323
85,1540
85,2323
85,165
86,2927
86,1295
86,2928
87,767
87,169
87,183
87,979
87,185
87,1768
87,612
87,1809
87,1734
87,2751
87,89
88,135
88,2608
88,1748
89,183
90,1318
90,2169
91,2082
91,1769
91,1781
91,1681
91,1761
91,1543
91,1539
91,1783
91,1556
91,961
91,693
91,159
91,1812
91,1770
91,1548
91,2575
91,1758
92,1788
92,2558
92,1072
92,100
92,104
92,510
92,1672
92,1664
92,1748
92,1747
92,107
92,2461
92,1675
92,1749
92,503
92,96
92,734
92,166
92,677
92,685
92,1073
92,109
92,167
93,1074
93,2845
93,2844
93,510
93,2852
93,1068
93,165
94,1235
94,1767
94,1681
94,1734
94,3449
94,1323
94,3450
95,994
95,3424
96,97
96,98
96,99
96,100
96,101
96,102
96,103
96,104
96,105
96,106
96,107
96,108
96,109
96,110
96,111
96,112
96,113
96,114
97,997
97,999
100,166
100,2447
100,104
100,109
100,2448
100,518
101,2574
101,166
101,1246
102,105
102,106
102,166
102,1543
102,108
102,109
102,1982
102,111
103,995
103,1543
103,2578
103,108
103,114
103,2579
104,496
104,166
104,2447
104,109
104,2448
104,1750
104,518
105,166
105,1554
105,106
106,495
106,496
106,2241
106,166
106,324
106,1983
106,1982
106,2594
107,2558
107,1748
107,166
107,1784
107,1749
107,165
108,1037
108,166
108,2578
108,109
108,1982
108,114
109,3408
109,2447
109,2572
109,1681
109,516
109,2539
109,2588
109,2306
109,512
109,503
109,2317
109,2656
109,2309
109,494
109,992
109,1571
109,993
109,169
109,166
111,166
113,3253
113,3522
113,2625
114,1037
114,995
114,166
115,116
116,131
116,132
116,133
116,134
117,118
118,1672
119,120
119,121
119,122
119,123
119,124
119,125
119,126
119,127
120,574
120,847
120,581
120,128
120,583
122,574
122,847
122,581
122,128
123,341
123,2702
123,128
123,934
123,1706
124,132
124,128
124,288
124,137
124,138
124,592
125,1788
125,2956
125,2959
125,3162
125,3199
125,2519
125,2772
125,1068
125,128
125,2771
125,965
126,1277
126,928
126,1598
126,1075
126,128
126,954
127,2172
127,128
131,135
131,136
132,137
132,138
132,139
132,140
132,141
132,142
132,143
132,144
132,145
132,146
132,147
132,148
132,149
132,150
133,151
133,152
134,3515
134,1745
135,1106
135,966
135,967
137,143
137,148
139,762
139,602
139,763
139,690
139,614
139,615
140,783
140,784
140,594
140,785
140,693
140,786
140,614
140,147
140,617
141,1336
141,298
141,1337
141,1316
143,1665
143,1187
143,690
143,783
143,1666
143,1667
143,392
143,488
143,772
143,1662
143,439
143,1295
143,1668
143,1244
144,981
144,626
144,1701
144,3149
144,1697
144,1875
144,786
146,2253
146,1398
146,685
146,147
146,2665
147,2253
147,269
148,1671
148,1773
148,1757
148,737
148,1743
148,288
149,2253
149,269
149,1230
151,1289
151,1291
151,1321
151,1297
153,154
153,155
153,156
153,157
153,158
153,159
153,160
153,161
153,162
153,163
153,164
153,165
154,697
154,1510
154,155
154,405
154,734
155,697
155,1510
155,405
155,734
155,755
155,161
155,164
156,1671
156,1672
156,1333
156,1664
156,1673
156,1674
156,1675
156,1676
156,772
156,1677
156,1543
156,749
156,159
156,382
156,1678
156,1199
156,162
156,1306
157,300
157,845
157,317
157,269
157,397
157,1801
157,1803
158,746
158,747
158,2410
158,2260
158,342
158,1265
158,1644
158,2348
158,2728
158,1284
158,2729
158,2421
158,442
158,1816
158,443
158,696
158,767
158,527
158,1383
158,845
158,734
158,406
158,386
158,317
158,1645
158,407
158,749
158,770
158,2349
158,451
159,1789
159,1671
159,1773
159,1769
159,1781
159,737
159,1681
159,1760
159,738
159,1677
159,1674
159,1761
159,1783
159,1675
159,1293
159,961
159,693
159,1770
159,1556
160,2299
161,1594
161,1510
161,1593
161,405
161,734
161,164
161,727
162,1524
162,1671
162,2551
162,1674
162,439
162,1675
162,288
162,941
162,387
163,874
163,2503
163,575
163,1320
163,436
163,437
163,573
163,940
163,584
163,345
163,1270
164,1510
164,755
164,405
164,734
165,2845
165,1672
165,3222
165,1748
165,2320
165,2335
165,2314
165,2307
165,1749
165,2106
166,167
166,168
167,1788
168,965
169,170
169,171
169,172
169,173
169,174
169,175
169,176
169,177
169,178
169,179
169,180
169,181
169,182
169,183
169,184
169,185
169,186
169,187
169,188
169,189
169,190
169,191
169,192
169,193
169,194
169,195
169,196
169,197
169,198
169,199
169,200
169,201
170,182
170,202
170,203
170,204
170,205
170,206
170,207
170,208
170,209
170,210
170,211
170,212
170,213
170,188
170,214
170,215
170,216
171,182
171,217
171,218
171,203
171,204
171,205
171,219
171,207
171,220
171,221
171,222
171,210
171,211
171,212
171,213
171,188
171,223
171,224
171,214
171,225
171,215
171,226
171,216
171,227
171,228
172,203
172,219
172,229
172,230
172,213
172,231
172,214
172,232
172,233
173,182
173,218
173,203
173,219
173,234
173,221
173,209
173,211
173,213
173,214
174,235
174,225
175,217
175,236
175,237
176,217
176,218
176,238
176,239
176,209
176,185
176,186
176,188
176,240
176,225
178,211
179,196
180,218
180,241
180,238
180,242
180,188
180,195
182,204
182,213
182,232
182,243
183,1676
183,185
183,961
183,1768
183,1809
185,1336
185,381
185,186
185,1016
185,680
185,1734
185,197
186,1336
186,742
186,381
186,218
186,2344
186,188
186,194
186,598
186,197
187,452
187,381
187,269
187,382
187,1777
187,2345
187,2346
187,2347
187,200
188,719
188,564
188,2395
188,2396
188,2391
188,701
188,440
188,2398
188,1724
188,1226
188,2399
188,2392
188,2400
188,718
188,2401
188,2402
188,2394
188,2403
188,2302
188,780
188,932
188,716
188,894
188,734
188,218
188,223
188,2301
188,317
188,2390
188,2393
188,2404
189,2272
189,1729
189,194
189,2405
189,2755
190,2000
190,2001
190,2805
190,2004
190,2007
190,3107
191,681
192,1720
192,1929
192,701
192,1724
192,1226
192,1942
192,1162
192,1941
192,3267
192,2402
192,1943
192,1824
192,1825
192,1826
192,1862
192,1863
192,1864
192,1866
192,733
192,716
193,836
193,1336
193,736
193,1922
193,381
193,2509
194,2405
194,2755
195,701
195,736
195,2399
195,783
196,241
196,238
196,3248
196,1488
197,2508
197,1684
197,1687
197,1488
197,3601
197,3618
198,199
198,269
198,1964
200,1774
200,452
201,238
202,626
202,787
202,788
202,789
202,790
202,572
202,791
202,792
204,530
204,219
206,547
206,1397
207,1397
209,530
209,211
211,1631
211,212
212,1631
213,530
214,530
216,2682
216,3469
217,236
218,530
219,234
224,530
225,530
225,764
225,595
229,1581
230,1628
230,1629
230,1630
231,1081
231,2064
231,2071
231,2072
231,2073
232,860
232,3259
232,3260
232,2457
234,530
235,1079
236,2651
236,2652
236,781
237,973
237,684
237,678
238,684
241,684
242,982
243,1659
244,245
244,246
244,247
244,248
244,249
244,250
245,246
245,248
245,250
246,3223
247,3447
247,3448
247,1690
247,979
247,1734
248,685
248,1546
249,1690
249,533
250,3223
252,253
253,523
253,266
253,524
253,316
254,255
254,256
254,257
254,258
254,259
254,260
255,261
255,262
255,263
255,264
255,265
256,280
256,259
256,260
256,269
256,272
256,276
256,278
256,281
256,282
258,283
258,284
258,260
258,285
259,262
259,286
259,267
259,287
259,280
259,288
259,281
260,289
260,290
260,291
260,292
260,293
260,294
260,284
260,295
260,296
260,297
260,298
260,299
260,285
261,300
261,286
261,301
261,269
261,302
261,272
261,303
261,304
261,305
261,306
261,307
261,308
261,309
261,310
261,278
261,311
261,312
261,279
261,313
262,286
262,269
262,314
262,315
262,279
264,286
264,2195
264,350
264,306
264,324
264,425
264,2836
265,1229
265,3338
266,316
267,327
267,328
267,289
267,287
267,329
267,272
267,330
267,331
267,278
267,311
267,332
267,333
267,334
268,301
268,1133
268,1166
268,1167
268,1168
268,1169
268,1170
268,1171
268,1172
268,1173
268,1174
268,1175
268,1176
269,396
269,1794
269,1584
269,321
269,1795
269,777
269,775
269,397
269,286
269,456
269,1796
269,1797
269,1130
269,1131
269,342
269,322
269,1585
269,353
269,1798
269,1188
269,1139
269,900
269,663
269,664
269,1191
269,300
269,982
269,1401
269,1799
269,1403
269,521
269,386
269,1675
269,298
269,705
269,1800
269,1801
269,382
269,305
269,275
269,362
269,307
269,366
269,1802
269,310
269,890
269,371
269,1803
269,1804
269,313
271,341
271,1795
271,298
271,1757
271,320
271,2663
271,767
271,845
271,310
271,2664
272,327
272,328
272,286
272,1021
272,353
272,287
272,357
272,2754
273,1193
273,1725
273,1669
273,1847
274,2348
274,2087
274,277
274,2924
274,279
274,2204
275,1796
275,342
275,353
275,298
275,1188
275,1191
275,306
275,2345
275,462
275,1799
275,1403
275,521
276,3331
276,307
276,310
276,1591
277,871
277,1945
277,1725
277,1669
277,1691
277,1666
277,1291
277,2130
277,1284
277,1948
277,688
277,1289
277,621
277,1703
277,444
277,436
277,437
278,286
278,311
278,309
278,279
279,1477
280,317
280,318
280,319
280,320
280,321
280,322
280,323
280,324
281,1130
281,1131
281,1142
281,1141
281,1132
281,1133
281,335
281,1134
282,294
282,284
282,295
282,288
282,386
283,285
284,292
284,293
284,294
284,297
284,299
284,285
284,325
285,1584
285,1796
285,2674
285,987
286,300
286,322
286,305
286,306
286,311
286,326
286,315
286,313
287,327
287,335
287,336
287,337
287,331
287,338
287,333
287,334
288,294
288,339
288,340
288,341
288,342
288,322
288,343
288,344
288,345
288,346
289,347
289,348
289,349
289,350
289,351
289,352
289,329
289,353
289,354
289,355
289,356
289,357
289,358
289,331
289,359
289,360
289,361
289,362
289,363
289,364
289,365
289,366
289,367
289,368
289,369
289,370
289,371
289,372
289,373
290,374
290,375
290,376
290,343
290,377
290,378
290,344
290,379
291,380
291,381
291,298
291,382
292,299
293,383
293,384
293,385
294,386
294,295
294,387
295,386
297,298
297,307
297,325
298,1291
298,299
298,1135
298,307
298,344
298,1802
298,310
298,325
298,1804
299,3142
300,396
300,397
300,305
300,313
301,1228
301,1229
301,1199
301,391
301,1230
302,1794
302,2206
302,1021
302,898
302,2205
302,900
302,1801
302,2208
302,304
302,1023
302,2212
302,2207
302,311
302,2041
302,312
303,347
303,2830
303,342
303,1265
303,1284
303,1800
303,461
303,444
303,459
303,2675
303,462
303,1645
303,2831
303,2832
303,407
303,527
303,954
303,734
304,1794
304,902
304,2206
304,2208
304,311
305,353
305,1448
305,350
305,1038
305,1023
305,306
306,350
306,1038
306,324
307,1583
307,1197
307,3331
307,3332
307,1155
307,824
307,382
307,982
307,1799
307,1403
308,1130
308,1131
308,353
308,1139
308,1141
308,1132
308,1133
308,335
308,1134
308,1135
308,1278
309,484
309,1188
309,1240
309,489
309,526
310,1584
310,528
310,1583
310,456
310,1796
310,1451
310,342
310,2674
310,1586
310,1280
310,3116
310,987
310,1236
310,462
310,982
310,1403
310,1245
312,1021
313,353
313,2170
313,350
313,1038
314,859
314,1723
314,978
314,1543
315,1131
315,1134
316,523
316,392
316,524
317,762
317,601
317,602
317,927
317,928
317,767
317,499
317,581
317,698
317,896
317,707
317,466
317,890
317,891
317,893
318,1280
319,928
319,574
319,581
320,353
320,2201
320,2665
321,1451
321,322
321,324
321,362
321,2564
321,2665
322,396
322,2676
322,324
322,2446
322,325
322,2678
323,1277
323,982
323,928
324,396
324,2645
324,362
325,2522
325,591
325,3325
325,1287
325,343
325,742
325,3326
325,1291
325,2512
325,1284
325,3324
325,2676
325,1289
325,2670
325,3029
325,2665
325,1739
325,3638
325,734
327,331
327,372
328,398
328,329
328,399
328,400
328,331
328,401
328,359
328,402
328,332
328,403
328,334
328,372
328,404
329,1039
329,1435
329,1436
329,399
329,1424
329,1021
329,353
329,1426
329,354
329,400
329,663
329,664
329,1421
329,1412
329,1413
329,1414
329,1038
329,352
331,1447
331,1435
331,1454
331,399
331,3282
331,353
331,1040
331,401
331,400
331,359
331,2379
331,1421
331,357
331,1413
331,1038
331,1023
332,1771
332,1586
332,400
332,3579
332,334
333,1188
333,336
333,3605
334,398
334,399
334,400
334,919
335,1130
335,1131
335,1132
335,1133
335,1134
335,1135
335,1136
337,1022
338,1633
339,353
339,663
339,664
339,340
339,1416
339,346
340,353
340,663
340,664
340,1477
341,1582
341,1584
341,1585
341,1586
341,1587
341,1588
341,1589
341,1590
341,1591
342,702
342,739
342,1757
342,381
342,1645
342,2348
342,459
342,873
342,460
342,444
342,462
342,407
342,1801
342,749
342,1280
342,2349
343,779
343,814
343,1633
344,1584
344,2674
344,1776
344,3445
344,1403
344,386
345,1738
345,575
345,442
345,1301
345,578
345,873
345,436
345,437
346,353
346,663
346,664
346,1416
346,1417
346,1020
346,366
346,662
346,373
347,405
347,406
347,407
348,408
348,409
348,410
348,411
348,412
349,413
349,414
349,415
349,416
349,417
349,418
350,419
350,420
350,421
350,422
350,423
350,359
350,424
350,425
350,372
351,426
351,427
351,428
351,429
351,430
351,431
351,432
351,433
351,434
351,435
352,1411
352,1412
352,1413
352,1414
352,1415
352,1416
352,1417
352,1418
352,1419
352,1020
353,1447
353,1414
353,1416
353,1421
353,663
353,664
353,1432
353,355
353,357
353,444
353,1023
353,1448
353,362
353,366
353,1429
353,370
353,371
353,1025
353,1026
353,1027
353,373
354,1424
354,1414
354,1418
354,1020
354,1433
354,1434
354,1023
354,1443
354,1440
354,373
355,1450
355,1451
355,1021
355,1432
355,1416
355,365
355,366
355,1452
356,2380
356,1019
356,2378
356,2379
356,1425
357,1023
357,2207
357,1026
360,2380
360,401
360,2384
361,1248
361,3139
362,396
362,663
362,664
362,3387
362,2349
363,1435
363,1061
364,3361
364,3480
364,1439
364,369
364,3481
365,366
366,1412
366,1432
367,3238
367,368
368,2247
368,3238
369,3480
369,3481
370,1435
370,1411
370,1424
370,663
370,664
370,1421
370,1412
370,1413
370,1414
370,1415
370,1455
370,1418
370,2378
371,663
371,664
371,1448
371,1416
373,1424
373,1443
373,1438
373,1038
375,1246
376,761
376,735
376,734
376,686
376,1144
376,756
376,2610
377,699
377,836
377,1197
377,1207
377,1160
377,1208
377,1155
377,708
377,837
377,2996
377,709
377,1210
377,1011
377,834
377,845
377,770
377,754
380,436
380,437
380,438
380,439
380,440
380,441
380,442
380,443
380,444
380,445
380,446
380,447
380,448
380,449
380,450
380,451
381,452
381,1775
381,1779
381,1336
381,775
381,1265
381,776
381,1780
381,973
381,1675
381,382
381,491
381,1300
381,1185
382,452
382,1775
382,775
382,986
382,1677
382,491
382,1675
382,1777
382,3142
382,890
383,2324
383,384
384,2333
385,2333
386,452
386,453
386,454
386,455
386,456
386,457
386,458
386,459
386,460
386,461
386,462
386,463
386,464
386,465
386,466
386,467
386,468
388,389
388,390
388,391
389,390
389,525
389,524
389,489
389,526
390,524
390,525
391,1153
391,1193
391,1010
391,872
391,1202
391,1200
391,2521
391,1012
391,1199
391,1201
391,3493
391,1205
392,393
392,394
392,395
394,523
394,3532
395,3367
395,1220
396,1474
396,1027
397,2677
398,401
398,402
398,403
400,404
401,1435
401,3282
405,1008
405,1009
405,704
405,1010
405,1011
405,1012
405,1013
405,1014
405,1015
406,679
406,698
406,687
406,873
406,876
407,2348
407,621
407,1816
407,748
407,2167
407,459
407,462
407,1645
407,749
407,770
408,421
409,2439
410,2494
410,2014
410,411
410,2757
410,2758
410,2759
410,2760
411,1059
415,2245
415,2246
416,1617
416,3168
416,3173
416,1621
416,2388
416,1622
416,1623
416,2032
416,1625
417,3347
417,1407
417,1113
417,1118
417,1409
417,1408
417,3344
417,3346
417,2790
417,2031
417,3348
419,1454
419,1022
419,1417
419,1023
419,1044
419,425
420,421
420,2275
420,1021
420,1426
420,1022
420,1023
420,424
420,425
421,1444
422,2902
422,2903
422,2904
423,2322
424,425
425,1022
425,2834
425,2836
426,658
426,659
426,660
426,661
427,1984
427,1975
427,1973
427,1990
427,1991
427,1992
427,1993
427,1994
427,1987
428,1299
428,2916
429,2568
430,1975
431,3366
431,1329
431,3367
431,3255
431,1406
432,2809
433,3479
433,3541
433,1251
435,2809
435,1331
436,584
436,438
436,870
436,739
436,871
436,701
436,575
436,872
436,442
436,443
436,873
436,770
436,578
436,447
436,874
436,875
436,876
436,579
436,877
436,450
436,878
436,879
437,584
437,871
437,575
437,442
437,943
437,447
437,875
437,579
438,1345
439,1671
439,1773
439,1725
439,1691
439,1667
439,1757
439,1672
439,1662
439,1664
439,737
439,1677
439,1674
439,1805
439,1675
439,1730
439,1758
439,1244
440,719
440,2352
440,702
440,716
440,2301
440,718
440,2302
440,948
440,2406
440,724
440,446
440,2407
440,878
440,2408
441,2335
441,2658
441,445
441,449
442,1738
442,575
442,1291
442,1284
442,1289
442,2421
442,2708
442,443
442,444
442,447
442,448
442,2423
442,450
442,1758
443,854
443,739
443,575
443,687
443,1320
443,688
443,1292
443,2421
443,2708
443,1268
443,1269
443,447
444,1291
444,1284
444,1289
444,461
445,870
445,3189
445,449
446,719
446,702
446,2355
446,2263
447,1010
447,872
447,1202
447,2421
448,1320
448,1291
448,1284
448,1289
448,2421
449,870
449,3189
450,1738
450,1345
450,1291
450,1284
450,1289
450,2349
451,2410
451,2421
452,1774
452,1675
452,775
452,1677
452,680
452,1775
452,460
452,1776
452,1777
452,681
452,890
452,1778
453,1647
453,454
453,455
454,594
454,456
454,2440
455,1647
455,456
455,2167
455,750
455,1649
455,463
455,464
456,2443
456,457
456,458
456,461
456,2167
456,1649
456,463
456,465
456,2444
457,458
457,462
457,2167
457,1649
458,1277
459,1265
459,1645
459,460
459,462
460,1265
460,527
460,1184
461,1584
461,2830
461,2674
461,1776
461,2676
461,1800
461,1801
461,1587
461,2675
461,462
461,2833
461,2834
461,2838
461,2836
462,1265
462,2831
463,1647
463,2443
463,1646
463,2839
463,2087
463,464
463,1648
463,2349
463,2204
464,1647
464,1649
465,2443
466,678
466,1075
466,958
467,734
469,470
469,471
469,472
469,473
469,474
470,473
470,474
471,473
471,474
474,1187
474,3381
474,3298
474,3558
475,476
475,477
477,1757
477,1672
477,1664
477,486
478,482
479,1568
480,481
481,1043
481,1044
482,483
482,485
483,484
484,1679
487,488
488,489
488,490
488,491
488,492
489,526
490,493
490,1130
490,1131
490,1132
490,1133
490,1137
490,1139
490,1140
490,1141
490,1142
490,1144
490,1134
490,1135
491,1779
491,1336
491,3093
491,3143
494,499
494,500
494,501
494,502
494,503
494,504
495,505
495,506
495,507
495,508
496,505
496,509
496,510
496,511
496,512
496,508
496,513
496,514
496,502
496,515
496,516
496,517
496,518
496,519
497,504
497,520
498,3591
499,931
501,931
501,1111
503,2461
503,1752
503,1012
503,1199
503,1550
504,1105
504,1106
504,2336
504,3317
505,1057
505,1053
505,509
505,512
505,1058
505,519
506,1066
506,1067
507,2280
508,509
508,510
508,512
508,2304
508,516
508,2312
509,2303
509,510
509,512
509,2304
509,513
509,2305
509,2306
509,2307
509,516
509,2308
509,2309
509,2310
509,2311
509,518
509,2312
510,2303
510,511
510,512
510,513
510,2313
510,2314
510,2305
510,2306
510,2307
510,1544
510,516
510,2308
510,2315
510,2316
510,2317
510,2309
510,2318
510,2319
511,2304
511,2320
511,2303
511,512
512,2304
512,513
512,2313
512,2314
512,2305
512,2306
512,1059
512,2303
512,2316
512,2317
512,2309
512,2283
513,2304
513,1055
513,1785
514,1063
514,1965
515,2565
515,2566
515,1953
515,1246
515,2548
515,1956
515,2567
515,2283
516,2304
516,2572
516,2313
516,1246
516,1785
517,2837
517,1980
517,2283
521,522
524,525
527,528
528,1146
528,796
528,834
528,651
528,845
529,530
529,531
531,532
532,533
532,534
532,535
532,536
532,537
532,538
532,539
532,540
533,1000
533,534
533,1001
533,1002
533,537
533,538
533,1003
533,539
533,540
534,597
534,1657
534,1658
534,1656
534,1628
535,2582
535,3104
535,3103
536,537
536,538
537,538
539,858
539,1000
540,1000
541,542
541,543
542,934
542,543
542,932
542,935
542,2446
543,952
543,2446
544,545
544,546
544,547
544,548
544,549
544,550
545,546
545,548
545,551
545,552
545,550
545,553
545,554
545,555
545,556
545,557
545,558
545,559
546,560
546,549
546,561
546,551
546,562
546,563
546,550
546,564
546,565
546,566
546,567
546,568
546,569
546,570
547,571
547,572
548,627
548,595
549,1634
550,732
551,726
551,2248
551,554
551,558
552,926
554,3540
554,1192
554,726
554,926
554,725
554,2166
555,3430
555,1151
555,729
555,810
555,1192
555,809
555,796
555,798
555,799
555,800
555,2166
559,1515
560,831
560,832
560,568
561,1685
561,1688
561,1722
561,1740
561,677
561,685
561,1662
561,566
561,1736
561,824
561,1714
562,563
565,1685
565,1686
565,1688
565,2115
565,1722
565,1854
565,785
565,1971
565,1697
565,802
565,566
565,1950
565,1145
565,882
565,1880
565,869
565,1386
566,2644
566,1827
566,1685
566,1686
566,2089
566,1688
566,2129
566,736
566,2115
566,1722
566,1723
566,781
566,1854
566,1828
566,1725
566,822
566,2110
566,1667
566,788
566,1696
566,605
566,1832
566,1736
566,1170
566,823
566,824
566,607
566,820
566,2215
566,2404
566,1712
567,1688
567,2139
567,1722
567,787
567,791
567,1909
568,695
568,720
568,3000
569,764
570,697
570,825
570,820
570,826
571,1526
571,1527
571,1528
571,1529
572,2200
572,1528
572,2102
572,2110
572,787
572,788
572,1822
572,2056
572,2048
572,1839
572,1850
572,1838
572,1703
572,2823
572,2824
572,2826
572,1824
572,1825
572,1826
572,1862
572,1863
572,1864
572,1866
572,1872
572,1867
572,1519
572,1902
572,1399
572,867
572,2103
572,864
572,727
573,574
573,575
573,576
573,577
573,578
573,579
573,580
574,581
574,582
574,583
574,584
574,585
574,586
574,587
574,588
574,589
575,576
575,1791
575,1320
575,2708
575,1302
575,2263
575,579
576,1320
576,2709
576,2710
577,956
577,780
577,954
577,587
578,940
578,770
579,874
579,2503
579,1320
579,584
580,926
581,835
581,845
581,582
581,584
581,589
583,584
583,873
583,876
584,942
584,847
585,764
587,1655
589,847
590,591
590,592
591,593
591,784
591,1708
591,2512
591,1512
592,3144
593,594
594,1647
594,600
594,1708
594,2441
594,2442
594,2440
595,596
595,597
595,598
595,599
596,627
596,597
596,599
597,2453
597,627
597,1658
597,1656
597,1657
597,2454
598,1162
598,716
599,1724
600,601
600,602
600,603
600,604
600,605
600,606
600,607
600,608
600,609
600,610
600,611
600,612
600,613
600,614
600,615
600,616
600,617
601,618
601,619
601,620
602,621
602,622
602,623
602,624
603,783
603,608
603,867
603,1709
603,1915
603,864
603,617
604,1823
604,2089
604,1696
604,802
604,1814
605,1685
605,1686
605,2089
605,1688
605,1696
605,1694
605,1814
605,607
605,1385
606,699
606,704
606,2114
606,2131
606,609
606,1694
606,1637
606,2132
606,2133
606,1224
606,1386
607,1722
607,1854
607,1694
607,1919
607,1711
607,1712
608,1692
608,802
608,867
608,1709
608,864
609,717
609,785
609,2114
609,883
610,1825
610,1826
610,1863
610,3206
610,1867
610,614
610,864
611,1151
611,1208
611,3261
611,1386
612,784
613,1824
613,1825
613,1826
613,1863
613,867
613,864
614,1543
614,786
614,615
615,866
615,786
617,1284
617,1697
617,1289
617,1311
617,2420
618,707
618,891
618,893
619,762
619,825
620,1815
620,1939
620,723
621,1780
621,834
621,734
621,2167
621,749
621,750
621,2087
621,757
621,2204
622,700
622,1827
622,2188
622,717
622,1984
622,2114
622,762
622,696
623,2091
623,2507
624,763
625,626
626,1525
626,2017
626,2020
626,885
626,2021
626,938
626,2022
627,628
629,630
629,631
630,859
630,3014
630,2591
630,3006
630,3008
630,3009
630,2593
630,3015
632,633
632,634
633,647
634,2216
634,648
634,2217
634,2218
634,2219
635,636
635,637
635,638
635,639
636,638
636,640
636,641
636,642
637,643
637,638
637,644
637,645
637,646
638,1340
638,644
640,751
640,3264
640,3020
640,1640
640,1641
640,641
641,2434
641,649
646,2582
647,2217
650,651
650,652
650,653
650,654
650,655
650,656
650,657
651,653
651,670
651,668
651,671
653,1150
653,1188
653,1238
653,1239
653,671
654,2728
654,2731
654,2729
654,1800
654,2732
654,2831
655,1010
655,1012
655,1199
656,1076
656,3510
656,1149
656,1996
656,1284
656,1181
656,1289
656,3511
657,2728
657,2731
657,2729
658,2912
658,2726
658,1033
659,2533
659,3463
659,3464
659,1990
659,3153
662,663
662,664
662,665
662,666
662,667
662,668
662,669
663,1416
663,664
663,1448
664,1416
666,2193
666,1606
666,2491
667,3527
667,3528
668,3403
668,2728
668,2731
668,2729
668,2733
669,2988
669,1419
670,1738
670,1284
670,1292
670,823
670,698
670,768
670,770
670,890
671,1239
672,673
672,674
672,675
673,676
674,2638
674,2851
675,2565
675,2566
675,1037
675,1996
675,1975
675,1982
675,2283
675,3504
675,3572
676,1430
677,678
677,679
677,680
677,681
677,682
677,683
678,684
679,685
679,686
679,687
679,688
679,689
680,1775
680,775
680,852
680,979
680,1780
680,1677
680,1896
680,2087
680,1777
680,1734
680,890
680,1741
681,1775
681,775
681,852
681,1193
681,1984
681,1780
681,786
681,890
682,744
682,706
682,690
682,1850
682,2203
682,685
683,689
683,1221
683,685
684,775
684,776
684,777
684,778
684,779
685,690
685,691
685,692
685,693
685,694
685,695
686,977
686,758
687,688
687,2737
687,2738
687,2739
687,714
688,854
688,1970
688,2737
688,2740
688,2739
688,714
689,741
689,3512
690,691
690,1681
690,692
691,1671
692,1681
693,736
693,1807
693,1667
693,1810
693,1769
693,2934
693,1781
693,1681
693,1760
693,1761
693,1783
693,1676
693,961
693,1556
693,1770
694,2569
694,2618
694,1222
694,3130
694,754
696,697
696,698
696,699
696,700
696,701
696,702
696,703
696,704
696,705
696,706
696,707
696,708
696,709
696,710
696,711
696,712
696,713
696,714
696,715
697,698
697,705
697,1511
697,707
697,1512
697,844
698,1265
698,1644
698,767
698,834
698,845
698,890
699,836
699,703
699,837
699,1223
699,839
699,1014
700,2213
701,1720
701,1790
701,2410
701,2399
701,2411
701,1930
701,878
702,846
703,704
703,767
703,834
703,845
703,1697
703,832
703,837
703,754
703,843
704,836
704,940
704,2131
704,1637
704,809
704,839
704,2132
704,1220
704,2133
704,1163
704,840
705,707
705,1512
706,2900
707,837
707,767
708,1224
708,754
708,1717
709,2352
709,845
710,741
710,745
710,934
710,933
710,1155
710,1399
710,725
711,836
711,725
713,888
713,835
713,834
713,782
713,845
714,1791
714,1677
714,3620
716,717
716,718
716,719
716,720
716,721
716,722
716,723
716,724
717,1685
717,1686
717,1688
717,851
717,1697
717,1932
717,2114
717,785
717,1850
717,880
717,832
717,721
717,2214
717,1905
717,1322
717,1911
717,1386
718,2391
718,1722
718,2392
718,2048
718,2390
718,720
718,724
719,2409
719,1861
719,948
719,2406
719,2407
719,878
719,2408
720,1815
720,1961
720,2998
720,830
720,868
720,880
720,723
720,724
721,1666
721,1815
721,1727
721,2130
721,1850
721,1948
721,2511
721,880
721,1875
721,1950
721,869
721,1733
721,1322
722,1916
722,1687
722,1841
722,1724
722,1930
722,1732
723,1916
723,1724
723,1725
723,1691
723,1815
723,1948
723,1941
723,1814
723,823
723,1939
723,880
723,1863
723,1732
723,1733
723,830
724,2391
724,1724
724,824
724,2302
725,726
725,727
726,785
726,850
726,780
727,2110
727,788
727,1879
728,729
728,730
728,731
729,871
729,1151
729,2254
729,2256
729,1192
729,2166
730,1130
730,2254
730,1203
731,2076
731,2718
731,2719
731,2080
731,2720
734,735
734,736
734,737
734,738
734,739
734,740
734,741
734,742
734,743
734,744
734,745
734,746
734,747
734,748
734,749
734,750
734,751
734,752
734,753
734,754
734,755
734,756
734,757
734,758
734,759
734,760
735,761
736,744
736,1674
736,1533
736,1681
736,1760
736,1725
736,1702
736,1144
736,1769
736,1736
736,824
736,961
736,1770
736,832
737,870
737,1671
737,1773
737,739
737,1667
737,1757
737,1674
737,1675
737,1677
737,1290
737,1293
737,1744
737,770
737,1301
737,890
737,1306
737,1746
738,1788
738,1789
738,1790
738,1773
738,1791
738,1792
738,1320
738,1675
738,1677
738,1290
738,1292
738,1293
738,1311
739,1738
739,940
739,1667
739,1816
739,948
739,1321
739,770
739,1301
739,878
739,759
740,1685
740,1686
740,1688
740,1689
740,1722
740,1821
740,1740
740,788
740,1694
741,1160
741,836
741,895
741,1223
743,2522
743,1275
743,1725
743,821
743,1737
743,1300
743,2523
743,1322
744,2650
745,2702
745,1899
745,932
745,2473
745,934
745,1706
746,2421
746,749
746,2669
746,2730
747,1321
747,770
747,1923
747,1269
748,2737
748,750
748,2167
749,1644
749,2348
749,972
749,1645
749,770
750,1647
750,1646
750,1193
750,2840
751,1638
751,3020
751,1511
751,3022
751,1640
751,1641
751,1643
752,836
752,1160
752,1161
752,809
752,1163
752,840
752,1224
752,754
752,2430
753,2996
753,2133
753,759
754,1159
754,1922
754,2133
754,2134
754,840
755,1218
755,3279
756,2420
757,2204
758,1687
758,3025
758,3149
758,3620
758,3619
759,1265
759,1264
759,1271
760,3026
761,2610
762,764
762,765
762,766
762,767
762,768
762,769
763,770
764,861
764,862
767,835
767,840
767,842
767,890
767,891
767,892
767,893
768,838
768,769
768,770
769,3285
769,1153
769,3322
769,3321
769,2116
770,1738
770,1687
770,1923
770,1644
770,1301
770,897
770,1302
771,772
771,773
771,774
772,1661
772,1662
772,1663
772,1664
772,952
775,1675
775,1677
775,890
776,1675
777,982
777,986
777,990
778,1633
780,781
781,2644
781,809
781,1707
781,1163
781,840
781,2646
781,2647
783,1682
783,1683
783,1684
783,1685
783,1686
783,1687
783,1688
783,1689
783,1690
783,1666
783,1691
783,1692
783,1693
783,1694
783,1695
783,1696
783,1697
783,1698
783,866
783,784
783,1699
783,1700
783,1701
783,1702
783,1703
783,1704
783,1705
783,880
783,1706
783,1707
783,1708
783,1145
783,882
783,1709
783,1710
783,1711
783,1712
783,1713
783,1512
783,1714
783,1322
783,1715
783,1716
783,1717
783,938
783,1718
783,792
783,1719
784,1685
784,1686
784,1688
784,1689
784,1821
784,1702
784,1700
784,830
784,1694
784,1704
784,2134
784,1512
784,2105
785,2113
785,1827
785,1685
785,1688
785,1721
785,1841
785,1697
785,1512
785,1386
786,3145
786,980
786,3146
786,3147
787,2046
787,1685
787,1686
787,1688
787,1722
787,1821
787,1740
787,788
787,1695
787,2047
787,789
787,885
787,1909
787,1839
787,2048
787,1805
787,1865
787,2049
787,2050
787,791
787,1877
787,1886
787,1915
787,1887
787,887
787,1910
787,2051
787,1907
787,2052
787,1895
788,1820
788,1685
788,1686
788,1688
788,1689
788,1722
788,1821
788,1740
788,1822
788,1501
788,1896
788,1825
788,1826
788,1696
788,789
788,1830
788,1831
788,1699
788,885
788,1909
788,1836
788,1838
788,1839
788,2048
788,2056
788,1844
788,1850
788,2057
788,1859
788,1860
788,1862
788,1863
788,1864
788,1865
788,1867
788,1872
788,1707
788,1874
788,1875
788,791
788,1877
788,1879
788,1399
788,867
788,2058
788,864
788,1889
788,2059
788,2051
788,1907
788,1895
788,1467
789,2110
789,1822
789,2056
789,1839
789,1397
789,1694
789,1826
789,2118
789,1734
789,878
789,2061
790,1946
790,1881
790,1882
790,1710
790,792
791,2050
791,2829
792,2187
792,1683
792,2828
792,830
793,794
794,886
795,796
796,797
796,798
796,799
796,800
796,801
796,802
796,803
796,804
796,805
796,806
796,807
796,808
796,809
796,810
796,811
796,812
796,813
796,814
796,815
796,816
796,817
796,818
796,819
797,802
797,803
797,804
797,809
797,812
797,814
797,815
798,802
798,803
798,804
798,807
798,808
798,809
798,812
798,813
798,814
798,815
798,817
798,819
799,803
799,804
799,809
799,814
799,815
799,817
800,803
800,804
800,808
800,809
800,814
800,815
800,817
800,819
801,802
801,809
801,815
802,2112
802,1827
802,1685
802,2121
802,1686
802,2089
802,1851
802,807
802,1852
802,1694
802,812
802,1709
802,1512
803,804
803,1653
803,2300
805,2202
805,806
807,1688
808,2939
808,1271
809,2644
809,836
809,2131
809,1637
809,2132
809,1163
809,840
810,812
811,1152
812,1653
813,1172
814,2741
814,1292
814,815
814,1403
819,3628
820,821
820,822
820,823
820,824
820,825
820,826
821,888
821,2091
821,1701
821,1704
821,2184
821,825
823,890
824,1685
824,1686
824,1688
824,1722
824,1725
824,1735
824,1667
824,1736
824,1364
825,826
826,3634
827,828
828,829
828,830
830,880
830,881
830,882
830,842
831,833
832,1942
832,1949
832,2511
832,880
832,2996
832,2133
832,1717
832,2997
834,835
834,836
834,837
834,838
834,839
834,840
834,841
834,842
834,843
834,844
835,845
835,846
835,847
835,848
835,849
835,844
836,845
836,1155
836,1159
836,1160
836,2203
836,837
836,1223
836,839
836,1011
836,1163
836,1164
836,840
836,1224
836,1152
836,1014
837,845
837,1717
838,845
839,1153
839,1158
839,2947
839,1159
839,1193
839,1197
839,1207
839,1156
839,1204
840,2644
840,1221
840,2131
840,1140
840,1147
840,2297
840,1164
840,1224
840,1163
840,845
841,939
841,853
841,845
841,1199
841,855
842,971
842,932
842,1654
844,862
844,849
848,1030
849,1923
849,2947
849,876
849,1284
849,1289
849,1703
849,861
849,862
850,851
850,852
851,1384
851,1385
851,1386
852,2166
853,854
853,855
853,856
854,939
854,855
854,856
855,2644
855,856
857,858
857,859
857,860
859,2455
859,2591
859,2592
859,2593
859,1627
860,2455
860,2805
860,1002
860,2457
861,862
863,864
864,1685
864,1688
864,1829
864,1700
864,866
864,1938
864,1512
864,2106
864,2578
864,1824
864,1825
864,1826
864,1693
864,1862
864,1863
864,1819
864,1864
864,1866
864,1867
864,2108
864,1903
864,867
864,1709
864,1950
864,865
864,2058
865,866
865,867
866,1823
866,1692
866,1831
866,1990
866,1694
866,867
866,1719
867,1685
867,1688
867,1829
867,1700
867,1938
867,2106
867,2578
867,1824
867,1825
867,1826
867,1693
867,1862
867,1863
867,1864
867,1866
867,1867
867,2108
867,1903
867,1709
868,869
869,2187
869,1723
869,1666
869,1815
869,2130
869,1948
869,1832
869,1730
869,3426
869,1939
869,880
869,2108
869,1732
869,1733
869,3153
870,1671
870,1672
870,1757
870,1762
870,1678
871,2260
872,1153
872,1010
872,1193
872,2521
872,1012
872,1199
872,1200
872,1201
872,1202
872,1505
872,2646
872,878
872,1205
873,1284
873,1289
873,948
875,1738
875,2666
876,2352
877,1388
878,945
878,1688
878,2139
878,1861
878,1010
878,1669
878,1815
878,2406
878,1941
878,944
879,2352
879,1387
880,1916
880,2089
880,1724
880,1691
880,1666
880,1815
880,1727
880,1847
880,1728
880,2130
880,1697
880,1948
880,1949
880,1833
880,1730
880,1731
880,1739
880,1814
880,1705
880,881
880,1950
880,2108
880,1733
880,1734
881,2089
881,2130
881,1730
881,1814
881,1703
881,1693
882,2502
882,1685
882,1688
882,1848
882,2115
882,1946
882,1722
882,1947
882,1854
882,1917
882,1851
882,1696
882,1880
882,1831
882,1145
882,1919
882,1711
884,885
884,886
884,887
885,886
885,2097
885,1695
885,2158
886,2097
886,2048
886,2271
886,2272
886,2273
886,937
886,887
886,2274
886,1234
886,1944
886,2147
887,1910
888,889
889,1136
890,1738
890,1677
891,1584
894,895
894,896
894,897
895,1701
895,1704
896,1075
896,958
897,1644
897,1155
898,899
898,900
898,901
898,902
898,903
898,904
898,905
898,906
898,907
898,908
898,909
898,910
898,911
898,912
898,913
898,914
898,915
898,916
898,917
898,918
898,919
898,920
898,921
898,922
898,923
898,924
898,925
899,1031
900,1794
900,2206
900,2208
900,2207
900,2041
901,2776
901,2796
902,3030
903,904
904,3225
904,905
904,3226
904,3227
904,3228
904,2969
904,3229
904,3230
904,3231
905,2794
905,2019
905,3268
905,3271
905,2033
905,3230
906,2973
906,2976
907,2024
907,2776
907,2774
907,2778
907,2795
907,908
907,3336
908,2775
908,2024
908,909
908,910
908,2027
908,2774
908,2789
908,3336
908,2042
909,910
909,912
909,3337
910,912
910,3337
911,2973
911,2978
911,2979
911,2245
911,2977
911,2246
912,2024
912,3090
912,2194
912,2482
912,2196
912,3518
912,3398
912,2976
912,2019
912,3136
912,3337
912,2985
914,2029
914,2024
914,2973
914,3358
914,3356
914,2976
914,3310
914,2774
914,3359
914,2028
914,3011
914,2967
919,3230
922,3236
922,2024
922,2372
922,2876
925,2029
925,3358
925,3356
925,3359
925,2028
925,3007
925,3011
925,2971
925,2967
928,929
928,930
931,1106
931,1108
931,968
931,1109
932,933
932,934
932,935
932,936
932,937
932,938
933,2112
933,1722
933,934
933,2473
933,1714
933,2703
934,935
934,2706
934,1808
934,1706
934,1399
936,952
937,945
937,1946
937,1947
937,1695
937,1824
937,1826
937,1863
937,1713
937,2829
937,2050
937,2058
937,2274
938,945
938,1840
938,2046
938,1685
938,1931
938,1721
938,1946
938,1723
938,1947
938,1735
938,1726
943,1738
943,2666
943,2348
943,3516
944,945
944,946
944,947
944,948
944,949
944,950
944,951
945,1695
945,1827
945,2097
945,1834
945,1932
945,946
945,2138
945,2139
945,1946
945,947
945,1522
945,2140
945,2141
945,949
945,1943
945,2142
945,1881
945,2143
945,1882
945,951
945,2144
945,1819
945,1905
945,2145
945,2146
945,2147
946,1479
946,2228
946,1480
946,1478
946,1481
946,2138
946,1171
946,1861
946,1482
946,2223
946,1489
946,1490
946,947
946,1487
946,2229
946,1494
946,2225
946,2237
946,1492
946,2226
947,1479
947,2228
947,1480
947,1478
947,2469
947,1481
947,2138
947,1171
947,2230
947,1484
947,1861
947,2746
947,2223
947,2098
947,1489
947,2470
947,1487
947,2747
947,948
947,1486
947,2748
947,2225
947,2145
947,2226
948,2139
948,1861
948,2406
950,2410
950,2138
950,1861
950,3083
950,2049
953,954
953,955
954,956
954,957
954,958
955,958
956,1077
957,1078
959,960
959,961
959,962
959,963
960,1532
960,1531
960,1552
960,1541
960,1246
960,1553
960,1554
960,1534
960,1535
960,1536
960,1537
960,1538
960,1555
960,1539
960,1556
960,1073
960,1548
960,1549
960,1550
961,1810
961,1769
961,1781
961,1681
961,1760
961,1783
961,1768
961,1556
961,1812
961,1770
964,965
964,968
964,969
964,970
966,1246
969,1070
970,1104
971,972
973,974
973,975
973,976
978,979
978,980
978,981
979,1779
979,1336
979,1734
980,981
980,1779
980,1336
981,3149
982,983
982,984
982,985
982,986
982,987
982,988
982,989
982,990
982,991
985,1612
986,1775
986,1336
986,1726
986,1776
986,990
987,1584
987,2670
987,1591
988,1583
988,3433
989,3507
989,3508
989,990
990,3117
990,3507
990,1477
990,3508
990,2614
994,995
994,996
994,997
994,998
994,999
996,1115
996,2849
996,2850
996,2844
996,1116
996,1979
996,997
996,2843
996,999
996,2851
997,1115
997,1037
997,2849
997,2850
997,2844
997,2856
997,1116
997,1979
997,1105
997,999
997,2851
998,2926
999,2855
999,1755
999,2843
1004,1005
1004,1006
1004,1007
1005,1006
1005,1085
1005,1007
1006,1085
1006,3405
1006,1007
1007,1623
1007,2225
1007,3443
1007,2226
1008,1153
1008,1132
1008,1140
1008,1009
1008,1011
1008,1015
1009,1153
1009,1156
1009,1157
1009,1132
1009,1140
1009,1011
1009,1015
1010,1153
1010,1193
1010,1156
1010,2725
1010,1012
1010,1199
1010,1200
1010,1201
1010,1202
1010,1128
1010,2646
1010,2647
1010,1205
1011,1160
1011,1161
1011,1140
1011,1164
1011,1015
1012,1153
1012,1196
1012,1195
1012,2539
1012,1200
1012,1543
1012,1201
1012,1199
1015,3577
1015,1153
1015,1157
1015,1140
1015,1215
1017,1018
1018,1424
1018,2641
1019,1020
1019,1021
1019,1022
1019,1023
1019,1024
1019,1025
1019,1026
1019,1027
1020,1424
1020,1426
1020,1413
1020,1419
1020,1438
1021,1039
1021,1414
1021,1416
1021,1023
1021,1429
1021,1446
1021,1444
1021,1025
1021,1027
1022,1417
1022,1023
1022,1453
1023,1454
1023,1424
1023,1426
1023,3280
1023,1448
1023,1421
1023,1294
1023,1289
1023,1434
1023,1297
1023,1300
1023,1416
1023,1038
1023,1438
1025,1424
1025,1421
1025,1414
1026,3117
1027,1428
1027,1434
1027,1414
1028,1029
1029,1435
1029,1472
1029,1473
1029,1458
1029,1246
1029,2563
1029,1459
1029,1557
1029,2564
1032,1033
1032,1034
1032,1035
1036,1037
1037,1976
1037,1977
1037,1973
1037,1978
1037,1979
1037,1980
1037,1981
1037,1956
1037,1982
1038,1039
1038,1040
1038,1041
1038,1042
1039,1103
1040,2645
1040,3283
1040,1469
1040,2938
1041,2193
1041,3420
1041,1042
1041,3421
1041,1375
1042,2193
1042,1604
1042,3420
1042,3421
1042,1375
1043,3295
1043,3296
1043,1044
1043,2834
1043,3297
1043,3298
1043,2836
1045,1046
1047,1048
1047,1049
1048,1050
1048,1051
1049,1383
1049,2167
1050,1790
1050,2901
1050,2669
1050,1276
1050,2730
1051,2437
1051,1276
1052,1053
1052,1054
1052,1055
1052,1056
1054,1333
1054,1543
1054,1553
1054,1763
1054,1317
1055,1112
1055,2329
1055,1058
1056,1847
1056,3526
1057,1059
1057,1060
1057,1061
1057,1062
1058,2620
1058,1537
1058,1536
1058,2622
1058,1538
1058,1782
1058,1785
1058,2654
1058,2623
1058,3034
1058,2327
1058,2895
1058,2358
1059,1412
1059,1060
1059,1441
1059,1061
1059,1439
1059,1442
1061,1441
1061,1435
1061,2538
1061,1462
1061,1439
1061,3478
1062,3010
1062,2178
1063,1064
1063,1065
1066,1067
1068,1069
1068,1070
1068,1071
1068,1072
1068,1073
1068,1074
1071,1671
1071,1072
1071,2955
1072,1073
1072,1651
1072,2961
1073,1541
1073,2582
1073,2463
1073,1651
1073,1753
1075,1076
1076,1177
1076,1240
1076,2297
1076,1234
1080,1081
1080,1082
1081,1087
1083,1084
1084,1085
1085,1086
1087,1088
1087,1089
1087,1090
1087,1091
1088,1089
1088,2339
1088,2340
1088,2341
1089,1090
1089,2340
1090,3198
1090,3107
1090,3109
1090,1091
1091,3198
1092,1093
1092,1094
1092,1095
1092,1096
1093,1097
1093,1098
1093,1096
1094,2871
1095,3633
1097,2497
1097,2496
1097,1098
1097,2498
1099,1100
1099,1101
1099,1102
1100,2530
1100,3549
1101,1102
1106,1107
1107,2628
1107,2629
1107,1561
1107,2630
1109,1257
1111,3342
1113,1114
1113,1115
1113,1116
1113,1117
1114,1118
1114,1119
1114,1120
1114,1121
1114,1122
1114,1123
1114,1124
1114,1125
1115,1319
1115,2849
1115,1116
1117,1954
1117,2573
1118,1122
1118,1126
1119,1953
1120,2284
1120,1246
1120,1979
1120,2285
1120,2557
1120,1125
1121,3180
1122,1435
1122,1123
1123,1953
1123,1475
1125,2753
1125,2284
1125,2282
1125,2286
1125,2534
1127,1128
1127,1129
1128,1991
1130,1137
1130,1131
1130,1132
1130,1133
1130,1138
1130,1139
1130,1140
1130,1141
1130,1142
1130,1143
1130,1144
1130,1134
1130,1135
1130,1145
1130,1136
1131,1132
1131,1133
1131,1137
1131,1138
1131,1139
1131,1140
1131,1141
1131,1142
1131,1143
1131,1134
1131,1135
1131,1136
1132,1146
1132,1137
1132,1138
1132,1139
1132,1140
1132,1147
1132,1141
1132,1133
1132,1134
1132,1135
1132,1136
1132,1148
1133,1137
1133,1149
1133,1139
1133,1150
1133,1134
1133,1135
1133,1136
1134,1139
1134,1141
1134,1135
1134,1136
1135,1137
1135,1139
1135,1191
1135,1141
1136,3595
1136,3596
1136,3457
1137,1151
1137,1138
1137,1139
1137,1140
1137,1141
1137,1142
1138,1140
1138,1154
1139,1140
1139,1141
1139,1142
1140,1146
1140,1153
1140,1155
1140,1147
1141,1142
1141,1143
1141,1165
1142,1183
1144,2558
1144,1246
1145,2502
1145,1848
1145,2115
1145,1946
1145,1947
1145,1917
1145,1851
1145,1696
1145,1880
1145,1831
1145,1919
1145,1711
1146,1152
1147,1158
1147,1159
1147,1160
1147,1161
1147,1162
1147,1163
1147,1164
1148,1159
1148,1901
1148,3025
1148,1681
1148,2456
1148,1699
1148,2207
1148,1150
1148,1300
1148,3107
1149,1177
1149,1178
1149,1179
1149,1180
1149,1181
1149,1182
1149,1183
1149,1184
1149,1185
1150,1186
1150,1187
1150,1188
1150,1189
1150,1190
1150,1191
1151,1192
1152,1680
1152,2647
1153,1156
1153,1193
1153,1194
1153,1195
1153,1196
1153,1197
1153,1198
1153,1199
1153,1200
1153,1201
1153,1202
1153,1203
1153,1204
1153,1205
1154,3247
1154,3246
1155,1159
1155,1206
1155,1197
1155,1207
1155,1160
1155,1208
1155,1161
1155,1162
1155,1209
1155,1210
1155,1211
1155,1212
1155,1213
1155,1214
1156,1193
1156,1215
1156,1198
1156,1200
1156,1216
1156,1204
1156,1217
1156,1211
1157,1218
1158,1219
1158,1159
1158,1161
1158,1162
1158,1206
1158,1220
1159,1218
1159,1221
1159,1162
1159,1222
1159,1223
1159,1220
1159,1224
1160,1223
1160,1220
1160,1164
1160,1224
1161,1186
1161,1206
1161,1188
1161,1164
1161,1224
1161,1225
1162,1221
1162,1226
1162,1227
1162,1223
1162,1224
1163,2644
1163,2131
1163,1164
1163,2132
1165,1284
1166,1504
1166,1505
1166,1173
1167,1168
1167,2373
1168,2374
1168,2375
1168,2376
1169,2231
1169,2377
1169,2373
1170,2648
1170,2649
1170,2647
1170,1176
1171,1496
1172,1713
1175,2231
1175,2234
1175,2222
1176,1479
1176,2227
1176,1480
1176,1481
1176,1483
1176,1484
1176,2222
1176,3311
1176,1487
1176,2235
1177,1188
1177,1231
1177,1179
1177,1232
1177,1233
1177,1183
1177,1234
1178,1179
1179,1231
1179,1180
1179,2295
1179,1234
1180,1181
1180,1183
1181,2804
1181,2295
1181,1182
1181,1183
1182,3511
1183,1233
1184,1996
1184,1284
1184,1289
1184,1307
1185,1336
1186,1188
1186,1235
1186,1236
1186,1237
1187,1240
1187,1241
1187,1242
1187,1243
1187,1244
1188,1245
1188,1191
1188,1231
1188,1246
1188,1247
1188,1230
1189,1190
1189,1191
1189,1231
1189,1240
1189,1248
1190,1249
1190,1250
1190,1191
1190,1231
1190,1248
1191,1232
1191,1250
1191,1240
1191,1231
1191,1251
1191,1252
1191,1253
1192,2166
1193,1194
1193,1195
1193,1196
1193,1199
1193,1200
1193,1201
1193,1202
1193,1204
1193,1205
1194,1195
1196,2521
1197,1207
1197,1208
1197,1210
1197,1220
1197,1204
1197,1217
1197,2427
1197,1211
1197,3261
1198,3284
1198,2020
1198,1222
1198,1204
1199,1472
1199,1597
1199,1672
1199,1333
1199,1674
1199,1202
1199,2725
1199,1200
1199,2521
1199,1216
1199,1543
1199,1215
1199,1553
1199,1754
1199,1201
1200,1202
1200,1201
1200,1205
1201,1202
1201,1205
1202,2410
1202,2409
1202,1205
1203,3198
1204,2857
1204,3284
1204,1217
1204,1213
1207,1208
1207,1210
1207,1211
1208,1210
1208,1211
1208,1386
1210,3284
1210,1220
1210,1217
1210,2427
1210,1211
1211,1217
1211,1513
1211,2166
1211,1213
1212,2857
1213,3284
1213,1217
1213,1513
1217,3284
1217,1231
1218,1220
1219,2401
1219,2428
1220,2132
1221,1688
1221,2954
1222,3285
1222,2617
1222,2569
1222,1489
1222,1707
1222,3130
1224,1923
1225,1791
1226,2412
1226,2413
1226,2400
1226,2401
1226,2402
1226,2414
1226,1227
1226,1930
1226,2415
1227,2403
1227,2405
1229,2857
1229,2418
1230,2231
1230,1474
1230,3332
1230,3521
1230,1231
1231,1996
1231,1240
1231,1918
1232,1240
1232,2165
1234,3542
1234,2274
1235,3451
1235,2088
1235,3450
1236,1323
1238,1287
1238,1284
1238,1289
1238,3327
1238,1310
1239,3575
1240,1250
1240,1251
1241,1524
1244,3491
1244,1667
1244,1662
1244,1737
1244,1668
1245,1595
1246,2541
1246,2542
1246,2543
1246,2544
1246,1544
1246,2251
1246,2545
1246,2546
1246,1763
1246,1554
1246,2547
1246,2548
1246,2549
1246,1325
1246,1752
1246,1782
1246,1785
1247,2666
1248,3468
1249,2296
1250,1253
1251,2193
1251,1392
1251,3541
1251,2809
1251,1391
1251,2810
1251,3210
1251,1390
1253,1863
1254,1255
1254,1256
1255,1257
1256,1343
1256,1338
1258,1259
1258,1260
1259,1781
1259,2252
1259,2576
1259,2589
1260,3035
1260,3037
1261,1262
1261,1263
1262,1307
1263,1307
1264,1265
1264,1266
1264,1267
1265,1271
1265,1645
1267,1510
1267,1271
1268,1269
1268,1270
1269,2351
1269,1284
1269,1289
1269,2421
1269,1321
1270,2351
1270,2173
1270,1320
1272,1273
1273,1274
1274,2718
1278,1279
1280,3505
1282,1283
1282,1284
1282,1285
1283,1286
1284,1287
1284,1288
1284,1289
1284,1290
1284,1291
1284,1292
1284,1293
1284,1294
1284,1295
1284,1296
1284,1297
1284,1298
1284,1299
1284,1300
1284,1301
1284,1302
1284,1303
1284,1304
1284,1305
1284,1306
1284,1307
1284,1308
1284,1309
1284,1310
1284,1311
1284,1312
1284,1313
1284,1314
1284,1315
1284,1316
1285,1583
1285,3625
1286,1288
1286,3616
1287,1289
1287,1291
1287,1295
1287,1317
1287,1310
1287,1318
1288,1319
1288,1294
1288,1295
1288,1296
1288,1303
1288,1305
1288,1310
1289,1290
1289,1320
1289,1292
1289,1321
1289,1295
1289,1297
1289,1301
1289,1306
1289,1308
1289,1310
1289,1322
1289,1323
1289,1311
1289,1314
1289,1315
1289,1316
1291,1791
1291,2512
1291,1316
1292,1791
1292,1792
1292,1320
1292,2741
1292,1321
1292,1298
1292,1302
1293,1773
1294,2945
1294,2944
1295,1688
1295,1317
1295,2928
1295,1296
1295,2902
1295,1297
1295,1699
1297,3029
1298,2522
1298,1669
1298,1691
1298,1670
1298,1791
1298,1736
1298,1739
1300,1305
1301,3029
1302,1738
1302,1644
1302,1813
1303,1974
1303,1312
1304,3486
1304,1308
1306,1672
1306,3561
1307,1996
1308,3486
1308,3485
1308,1309
1308,1312
1308,1313
1309,3486
1309,3485
1309,3245
1311,1791
1311,1792
1312,1313
1312,1314
1314,3306
1317,1597
1318,2086
1319,1324
1319,1325
1319,1326
1319,1327
1320,1345
1320,1791
1320,1747
1321,2352
1321,2101
1322,1735
1322,1951
1323,2320
1323,3450
1323,1540
1324,2016
1328,1329
1328,1330
1328,1331
1329,1405
1330,3255
1332,1333
1333,1532
1333,1751
1333,1533
1333,1664
1333,1676
1333,1681
1333,1752
1333,1543
1333,1534
1333,1753
1333,1551
1333,1754
1333,1755
1333,1756
1333,1550
1334,1335
1335,1580
1335,1698
1336,2248
1339,1340
1345,1346
1346,1347
1346,1348
1346,1349
1346,1350
1346,1351
1346,1352
1346,1353
1346,1354
1346,1355
1346,1356
1346,1357
1346,1358
1346,1359
1346,1360
1346,1361
1346,1362
1346,1363
1346,1364
1346,1365
1346,1366
1346,1367
1346,1368
1346,1369
1346,1370
1346,1371
1346,1372
1346,1373
1346,1374
1346,1375
1346,1376
1346,1377
1346,1378
1346,1379
1346,1380
1346,1381
1346,1382
1347,1348
1348,1349
1348,1350
1348,1351
1349,1350
1349,1351
1349,2359
1349,1352
1349,2360
1349,1354
1349,2361
1349,1356
1349,1357
1349,1605
1349,1358
1349,1359
1349,1360
1349,1361
1349,1362
1349,2362
1349,1364
1349,1365
1349,1366
1349,2363
1349,1367
1349,2364
1349,1368
1349,1371
1349,2365
1349,2366
1349,1374
1349,1376
1349,2367
1349,2368
1349,2369
1349,2370
1349,1380
1349,2371
1350,2359
1350,1352
1350,2360
1350,1356
1350,1605
1350,1361
1350,2362
1350,1364
1350,1365
1350,1366
1350,1368
1350,2366
1350,1374
1350,2367
1350,2368
1350,2369
1350,2370
1350,2371
1350,1381
1351,2359
1351,1353
1351,1652
1352,2372
1352,2359
1352,2360
1352,1362
1352,2030
1352,1368
1352,2368
1353,1379
1354,2948
1355,2361
1355,3001
1355,2724
1355,3053
1355,3059
1355,3050
1355,3061
1355,1361
1355,3051
1355,3063
1355,3067
1355,3077
1355,2371
1356,2359
1356,1357
1356,2360
1356,1605
1356,1364
1356,1381
1357,1358
1357,1376
1357,1381
1358,1604
1358,3184
1358,1375
1358,1376
1359,3251
1359,1364
1359,1366
1359,2363
1359,1367
1359,2364
1359,2365
1359,3252
1359,2369
1359,2370
1360,2193
1360,3257
1360,2359
1360,3258
1360,2360
1361,2361
1361,3001
1361,2724
1361,1604
1361,3066
1361,2371
1362,2727
1362,2359
1362,2360
1364,2359
1364,1605
1365,2359
1365,2948
1366,2359
1366,1605
1366,2948
1366,1381
1367,2948
1368,2359
1368,2360
1368,2366
1369,3506
1369,1378
1371,2744
1374,3506
1374,2359
1374,2360
1374,1381
1376,2359
1376,2360
1377,3548
1377,2923
1378,1379
1379,3506
1381,2359
1381,2360
1381,2099
1385,1721
1385,1851
1385,1852
1385,1697
1385,1719
1386,2113
1386,1685
1386,1686
1386,1688
1386,1689
1386,1722
1386,1692
1386,3025
1386,2110
1386,1697
1386,1512
1386,1824
1386,1825
1386,1826
1386,1863
1389,1390
1389,1391
1389,1392
1389,1393
1390,2809
1390,2810
1391,1392
1391,3253
1391,3254
1392,2600
1392,3253
1392,2625
1392,3255
1392,1406
1394,1395
1394,1396
1395,2481
1395,3120
1395,1396
1395,3122
1395,3074
1395,2435
1396,3120
1396,3122
1396,3074
1397,1398
1397,1399
1397,1400
1399,2056
1399,2057
1399,2473
1399,1826
1401,1402
1402,1469
1402,2172
1402,2171
1403,1404
1405,1406
1406,2625
1406,1578
1406,1579
1409,1410
1412,1420
1412,1421
1412,1413
1412,1419
1412,1422
1412,1423
1413,1424
1413,1421
1413,1414
1413,1418
1413,1425
1413,1423
1414,1424
1414,1426
1414,1421
1414,1427
1414,1428
1414,1429
1415,1430
1415,1431
1416,1432
1417,1427
1418,1424
1418,1433
1418,1434
1419,1421
1419,1437
1420,1421
1421,1437
1421,1422
1421,1439
1421,1423
1421,1440
1423,3622
1424,1426
1424,1427
1424,1428
1424,1433
1424,1434
1424,1443
1424,1429
1424,1444
1424,1440
1424,1445
1425,2383
1425,2378
1426,1427
1427,1449
1427,1428
1427,1444
1428,1449
1428,1429
1429,1434
1429,1443
1430,2735
1430,3276
1430,2639
1431,3032
1431,3033
1432,1446
1433,1434
1435,1455
1435,1456
1435,1457
1435,1458
1435,1459
1435,1460
1435,1461
1435,1462
1435,1463
1435,1464
1435,1465
1435,1466
1435,1467
1435,1468
1436,1469
1436,1470
1438,1443
1439,1441
1439,3479
1439,2538
1439,2809
1439,3139
1441,2538
1441,1445
1442,1466
1444,2275
1445,2379
1451,1471
1451,1472
1451,1473
1451,1474
1451,1459
1451,1458
1451,1475
1451,1463
1451,1476
1452,2194
1452,2195
1453,2834
1453,2838
1453,2836
1455,1457
1456,2388
1456,1623
1456,2389
1456,1625
1458,1471
1458,1472
1458,1459
1458,1557
1459,1471
1459,1472
1459,1473
1459,1557
1459,1476
1459,1468
1460,3393
1460,1461
1460,2790
1461,3395
1461,3396
1461,3397
1461,3238
1463,1471
1463,1472
1463,1475
1463,2144
1464,2973
1464,2245
1464,2984
1464,2983
1465,3393
1465,3347
1465,3517
1467,2024
1467,3639
1467,3083
1468,1471
1468,1472
1469,2552
1471,1472
1471,1473
1472,1473
1472,1557
1472,1476
1473,1544
1473,1476
1473,1750
1473,2577
1477,1583
1478,1479
1478,1480
1478,1481
1478,1482
1478,1483
1478,1484
1478,1485
1478,1486
1478,1487
1478,1488
1479,1480
1479,1489
1479,1481
1479,1490
1479,1484
1479,1487
1479,1491
1479,1492
1479,1493
1480,1490
1480,1484
1480,1485
1480,1494
1480,1495
1480,1496
1480,1491
1480,1492
1480,1493
1481,2221
1481,2227
1481,2228
1481,1490
1481,1489
1481,1482
1481,2223
1481,1483
1481,1484
1481,1486
1481,2229
1481,1494
1481,2224
1481,1496
1481,2225
1481,2226
1482,1490
1482,1483
1482,2230
1482,1484
1482,1489
1482,2223
1482,1486
1482,2229
1482,2225
1482,2226
1483,2221
1483,2231
1483,1485
1483,1484
1484,2221
1484,2231
1484,2228
1484,2234
1484,1490
1484,1485
1484,2230
1484,1486
1484,1487
1484,2224
1485,2221
1485,2231
1485,1490
1485,1486
1485,2224
1485,2143
1486,2231
1486,2230
1486,1489
1486,2470
1486,1487
1486,2225
1486,2235
1487,2221
1487,2223
1487,1489
1487,2225
1487,1491
1487,2226
1487,2749
1488,2508
1489,2221
1489,2222
1489,2223
1489,2224
1489,2225
1489,1491
1489,2226
1490,2221
1490,2227
1490,2234
1490,1494
1490,2235
1490,1492
1491,2221
1491,2227
1491,2223
1491,3383
1491,3385
1491,1622
1491,1623
1491,2224
1491,2226
1492,2221
1492,2227
1492,2138
1492,1498
1492,2224
1492,2235
1493,2749
1495,1900
1495,2238
1495,3140
1496,2952
1496,2466
1496,2966
1497,1498
1497,1499
1498,3006
1498,3007
1498,1575
1498,1499
1499,3008
1499,3006
1499,1575
1499,3009
1500,1501
1500,1502
1501,1685
1501,1686
1501,2060
1501,1688
1501,1689
1501,1722
1501,1821
1501,1740
1501,1897
1501,1822
1501,1843
1501,1839
1501,1503
1501,1863
1501,1891
1501,2061
1502,2060
1502,1849
1502,2061
1506,1507
1506,1508
1506,1509
1507,2456
1507,1509
1507,2866
1508,2652
1509,1530
1510,1513
1510,1514
1511,1638
1511,3024
1511,3020
1511,3025
1511,1637
1511,1641
1512,2113
1512,1682
1512,1827
1512,1854
1512,1901
1512,1917
1512,2110
1512,1857
1512,1697
1512,1699
1513,3087
1514,2840
1516,1517
1516,1518
1517,3032
1517,3141
1517,2573
1518,3032
1518,3141
1519,1520
1520,2197
1521,1522
1522,2138
1522,1868
1522,2140
1522,2144
1523,1524
1524,2551
1524,2523
1524,2631
1526,1527
1527,1528
1527,1529
1528,2060
1528,1863
1528,2102
1528,2200
1528,2823
1528,2824
1528,1886
1528,2137
1531,1532
1531,1533
1531,1534
1531,1535
1531,1536
1531,1537
1531,1538
1531,1539
1531,1540
1532,1541
1532,1542
1532,1543
1532,1544
1532,1534
1532,1535
1532,1536
1532,1537
1532,1538
1532,1539
1532,1545
1532,1546
1532,1547
1532,1548
1532,1549
1532,1550
1533,1766
1533,1767
1533,1768
1534,1541
1534,1542
1534,1543
1535,1542
1535,1544
1535,2576
1535,1543
1535,1549
1536,2620
1536,2313
1536,2559
1536,1554
1536,1782
1536,1537
1536,1538
1536,1555
1536,1812
1536,2550
1536,2621
1536,2622
1536,1785
1536,2623
1536,2624
1536,1549
1537,2620
1537,1538
1537,1782
1537,2559
1537,1555
1537,2621
1537,2622
1537,1785
1537,2623
1537,2624
1537,1549
1538,2620
1538,1782
1538,2559
1538,1555
1538,1539
1538,2561
1538,2621
1538,1785
1538,1547
1538,2655
1538,1548
1538,1549
1538,1550
1539,1542
1539,1769
1539,1781
1539,2572
1539,1681
1539,1760
1539,1761
1539,2848
1539,1783
1539,1784
1539,2843
1539,1545
1539,1546
1539,1547
1539,1548
1539,1758
1539,1550
1540,1788
1540,2320
1540,1750
1541,1551
1542,1543
1542,1551
1542,1547
1542,1548
1542,1549
1543,1671
1543,1597
1543,1751
1543,2447
1543,1672
1543,2543
1543,1664
1543,1673
1543,1544
1543,1769
1543,1781
1543,1811
1543,1760
1543,1674
1543,1675
1543,1676
1543,1742
1543,1752
1543,1768
1543,2550
1543,1545
1543,1755
1543,1546
1544,2447
1544,1545
1544,1551
1544,1546
1544,2562
1544,1547
1544,1548
1544,1550
1545,1751
1545,1635
1545,1681
1545,3106
1545,2588
1545,1753
1545,1550
1546,1751
1546,1681
1546,3106
1546,2588
1546,1753
1546,3424
1546,1550
1547,1555
1547,2561
1547,2655
1548,1769
1548,1781
1548,2572
1548,1681
1548,1760
1548,1761
1548,2848
1548,1783
1548,1784
1549,2083
1549,1550
1550,1672
1550,1635
1550,1681
1550,2588
1550,1753
1550,1770
1550,1752
1551,2543
1551,1555
1551,2905
1551,3320
1553,1759
1553,2321
1553,1752
1553,1556
1553,1754
1553,1745
1553,1758
1554,1785
1555,2543
1555,2559
1555,2656
1555,1785
1556,1769
1556,1781
1556,1681
1556,1760
1556,1761
1556,1812
1557,2841
1558,1559
1558,1560
1558,1561
1558,1562
1559,3005
1559,1565
1559,2313
1559,3048
1560,3427
1561,2629
1561,1993
1561,2630
1563,1564
1563,1565
1563,1566
1564,3052
1564,3040
1564,2361
1564,3053
1564,3042
1564,3044
1564,3050
1564,3054
1564,3055
1564,3056
1565,2361
1565,3001
1565,3005
1565,3002
1565,2528
1565,3048
1565,2362
1565,3066
1566,3041
1566,3543
1566,2362
1566,3048
1567,1568
1567,1569
1567,1570
1568,2279
1569,2279
1570,2279
1573,1574
1573,1575
1573,1576
1573,1577
1574,2529
1575,3012
1575,3006
1575,3013
1577,3329
1582,1583
1583,1592
1584,1796
1584,2674
1584,1586
1584,2675
1584,1776
1584,2676
1584,1587
1584,2670
1584,1591
1585,1771
1585,2668
1585,1586
1585,2670
1586,1771
1586,2668
1586,2674
1586,1796
1586,2670
1586,1591
1587,2674
1587,2676
1587,1591
1589,1771
1591,1796
1591,2674
1591,2670
1593,1594
1596,1597
1597,1809
1597,2575
1599,1600
1599,1601
1600,1601
1600,3170
1600,2787
1600,1622
1601,3444
1604,1605
1605,2359
1606,1607
1607,2242
1607,3608
1607,3610
1608,1609
1608,1610
1608,1611
1609,2744
1609,1610
1609,2745
1611,3607
1613,1614
1613,1615
1614,3544
1615,2912
1616,1617
1616,1618
1617,1618
1617,1619
1617,1620
1617,1621
1617,1622
1617,1623
1617,1624
1617,1625
1617,1626
1617,1627
1618,1623
1619,1620
1619,1624
1619,1625
1619,3416
1620,1625
1620,3416
1622,2388
1622,1623
1622,3384
1622,1625
1623,3167
1623,2389
1623,3209
1623,2388
1624,1625
1625,2785
1625,2011
1625,3384
1626,3576
1628,2003
1628,2450
1628,1657
1628,2071
1628,2004
1628,2008
1628,2449
1628,2073
1629,3127
1629,3129
1629,1630
1630,2452
1632,1633
1636,1637
1636,1638
1636,1639
1636,1640
1636,1641
1636,1642
1636,1643
1637,1638
1637,3020
1637,2131
1637,3021
1638,3020
1638,3022
1638,1639
1638,1640
1638,1641
1638,1642
1638,1873
1638,3023
1639,1640
1639,1641
1639,1642
1640,3020
1640,1641
1640,1642
1640,3262
1640,3263
1641,1873
1641,1642
1644,1646
1645,2348
1646,1647
1646,1648
1647,1649
1649,2839
1649,2167
1649,2204
1650,1651
1653,1654
1656,1657
1657,1658
1659,1660
1662,1669
1662,1667
1662,1670
1662,1668
1664,1671
1664,1672
1664,1673
1664,1674
1664,1675
1664,1676
1664,1677
1665,1679
1665,1680
1666,1720
1666,1685
1666,1686
1666,1688
1666,1721
1666,1722
1666,1723
1666,1724
1666,1725
1666,1726
1666,1691
1666,1692
1666,1727
1666,1728
1666,1729
1666,1705
1666,1730
1666,1731
1666,1732
1666,1733
1666,1734
1667,1671
1667,1725
1667,1735
1667,1736
1667,1737
1667,1668
1668,3631
1668,3632
1668,2110
1668,1670
1668,2523
1669,1738
1669,1725
1669,1670
1669,1736
1669,1739
1670,1741
1671,1672
1671,1673
1671,1674
1671,1742
1671,1743
1671,1744
1671,1745
1671,1746
1672,1674
1672,1675
1672,1676
1672,1681
1672,1747
1672,1748
1672,1749
1672,1745
1672,1750
1673,1674
1673,1742
1674,1757
1674,1676
1674,1746
1675,1757
1675,1681
1675,1677
1675,1758
1676,1759
1676,1760
1676,1761
1676,1758
1677,1793
1677,1757
1677,1743
1679,2253
1681,1760
1681,1761
1681,1781
1681,1782
1681,1783
1681,1784
1681,1785
1681,1786
1681,1745
1681,1787
1682,1833
1682,1841
1682,1854
1682,1916
1682,1917
1682,1857
1682,1918
1682,1919
1682,1894
1683,1908
1683,1716
1684,1716
1685,1820
1685,1725
1685,1688
1685,1722
1685,1740
1685,1686
1685,1690
1685,1721
1685,1723
1685,1726
1685,1691
1685,1692
1685,1821
1685,1822
1685,1823
1685,1694
1685,1695
1685,1824
1685,1825
1685,1826
1685,1827
1685,1828
1685,1829
1685,1696
1685,1830
1685,1831
1685,1699
1685,1700
1685,1832
1685,1833
1685,1834
1685,1835
1685,1836
1685,1837
1685,1838
1685,1839
1685,1840
1685,1841
1685,1842
1685,1701
1685,1843
1685,1844
1685,1845
1685,1846
1685,1847
1685,1848
1685,1849
1685,1850
1685,1851
1685,1852
1685,1815
1685,1853
1685,1702
1685,1854
1685,1855
1685,1856
1685,1805
1685,1857
1685,1858
1685,1859
1685,1860
1685,1861
1685,1862
1685,1863
1685,1864
1685,1865
1685,1704
1685,1866
1685,1867
1685,1868
1685,1730
1685,1869
1685,1870
1685,1871
1685,1872
1685,1873
1685,1707
1685,1874
1685,1875
1685,1876
1685,1877
1685,1878
1685,1879
1685,1880
1685,1881
1685,1882
1685,1883
1685,1884
1685,1885
1685,1886
1685,1887
1685,1888
1685,1889
1685,1890
1685,1891
1685,1892
1685,1716
1685,1893
1685,1894
1685,1895
1686,1920
1686,1725
1686,1688
1686,1722
1686,1740
1686,1721
1686,1726
1686,1691
1686,1821
1686,1822
1686,1695
1686,1825
1686,1826
1686,1829
1686,1696
1686,1830
1686,1831
1686,1699
1686,1700
1686,1833
1686,1834
1686,1835
1686,1836
1686,1838
1686,1839
1686,1841
1686,1701
1686,1843
1686,1844
1686,1845
1686,1846
1686,1848
1686,1898
1686,1851
1686,1852
1686,1815
1686,1853
1686,1702
1686,1855
1686,1805
1686,1857
1686,1858
1686,1859
1686,1860
1686,1862
1686,1863
1686,1864
1686,1865
1686,1704
1686,1866
1686,1867
1686,1868
1686,1730
1686,1902
1686,1872
1686,1707
1686,1874
1686,1875
1686,1877
1686,1879
1686,1880
1686,1884
1686,1921
1686,1886
1686,1889
1686,1890
1686,1891
1686,1892
1686,1907
1686,1894
1686,1895
1687,1692
1687,1823
1687,1828
1687,1922
1687,1878
1687,1923
1687,1709
1687,1924
1687,1925
1687,1926
1687,1716
1688,1820
1688,1725
1688,1735
1688,1722
1688,1740
1688,1690
1688,1721
1688,1726
1688,1691
1688,1692
1688,1821
1688,1822
1688,1896
1688,1823
1688,1694
1688,1695
1688,1825
1688,1826
1688,1828
1688,1829
1688,1696
1688,1830
1688,1831
1688,1699
1688,1833
1688,1834
1688,1835
1688,1836
1688,1837
1688,1838
1688,1897
1688,1839
1688,1841
1688,1842
1688,1701
1688,1843
1688,1844
1688,1845
1688,1846
1688,1847
1688,1848
1688,1898
1688,1850
1688,1851
1688,1852
1688,1815
1688,1727
1688,1853
1688,1702
1688,1854
1688,1805
1688,1857
1688,1899
1688,1703
1688,1858
1688,1859
1688,1860
1688,1900
1688,1861
1688,1862
1688,1863
1688,1864
1688,1865
1688,1704
1688,1866
1688,1867
1688,1868
1688,1730
1688,1869
1688,1901
1688,1871
1688,1902
1688,1872
1688,1707
1688,1874
1688,1875
1688,1876
1688,1877
1688,1879
1688,1880
1688,1903
1688,1884
1688,1904
1688,1885
1688,1886
1688,1710
1688,1887
1688,1712
1688,1713
1688,1905
1688,1906
1688,1888
1688,1889
1688,1890
1688,1891
1688,1892
1688,1907
1688,1893
1688,1894
1688,1895
1689,1842
1689,1701
1689,1835
1689,1843
1689,1722
1689,1829
1689,1696
1689,1830
1689,1831
1689,1699
1689,1836
1689,1841
1689,1846
1689,1850
1689,1851
1689,1852
1689,1702
1689,1859
1689,1862
1689,1704
1689,1866
1689,1867
1689,1927
1689,1730
1689,1874
1689,1875
1689,1876
1689,1879
1689,1886
1689,1891
1689,1895
1689,1928
1690,1828
1690,1878
1691,1721
1691,1722
1691,1723
1691,1724
1691,1725
1691,1735
1691,1726
1691,1692
1691,1814
1691,1815
1691,1727
1691,1948
1691,1728
1691,1705
1691,1949
1691,1730
1691,1731
1691,1950
1691,1732
1691,1733
1691,1734
1691,1951
1691,1758
1692,1952
1692,1823
1692,1722
1692,1724
1692,1814
1692,1728
1692,1949
1692,1733
1692,1734
1693,1952
1693,1823
1693,1694
1693,1695
1693,1824
1693,1825
1693,1826
1693,2081
1693,1866
1693,1891
1694,1827
1694,2089
1694,1823
1694,2090
1694,1722
1694,1828
1694,1829
1694,1696
1694,1697
1694,2047
1694,1830
1694,1831
1694,2091
1694,1990
1694,1814
1694,1698
1694,1699
1695,2092
1695,1721
1695,2093
1695,2094
1695,2095
1695,1722
1695,1821
1695,1723
1695,2096
1695,1740
1695,2097
1695,2098
1695,1933
1695,1700
1695,1697
1695,1832
1695,1833
1695,1941
1695,1834
1695,2099
1695,1824
1695,2050
1695,1919
1695,1819
1695,2100
1696,1827
1696,2089
1696,1823
1696,1848
1696,1849
1696,2115
1696,1722
1696,1821
1696,1740
1696,2097
1696,1704
1696,1919
1696,2108
1697,1721
1697,1946
1697,1898
1697,1850
1697,1717
1697,2105
1698,1853
1698,1718
1699,1908
1699,1820
1699,1912
1699,1721
1699,1722
1699,2135
1699,1740
1699,1897
1699,1847
1699,1822
1699,2136
1699,2137
1700,1722
1700,1821
1700,2156
1700,1740
1700,1835
1700,1825
1700,1831
1700,1832
1700,1836
1700,1837
1700,1839
1700,1853
1700,1805
1700,1862
1700,1872
1700,1876
1700,2108
1700,1903
1700,1733
1700,2134
1700,2058
1700,1888
1700,2157
1700,1893
1700,1895
1701,2121
1701,1721
1701,1855
1701,1842
1701,1722
1701,1821
1701,1835
1701,1843
1701,1702
1701,1704
1701,1866
1701,1927
1701,1891
1701,1928
1702,2121
1702,1721
1702,1855
1702,1722
1702,2114
1702,2110
1702,2134
1703,2187
1703,1945
1703,2046
1703,1912
1703,1845
1703,1725
1703,1847
1703,2721
1703,2111
1703,1858
1703,1868
1703,2477
1703,1921
1703,2104
1704,2121
1704,1721
1704,1842
1704,1722
1704,1821
1704,2825
1704,1835
1704,1843
1704,1832
1704,1927
1704,1909
1704,1864
1704,1866
1704,1891
1705,1724
1705,1941
1706,2299
1706,2937
1706,2704
1706,2056
1706,1808
1707,2644
1707,1722
1707,1821
1707,1740
1707,2618
1707,2646
1708,1722
1708,1901
1709,3533
1709,2110
1709,1915
1709,1879
1710,2112
1710,1946
1710,1915
1711,2502
1711,1848
1711,2115
1711,1946
1711,1947
1711,1824
1711,1825
1711,1862
1711,1863
1711,1919
1711,1867
1711,1712
1711,2829
1711,2050
1711,2058
1712,1740
1712,1917
1712,2110
1712,1826
1712,1862
1712,1863
1712,1919
1713,2387
1713,1721
1713,1722
1713,1869
1713,1726
1713,3556
1713,1877
1713,1730
1713,1909
1713,2116
1714,1725
1714,1735
1714,3587
1714,2059
1715,2775
1715,2024
1715,2786
1715,3614
1715,3398
1715,2774
1715,2019
1715,3603
1716,2117
1716,1722
1716,2110
1717,1880
1717,1850
1719,1952
1719,1805
1719,1831
1719,1824
1720,1827
1720,1727
1720,1929
1720,1930
1721,1840
1721,1931
1721,1932
1721,1723
1721,1726
1721,1823
1721,1829
1721,1933
1721,1832
1721,1835
1721,1843
1721,1848
1721,1852
1721,1805
1721,1863
1721,1866
1721,1934
1721,1872
1721,1875
1721,1876
1721,1935
1721,1732
1721,1905
1721,1891
1721,1936
1721,1937
1722,1908
1722,1820
1722,1821
1722,1740
1722,1726
1722,1822
1722,1825
1722,1826
1722,1829
1722,1830
1722,1831
1722,1833
1722,1835
1722,1909
1722,1836
1722,1838
1722,1839
1722,1843
1722,1844
1722,1845
1722,1846
1722,1850
1722,1851
1722,1852
1722,1815
1722,1853
1722,1854
1722,1805
1722,1857
1722,1858
1722,1859
1722,1860
1722,1862
1722,1863
1722,1864
1722,1865
1722,1866
1722,1867
1722,1730
1722,1872
1722,1874
1722,1875
1722,1876
1722,1877
1722,1879
1722,1880
1722,1884
1722,1910
1722,1889
1722,1890
1722,1891
1722,1911
1722,1892
1722,1894
1722,1895
1723,1840
1723,1726
1723,1933
1723,1832
1723,1815
1723,1934
1723,1872
1723,1935
1723,1938
1723,1939
1723,1940
1724,1841
1724,1941
1724,1729
1724,1730
1724,1942
1724,1943
1724,1944
1725,1735
1725,1814
1725,1815
1725,1736
1725,1737
1725,1730
1725,1731
1725,1732
1725,1733
1725,1758
1726,1840
1726,1827
1726,1945
1726,1912
1726,1842
1726,1946
1726,1947
1726,1845
1726,1846
1726,1832
1726,1872
1726,1876
1726,1819
1726,1905
1727,2508
1727,1916
1727,2129
1727,1912
1727,1815
1727,1814
1727,1728
1727,1729
1727,1730
1727,1733
1727,1734
1727,2509
1728,1916
1728,1815
1728,2130
1728,1948
1728,1730
1728,1731
1728,1733
1728,1734
1728,2510
1729,2272
1729,2405
1729,2755
1730,2129
1730,1912
1730,1821
1730,1740
1730,1815
1730,2130
1730,1948
1730,1950
1730,1733
1731,2999
1731,1815
1731,2130
1731,1948
1731,2511
1732,1840
1732,1832
1732,1818
1732,1876
1732,1825
1733,1840
1733,1916
1733,2129
1733,1815
1733,2130
1733,1948
1733,1832
1733,1884
1733,1734
1733,1825
1734,1916
1734,1815
1735,1736
1735,1817
1735,1818
1735,1819
1736,1854
1736,1917
1736,1857
1736,1850
1736,1737
1736,1951
1736,2504
1738,1813
1740,1908
1740,1820
1740,1912
1740,1913
1740,1821
1740,1822
1740,1825
1740,1826
1740,1829
1740,1830
1740,1831
1740,1832
1740,1836
1740,1837
1740,1838
1740,1839
1740,1844
1740,1851
1740,1852
1740,1815
1740,1853
1740,1805
1740,1859
1740,1860
1740,1862
1740,1863
1740,1864
1740,1865
1740,1867
1740,1874
1740,1875
1740,1876
1740,1879
1740,1903
1740,1886
1740,1890
1740,1914
1740,1895
1741,1774
1741,1780
1741,2056
1743,1773
1743,1744
1743,1746
1744,1773
1744,1757
1745,1752
1746,1762
1746,1773
1746,1757
1746,1747
1747,1788
1747,2106
1748,2558
1748,1784
1748,1749
1748,2609
1749,2558
1750,1788
1750,2447
1751,1764
1751,1765
1752,2539
1752,2240
1752,2540
1752,1764
1753,3106
1753,2588
1754,1788
1754,1784
1755,3342
1755,2856
1755,2858
1757,1771
1757,1772
1757,1773
1758,1769
1758,1781
1758,1761
1759,1806
1759,1784
1759,1807
1759,1808
1760,1810
1760,1769
1760,1781
1760,1811
1760,1761
1760,1783
1760,1812
1761,1769
1761,1781
1761,1812
1762,1809
1764,2556
1766,2239
1766,2240
1766,1767
1767,2240
1769,1781
1769,2576
1769,1783
1769,1812
1769,1770
1769,2577
1770,1781
1770,1783
1771,2668
1771,2669
1771,2670
1771,2671
1771,2672
1771,2673
1772,2663
1774,1780
1774,2167
1774,2168
1774,2087
1776,2830
1776,2674
1776,2676
1776,2675
1776,1778
1777,3144
1780,2167
1780,2168
1780,2087
1781,2252
1781,1783
1781,1812
1781,2550
1782,2543
1782,2314
1782,2307
1782,2654
1782,1785
1782,2327
1783,2595
1783,1812
1784,1788
1784,2845
1785,2620
1785,3035
1785,2543
1785,1811
1785,2622
1785,2905
1785,2623
1785,2358
1785,1983
1787,1925
1788,2106
1788,2321
1788,2595
1788,2596
1789,1791
1789,2669
1789,2707
1790,2420
1791,1792
1791,2707
1792,2669
1792,2707
1793,2750
1794,2205
1794,2206
1794,2208
1794,2207
1794,2209
1794,2210
1796,2674
1796,2670
1798,2679
1798,2680
1800,2837
1800,2831
1801,2675
1801,2834
1801,2835
1801,2838
1801,2836
1805,1821
1805,1853
1805,2049
1805,1893
1807,2935
1807,1809
1807,2936
1808,2299
1808,2937
1808,2704
1808,1899
1808,3079
1809,3446
1810,1812
1812,2299
1812,2539
1812,2550
1812,2656
1814,2089
1814,2129
1814,1823
1814,1815
1814,2130
1814,1948
1815,1821
1815,1948
1815,1949
1818,1819
1819,1946
1819,1947
1819,2098
1819,1898
1819,1941
1819,1834
1819,2140
1819,1875
1819,1876
1820,1831
1820,1909
1820,1863
1820,1865
1820,1875
1820,1877
1820,1903
1820,2045
1820,1895
1821,1822
1821,1825
1821,1829
1821,1830
1821,1831
1821,1836
1821,1837
1821,1839
1821,1843
1821,1851
1821,1852
1821,1853
1821,1859
1821,1862
1821,1863
1821,1865
1821,1866
1821,1867
1821,1874
1821,1877
1821,1879
1821,1890
1821,1891
1821,2055
1821,1895
1822,1839
1822,1826
1822,1831
1822,1838
1822,1895
1823,1827
1823,1952
1823,2088
1823,2089
1823,1932
1823,1905
1824,2101
1824,1864
1824,2102
1824,1866
1824,1867
1824,1872
1824,1876
1824,1903
1824,1921
1824,2103
1824,1890
1824,1891
1824,1895
1824,2104
1824,2105
1825,1912
1825,1835
1825,1831
1825,1909
1825,1836
1825,1837
1825,2106
1825,2101
1825,1864
1825,1866
1825,1867
1825,2107
1825,1872
1825,2108
1825,1903
1825,1921
1825,2103
1825,2058
1825,1891
1825,1895
1825,2109
1825,2104
1825,2105
1826,2110
1826,1838
1826,2111
1826,1864
1826,1866
1826,1872
1826,2108
1826,1903
1826,1921
1826,2103
1826,2058
1826,1891
1826,1895
1826,2104
1826,2105
1827,2112
1827,2113
1827,1908
1827,1932
1827,2114
1827,1946
1827,2115
1827,1880
1827,1881
1827,1905
1827,2054
1827,2116
1828,1947
1828,1878
1829,2117
1829,1848
1829,1946
1829,2110
1829,1852
1829,1879
1829,1888
1830,1945
1830,1845
1830,1846
1830,1847
1830,1835
1830,1844
1830,2119
1830,2120
1830,1858
1830,1860
1831,1908
1831,1897
1831,1839
1831,1834
1831,1837
1831,1868
1831,1937
1831,2061
1832,1840
1832,1835
1832,1872
1832,1876
1832,1935
1832,1938
1832,2108
1833,2159
1833,2092
1833,2160
1833,1945
1833,1912
1833,1845
1833,1846
1833,1854
1833,1847
1833,2099
1833,1925
1834,2097
1834,2098
1834,1898
1834,1868
1835,2121
1835,1842
1835,1836
1835,1843
1835,2163
1835,1862
1835,1863
1835,1866
1835,1927
1835,1876
1835,1891
1835,1928
1836,2102
1836,1865
1836,1862
1836,1863
1836,1876
1837,1886
1838,1920
1839,2060
1839,1863
1840,1931
1840,1932
1840,1946
1840,1848
1840,1872
1840,1876
1840,1905
1840,2054
1841,1916
1841,2192
1842,1843
1842,1866
1842,1927
1842,1891
1842,1928
1843,2121
1843,1863
1843,1866
1843,1927
1843,1891
1844,2197
1844,1912
1844,2156
1844,1845
1844,1846
1844,1847
1844,1858
1844,1860
1844,2198
1844,1903
1844,2477
1845,2159
1845,2197
1845,2478
1845,1912
1845,2150
1845,2156
1845,1847
1845,2111
1845,2162
1845,1858
1845,1859
1845,2163
1845,1860
1845,2198
1845,2107
1845,1884
1845,2477
1845,2479
1846,1945
1846,1912
1846,2156
1846,1847
1846,2119
1846,1858
1846,1859
1846,2198
1846,2107
1846,1884
1846,2477
1847,2197
1847,1912
1847,2156
1847,2119
1847,2111
1847,2162
1847,1858
1847,1859
1847,2163
1847,2198
1847,2107
1847,1884
1847,2477
1848,2502
1848,1919
1848,1880
1849,1856
1849,2109
1850,1951
1850,2504
1851,1853
1851,2506
1852,2117
1852,1946
1852,2110
1853,2115
1854,1917
1854,1857
1854,1919
1854,2506
1854,1894
1855,2515
1856,1900
1856,2519
1856,1911
1856,2520
1856,2109
1856,2104
1857,2502
1857,1917
1857,1919
1857,1894
1858,2159
1858,2092
1858,1945
1858,1912
1858,2119
1858,2120
1858,2161
1858,1859
1858,2163
1858,1860
1858,2111
1858,2107
1858,1876
1858,2477
1859,1945
1859,1912
1859,2119
1859,1876
1859,2477
1860,2159
1860,2199
1860,2198
1860,2107
1860,2477
1860,1921
1861,2138
1861,2406
1861,2407
1862,2102
1862,1865
1862,2101
1862,1864
1862,1866
1862,1867
1862,1872
1862,1903
1862,1921
1862,1891
1862,1907
1862,1895
1862,2104
1862,2105
1863,1909
1863,2101
1863,1864
1863,2822
1863,1866
1863,1867
1863,1872
1863,2108
1863,1903
1863,1921
1863,2103
1863,2058
1863,1891
1863,1895
1863,2109
1863,2104
1863,2105
1864,2101
1864,2822
1864,1867
1864,1872
1864,2049
1864,1903
1864,1921
1864,2103
1864,1895
1864,2109
1864,2104
1865,1920
1865,1876
1865,1921
1865,1907
1866,2121
1866,1927
1866,2826
1866,2822
1866,1867
1866,1903
1866,1921
1866,1891
1866,1895
1866,2104
1867,2822
1867,2184
1867,1903
1867,1921
1867,2103
1867,2137
1867,1895
1867,2109
1867,2104
1868,2094
1868,2048
1868,2467
1868,2471
1868,2747
1868,2823
1868,2137
1869,1947
1869,2618
1869,1905
1869,2941
1869,2949
1872,3235
1873,3020
1874,1908
1875,2135
1875,2049
1876,1935
1876,3321
1876,2116
1877,2052
1879,2117
1879,1946
1879,2110
1879,1919
1880,2115
1880,1971
1881,2186
1881,2187
1881,1916
1881,2189
1881,1931
1881,1932
1881,1946
1881,2143
1881,2110
1881,1882
1882,2186
1882,2187
1882,1916
1882,2189
1882,1931
1882,1932
1882,1946
1882,2143
1882,2110
1882,2274
1883,2121
1883,3425
1884,2092
1884,2160
1884,1912
1885,1888
1886,2200
1886,2102
1887,3154
1888,2165
1888,1893
1888,2105
1889,2702
1890,2133
1891,3602
1891,2121
1891,1897
1891,1911
1891,1927
1891,2826
1892,1946
1892,1947
1893,2105
1895,1897
1895,1903
1896,2081
1898,1946
1898,2503
1898,1937
1899,2704
1899,2021
1899,2705
1900,1912
1900,2722
1900,2163
1903,2149
1903,1921
1903,2103
1905,2112
1905,2185
1905,2186
1905,2187
1905,2188
1905,1916
1905,2189
1905,1931
1905,2190
1905,2191
1905,2129
1905,1932
1905,1946
1905,1947
1905,2110
1905,3557
1906,2963
1907,2149
1907,2093
1908,2173
1909,2115
1910,2121
1911,2187
1911,2197
1912,2159
1912,2092
1912,2160
1912,1945
1912,2099
1912,2161
1912,2111
1912,2162
1912,2163
1912,2107
1913,2193
1913,2194
1913,2195
1913,2196
1914,2161
1914,2479
1914,2162
1915,2199
1916,1932
1916,1943
1916,2524
1916,2525
1917,1919
1917,2653
1919,2090
1919,3406
1919,2110
1920,2102
1921,2102
1922,2402
1923,2133
1924,3564
1929,3267
1930,2399
1930,1942
1931,1932
1931,2184
1931,2054
1932,2112
1932,2185
1932,2186
1932,2187
1932,2188
1932,2189
1932,2190
1932,2191
1932,2129
1934,2117
1934,2110
1935,2503
1937,1946
1937,2097
1937,2098
1938,2100
1940,2117
1940,2110
1941,2130
1941,2140
1941,1950
1941,1943
1941,1944
1945,2119
1946,2476
1946,2186
1946,2187
1946,2189
1946,2110
1946,1947
1948,2130
1948,2511
1948,1950
1949,2509
1950,2130
1951,2504
1952,2047
1953,1954
1953,1955
1953,1956
1954,2917
1954,2918
1954,2573
1954,2919
1955,2920
1955,2283
1956,2567
1956,3502
1956,2283
1957,1958
1960,1961
1961,1962
1961,1963
1961,1964
1962,2711
1963,1964
1964,3248
1965,1966
1965,1967
1965,1968
1966,1968
1968,3636
1971,1972
1973,1974
1973,1975
1974,1983
1975,1984
1975,1985
1975,1986
1975,1987
1975,1988
1975,1989
1976,1995
1978,2742
1978,1979
1979,2284
1979,2742
1979,2855
1979,2282
1979,2743
1980,2837
1980,2571
1980,2283
1981,1982
1982,1996
1982,3289
1983,2328
1984,1996
1984,1997
1984,1998
1987,2123
1987,2125
1987,3460
1987,1990
1987,1992
1988,3541
1989,2605
1989,2803
1990,2122
1990,2123
1990,2124
1990,2125
1990,2126
1990,2127
1990,2128
1992,2127
1992,2381
1994,3517
1995,2552
1997,2958
1999,2000
1999,2001
1999,2002
2000,2003
2000,2002
2000,2004
2000,2005
2000,2006
2000,2007
2001,2002
2001,2004
2001,2008
2001,2005
2001,2007
2001,2009
2001,2010
2001,2011
2002,2012
2002,2007
2003,2005
2003,2006
2003,2007
2004,2005
2004,2008
2004,2451
2005,2455
2007,2064
2008,2450
2008,2452
2009,3167
2009,2455
2009,2786
2009,2027
2009,2783
2009,2784
2009,2030
2009,2800
2009,2780
2009,2039
2009,2801
2009,2044
2010,3288
2012,2013
2012,2014
2012,2015
2013,2014
2013,2756
2013,2494
2013,2761
2014,2763
2014,2764
2014,2765
2014,2766
2014,2715
2014,2015
2014,2570
2014,2758
2015,3123
2015,3358
2015,3554
2017,2018
2017,2019
2017,2020
2018,2023
2018,2020
2019,2024
2020,2025
2022,2045
2023,2026
2024,2027
2024,2028
2024,2029
2024,2030
2024,2031
2024,2032
2024,2033
2024,2034
2024,2035
2024,2036
2024,2037
2024,2038
2024,2039
2024,2040
2024,2041
2024,2042
2024,2043
2024,2044
2027,2775
2027,2777
2027,2032
2028,2973
2028,3356
2028,2976
2028,3011
2028,2981
2028,3357
2028,2971
2029,3011
2029,3359
2029,2040
2030,3167
2030,2774
2030,2800
2030,2366
2030,2044
2031,3398
2031,2991
2031,2981
2031,2034
2032,2775
2032,3452
2032,2973
2032,2776
2032,2777
2032,3453
2032,3211
2032,2793
2033,3474
2033,3475
2033,3476
2034,2973
2034,2981
2036,2455
2036,2793
2038,3167
2038,3168
2038,2780
2038,2366
2039,2775
2039,3167
2039,2776
2039,2777
2039,2788
2039,2774
2039,2792
2039,2800
2039,2789
2039,2784
2039,3172
2039,2780
2039,2785
2039,2779
2039,2366
2039,2044
2040,2787
2040,3167
2040,2339
2040,2776
2040,2777
2040,2789
2040,2784
2040,3172
2040,2780
2041,3584
2041,2780
2042,2775
2042,2777
2042,2789
2042,3172
2042,2785
2044,2775
2044,3167
2044,2777
2044,2786
2044,2800
2044,2789
2044,2785
2044,2238
2045,2721
2045,2051
2046,2047
2046,2053
2046,2054
2048,2093
2048,2095
2049,3081
2050,2097
2050,2503
2050,2826
2050,2829
2050,2274
2052,2095
2052,2965
2054,2186
2054,2187
2054,2188
2054,2189
2054,2190
2056,2473
2056,2057
2056,2474
2056,2475
2056,2059
2057,2473
2057,2475
2058,2829
2058,2142
2058,2184
2060,2200
2060,2102
2061,2468
2061,3081
2061,2138
2061,2467
2061,3627
2061,2118
2061,2823
2062,2063
2062,2064
2062,2065
2062,2066
2062,2067
2062,2068
2062,2069
2063,2065
2063,2067
2063,2068
2063,2069
2064,2066
2064,2068
2064,2069
2065,2066
2065,2067
2065,2068
2065,2069
2066,2067
2066,2068
2067,2070
2067,2068
2069,3112
2071,2450
2071,2073
2072,2540
2072,2585
2072,2586
2073,2450
2073,2456
2074,2075
2075,2973
2076,2077
2076,2078
2077,2718
2077,2719
2078,2079
2078,2719
2081,2082
2081,2083
2082,2083
2083,2084
2083,2085
2084,2085
2087,2737
2087,2663
2087,2204
2092,2120
2092,2148
2093,2149
2093,2095
2093,2150
2094,2138
2094,2151
2095,2152
2095,2104
2097,2153
2098,2154
2098,2155
2100,2722
2100,3537
2101,2822
2102,2200
2102,2823
2102,2824
2104,3556
2107,3159
2110,2117
2110,2142
2110,2164
2110,2165
2111,2162
2112,2183
2114,2188
2116,3285
2117,2164
2117,2165
2118,2466
2118,2467
2119,2161
2120,2505
2120,2148
2121,2271
2121,2438
2122,2125
2122,2174
2123,2175
2123,2125
2123,2176
2123,2177
2123,2178
2124,2126
2124,2179
2124,2180
2124,2181
2125,2182
2125,2128
2127,2324
2128,3249
2128,3640
2129,2506
2130,2509
2130,2510
2131,2132
2132,2133
2133,2947
2133,2297
2133,2401
2133,2996
2135,2513
2135,2514
2136,2187
2137,2823
2137,2826
2138,2469
2138,2139
2138,2466
2138,2470
2138,2471
2138,2140
2138,2238
2138,2144
2138,2472
2140,2141
2140,2471
2140,2142
2144,3520
2144,2563
2145,3430
2146,2147
2148,2505
2150,2478
2151,2798
2154,3471
2154,3472
2154,3473
2156,2197
2156,2198
2156,2199
2158,3392
2159,2163
2160,2480
2163,2198
2166,3574
2167,2839
2167,2168
2167,2663
2167,2204
2168,2842
2169,2292
2171,2172
2173,2351
2174,3459
2174,3071
2175,2176
2176,2964
2176,2178
2177,3519
2178,2964
2178,3010
2182,3571
2185,2524
2185,2525
2187,2516
2187,2517
2189,2518
2190,3131
2191,3132
2193,2481
2193,2482
2193,2483
2193,2484
2193,2196
2193,2485
2193,2486
2193,2487
2193,2488
2193,2489
2193,2490
2193,2491
2193,2296
2193,2244
2194,2195
2194,2482
2194,2492
2195,2482
2195,3136
2195,3137
2195,3138
2195,3139
2195,3140
2195,2492
2196,2482
2197,2199
2197,2477
2198,2199
2200,2823
2203,2900
2204,2667
2204,2663
2205,2206
2205,2207
2206,2211
2206,2208
2206,2207
2206,2210
2207,2210
2208,2212
2210,2211
2212,3030
2216,2220
2218,3178
2219,3593
2220,3218
2220,3217
2220,2249
2220,3215
2221,2222
2221,2224
2222,2224
2223,2231
2223,2232
2223,2224
2223,2225
2223,2226
2224,2619
2224,2401
2224,2226
2225,2231
2225,3331
2225,2232
2225,2226
2226,2231
2226,3331
2226,2472
2226,2232
2228,2233
2231,2236
2233,2238
2236,2387
2240,2551
2240,2552
2240,2465
2240,2553
2242,2243
2242,2244
2243,3608
2244,3041
2245,2973
2245,2978
2245,2979
2245,2246
2246,2973
2246,2978
2246,2979
2246,2977
2250,2251
2250,2252
2250,2253
2252,2576
2254,2255
2254,2256
2254,2257
2255,2257
2256,2258
2256,2257
2257,2259
2260,2266
2261,2262
2261,2263
2261,2264
2265,2266
2265,2267
2265,2268
2265,2269
2265,2270
2266,2267
2267,2268
2267,2270
2269,2444
2269,2270
2270,2444
2272,2273
2272,2755
2274,2829
2275,2276
2276,2441
2276,2519
2276,3202
2276,2520
2277,2278
2278,3409
2278,3348
2280,2305
2281,2282
2281,2283
2282,2284
2282,2285
2282,2283
2283,2565
2283,2566
2283,2856
2283,2612
2283,2305
2283,2306
2283,2303
2283,2918
2284,2286
2286,3234
2287,2288
2287,2289
2289,2812
2289,2813
2289,2814
2289,2815
2289,2816
2290,2291
2290,2292
2290,2293
2290,2294
2291,2292
2291,2293
2292,2293
2292,2294
2298,2299
2299,2937
2299,2550
2299,2924
2301,2302
2302,2391
2302,2392
2302,2394
2304,2306
2304,2307
2304,2308
2304,2319
2304,2312
2305,2320
2305,2314
2305,2307
2305,2316
2305,2309
2305,2310
2306,2308
2306,2315
2306,2327
2306,2317
2306,2309
2307,2335
2307,2314
2307,2315
2307,2316
2307,2327
2307,2310
2307,2328
2309,2317
2310,2320
2310,2314
2310,2316
2313,2324
2313,2325
2314,2326
2314,2315
2314,2316
2314,2327
2314,2328
2316,2320
2316,2335
2316,2322
2318,3569
2320,2321
2320,2322
2320,2323
2322,2335
2324,2325
2324,2330
2324,2331
2324,2332
2324,2333
2324,2334
2327,2620
2327,3034
2328,3222
2329,2448
2330,2331
2330,3222
2331,3222
2332,3143
2332,3069
2335,2657
2336,2337
2336,2338
2337,2338
2338,3294
2339,3109
2341,3292
2341,3293
2342,2343
2343,2798
2343,2455
2343,2659
2343,3259
2343,2452
2343,2459
2343,3260
2343,2458
2343,2457
2343,2451
2343,3570
2345,3331
2348,2421
2348,2423
2348,2349
2349,2666
2349,2423
2349,2833
2350,2351
2351,2352
2351,2353
2351,2354
2351,2355
2351,2356
2353,2354
2353,3224
2355,2709
2355,2710
2357,2358
2358,2620
2358,2894
2358,2624
2358,2895
2359,2360
2359,2362
2359,2364
2359,2365
2359,2366
2359,2367
2359,2368
2359,2369
2359,2370
2359,2371
2360,2362
2360,2363
2360,2364
2360,2365
2360,2368
2361,3059
2361,3053
2361,2724
2361,3060
2361,3050
2361,3061
2361,3051
2361,3057
2361,3062
2361,3063
2361,3058
2361,3064
2361,3065
2361,3066
2361,3067
2361,3068
2361,2371
2361,3069
2362,3041
2362,3048
2362,3353
2363,2364
2363,2948
2364,2365
2366,3167
2366,2777
2366,2780
2369,2370
2372,2875
2372,2876
2372,2877
2372,2801
2372,2878
2373,2377
2378,2379
2379,2381
2379,2382
2380,2384
2380,2385
2381,2560
2386,2387
2388,3173
2388,3209
2390,2391
2390,2392
2390,2393
2390,2394
2391,2392
2391,2393
2392,2395
2392,2396
2392,2393
2392,2397
2394,2400
2394,2403
2394,2404
2394,2405
2395,2396
2395,2398
2397,3414
2399,2411
2400,2412
2400,2416
2400,2401
2400,2414
2400,2417
2401,2412
2401,2418
2401,2416
2401,2419
2401,2414
2402,2403
2402,2405
2403,2419
2403,2405
2405,3488
2405,2419
2406,2407
2409,2466
2409,2422
2410,2421
2410,2422
2410,2423
2412,2416
2412,2414
2412,2424
2413,2425
2414,2416
2414,2419
2414,2417
2415,2416
2415,2417
2416,2417
2418,2426
2418,2427
2419,2429
2419,2430
2419,2431
2419,2432
2421,2423
2429,2617
2429,2569
2429,3488
2429,2619
2429,3489
2429,2430
2429,2432
2429,3592
2430,2617
2430,2569
2430,2619
2430,2432
2430,3592
2431,3429
2432,3592
2433,2434
2434,2435
2434,2436
2435,3500
2438,3613
2440,3368
2440,2441
2440,2519
2440,3202
2440,3460
2440,2520
2441,3368
2441,3367
2441,2520
2442,3151
2443,2445
2443,2446
2447,2448
2451,2798
2451,2455
2451,3105
2451,2452
2451,3559
2452,2456
2452,2457
2452,2458
2452,2459
2452,2460
2453,2454
2455,2605
2455,2798
2455,2777
2455,2784
2455,2799
2455,2800
2455,2801
2456,2798
2456,2689
2456,2580
2456,2691
2456,3109
2457,3259
2457,3260
2458,2460
2461,2462
2462,2565
2462,2566
2462,3289
2462,2612
2462,2615
2463,2464
2467,2468
2469,2471
2471,2952
2471,2953
2473,2702
2477,3159
2481,3120
2481,3121
2482,3136
2482,2492
2483,2484
2483,2811
2485,2744
2485,2488
2489,3626
2489,2492
2489,2744
2492,3137
2492,3138
2493,2494
2494,2756
2495,2496
2496,2497
2496,2498
2496,2499
2496,2500
2497,2501
2498,2500
2500,3237
2503,2521
2512,3326
2512,3324
2513,2514
2514,2854
2517,2828
2518,2821
2519,2772
2519,3202
2519,3203
2519,2520
2519,3204
2519,3205
2520,3204
2520,3205
2521,3224
2523,3491
2523,3546
2526,2527
2527,2528
2529,2530
2529,2531
2529,2532
2530,2531
2530,2533
2530,2534
2530,2535
2532,2536
2532,2537
2533,3199
2533,3153
2534,2753
2534,2885
2534,3423
2534,2895
2535,2753
2535,2885
2535,3423
2535,3434
2536,3355
2536,3354
2537,2880
2539,2550
2540,2554
2540,2555
2541,2549
2543,2559
2543,2560
2543,2550
2543,2561
2543,2562
2545,2568
2546,2569
2546,2570
2547,2565
2547,2566
2547,2571
2549,2573
2550,2561
2551,2553
2553,2632
2554,2580
2554,2581
2554,2582
2554,2583
2554,2584
2555,2587
2556,2562
2556,3597
2558,2608
2558,2609
2559,2620
2559,2656
2559,2621
2560,2905
2560,2907
2561,2938
2562,3098
2562,3597
2565,2566
2565,2571
2565,2611
2565,2612
2565,2613
2565,2614
2565,2615
2566,2612
2566,2613
2566,2614
2566,2615
2568,2601
2568,2616
2569,2617
2569,2618
2569,2619
2570,3294
2571,2611
2571,2625
2571,2626
2572,2627
2573,2917
2573,2918
2573,2919
2576,2590
2577,3097
2580,2581
2580,2597
2580,2583
2580,2598
2580,2599
2580,2600
2580,2601
2580,2602
2580,2603
2581,2604
2582,3102
2582,3103
2583,3196
2583,2659
2583,2597
2583,2598
2583,2604
2583,3107
2583,3111
2583,2599
2583,2660
2583,3109
2583,2603
2585,2820
2585,2814
2585,2819
2586,3291
2586,3102
2586,3369
2587,2605
2587,2606
2587,2607
2588,3106
2589,3330
2591,3014
2591,3019
2591,3018
2591,2593
2591,3015
2592,2798
2592,2804
2592,2805
2592,3307
2592,3385
2593,3014
2595,2857
2597,3109
2597,3107
2597,2599
2597,3113
2597,2602
2597,2603
2598,3109
2599,2604
2599,3113
2599,2603
2600,3109
2600,2601
2602,3196
2602,2604
2602,3113
2603,2659
2603,3113
2603,3107
2603,3570
2604,3196
2604,3197
2605,2802
2605,2789
2605,2803
2611,3522
2611,2625
2612,2615
2613,2837
2613,2614
2617,2619
2620,2654
2620,2621
2620,2622
2620,2623
2621,2654
2621,2623
2622,2623
2622,2624
2623,3036
2623,3135
2623,2627
2623,2624
2624,2628
2624,2894
2625,3253
2625,3522
2626,3522
2627,3035
2627,3037
2627,3038
2627,3232
2628,3233
2629,2630
2631,3615
2633,2634
2633,2635
2634,2635
2636,2637
2636,2638
2636,2639
2640,2641
2642,2643
2643,2871
2644,2645
2644,2646
2647,3311
2649,3311
2652,2808
2654,2845
2655,3606
2655,3535
2655,3319
2655,3560
2658,3078
2658,3079
2659,2660
2659,2661
2659,2662
2661,3570
2663,2666
2663,2667
2664,3630
2668,2670
2668,2673
2669,2730
2670,2674
2671,3085
2671,2672
2674,2676
2674,2675
2675,2830
2675,2676
2675,2834
2675,2836
2679,2680
2681,2682
2682,2771
2683,2684
2683,2685
2683,2686
2684,2687
2684,2688
2684,2689
2684,2690
2684,2691
2684,2692
2684,2693
2684,2694
2684,2695
2684,2696
2684,2697
2684,2698
2684,2699
2684,2700
2684,2701
2685,2691
2685,2693
2686,3589
2687,2689
2687,2688
2687,2859
2688,2860
2688,2690
2688,2693
2688,2694
2688,2695
2688,2698
2688,2863
2689,2864
2689,2690
2689,2691
2689,2693
2689,2694
2689,2695
2689,2696
2689,2865
2689,2861
2689,2698
2689,2866
2689,2867
2689,2868
2690,2691
2690,2692
2690,2693
2690,2694
2691,2692
2691,2693
2691,2694
2691,2698
2691,2867
2691,2699
2691,3290
2691,2701
2692,2695
2692,3291
2692,3290
2693,2867
2693,3290
2694,3291
2694,2698
2695,2812
2695,3292
2695,2860
2695,2861
2695,2862
2696,2865
2696,2698
2697,3477
2698,3531
2698,2864
2698,3102
2698,2865
2699,3278
2704,2705
2711,2712
2713,2714
2713,2715
2713,2716
2713,2717
2716,2717
2722,3300
2722,3304
2722,3301
2723,2724
2724,3057
2724,3058
2724,3064
2724,3065
2724,3068
2724,3069
2726,2727
2727,2769
2727,2770
2728,2729
2728,2731
2728,2732
2728,2733
2728,2734
2729,2731
2729,2732
2729,2735
2729,2733
2729,2736
2729,2734
2731,2732
2731,2735
2731,2733
2731,2736
2731,2734
2735,2736
2735,3277
2736,3380
2742,2743
2743,2889
2744,3527
2748,3441
2750,3349
2752,2753
2755,3129
2756,2762
2757,3386
2758,2762
2758,3123
2759,3358
2760,2762
2760,2891
2760,2896
2763,2767
2763,2764
2763,2768
2764,2767
2764,3218
2764,3220
2764,3217
2764,3212
2764,3214
2764,3215
2765,2768
2765,3221
2767,3216
2767,3217
2767,3212
2767,3215
2767,3218
2767,3219
2768,3212
2771,2772
2771,2773
2772,3162
2772,3199
2772,3200
2773,3531
2774,2775
2774,2776
2774,2777
2774,2778
2774,2779
2774,2780
2774,2781
2774,2782
2775,2776
2775,2777
2775,2783
2775,2784
2775,2785
2775,2786
2775,2787
2775,2788
2775,2789
2775,2790
2775,2791
2775,2780
2775,2792
2775,2793
2775,2782
2776,2794
2776,2778
2776,2795
2776,2779
2776,2780
2777,2785
2777,2788
2777,2789
2778,2795
2778,2779
2778,2780
2779,3518
2779,2795
2779,2781
2780,3167
2780,2876
2780,2792
2780,2800
2780,2789
2780,2784
2781,2991
2781,2789
2781,3188
2781,3011
2783,3167
2783,3168
2783,2784
2783,2785
2784,3170
2784,2787
2784,3167
2784,2799
2784,2788
2784,3168
2784,2785
2784,3171
2785,3172
2787,3170
2787,2799
2787,3174
2787,3175
2790,2981
2790,3187
2791,2801
2792,2801
2793,3167
2793,2973
2793,3172
2794,2797
2798,2804
2798,2805
2798,2806
2798,2807
2799,3170
2799,3174
2799,3175
2800,3167
2800,3168
2800,3169
2801,3167
2801,3452
2801,2875
2802,2859
2804,2873
2806,3490
2807,3547
2807,3027
2809,2810
2809,2811
2812,2815
2812,2817
2812,2818
2814,2815
2814,2816
2814,2819
2815,2816
2816,2819
2817,2818
2818,3531
2818,3599
2819,2896
2819,3363
2825,2827
2826,2828
2826,2829
2827,3081
2830,2833
2830,2834
2830,2835
2830,2836
2833,2834
2833,2838
2833,2836
2834,2835
2834,2838
2834,2836
2835,2836
2836,2838
2839,2841
2841,3484
2843,2844
2844,2845
2844,2846
2844,2847
2845,2852
2845,2847
2845,2853
2849,2854
2853,3157
2854,3551
2856,2858
2857,2949
2857,2950
2857,2951
2859,2860
2860,2861
2860,2862
2861,2864
2861,2865
2862,3292
2862,2863
2863,3323
2864,2925
2864,2865
2864,2868
2865,2925
2865,2868
2866,3573
2867,3102
2869,2870
2869,2871
2870,2872
2870,2873
2870,2874
2871,3307
2871,3308
2872,2921
2872,2922
2873,3586
2874,3389
2874,3436
2874,3629
2874,3080
2876,3092
2878,3576
2878,3624
2879,2880
2879,2881
2879,2882
2880,2883
2880,2884
2880,2885
2880,2886
2880,2887
2880,2888
2880,2882
2880,2889
2880,2890
2881,2882
2883,2885
2884,2891
2884,2892
2885,2887
2885,2890
2886,2890
2887,2894
2887,2895
2892,3354
2894,3094
2894,3095
2894,2895
2895,3098
2895,2899
2895,3422
2896,3362
2896,3364
2897,3423
2899,3098
2899,3422
2905,2906
2908,2909
2908,2910
2909,2911
2909,2910
2910,2911
2910,3637
2910,3069
2912,2913
2912,2914
2912,2915
2912,2916
2913,2914
2913,2916
2914,3373
2914,2915
2914,2916
2916,3373
2917,2918
2917,2919
2918,2920
2921,2922
2922,3483
2928,3028
2929,2930
2929,2931
2930,2932
2930,2933
2938,3609
2939,2940
2939,2941
2942,2943
2942,2944
2943,2944
2946,2947
2948,3455
2948,3456
2949,3284
2950,3331
2952,2953
2955,2956
2956,2957
2956,2958
2956,2959
2956,2960
2957,2958
2957,2959
2957,3162
2958,2959
2959,2960
2959,3163
2960,3162
2960,3163
2960,3352
2960,3165
2960,3524
2960,3525
2960,3166
2961,3580
2962,2963
2965,2966
2967,2968
2967,2969
2967,2970
2967,2971
2968,2969
2971,3356
2971,3011
2972,2973
2972,2974
2973,2975
2973,2976
2973,2977
2973,2978
2973,2979
2973,2980
2973,2981
2973,2982
2973,2983
2973,2984
2973,2985
2973,2986
2973,2987
2973,2988
2974,2989
2974,2990
2974,2991
2974,2992
2974,2993
2975,2981
2975,2982
2976,2980
2976,2982
2977,3361
2977,2978
2977,2979
2978,3361
2978,2979
2979,3361
2981,2982
2983,2984
2983,2987
2986,3539
2988,3604
2988,3185
2988,3186
2989,2994
2989,2995
2989,2992
2989,2993
2990,3185
2990,3186
2990,2991
2991,3187
2991,3188
2993,3186
2995,3585
3001,3002
3001,3003
3001,3004
3002,3005
3004,3005
3004,3048
3005,3060
3006,3008
3006,3007
3006,3009
3006,3010
3007,3011
3008,3009
3008,3015
3011,3358
3011,3356
3011,3359
3011,3360
3012,3016
3013,3055
3014,3017
3014,3018
3014,3015
3015,3017
3017,3191
3017,3193
3025,3026
3030,3031
3031,3435
3031,3436
3032,3033
3035,3036
3035,3037
3035,3038
3037,3038
3039,3040
3039,3041
3039,3042
3039,3043
3039,3044
3040,3045
3040,3042
3040,3043
3040,3044
3040,3046
3040,3047
3041,3048
3042,3049
3042,3043
3042,3044
3042,3050
3042,3051
3043,3044
3044,3050
3046,3054
3046,3071
3046,3339
3046,3340
3046,3072
3046,3341
3048,3353
3049,3057
3049,3058
3050,3059
3050,3060
3050,3061
3050,3053
3050,3051
3051,3059
3051,3060
3051,3053
3051,3057
3053,3059
3053,3060
3053,3061
3055,3056
3057,3062
3057,3251
3057,3063
3057,3058
3057,3064
3057,3492
3059,3060
3059,3061
3061,3126
3061,3063
3061,3066
3062,3064
3062,3492
3063,3251
3063,3492
3064,3492
3065,3496
3068,3240
3069,3240
3070,3071
3070,3072
3072,3339
3072,3340
3073,3074
3073,3075
3073,3076
3080,3081
3080,3082
3081,3083
3081,3084
3085,3086
3087,3088
3089,3090
3091,3092
3094,3096
3094,3095
3095,3096
3095,3097
3097,3098
3097,3099
3097,3100
3098,3424
3098,3099
3098,3422
3101,3102
3107,3108
3107,3109
3107,3110
3107,3111
3107,3112
3108,3114
3108,3109
3109,3111
3115,3116
3116,3117
3116,3118
3117,3119
3122,3466
3123,3124
3123,3125
3125,3555
3127,3128
3133,3134
3134,3612
3145,3146
3145,3148
3145,3147
3146,3148
3147,3577
3147,3148
3150,3151
3151,3152
3151,3153
3153,3460
3153,3461
3155,3156
3155,3157
3156,3157
3156,3158
3159,3160
3160,3161
3162,3164
3162,3165
3162,3163
3162,3166
3163,3523
3163,3524
3163,3166
3165,3523
3166,3334
3167,3169
3170,3174
3176,3177
3177,3178
3177,3179
3178,3287
3180,3181
3182,3183
3183,3457
3185,3186
3186,3187
3187,3394
3189,3350
3190,3191
3190,3192
3191,3192
3191,3193
3191,3194
3191,3195
3193,3467
3196,3197
3198,3286
3199,3201
3200,3204
3200,3205
3202,3368
3202,3367
3202,3369
3204,3205
3207,3208
3207,3209
3208,3210
3209,3211
3212,3213
3212,3214
3212,3215
3213,3215
3214,3215
3215,3218
3215,3217
3216,3217
3217,3218
3217,3219
3226,3312
3226,3313
3226,3227
3226,3314
3227,3314
3227,3316
3227,3231
3233,3234
3236,3237
3236,3238
3236,3239
3238,3470
3239,3266
3240,3241
3240,3242
3240,3243
3240,3244
3241,3242
3241,3245
3242,3243
3242,3534
3242,3245
3243,3244
3243,3245
3245,3623
3246,3247
3250,3251
3251,3252
3252,3545
3253,3256
3259,3260
3262,3410
3262,3411
3262,3412
3262,3413
3262,3414
3265,3266
3268,3269
3268,3270
3269,3272
3270,3273
3270,3271
3271,3275
3273,3274
3280,3281
3292,3293
3295,3296
3296,3380
3296,3298
3298,3380
3298,3378
3298,3538
3298,3381
3299,3300
3299,3301
3299,3302
3300,3303
3301,3305
3302,3305
3302,3537
3303,3305
3304,3343
3305,3537
3309,3310
3312,3313
3312,3315
3313,3315
3318,3319
3319,3320
3324,3325
3328,3329
3331,3332
3333,3334
3336,3357
3336,3407
3339,3340
3339,3341
3340,3562
3341,3509
3344,3345
3344,3346
3345,3346
3348,3568
3350,3351
3362,3365
3363,3364
3367,3368
3370,3371
3370,3372
3370,3373
3370,3374
3370,3375
3370,3376
3372,3374
3373,3552
3373,3374
3374,3375
3374,3552
3375,3376
3377,3378
3377,3379
3378,3380
3378,3379
3378,3381
3379,3380
3380,3381
3382,3383
3383,3384
3383,3385
3388,3389
3389,3390
3391,3392
3392,3499
3392,3598
3394,3399
3394,3400
3394,3401
3395,3396
3399,3400
3399,3401
3399,3494
3400,3494
3402,3403
3402,3404
3403,3404
3409,3513
3410,3414
3411,3412
3411,3415
3412,3415
3417,3418
3418,3419
3421,3482
3427,3428
3430,3431
3435,3436
3437,3438
3437,3439
3437,3440
3438,3439
3438,3566
3438,3440
3439,3566
3440,3566
3441,3442
3451,3581
3451,3582
3452,3454
3457,3458
3460,3461
3461,3462
3464,3465
3474,3476
3475,3476
3480,3481
3485,3486
3486,3487
3488,3489
3493,3529
3493,3530
3494,3495
3495,3496
3495,3497
3495,3498
3501,3502
3502,3503
3502,3504
3507,3508
3510,3511
3524,3553
3529,3530
3535,3536
3549,3550
3558,3605
3562,3563
3565,3567
3567,3594
3577,3578
3581,3588
3583,3584
3590,3591
3603,3604
3607,3635
3611,3612
3616,3617
3621,3622
3631,3632
