node,community
0,17
1,17
2,17
3,17
4,17
5,17
6,3
7,17
8,17
9,17
10,17
11,13
12,17
13,17
14,17
15,17
16,17
17,17
18,17
19,17
20,17
21,17
22,17
23,17
24,17
25,17
26,17
27,20
28,17
29,17
30,17
31,17
32,17
33,17
34,17
35,17
36,17
37,17
38,17
39,17
40,17
41,17
42,17
43,17
44,17
45,0
46,0
47,17
48,17
49,17
50,17
51,17
52,17
53,17
54,17
55,17
56,17
57,17
58,17
59,17
60,17
61,17
62,17
63,17
64,20
65,17
66,17
67,17
68,17
69,17
70,17
71,20
72,17
73,14
74,17
75,17
76,17
77,3
78,17
79,11
80,17
81,17
82,17
83,17
84,3
85,17
86,20
87,20
88,17
89,3
90,17
91,17
92,17
93,17
94,17
95,17
96,17
97,17
98,17
99,17
100,17
101,20
102,17
103,17
104,3
105,7
106,17
107,17
108,17
109,3
110,17
111,17
112,17
113,17
114,17
115,17
116,0
117,17
118,17
119,17
120,17
121,12
122,20
123,20
124,20
125,17
126,20
127,20
128,20
129,17
130,17
131,16
132,17
133,17
134,17
135,17
136,17
137,17
138,17
139,17
140,17
141,21
142,21
143,17
144,17
145,17
146,14
147,17
148,13
149,17
150,17
151,21
152,17
153,17
154,17
155,17
156,17
157,17
158,17
159,12
160,16
161,17
162,16
163,17
164,17
165,16
166,17
167,17
168,21
169,21
170,17
171,17
172,17
173,12
174,17
175,17
176,17
177,17
178,17
179,17
180,17
181,17
182,0
183,17
184,17
185,17
186,17
187,0
188,11
189,20
190,20
191,20
192,20
193,20
194,20
195,20
196,20
197,20
198,20
199,20
200,20
201,0
202,3
203,3
204,0
205,17
206,0
207,17
208,17
209,17
210,17
211,17
212,17
213,17
214,17
215,17
216,17
217,17
218,17
219,17
220,17
221,17
222,17
223,17
224,17
225,17
226,17
227,17
228,12
229,17
230,17
231,17
232,0
233,0
234,10
235,0
236,0
237,0
238,0
239,0
240,0
241,0
242,0
243,0
244,0
245,10
246,0
247,0
248,0
249,0
250,0
251,0
252,0
253,10
254,0
255,0
256,0
257,0
258,0
259,4
260,0
261,0
262,0
263,0
264,0
265,0
266,0
267,0
268,3
269,3
270,3
271,3
272,3
273,3
274,3
275,3
276,3
277,3
278,3
279,3
280,3
281,3
282,3
283,3
284,3
285,3
286,3
287,3
288,3
289,3
290,3
291,3
292,11
293,3
294,3
295,3
296,7
297,3
298,3
299,3
300,3
301,3
302,3
303,3
304,3
305,3
306,3
307,3
308,3
309,3
310,3
311,11
312,3
313,3
314,3
315,3
316,17
317,3
318,0
319,0
320,17
321,0
322,0
323,0
324,17
325,0
326,17
327,0
328,17
329,17
330,17
331,17
332,17
333,3
334,17
335,17
336,17
337,17
338,17
339,17
340,17
341,0
342,17
343,17
344,17
345,17
346,7
347,17
348,21
349,17
350,17
351,17
352,3
353,17
354,17
355,17
356,17
357,17
358,17
359,17
360,17
361,17
362,17
363,17
364,17
365,17
366,17
367,17
368,17
369,17
370,17
371,17
372,17
373,17
374,21
375,17
376,17
377,20
378,17
379,20
380,17
381,17
382,17
383,17
384,3
385,3
386,17
387,11
388,17
389,11
390,17
391,17
392,3
393,17
394,17
395,0
396,0
397,0
398,0
399,0
400,0
401,0
402,15
403,17
404,17
405,17
406,17
407,11
408,7
409,5
410,7
411,7
412,7
413,7
414,7
415,7
416,7
417,17
418,17
419,17
420,17
421,17
422,17
423,17
424,17
425,17
426,17
427,17
428,21
429,21
430,17
431,7
432,17
433,17
434,17
435,17
436,17
437,17
438,17
439,17
440,17
441,17
442,17
443,17
444,17
445,17
446,17
447,17
448,10
449,10
450,17
451,17
452,3
453,3
454,17
455,17
456,3
457,3
458,11
459,3
460,11
461,17
462,11
463,11
464,3
465,3
466,10
467,3
468,3
469,17
470,17
471,17
472,17
473,17
474,17
475,17
476,17
477,17
478,17
479,17
480,17
481,17
482,3
483,3
484,3
485,3
486,3
487,17
488,17
489,17
490,17
491,17
492,17
493,21
494,17
495,17
496,17
497,17
498,17
499,17
500,17
501,17
502,17
503,17
504,17
505,17
506,17
507,17
508,17
509,17
510,17
511,17
512,17
513,17
514,17
515,17
516,17
517,17
518,17
519,17
520,17
521,21
522,17
523,3
524,17
525,3
526,17
527,17
528,17
529,17
530,17
531,17
532,17
533,17
534,17
535,17
536,17
537,17
538,17
539,3
540,21
541,21
542,16
543,16
544,17
545,15
546,17
547,17
548,17
549,17
550,17
551,17
552,17
553,3
554,17
555,17
556,17
557,17
558,17
559,17
560,17
561,17
562,17
563,9
564,21
565,17
566,17
567,17
568,3
569,17
570,21
571,17
572,3
573,17
574,17
575,17
576,17
577,17
578,17
579,8
580,17
581,17
582,9
583,17
584,3
585,21
586,21
587,21
588,17
589,9
590,0
591,11
592,0
593,17
594,17
595,20
596,0
597,20
598,17
599,4
600,17
601,4
602,10
603,10
604,0
605,0
606,0
607,0
608,4
609,0
610,0
611,0
612,0
613,0
614,0
615,0
616,0
617,0
618,0
619,0
620,0
621,11
622,11
623,11
624,14
625,11
626,11
627,11
628,11
629,11
630,11
631,3
632,15
633,11
634,11
635,3
636,11
637,11
638,3
639,3
640,3
641,3
642,11
643,0
644,0
645,0
646,0
647,0
648,17
649,4
650,0
651,4
652,0
653,0
654,4
655,17
656,0
657,17
658,17
659,4
660,17
661,0
662,4
663,0
664,0
665,0
666,3
667,11
668,17
669,7
670,17
671,17
672,17
673,17
674,17
675,17
676,11
677,17
678,17
679,17
680,17
681,17
682,7
683,3
684,7
685,7
686,7
687,3
688,7
689,7
690,7
691,7
692,7
693,17
694,17
695,17
696,13
697,17
698,21
699,17
700,17
701,3
702,21
703,17
704,17
705,3
706,12
707,17
708,17
709,17
710,17
711,3
712,17
713,17
714,17
715,3
716,11
717,3
718,17
719,17
720,3
721,17
722,17
723,7
724,11
725,3
726,11
727,3
728,3
729,3
730,3
731,11
732,15
733,11
734,3
735,11
736,15
737,3
738,11
739,11
740,11
741,11
742,3
743,11
744,0
745,3
746,11
747,11
748,11
749,11
750,11
751,11
752,11
753,11
754,11
755,11
756,11
757,15
758,11
759,11
760,0
761,11
762,3
763,11
764,11
765,11
766,11
767,11
768,11
769,17
770,15
771,15
772,3
773,3
774,15
775,15
776,3
777,3
778,15
779,17
780,3
781,11
782,3
783,11
784,11
785,11
786,11
787,11
788,3
789,3
790,11
791,11
792,11
793,11
794,11
795,11
796,11
797,15
798,11
799,11
800,11
801,11
802,11
803,11
804,11
805,11
806,11
807,8
808,15
809,11
810,11
811,15
812,11
813,14
814,14
815,14
816,14
817,14
818,14
819,14
820,14
821,14
822,14
823,14
824,14
825,14
826,14
827,14
828,14
829,14
830,14
831,14
832,14
833,14
834,11
835,10
836,14
837,14
838,10
839,0
840,18
841,18
842,18
843,15
844,5
845,18
846,14
847,14
848,15
849,18
850,10
851,10
852,10
853,14
854,14
855,14
856,14
857,14
858,14
859,14
860,14
861,14
862,19
863,14
864,14
865,10
866,1
867,14
868,14
869,18
870,14
871,14
872,14
873,14
874,14
875,14
876,14
877,14
878,18
879,14
880,14
881,11
882,14
883,15
884,19
885,14
886,14
887,14
888,14
889,10
890,18
891,14
892,14
893,18
894,14
895,14
896,14
897,14
898,14
899,14
900,14
901,14
902,1
903,14
904,3
905,15
906,10
907,18
908,14
909,14
910,14
911,18
912,14
913,18
914,14
915,14
916,14
917,18
918,18
919,14
920,10
921,14
922,14
923,11
924,3
925,11
926,3
927,11
928,11
929,3
930,15
931,11
932,3
933,11
934,11
935,11
936,11
937,3
938,3
939,21
940,11
941,11
942,11
943,3
944,11
945,3
946,11
947,11
948,3
949,11
950,11
951,11
952,3
953,3
954,11
955,3
956,3
957,3
958,4
959,11
960,3
961,4
962,3
963,15
964,11
965,3
966,15
967,15
968,15
969,21
970,15
971,15
972,15
973,15
974,15
975,15
976,15
977,15
978,15
979,15
980,15
981,15
982,15
983,15
984,15
985,15
986,15
987,15
988,15
989,15
990,15
991,1
992,1
993,15
994,15
995,15
996,15
997,15
998,0
999,15
1000,15
1001,15
1002,15
1003,15
1004,15
1005,15
1006,15
1007,15
1008,15
1009,1
1010,15
1011,1
1012,1
1013,8
1014,1
1015,1
1016,11
1017,15
1018,14
1019,15
1020,4
1021,15
1022,15
1023,3
1024,15
1025,1
1026,8
1027,15
1028,11
1029,1
1030,15
1031,15
1032,3
1033,15
1034,15
1035,15
1036,15
1037,15
1038,11
1039,11
1040,11
1041,11
1042,11
1043,11
1044,11
1045,15
1046,11
1047,11
1048,11
1049,11
1050,11
1051,11
1052,11
1053,11
1054,11
1055,11
1056,11
1057,11
1058,11
1059,11
1060,11
1061,11
1062,11
1063,11
1064,11
1065,11
1066,11
1067,11
1068,11
1069,3
1070,3
1071,11
1072,11
1073,11
1074,11
1075,11
1076,11
1077,11
1078,3
1079,3
1080,3
1081,3
1082,11
1083,3
1084,3
1085,3
1086,3
1087,3
1088,3
1089,3
1090,3
1091,15
1092,3
1093,3
1094,3
1095,3
1096,3
1097,3
1098,11
1099,3
1100,11
1101,11
1102,21
1103,21
1104,3
1105,11
1106,3
1107,3
1108,21
1109,11
1110,11
1111,11
1112,11
1113,11
1114,11
1115,11
1116,11
1117,11
1118,21
1119,21
1120,21
1121,21
1122,21
1123,21
1124,11
1125,21
1126,21
1127,11
1128,10
1129,21
1130,21
1131,21
1132,21
1133,21
1134,21
1135,21
1136,21
1137,21
1138,21
1139,21
1140,21
1141,13
1142,21
1143,21
1144,21
1145,13
1146,21
1147,21
1148,3
1149,3
1150,3
1151,3
1152,3
1153,3
1154,3
1155,3
1156,3
1157,3
1158,3
1159,3
1160,3
1161,3
1162,3
1163,3
1164,3
1165,3
1166,3
1167,3
1168,11
1169,11
1170,3
1171,11
1172,11
1173,15
1174,15
1175,15
1176,3
1177,11
1178,11
1179,11
1180,3
1181,21
1182,3
1183,11
1184,3
1185,3
1186,11
1187,3
1188,3
1189,3
1190,3
1191,3
1192,10
1193,3
1194,3
1195,3
1196,3
1197,3
1198,3
1199,3
1200,11
1201,11
1202,3
1203,3
1204,3
1205,3
1206,11
1207,11
1208,3
1209,11
1210,11
1211,11
1212,11
1213,7
1214,11
1215,11
1216,11
1217,3
1218,3
1219,3
1220,3
1221,3
1222,11
1223,11
1224,17
1225,17
1226,3
1227,3
1228,3
1229,11
1230,3
1231,3
1232,3
1233,3
1234,3
1235,3
1236,3
1237,3
1238,3
1239,3
1240,3
1241,3
1242,3
1243,3
1244,3
1245,3
1246,3
1247,3
1248,3
1249,3
1250,3
1251,3
1252,3
1253,3
1254,3
1255,3
1256,3
1257,15
1258,3
1259,3
1260,3
1261,3
1262,3
1263,3
1264,3
1265,3
1266,3
1267,3
1268,3
1269,3
1270,3
1271,7
1272,3
1273,3
1274,3
1275,3
1276,3
1277,3
1278,3
1279,3
1280,3
1281,3
1282,3
1283,3
1284,3
1285,3
1286,3
1287,3
1288,3
1289,3
1290,3
1291,3
1292,3
1293,3
1294,3
1295,3
1296,3
1297,3
1298,3
1299,3
1300,3
1301,3
1302,3
1303,3
1304,3
1305,3
1306,11
1307,3
1308,3
1309,3
1310,3
1311,3
1312,3
1313,3
1314,3
1315,3
1316,3
1317,3
1318,15
1319,15
1320,15
1321,15
1322,15
1323,15
1324,15
1325,15
1326,15
1327,15
1328,11
1329,11
1330,15
1331,0
1332,0
1333,15
1334,15
1335,15
1336,10
1337,15
1338,15
1339,11
1340,15
1341,15
1342,15
1343,15
1344,15
1345,15
1346,15
1347,15
1348,15
1349,15
1350,15
1351,15
1352,15
1353,15
1354,15
1355,3
1356,15
1357,15
1358,15
1359,15
1360,15
1361,15
1362,15
1363,15
1364,15
1365,15
1366,15
1367,15
1368,15
1369,15
1370,15
1371,15
1372,3
1373,15
1374,15
1375,15
1376,0
1377,11
1378,0
1379,15
1380,15
1381,11
1382,15
1383,15
1384,4
1385,15
1386,15
1387,15
1388,15
1389,15
1390,15
1391,11
1392,15
1393,11
1394,15
1395,15
1396,15
1397,19
1398,3
1399,3
1400,3
1401,3
1402,15
1403,15
1404,8
1405,3
1406,3
1407,3
1408,3
1409,0
1410,11
1411,11
1412,11
1413,11
1414,15
1415,15
1416,15
1417,11
1418,15
1419,15
1420,0
1421,11
1422,11
1423,19
1424,0
1425,14
1426,11
1427,14
1428,14
1429,15
1430,1
1431,11
1432,11
1433,11
1434,11
1435,11
1436,11
1437,11
1438,11
1439,11
1440,15
1441,11
1442,8
1443,15
1444,15
1445,11
1446,0
1447,0
1448,15
1449,15
1450,15
1451,15
1452,15
1453,15
1454,15
1455,15
1456,15
1457,11
1458,15
1459,10
1460,15
1461,11
1462,5
1463,3
1464,15
1465,15
1466,15
1467,15
1468,15
1469,15
1470,3
1471,3
1472,3
1473,3
1474,3
1475,3
1476,3
1477,3
1478,3
1479,3
1480,3
1481,3
1482,3
1483,3
1484,3
1485,3
1486,3
1487,3
1488,3
1489,3
1490,3
1491,3
1492,3
1493,3
1494,3
1495,3
1496,3
1497,3
1498,3
1499,3
1500,3
1501,3
1502,3
1503,3
1504,3
1505,3
1506,3
1507,3
1508,3
1509,3
1510,3
1511,3
1512,3
1513,3
1514,3
1515,3
1516,3
1517,3
1518,3
1519,3
1520,3
1521,3
1522,3
1523,3
1524,3
1525,3
1526,3
1527,7
1528,15
1529,3
1530,3
1531,3
1532,3
1533,3
1534,3
1535,3
1536,3
1537,3
1538,3
1539,3
1540,3
1541,7
1542,7
1543,3
1544,3
1545,3
1546,3
1547,3
1548,7
1549,3
1550,3
1551,15
1552,3
1553,3
1554,3
1555,7
1556,7
1557,7
1558,3
1559,3
1560,3
1561,3
1562,3
1563,15
1564,7
1565,3
1566,15
1567,3
1568,17
1569,3
1570,3
1571,3
1572,3
1573,8
1574,3
1575,3
1576,3
1577,10
1578,10
1579,10
1580,3
1581,10
1582,3
1583,10
1584,10
1585,3
1586,3
1587,3
1588,3
1589,3
1590,3
1591,3
1592,3
1593,3
1594,3
1595,3
1596,3
1597,3
1598,3
1599,3
1600,3
1601,3
1602,3
1603,3
1604,3
1605,3
1606,7
1607,7
1608,3
1609,3
1610,3
1611,3
1612,3
1613,3
1614,3
1615,3
1616,3
1617,3
1618,3
1619,3
1620,3
1621,3
1622,3
1623,7
1624,3
1625,3
1626,3
1627,3
1628,3
1629,3
1630,3
1631,7
1632,3
1633,3
1634,3
1635,3
1636,3
1637,3
1638,3
1639,3
1640,3
1641,3
1642,3
1643,3
1644,3
1645,3
1646,3
1647,3
1648,3
1649,3
1650,3
1651,3
1652,3
1653,3
1654,3
1655,3
1656,3
1657,3
1658,3
1659,3
1660,3
1661,3
1662,3
1663,3
1664,15
1665,3
1666,11
1667,15
1668,3
1669,15
1670,11
1671,3
1672,3
1673,3
1674,3
1675,3
1676,3
1677,3
1678,11
1679,0
1680,0
1681,15
1682,15
1683,15
1684,15
1685,15
1686,15
1687,15
1688,11
1689,11
1690,15
1691,15
1692,15
1693,15
1694,15
1695,15
1696,15
1697,15
1698,15
1699,15
1700,15
1701,15
1702,15
1703,15
1704,15
1705,0
1706,15
1707,15
1708,15
1709,5
1710,15
1711,15
1712,15
1713,15
1714,15
1715,15
1716,15
1717,15
1718,15
1719,15
1720,15
1721,5
1722,15
1723,15
1724,15
1725,15
1726,15
1727,15
1728,15
1729,15
1730,15
1731,15
1732,15
1733,15
1734,15
1735,15
1736,15
1737,15
1738,15
1739,15
1740,15
1741,15
1742,15
1743,15
1744,15
1745,15
1746,15
1747,15
1748,15
1749,15
1750,15
1751,15
1752,15
1753,15
1754,15
1755,15
1756,15
1757,15
1758,15
1759,15
1760,15
1761,15
1762,15
1763,15
1764,15
1765,15
1766,15
1767,15
1768,15
1769,15
1770,15
1771,8
1772,15
1773,15
1774,15
1775,5
1776,15
1777,15
1778,15
1779,15
1780,15
1781,15
1782,15
1783,15
1784,15
1785,15
1786,15
1787,0
1788,0
1789,15
1790,15
1791,15
1792,15
1793,15
1794,15
1795,15
1796,15
1797,15
1798,15
1799,15
1800,15
1801,15
1802,15
1803,15
1804,1
1805,1
1806,15
1807,15
1808,15
1809,15
1810,15
1811,15
1812,15
1813,15
1814,15
1815,15
1816,4
1817,15
1818,15
1819,15
1820,15
1821,15
1822,15
1823,15
1824,15
1825,15
1826,15
1827,19
1828,15
1829,15
1830,15
1831,15
1832,15
1833,15
1834,15
1835,15
1836,15
1837,15
1838,15
1839,15
1840,15
1841,15
1842,15
1843,15
1844,15
1845,15
1846,15
1847,15
1848,15
1849,15
1850,15
1851,15
1852,15
1853,15
1854,15
1855,15
1856,15
1857,15
1858,15
1859,15
1860,15
1861,15
1862,15
1863,15
1864,15
1865,15
1866,15
1867,15
1868,15
1869,15
1870,15
1871,15
1872,15
1873,15
1874,15
1875,15
1876,15
1877,11
1878,17
1879,11
1880,8
1881,11
1882,11
1883,11
1884,11
1885,3
1886,3
1887,3
1888,11
1889,11
1890,7
1891,3
1892,15
1893,15
1894,3
1895,15
1896,3
1897,15
1898,3
1899,15
1900,0
1901,15
1902,15
1903,10
1904,20
1905,10
1906,3
1907,3
1908,11
1909,3
1910,3
1911,0
1912,0
1913,0
1914,3
1915,21
1916,11
1917,3
1918,3
1919,3
1920,0
1921,3
1922,3
1923,3
1924,3
1925,3
1926,3
1927,21
1928,3
1929,7
1930,3
1931,10
1932,3
1933,15
1934,3
1935,7
1936,4
1937,4
1938,3
1939,4
1940,3
1941,4
1942,4
1943,3
1944,3
1945,3
1946,3
1947,10
1948,7
1949,10
1950,3
1951,10
1952,10
1953,3
1954,4
1955,3
1956,13
1957,3
1958,10
1959,21
1960,10
1961,3
1962,3
1963,3
1964,3
1965,3
1966,3
1967,3
1968,3
1969,3
1970,3
1971,3
1972,15
1973,3
1974,5
1975,11
1976,3
1977,3
1978,3
1979,15
1980,15
1981,10
1982,15
1983,15
1984,3
1985,15
1986,7
1987,3
1988,10
1989,3
1990,3
1991,10
1992,10
1993,15
1994,15
1995,15
1996,11
1997,15
1998,15
1999,14
2000,15
2001,15
2002,15
2003,3
2004,3
2005,3
2006,3
2007,20
2008,3
2009,3
2010,3
2011,3
2012,7
2013,5
2014,3
2015,3
2016,15
2017,3
2018,4
2019,3
2020,7
2021,3
2022,21
2023,21
2024,21
2025,21
2026,21
2027,3
2028,3
2029,3
2030,3
2031,1
2032,21
2033,3
2034,3
2035,3
2036,10
2037,4
2038,4
2039,3
2040,21
2041,3
2042,7
2043,3
2044,3
2045,21
2046,3
2047,21
2048,4
2049,20
2050,21
2051,4
2052,13
2053,21
2054,10
2055,3
2056,3
2057,3
2058,3
2059,3
2060,3
2061,3
2062,3
2063,3
2064,3
2065,3
2066,3
2067,3
2068,3
2069,3
2070,3
2071,3
2072,15
2073,11
2074,3
2075,3
2076,3
2077,11
2078,3
2079,14
2080,3
2081,7
2082,3
2083,3
2084,3
2085,3
2086,3
2087,3
2088,3
2089,3
2090,3
2091,3
2092,3
2093,10
2094,21
2095,10
2096,3
2097,3
2098,3
2099,3
2100,3
2101,21
2102,21
2103,7
2104,3
2105,3
2106,17
2107,21
2108,3
2109,3
2110,3
2111,20
2112,20
2113,4
2114,21
2115,21
2116,3
2117,3
2118,3
2119,4
2120,3
2121,11
2122,17
2123,3
2124,3
2125,15
2126,10
2127,3
2128,3
2129,3
2130,3
2131,14
2132,14
2133,14
2134,14
2135,14
2136,14
2137,14
2138,14
2139,14
2140,14
2141,14
2142,14
2143,14
2144,14
2145,14
2146,14
2147,14
2148,14
2149,14
2150,1
2151,14
2152,14
2153,14
2154,14
2155,14
2156,14
2157,14
2158,14
2159,14
2160,14
2161,14
2162,14
2163,14
2164,14
2165,14
2166,14
2167,14
2168,14
2169,14
2170,14
2171,14
2172,12
2173,14
2174,14
2175,14
2176,14
2177,14
2178,14
2179,14
2180,14
2181,14
2182,14
2183,14
2184,14
2185,14
2186,14
2187,14
2188,14
2189,14
2190,14
2191,14
2192,14
2193,14
2194,14
2195,14
2196,14
2197,19
2198,19
2199,14
2200,14
2201,14
2202,14
2203,14
2204,14
2205,14
2206,14
2207,14
2208,14
2209,14
2210,14
2211,14
2212,14
2213,14
2214,14
2215,14
2216,14
2217,14
2218,14
2219,14
2220,14
2221,14
2222,14
2223,14
2224,14
2225,14
2226,7
2227,7
2228,7
2229,7
2230,7
2231,7
2232,7
2233,7
2234,7
2235,7
2236,7
2237,7
2238,7
2239,7
2240,7
2241,7
2242,7
2243,7
2244,7
2245,7
2246,7
2247,7
2248,7
2249,7
2250,7
2251,21
2252,11
2253,0
2254,0
2255,3
2256,3
2257,3
2258,3
2259,3
2260,3
2261,3
2262,3
2263,3
2264,11
2265,3
2266,3
2267,3
2268,3
2269,3
2270,3
2271,15
2272,15
2273,3
2274,3
2275,15
2276,3
2277,3
2278,14
2279,14
2280,14
2281,14
2282,10
2283,3
2284,7
2285,10
2286,3
2287,7
2288,7
2289,7
2290,10
2291,3
2292,7
2293,7
2294,7
2295,7
2296,21
2297,4
2298,7
2299,7
2300,3
2301,4
2302,7
2303,0
2304,15
2305,15
2306,3
2307,0
2308,4
2309,15
2310,3
2311,3
2312,10
2313,21
2314,10
2315,10
2316,10
2317,10
2318,10
2319,10
2320,10
2321,10
2322,10
2323,10
2324,13
2325,10
2326,0
2327,15
2328,15
2329,0
2330,15
2331,3
2332,7
2333,0
2334,3
2335,3
2336,21
2337,3
2338,3
2339,3
2340,3
2341,3
2342,11
2343,3
2344,11
2345,3
2346,3
2347,3
2348,3
2349,17
2350,3
2351,3
2352,7
2353,7
2354,3
2355,14
2356,1
2357,1
2358,14
2359,1
2360,1
2361,14
2362,14
2363,14
2364,14
2365,14
2366,14
2367,14
2368,14
2369,14
2370,14
2371,14
2372,14
2373,14
2374,12
2375,14
2376,14
2377,14
2378,14
2379,14
2380,14
2381,18
2382,1
2383,14
2384,5
2385,14
2386,14
2387,14
2388,14
2389,14
2390,14
2391,14
2392,14
2393,14
2394,10
2395,14
2396,14
2397,12
2398,21
2399,14
2400,14
2401,14
2402,3
2403,14
2404,15
2405,14
2406,10
2407,14
2408,14
2409,14
2410,1
2411,15
2412,15
2413,5
2414,14
2415,14
2416,14
2417,8
2418,14
2419,11
2420,15
2421,14
2422,14
2423,11
2424,15
2425,12
2426,14
2427,14
2428,14
2429,14
2430,14
2431,14
2432,14
2433,14
2434,14
2435,5
2436,14
2437,14
2438,14
2439,14
2440,15
2441,14
2442,15
2443,15
2444,15
2445,15
2446,11
2447,1
2448,14
2449,14
2450,14
2451,14
2452,14
2453,14
2454,14
2455,14
2456,14
2457,14
2458,14
2459,18
2460,14
2461,10
2462,10
2463,15
2464,10
2465,0
2466,10
2467,10
2468,4
2469,10
2470,0
2471,15
2472,14
2473,14
2474,18
2475,14
2476,14
2477,10
2478,3
2479,11
2480,0
2481,0
2482,11
2483,11
2484,11
2485,11
2486,11
2487,11
2488,11
2489,11
2490,11
2491,0
2492,11
2493,0
2494,11
2495,0
2496,3
2497,3
2498,3
2499,7
2500,7
2501,11
2502,11
2503,3
2504,11
2505,3
2506,3
2507,7
2508,7
2509,7
2510,7
2511,7
2512,7
2513,7
2514,7
2515,7
2516,0
2517,3
2518,7
2519,7
2520,3
2521,7
2522,7
2523,7
2524,3
2525,3
2526,3
2527,3
2528,3
2529,15
2530,15
2531,15
2532,15
2533,15
2534,15
2535,15
2536,15
2537,1
2538,15
2539,15
2540,15
2541,15
2542,15
2543,15
2544,7
2545,17
2546,3
2547,0
2548,11
2549,14
2550,3
2551,11
2552,11
2553,11
2554,11
2555,11
2556,11
2557,1
2558,11
2559,12
2560,11
2561,3
2562,3
2563,3
2564,17
2565,17
2566,17
2567,17
2568,17
2569,0
2570,0
2571,0
2572,0
2573,17
2574,10
2575,10
2576,21
2577,3
2578,21
2579,21
2580,21
2581,21
2582,21
2583,3
2584,7
2585,15
2586,3
2587,14
2588,3
2589,10
2590,3
2591,15
2592,3
2593,20
2594,21
2595,4
2596,4
2597,0
2598,0
2599,17
2600,0
2601,21
2602,4
2603,10
2604,4
2605,4
2606,4
2607,21
2608,10
2609,10
2610,21
2611,4
2612,21
2613,21
2614,21
2615,21
2616,4
2617,21
2618,21
2619,10
2620,21
2621,4
2622,21
2623,21
2624,21
2625,21
2626,21
2627,7
2628,21
2629,10
2630,10
2631,10
2632,10
2633,10
2634,10
2635,10
2636,10
2637,10
2638,10
2639,10
2640,15
2641,10
2642,10
2643,10
2644,10
2645,3
2646,10
2647,8
2648,0
2649,0
2650,0
2651,0
2652,10
2653,6
2654,10
2655,10
2656,10
2657,1
2658,10
2659,10
2660,10
2661,1
2662,10
2663,10
2664,10
2665,8
2666,10
2667,10
2668,10
2669,10
2670,10
2671,10
2672,10
2673,10
2674,10
2675,10
2676,13
2677,10
2678,15
2679,10
2680,10
2681,10
2682,10
2683,0
2684,0
2685,0
2686,10
2687,20
2688,0
2689,0
2690,0
2691,0
2692,0
2693,0
2694,0
2695,10
2696,10
2697,10
2698,5
2699,10
2700,10
2701,0
2702,10
2703,10
2704,10
2705,0
2706,4
2707,4
2708,10
2709,10
2710,10
2711,10
2712,10
2713,8
2714,13
2715,10
2716,13
2717,10
2718,10
2719,10
2720,8
2721,0
2722,10
2723,10
2724,10
2725,6
2726,10
2727,15
2728,15
2729,15
2730,15
2731,15
2732,15
2733,8
2734,15
2735,15
2736,15
2737,15
2738,10
2739,8
2740,10
2741,10
2742,4
2743,10
2744,0
2745,0
2746,0
2747,10
2748,10
2749,10
2750,4
2751,10
2752,10
2753,10
2754,10
2755,10
2756,10
2757,10
2758,10
2759,10
2760,10
2761,10
2762,4
2763,0
2764,0
2765,0
2766,0
2767,0
2768,0
2769,0
2770,0
2771,8
2772,0
2773,0
2774,15
2775,0
2776,15
2777,0
2778,8
2779,0
2780,0
2781,0
2782,5
2783,10
2784,0
2785,0
2786,10
2787,10
2788,10
2789,0
2790,0
2791,0
2792,0
2793,0
2794,0
2795,0
2796,15
2797,10
2798,10
2799,10
2800,10
2801,10
2802,10
2803,15
2804,10
2805,3
2806,10
2807,4
2808,15
2809,15
2810,15
2811,15
2812,15
2813,15
2814,15
2815,19
2816,15
2817,10
2818,10
2819,10
2820,15
2821,10
2822,15
2823,10
2824,15
2825,10
2826,10
2827,15
2828,4
2829,10
2830,10
2831,20
2832,10
2833,10
2834,10
2835,10
2836,15
2837,10
2838,10
2839,10
2840,10
2841,15
2842,15
2843,10
2844,10
2845,10
2846,10
2847,0
2848,0
2849,0
2850,0
2851,0
2852,0
2853,0
2854,0
2855,0
2856,0
2857,0
2858,0
2859,0
2860,10
2861,10
2862,10
2863,4
2864,15
2865,0
2866,15
2867,8
2868,0
2869,0
2870,0
2871,0
2872,0
2873,0
2874,4
2875,0
2876,0
2877,7
2878,15
2879,10
2880,10
2881,10
2882,0
2883,10
2884,10
2885,15
2886,15
2887,15
2888,15
2889,10
2890,10
2891,10
2892,15
2893,15
2894,10
2895,4
2896,15
2897,15
2898,10
2899,10
2900,15
2901,10
2902,15
2903,10
2904,10
2905,15
2906,0
2907,0
2908,10
2909,10
2910,8
2911,4
2912,10
2913,10
2914,10
2915,10
2916,10
2917,4
2918,10
2919,10
2920,10
2921,10
2922,4
2923,10
2924,4
2925,4
2926,10
2927,10
2928,7
2929,10
2930,4
2931,7
2932,10
2933,10
2934,10
2935,4
2936,21
2937,4
2938,10
2939,10
2940,10
2941,4
2942,4
2943,10
2944,4
2945,4
2946,10
2947,10
2948,10
2949,10
2950,10
2951,10
2952,10
2953,10
2954,10
2955,10
2956,10
2957,10
2958,10
2959,10
2960,10
2961,10
2962,5
2963,10
2964,10
2965,10
2966,15
2967,10
2968,10
2969,10
2970,10
2971,10
2972,10
2973,4
2974,10
2975,10
2976,10
2977,10
2978,4
2979,10
2980,10
2981,10
2982,10
2983,4
2984,4
2985,15
2986,10
2987,10
2988,15
2989,10
2990,7
2991,10
2992,21
2993,10
2994,10
2995,10
2996,1
2997,7
2998,10
2999,10
3000,7
3001,10
3002,7
3003,4
3004,7
3005,7
3006,10
3007,7
3008,13
3009,10
3010,10
3011,10
3012,10
3013,10
3014,8
3015,10
3016,10
3017,10
3018,10
3019,10
3020,10
3021,10
3022,10
3023,15
3024,10
3025,20
3026,10
3027,15
3028,13
3029,13
3030,13
3031,13
3032,13
3033,13
3034,13
3035,13
3036,10
3037,15
3038,4
3039,10
3040,14
3041,0
3042,0
3043,0
3044,0
3045,0
3046,4
3047,21
3048,0
3049,0
3050,0
3051,0
3052,15
3053,4
3054,8
3055,10
3056,10
3057,10
3058,0
3059,10
3060,10
3061,10
3062,10
3063,5
3064,5
3065,5
3066,5
3067,5
3068,15
3069,0
3070,5
3071,5
3072,10
3073,10
3074,10
3075,10
3076,0
3077,0
3078,0
3079,10
3080,10
3081,10
3082,10
3083,10
3084,10
3085,10
3086,10
3087,10
3088,10
3089,10
3090,10
3091,10
3092,0
3093,4
3094,4
3095,4
3096,4
3097,4
3098,4
3099,4
3100,4
3101,4
3102,4
3103,4
3104,4
3105,4
3106,4
3107,4
3108,4
3109,4
3110,4
3111,10
3112,10
3113,10
3114,20
3115,10
3116,10
3117,10
3118,10
3119,10
3120,10
3121,10
3122,10
3123,0
3124,0
3125,0
3126,0
3127,1
3128,4
3129,0
3130,0
3131,0
3132,0
3133,0
3134,0
3135,8
3136,10
3137,0
3138,0
3139,0
3140,0
3141,0
3142,0
3143,7
3144,7
3145,7
3146,15
3147,7
3148,7
3149,15
3150,21
3151,21
3152,5
3153,15
3154,13
3155,10
3156,10
3157,13
3158,7
3159,7
3160,7
3161,7
3162,7
3163,15
3164,10
3165,10
3166,0
3167,21
3168,7
3169,7
3170,21
3171,7
3172,21
3173,7
3174,13
3175,13
3176,21
3177,21
3178,21
3179,21
3180,7
3181,21
3182,17
3183,15
3184,7
3185,7
3186,7
3187,7
3188,7
3189,7
3190,7
3191,13
3192,7
3193,21
3194,7
3195,13
3196,7
3197,7
3198,0
3199,0
3200,0
3201,5
3202,0
3203,0
3204,0
3205,15
3206,0
3207,0
3208,0
3209,0
3210,15
3211,7
3212,15
3213,0
3214,0
3215,0
3216,0
3217,7
3218,21
3219,15
3220,21
3221,0
3222,0
3223,3
3224,0
3225,0
3226,0
3227,0
3228,0
3229,0
3230,0
3231,15
3232,15
3233,15
3234,15
3235,4
3236,0
3237,15
3238,0
3239,15
3240,15
3241,0
3242,15
3243,15
3244,15
3245,15
3246,3
3247,15
3248,15
3249,15
3250,15
3251,15
3252,15
3253,15
3254,15
3255,15
3256,18
3257,4
3258,15
3259,15
3260,15
3261,15
3262,15
3263,15
3264,15
3265,15
3266,15
3267,1
3268,15
3269,0
3270,0
3271,14
3272,14
3273,0
3274,0
3275,0
3276,0
3277,0
3278,0
3279,0
3280,0
3281,0
3282,0
3283,0
3284,0
3285,0
3286,0
3287,0
3288,0
3289,0
3290,0
3291,0
3292,0
3293,0
3294,0
3295,0
3296,0
3297,15
3298,15
3299,15
3300,15
3301,15
3302,15
3303,15
3304,15
3305,15
3306,0
3307,21
3308,0
3309,10
3310,0
3311,0
3312,0
3313,10
3314,10
3315,10
3316,10
3317,10
3318,10
3319,10
3320,10
3321,0
3322,1
3323,1
3324,0
3325,0
3326,10
3327,0
3328,14
3329,14
3330,14
3331,0
3332,0
3333,1
3334,0
3335,0
3336,0
3337,0
3338,5
3339,8
3340,8
3341,0
3342,1
3343,0
3344,0
3345,8
3346,0
3347,0
3348,0
3349,0
3350,10
3351,0
3352,10
3353,10
3354,10
3355,3
3356,10
3357,10
3358,10
3359,4
3360,10
3361,10
3362,10
3363,0
3364,10
3365,0
3366,10
3367,10
3368,10
3369,10
3370,10
3371,10
3372,10
3373,0
3374,0
3375,7
3376,7
3377,7
3378,7
3379,7
3380,13
3381,7
3382,7
3383,10
3384,7
3385,7
3386,7
3387,7
3388,7
3389,7
3390,13
3391,7
3392,21
3393,21
3394,7
3395,7
3396,13
3397,7
3398,10
3399,7
3400,21
3401,21
3402,0
3403,0
3404,0
3405,0
3406,0
3407,0
3408,15
3409,15
3410,0
3411,0
3412,15
3413,10
3414,0
3415,11
3416,8
3417,0
3418,15
3419,0
3420,0
3421,10
3422,10
3423,8
3424,8
3425,4
3426,8
3427,3
3428,0
3429,15
3430,15
3431,4
3432,5
3433,5
3434,20
3435,15
3436,15
3437,15
3438,15
3439,4
3440,15
3441,10
3442,15
3443,15
3444,15
3445,15
3446,15
3447,4
3448,17
3449,15
3450,10
3451,15
3452,15
3453,15
3454,15
3455,15
3456,15
3457,15
3458,15
3459,15
3460,15
3461,15
3462,15
3463,10
3464,15
3465,10
3466,15
3467,10
3468,15
3469,15
3470,10
3471,0
3472,0
3473,10
3474,10
3475,5
3476,8
3477,10
3478,15
3479,10
3480,10
3481,10
3482,10
3483,10
3484,10
3485,10
3486,15
3487,10
3488,10
3489,10
3490,10
3491,0
3492,0
3493,0
3494,3
3495,10
3496,10
3497,0
3498,12
3499,0
3500,0
3501,0
3502,0
3503,15
3504,15
3505,15
3506,15
3507,15
3508,15
3509,15
3510,15
3511,0
3512,7
3513,1
3514,7
3515,7
3516,7
3517,7
3518,7
3519,21
3520,7
3521,7
3522,7
3523,7
3524,7
3525,4
3526,4
3527,4
3528,4
3529,4
3530,4
3531,4
3532,4
3533,4
3534,4
3535,4
3536,4
3537,4
3538,4
3539,4
3540,4
3541,4
3542,4
3543,4
3544,15
3545,4
3546,4
3547,4
3548,4
3549,0
3550,0
3551,0
3552,4
3553,10
3554,10
3555,10
3556,4
3557,4
3558,10
3559,10
3560,1
3561,8
3562,8
3563,8
3564,8
3565,8
3566,8
3567,8
3568,8
3569,8
3570,8
3571,8
3572,8
3573,8
3574,8
3575,8
3576,8
3577,8
3578,8
3579,1
3580,8
3581,8
3582,8
3583,8
3584,8
3585,8
3586,8
3587,8
3588,8
3589,8
3590,8
3591,0
3592,8
3593,8
3594,8
3595,8
3596,8
3597,8
3598,8
3599,8
3600,8
3601,10
3602,15
3603,15
3604,0
3605,10
3606,0
3607,0
3608,10
3609,0
3610,10
3611,0
3612,10
3613,0
3614,0
3615,4
3616,0
3617,7
3618,7
3619,7
3620,7
3621,7
3622,7
3623,7
3624,7
3625,10
3626,21
3627,10
3628,21
3629,6
3630,7
3631,7
3632,7
3633,5
3634,7
3635,6
3636,7
3637,10
3638,7
3639,8
3640,7
3641,7
3642,7
3643,7
3644,1
3645,7
3646,10
3647,0
3648,10
3649,0
3650,0
3651,0
3652,0
3653,3
3654,0
3655,15
3656,15
3657,15
3658,15
3659,11
3660,1
3661,11
3662,11
3663,11
3664,10
3665,15
3666,1
3667,11
3668,15
3669,15
3670,11
3671,15
3672,15
3673,15
3674,15
3675,15
3676,15
3677,15
3678,15
3679,11
3680,10
3681,10
3682,10
3683,10
3684,10
3685,10
3686,10
3687,10
3688,0
3689,4
3690,4
3691,0
3692,4
3693,4
3694,4
3695,4
3696,10
3697,15
3698,15
3699,15
3700,15
3701,15
3702,15
3703,15
3704,14
3705,15
3706,15
3707,4
3708,4
3709,4
3710,15
3711,4
3712,4
3713,4
3714,10
3715,10
3716,15
3717,4
3718,4
3719,4
3720,4
3721,4
3722,4
3723,4
3724,4
3725,4
3726,4
3727,4
3728,4
3729,10
3730,4
3731,4
3732,10
3733,15
3734,4
3735,10
3736,3
3737,3
3738,3
3739,3
3740,3
3741,4
3742,3
3743,0
3744,0
3745,10
3746,0
3747,3
3748,0
3749,10
3750,10
3751,0
3752,11
3753,4
3754,3
3755,4
3756,4
3757,4
3758,4
3759,10
3760,10
3761,10
3762,8
3763,15
3764,15
3765,10
3766,10
3767,10
3768,0
3769,0
3770,10
3771,10
3772,10
3773,10
3774,10
3775,10
3776,10
3777,21
3778,21
3779,10
3780,7
3781,7
3782,7
3783,7
3784,7
3785,10
3786,7
3787,13
3788,7
3789,7
3790,7
3791,13
3792,13
3793,7
3794,7
3795,13
3796,7
3797,3
3798,4
3799,4
3800,10
3801,10
3802,10
3803,4
3804,10
3805,10
3806,15
3807,15
3808,15
3809,15
3810,15
3811,15
3812,15
3813,15
3814,15
3815,15
3816,15
3817,10
3818,15
3819,0
3820,0
3821,0
3822,0
3823,0
3824,10
3825,7
3826,13
3827,7
3828,7
3829,3
3830,4
3831,4
3832,4
3833,4
3834,4
3835,3
3836,4
3837,0
3838,0
3839,0
3840,0
3841,0
3842,0
3843,0
3844,4
3845,0
3846,4
3847,4
3848,4
3849,4
3850,4
3851,4
3852,4
3853,4
3854,4
3855,4
3856,4
3857,8
3858,8
3859,15
3860,15
3861,10
3862,10
3863,10
3864,10
3865,10
3866,13
3867,10
3868,10
3869,10
3870,10
3871,10
3872,10
3873,13
3874,7
3875,21
3876,6
3877,7
3878,4
3879,10
3880,10
3881,10
3882,10
3883,10
3884,4
3885,3
3886,10
3887,10
3888,21
3889,21
3890,21
3891,21
3892,21
3893,21
3894,21
3895,21
3896,21
3897,10
3898,10
3899,10
3900,10
3901,10
3902,10
3903,7
3904,10
3905,10
3906,10
3907,4
3908,10
3909,10
3910,10
3911,1
3912,1
3913,1
3914,1
3915,1
3916,11
3917,1
3918,1
3919,1
3920,1
3921,1
3922,10
3923,10
3924,10
3925,10
3926,10
3927,10
3928,10
3929,10
3930,7
3931,7
3932,7
3933,7
3934,10
3935,10
3936,10
3937,10
3938,10
3939,10
3940,10
3941,10
3942,10
3943,10
3944,10
3945,10
3946,10
3947,10
3948,10
3949,7
3950,7
3951,7
3952,7
3953,7
3954,7
3955,7
3956,21
3957,7
3958,10
3959,13
3960,7
3961,7
3962,7
3963,7
3964,7
3965,7
3966,7
3967,7
3968,10
3969,10
3970,10
3971,3
3972,6
3973,4
3974,4
3975,21
3976,7
3977,7
3978,10
3979,7
3980,7
3981,7
3982,21
3983,3
3984,14
3985,13
3986,13
3987,6
3988,10
3989,15
3990,15
3991,18
3992,20
3993,20
3994,20
3995,15
3996,20
3997,20
3998,20
3999,20
4000,15
4001,15
4002,15
4003,15
4004,15
4005,20
4006,13
4007,13
4008,13
4009,13
4010,13
4011,13
4012,13
4013,13
4014,13
4015,13
4016,13
4017,13
4018,13
4019,13
4020,13
4021,13
4022,13
4023,21
4024,13
4025,13
4026,6
4027,13
4028,6
4029,13
4030,13
4031,13
4032,13
4033,13
4034,13
4035,13
4036,13
4037,6
4038,6
4039,6
4040,13
4041,13
4042,13
4043,13
4044,13
4045,13
4046,13
4047,13
4048,13
4049,13
4050,13
4051,13
4052,13
4053,13
4054,13
4055,13
4056,13
4057,13
4058,13
4059,13
4060,13
4061,13
4062,13
4063,13
4064,13
4065,6
4066,13
4067,13
4068,13
4069,13
4070,13
4071,13
4072,13
4073,13
4074,13
4075,13
4076,13
4077,6
4078,13
4079,13
4080,13
4081,13
4082,13
4083,13
4084,13
4085,14
4086,13
4087,13
4088,13
4089,13
4090,10
4091,7
4092,13
4093,13
4094,13
4095,13
4096,13
4097,13
4098,13
4099,13
4100,13
4101,13
4102,13
4103,10
4104,10
4105,0
4106,5
4107,10
4108,10
4109,10
4110,10
4111,0
4112,0
4113,0
4114,0
4115,0
4116,0
4117,0
4118,0
4119,0
4120,0
4121,0
4122,0
4123,15
4124,0
4125,0
4126,0
4127,0
4128,0
4129,3
4130,0
4131,11
4132,3
4133,3
4134,3
4135,0
4136,0
4137,0
4138,0
4139,0
4140,8
4141,0
4142,0
4143,0
4144,15
4145,1
4146,15
4147,15
4148,0
4149,0
4150,0
4151,8
4152,8
4153,0
4154,0
4155,0
4156,17
4157,0
4158,0
4159,0
4160,15
4161,15
4162,15
4163,15
4164,15
4165,15
4166,15
4167,15
4168,15
4169,14
4170,15
4171,15
4172,15
4173,1
4174,10
4175,10
4176,15
4177,15
4178,15
4179,15
4180,15
4181,15
4182,15
4183,11
4184,18
4185,15
4186,15
4187,15
4188,15
4189,15
4190,15
4191,15
4192,4
4193,15
4194,15
4195,15
4196,15
4197,0
4198,0
4199,0
4200,0
4201,14
4202,14
4203,14
4204,11
4205,11
4206,3
4207,0
4208,0
4209,8
4210,4
4211,20
4212,0
4213,0
4214,0
4215,0
4216,4
4217,4
4218,20
4219,4
4220,20
4221,20
4222,3
4223,20
4224,20
4225,20
4226,20
4227,20
4228,1
4229,10
4230,10
4231,10
4232,10
4233,10
4234,21
4235,21
4236,4
4237,4
4238,4
4239,4
4240,4
4241,4
4242,4
4243,4
4244,4
4245,4
4246,4
4247,4
4248,4
4249,4
4250,4
4251,4
4252,4
4253,10
4254,4
4255,4
4256,10
4257,10
4258,15
4259,15
4260,15
4261,15
4262,4
4263,15
4264,15
4265,15
4266,4
4267,15
4268,15
4269,1
4270,15
4271,15
4272,20
4273,15
4274,7
4275,15
4276,15
4277,15
4278,15
4279,15
4280,15
4281,15
4282,15
4283,15
4284,15
4285,15
4286,15
4287,15
4288,15
4289,15
4290,15
4291,15
4292,15
4293,15
4294,18
4295,8
4296,15
4297,15
4298,15
4299,15
4300,15
4301,15
4302,15
4303,15
4304,1
4305,15
4306,15
4307,15
4308,15
4309,15
4310,15
4311,15
4312,15
4313,15
4314,15
4315,15
4316,15
4317,15
4318,15
4319,15
4320,15
4321,15
4322,15
4323,15
4324,15
4325,15
4326,15
4327,15
4328,15
4329,15
4330,11
4331,20
4332,15
4333,15
4334,15
4335,1
4336,15
4337,8
4338,15
4339,1
4340,15
4341,10
4342,21
4343,21
4344,21
4345,21
4346,21
4347,21
4348,21
4349,21
4350,21
4351,21
4352,21
4353,21
4354,15
4355,15
4356,14
4357,15
4358,15
4359,1
4360,1
4361,8
4362,0
4363,15
4364,15
4365,15
4366,10
4367,15
4368,15
4369,15
4370,15
4371,15
4372,15
4373,8
4374,15
4375,0
4376,15
4377,15
4378,15
4379,1
4380,15
4381,8
4382,15
4383,15
4384,15
4385,15
4386,15
4387,15
4388,18
4389,8
4390,15
4391,15
4392,15
4393,15
4394,15
4395,5
4396,15
4397,15
4398,10
4399,10
4400,15
4401,15
4402,15
4403,15
4404,15
4405,10
4406,15
4407,15
4408,15
4409,19
4410,19
4411,19
4412,15
4413,15
4414,15
4415,18
4416,18
4417,15
4418,14
4419,10
4420,14
4421,10
4422,14
4423,14
4424,14
4425,14
4426,14
4427,14
4428,14
4429,14
4430,14
4431,14
4432,14
4433,10
4434,10
4435,10
4436,4
4437,10
4438,10
4439,10
4440,10
4441,10
4442,10
4443,10
4444,15
4445,15
4446,18
4447,15
4448,15
4449,15
4450,15
4451,15
4452,15
4453,15
4454,15
4455,15
4456,5
4457,15
4458,15
4459,15
4460,15
4461,15
4462,15
4463,15
4464,15
4465,15
4466,15
4467,15
4468,15
4469,15
4470,15
4471,15
4472,15
4473,10
4474,4
4475,4
4476,4
4477,4
4478,4
4479,4
4480,4
4481,4
4482,4
4483,4
4484,8
4485,8
4486,4
4487,4
4488,4
4489,21
4490,13
4491,7
4492,13
4493,21
4494,7
4495,7
4496,14
4497,12
4498,14
4499,14
4500,14
4501,14
4502,14
4503,12
4504,12
4505,12
4506,12
4507,12
4508,12
4509,12
4510,12
4511,12
4512,12
4513,12
4514,12
4515,12
4516,12
4517,12
4518,12
4519,12
4520,12
4521,12
4522,7
4523,12
4524,12
4525,12
4526,12
4527,12
4528,17
4529,12
4530,12
4531,12
4532,12
4533,12
4534,12
4535,12
4536,12
4537,12
4538,12
4539,12
4540,12
4541,12
4542,12
4543,12
4544,12
4545,12
4546,12
4547,12
4548,12
4549,12
4550,12
4551,12
4552,12
4553,12
4554,12
4555,12
4556,12
4557,12
4558,12
4559,12
4560,12
4561,17
4562,16
4563,14
4564,14
4565,14
4566,17
4567,17
4568,17
4569,17
4570,17
4571,17
4572,17
4573,17
4574,17
4575,0
4576,0
4577,0
4578,15
4579,0
4580,0
4581,1
4582,0
4583,0
4584,15
4585,0
4586,11
4587,0
4588,1
4589,18
4590,18
4591,0
4592,0
4593,0
4594,1
4595,0
4596,15
4597,15
4598,0
4599,1
4600,0
4601,0
4602,1
4603,15
4604,5
4605,5
4606,5
4607,5
4608,15
4609,5
4610,1
4611,0
4612,15
4613,5
4614,5
4615,5
4616,1
4617,1
4618,1
4619,1
4620,1
4621,1
4622,1
4623,1
4624,1
4625,1
4626,1
4627,1
4628,1
4629,1
4630,1
4631,1
4632,0
4633,0
4634,10
4635,18
4636,12
4637,18
4638,18
4639,1
4640,18
4641,1
4642,0
4643,1
4644,1
4645,15
4646,5
4647,15
4648,15
4649,11
4650,11
4651,4
4652,1
4653,1
4654,0
4655,0
4656,0
4657,0
4658,15
4659,15
4660,15
4661,1
4662,8
4663,1
4664,1
4665,1
4666,1
4667,1
4668,15
4669,1
4670,1
4671,1
4672,1
4673,1
4674,1
4675,1
4676,1
4677,1
4678,1
4679,1
4680,1
4681,1
4682,1
4683,1
4684,1
4685,1
4686,1
4687,1
4688,18
4689,15
4690,1
4691,1
4692,1
4693,1
4694,1
4695,1
4696,1
4697,15
4698,15
4699,15
4700,15
4701,1
4702,15
4703,15
4704,15
4705,15
4706,15
4707,15
4708,18
4709,18
4710,18
4711,1
4712,1
4713,1
4714,1
4715,0
4716,5
4717,1
4718,1
4719,1
4720,1
4721,1
4722,1
4723,10
4724,15
4725,15
4726,1
4727,15
4728,1
4729,1
4730,1
4731,1
4732,15
4733,1
4734,6
4735,6
4736,6
4737,6
4738,6
4739,6
4740,6
4741,6
4742,6
4743,6
4744,6
4745,6
4746,6
4747,6
4748,6
4749,6
4750,6
4751,6
4752,6
4753,6
4754,6
4755,6
4756,6
4757,6
4758,6
4759,6
4760,6
4761,6
4762,6
4763,6
4764,6
4765,6
4766,19
4767,6
4768,6
4769,6
4770,6
4771,6
4772,6
4773,6
4774,6
4775,6
4776,6
4777,6
4778,6
4779,6
4780,14
4781,14
4782,14
4783,14
4784,14
4785,14
4786,14
4787,6
4788,6
4789,6
4790,6
4791,6
4792,6
4793,6
4794,6
4795,6
4796,19
4797,17
4798,17
4799,17
4800,4
4801,0
4802,4
4803,4
4804,3
4805,4
4806,4
4807,4
4808,4
4809,4
4810,4
4811,4
4812,6
4813,4
4814,4
4815,4
4816,21
4817,21
4818,21
4819,17
4820,21
4821,21
4822,11
4823,4
4824,4
4825,4
4826,21
4827,15
4828,7
4829,4
4830,4
4831,4
4832,4
4833,4
4834,4
4835,4
4836,4
4837,4
4838,4
4839,4
4840,4
4841,4
4842,4
4843,4
4844,4
4845,4
4846,4
4847,4
4848,4
4849,4
4850,4
4851,4
4852,4
4853,4
4854,3
4855,21
4856,21
4857,21
4858,7
4859,4
4860,4
4861,10
4862,4
4863,4
4864,15
4865,17
4866,20
4867,15
4868,20
4869,15
4870,15
4871,15
4872,10
4873,20
4874,4
4875,4
4876,15
4877,15
4878,10
4879,15
4880,15
4881,5
4882,20
4883,20
4884,4
4885,4
4886,4
4887,4
4888,4
4889,4
4890,4
4891,4
4892,10
4893,10
4894,21
4895,4
4896,4
4897,21
4898,21
4899,21
4900,21
4901,7
4902,21
4903,21
4904,4
4905,4
4906,4
4907,10
4908,21
4909,7
4910,21
4911,21
4912,21
4913,21
4914,3
4915,3
4916,21
4917,21
4918,21
4919,21
4920,21
4921,21
4922,21
4923,21
4924,21
4925,21
4926,21
4927,21
4928,21
4929,21
4930,21
4931,21
4932,21
4933,21
4934,21
4935,21
4936,21
4937,21
4938,21
4939,21
4940,21
4941,21
4942,21
4943,4
4944,4
4945,4
4946,4
4947,4
4948,4
4949,0
4950,15
4951,15
4952,18
4953,18
4954,18
4955,18
4956,18
4957,15
4958,18
4959,1
4960,18
4961,1
4962,18
4963,1
4964,1
4965,1
4966,18
4967,18
4968,18
4969,18
4970,18
4971,15
4972,18
4973,18
4974,18
4975,18
4976,18
4977,18
4978,18
4979,18
4980,5
4981,18
4982,18
4983,18
4984,18
4985,18
4986,18
4987,1
4988,1
4989,18
4990,18
4991,15
4992,18
4993,18
4994,12
4995,18
4996,15
4997,1
4998,18
4999,19
5000,15
5001,15
5002,18
5003,18
5004,15
5005,18
5006,15
5007,18
5008,18
5009,18
5010,18
5011,6
5012,8
5013,15
5014,15
5015,15
5016,8
5017,18
5018,12
5019,18
5020,18
5021,18
5022,18
5023,12
5024,12
5025,18
5026,15
5027,15
5028,15
5029,15
5030,5
5031,5
5032,1
5033,15
5034,5
5035,5
5036,15
5037,15
5038,18
5039,15
5040,1
5041,15
5042,15
5043,5
5044,15
5045,8
5046,8
5047,15
5048,15
5049,15
5050,15
5051,5
5052,5
5053,5
5054,5
5055,5
5056,5
5057,5
5058,5
5059,5
5060,5
5061,5
5062,5
5063,5
5064,5
5065,1
5066,6
5067,5
5068,5
5069,5
5070,5
5071,15
5072,1
5073,1
5074,1
5075,1
5076,15
5077,1
5078,15
5079,1
5080,1
5081,1
5082,1
5083,1
5084,1
5085,1
5086,1
5087,1
5088,1
5089,1
5090,1
5091,1
5092,1
5093,1
5094,1
5095,1
5096,1
5097,1
5098,1
5099,1
5100,1
5101,1
5102,1
5103,15
5104,11
5105,15
5106,15
5107,15
5108,15
5109,15
5110,1
5111,15
5112,15
5113,1
5114,5
5115,15
5116,5
5117,15
5118,15
5119,1
5120,11
5121,5
5122,5
5123,15
5124,15
5125,15
5126,15
5127,15
5128,15
5129,15
5130,8
5131,8
5132,8
5133,15
5134,15
5135,11
5136,15
5137,0
5138,0
5139,0
5140,18
5141,18
5142,18
5143,18
5144,18
5145,8
5146,18
5147,18
5148,18
5149,18
5150,18
5151,18
5152,18
5153,18
5154,1
5155,5
5156,1
5157,18
5158,18
5159,18
5160,18
5161,18
5162,0
5163,18
5164,18
5165,14
5166,18
5167,18
5168,18
5169,18
5170,18
5171,18
5172,18
5173,15
5174,15
5175,15
5176,18
5177,1
5178,1
5179,18
5180,18
5181,1
5182,1
5183,1
5184,18
5185,18
5186,19
5187,1
5188,18
5189,1
5190,15
5191,1
5192,15
5193,1
5194,10
5195,15
5196,15
5197,1
5198,15
5199,15
5200,15
5201,15
5202,15
5203,15
5204,11
5205,15
5206,15
5207,15
5208,15
5209,15
5210,5
5211,15
5212,15
5213,15
5214,0
5215,0
5216,0
5217,0
5218,4
5219,0
5220,11
5221,20
5222,15
5223,11
5224,0
5225,0
5226,0
5227,0
5228,0
5229,0
5230,0
5231,0
5232,0
5233,0
5234,6
5235,6
5236,8
5237,0
5238,0
5239,0
5240,0
5241,0
5242,0
5243,0
5244,0
5245,0
5246,0
5247,15
5248,3
5249,1
5250,1
5251,15
5252,15
5253,15
5254,15
5255,5
5256,15
5257,1
5258,5
5259,15
5260,15
5261,1
5262,15
5263,15
5264,15
5265,15
5266,15
5267,1
5268,1
5269,1
5270,1
5271,1
5272,15
5273,1
5274,1
5275,15
5276,1
5277,10
5278,15
5279,15
5280,15
5281,1
5282,19
5283,8
5284,8
5285,18
5286,18
5287,18
5288,8
5289,8
5290,15
5291,1
5292,1
5293,1
5294,1
5295,1
5296,1
5297,1
5298,1
5299,1
5300,1
5301,1
5302,1
5303,1
5304,1
5305,1
5306,1
5307,1
5308,1
5309,1
5310,1
5311,1
5312,1
5313,1
5314,1
5315,1
5316,5
5317,5
5318,5
5319,4
5320,1
5321,1
5322,1
5323,1
5324,1
5325,1
5326,1
5327,1
5328,15
5329,15
5330,15
5331,11
5332,11
5333,8
5334,15
5335,20
5336,15
5337,1
5338,10
5339,1
5340,1
5341,1
5342,1
5343,1
5344,1
5345,1
5346,1
5347,1
5348,1
5349,1
5350,1
5351,1
5352,1
5353,7
5354,5
5355,7
5356,10
5357,10
5358,17
5359,10
5360,15
5361,15
5362,15
5363,15
5364,15
5365,15
5366,15
5367,13
5368,13
5369,10
5370,15
5371,8
5372,13
5373,13
5374,13
5375,13
5376,13
5377,13
5378,10
5379,10
5380,10
5381,15
5382,15
5383,15
5384,18
5385,15
5386,15
5387,18
5388,15
5389,15
5390,15
5391,1
5392,1
5393,1
5394,1
5395,1
5396,1
5397,1
5398,1
5399,1
5400,1
5401,1
5402,1
5403,1
5404,1
5405,1
5406,1
5407,1
5408,1
5409,1
5410,1
5411,1
5412,1
5413,1
5414,1
5415,1
5416,15
5417,1
5418,15
5419,15
5420,15
5421,15
5422,15
5423,1
5424,1
5425,1
5426,1
5427,1
5428,1
5429,1
5430,1
5431,1
5432,1
5433,1
5434,1
5435,1
5436,15
5437,15
5438,1
5439,15
5440,14
5441,15
5442,15
5443,15
5444,15
5445,21
5446,5
5447,5
5448,5
5449,5
5450,1
5451,1
5452,15
5453,15
5454,15
5455,1
5456,5
5457,15
5458,15
5459,1
5460,5
5461,5
5462,5
5463,5
5464,5
5465,1
5466,5
5467,5
5468,1
5469,1
5470,1
5471,1
5472,1
5473,3
5474,11
5475,3
5476,1
5477,8
5478,1
5479,1
5480,1
5481,1
5482,1
5483,1
5484,1
5485,1
5486,1
5487,1
5488,20
5489,1
5490,1
5491,1
5492,1
5493,1
5494,1
5495,1
5496,1
5497,1
5498,1
5499,1
5500,1
5501,1
5502,1
5503,1
5504,1
5505,1
5506,1
5507,1
5508,1
5509,1
5510,1
5511,1
5512,1
5513,1
5514,1
5515,1
5516,1
5517,1
5518,1
5519,1
5520,1
5521,18
5522,1
5523,1
5524,1
5525,1
5526,1
5527,1
5528,1
5529,1
5530,1
5531,1
5532,1
5533,1
5534,15
5535,1
5536,1
5537,1
5538,18
5539,18
5540,18
5541,17
5542,1
5543,1
5544,1
5545,1
5546,1
5547,1
5548,12
5549,12
5550,12
5551,1
5552,1
5553,1
5554,1
5555,1
5556,1
5557,1
5558,1
5559,1
5560,1
5561,1
5562,1
5563,1
5564,1
5565,1
5566,1
5567,11
5568,6
5569,7
5570,1
5571,7
5572,7
5573,8
5574,1
5575,15
5576,1
5577,1
5578,1
5579,17
5580,17
5581,15
5582,1
5583,1
5584,1
5585,1
5586,1
5587,3
5588,1
5589,1
5590,1
5591,11
5592,11
5593,11
5594,11
5595,11
5596,11
5597,11
5598,11
5599,1
5600,1
5601,1
5602,1
5603,13
5604,21
5605,7
5606,3
5607,7
5608,3
5609,3
5610,3
5611,3
5612,21
5613,3
5614,7
5615,7
5616,1
5617,1
5618,1
5619,15
5620,6
5621,8
5622,1
5623,1
5624,1
5625,1
5626,11
5627,1
5628,3
5629,1
5630,1
5631,1
5632,1
5633,1
5634,1
5635,1
5636,1
5637,1
5638,7
5639,1
5640,1
5641,5
5642,5
5643,5
5644,5
5645,1
5646,1
5647,1
5648,11
5649,1
5650,15
5651,15
5652,1
5653,1
5654,1
5655,1
5656,1
5657,1
5658,1
5659,1
5660,4
5661,1
5662,1
5663,1
5664,1
5665,1
5666,1
5667,15
5668,15
5669,15
5670,15
5671,15
5672,15
5673,15
5674,15
5675,15
5676,15
5677,15
5678,15
5679,20
5680,15
5681,15
5682,15
5683,15
5684,15
5685,6
5686,15
5687,15
5688,15
5689,15
5690,15
5691,15
5692,7
5693,13
5694,7
5695,7
5696,7
5697,7
5698,7
5699,7
5700,13
5701,7
5702,7
5703,6
5704,7
5705,7
5706,7
5707,7
5708,7
5709,7
5710,7
5711,7
5712,7
5713,7
5714,12
5715,7
5716,7
5717,7
5718,7
5719,7
5720,7
5721,7
5722,7
5723,3
5724,7
5725,7
5726,7
5727,15
5728,7
5729,7
5730,7
5731,7
5732,7
5733,7
5734,3
5735,7
5736,7
5737,7
5738,7
5739,7
5740,7
5741,7
5742,7
5743,7
5744,7
5745,7
5746,7
5747,7
5748,7
5749,7
5750,21
5751,3
5752,7
5753,7
5754,7
5755,7
5756,7
5757,7
5758,7
5759,7
5760,7
5761,7
5762,7
5763,7
5764,7
5765,7
5766,7
5767,7
5768,7
5769,7
5770,7
5771,7
5772,7
5773,7
5774,7
5775,7
5776,7
5777,7
5778,7
5779,7
5780,7
5781,21
5782,7
5783,7
5784,7
5785,7
5786,7
5787,17
5788,17
5789,17
5790,7
5791,13
5792,13
5793,14
5794,14
5795,12
5796,14
5797,14
5798,0
5799,17
5800,14
5801,14
5802,14
5803,12
5804,14
5805,14
5806,14
5807,14
5808,14
5809,14
5810,14
5811,7
5812,17
5813,7
5814,6
5815,6
5816,14
5817,6
5818,6
5819,6
5820,13
5821,6
5822,6
5823,6
5824,6
5825,6
5826,6
5827,6
5828,13
5829,14
5830,14
5831,14
5832,14
5833,14
5834,14
5835,14
5836,14
5837,14
5838,1
5839,11
5840,1
5841,14
5842,14
5843,1
5844,1
5845,1
5846,1
5847,1
5848,1
5849,1
5850,1
5851,1
5852,11
5853,11
5854,11
5855,11
5856,1
5857,14
5858,12
5859,14
5860,19
5861,12
5862,12
5863,12
5864,12
5865,12
5866,18
5867,18
5868,18
5869,18
5870,8
5871,8
5872,10
5873,0
5874,15
5875,4
5876,0
5877,11
5878,0
5879,4
5880,4
5881,4
5882,4
5883,4
5884,2
5885,18
5886,18
5887,3
5888,15
5889,3
5890,15
5891,15
5892,10
5893,11
5894,1
5895,6
5896,1
5897,1
5898,1
5899,1
5900,4
5901,4
5902,4
5903,4
5904,4
5905,19
5906,5
5907,19
5908,19
5909,0
5910,8
5911,8
5912,8
5913,8
5914,13
5915,13
5916,13
5917,21
5918,13
5919,13
5920,13
5921,13
5922,13
5923,13
5924,17
5925,13
5926,7
5927,7
5928,21
5929,13
5930,13
5931,13
5932,13
5933,13
5934,7
5935,13
5936,13
5937,13
5938,13
5939,13
5940,13
5941,13
5942,13
5943,13
5944,13
5945,13
5946,13
5947,21
5948,13
5949,13
5950,13
5951,13
5952,13
5953,13
5954,13
5955,13
5956,13
5957,13
5958,13
5959,13
5960,21
5961,21
5962,15
5963,1
5964,5
5965,5
5966,5
5967,5
5968,15
5969,1
5970,11
5971,15
5972,15
5973,15
5974,15
5975,15
5976,1
5977,1
5978,1
5979,1
5980,6
5981,6
5982,1
5983,1
5984,1
5985,1
5986,1
5987,5
5988,4
5989,15
5990,15
5991,15
5992,15
5993,10
5994,13
5995,21
5996,21
5997,21
5998,21
5999,21
6000,21
6001,21
6002,21
6003,21
6004,21
6005,21
6006,11
6007,3
6008,21
6009,11
6010,11
6011,3
6012,3
6013,3
6014,3
6015,3
6016,3
6017,3
6018,3
6019,3
6020,3
6021,3
6022,3
6023,13
6024,13
6025,13
6026,13
6027,13
6028,6
6029,6
6030,6
6031,13
6032,13
6033,13
6034,13
6035,21
6036,21
6037,21
6038,21
6039,21
6040,21
6041,21
6042,17
6043,21
6044,17
6045,3
6046,3
6047,3
6048,3
6049,3
6050,3
6051,3
6052,3
6053,3
6054,3
6055,5
6056,10
6057,10
6058,10
6059,10
6060,10
6061,10
6062,10
6063,15
6064,10
6065,7
6066,15
6067,10
6068,10
6069,10
6070,10
6071,10
6072,10
6073,10
6074,17
6075,15
6076,8
6077,8
6078,8
6079,8
6080,15
6081,15
6082,11
6083,11
6084,11
6085,11
6086,11
6087,11
6088,11
6089,11
6090,11
6091,11
6092,17
6093,17
6094,6
6095,11
6096,11
6097,10
6098,10
6099,1
6100,15
6101,10
6102,10
6103,10
6104,10
6105,10
6106,10
6107,11
6108,11
6109,11
6110,17
6111,11
6112,11
6113,3
6114,11
6115,11
6116,10
6117,10
6118,10
6119,10
6120,10
6121,10
6122,10
6123,11
6124,11
6125,11
6126,11
6127,17
6128,17
6129,17
6130,17
6131,17
6132,11
6133,3
6134,17
6135,7
6136,3
6137,3
6138,21
6139,17
6140,17
6141,17
6142,17
6143,17
6144,17
6145,17
6146,17
6147,17
6148,17
6149,17
6150,17
6151,21
6152,17
6153,11
6154,3
6155,3
6156,3
6157,3
6158,3
6159,3
6160,8
6161,15
6162,15
6163,10
6164,15
6165,10
6166,10
6167,10
6168,15
6169,15
6170,10
6171,15
6172,15
6173,10
6174,10
6175,17
6176,17
6177,17
6178,17
6179,17
6180,17
6181,17
6182,17
6183,13
6184,17
6185,17
6186,17
6187,17
6188,17
6189,17
6190,17
6191,21
6192,21
6193,21
6194,21
6195,21
6196,21
6197,21
6198,21
6199,21
6200,21
6201,21
6202,21
6203,21
6204,21
6205,21
6206,21
6207,21
6208,21
6209,21
6210,21
6211,21
6212,21
6213,21
6214,21
6215,21
6216,21
6217,21
6218,21
6219,21
6220,21
6221,21
6222,21
6223,21
6224,21
6225,17
6226,21
6227,21
6228,21
6229,21
6230,21
6231,21
6232,21
6233,21
6234,21
6235,17
6236,21
6237,21
6238,21
6239,21
6240,17
6241,21
6242,21
6243,21
6244,21
6245,21
6246,21
6247,21
6248,21
6249,21
6250,21
6251,21
6252,7
6253,21
6254,12
6255,12
6256,12
6257,12
6258,14
6259,12
6260,12
6261,12
6262,12
6263,17
6264,12
6265,12
6266,13
6267,12
6268,14
6269,13
6270,12
6271,12
6272,12
6273,12
6274,12
6275,12
6276,0
6277,10
6278,3
6279,3
6280,3
6281,3
6282,3
6283,3
6284,3
6285,3
6286,3
6287,3
6288,15
6289,15
6290,15
6291,15
6292,15
6293,15
6294,15
6295,8
6296,15
6297,8
6298,8
6299,11
6300,8
6301,8
6302,8
6303,8
6304,8
6305,15
6306,8
6307,14
6308,14
6309,14
6310,14
6311,15
6312,0
6313,14
6314,14
6315,14
6316,14
6317,14
6318,14
6319,14
6320,14
6321,14
6322,14
6323,17
6324,14
6325,14
6326,14
6327,14
6328,14
6329,14
6330,14
6331,14
6332,14
6333,14
6334,14
6335,14
6336,14
6337,14
6338,14
6339,14
6340,14
6341,14
6342,14
6343,14
6344,14
6345,14
6346,14
6347,14
6348,14
6349,14
6350,14
6351,14
6352,14
6353,14
6354,14
6355,14
6356,14
6357,14
6358,14
6359,18
6360,18
6361,8
6362,8
6363,8
6364,8
6365,19
6366,19
6367,19
6368,19
6369,19
6370,19
6371,19
6372,19
6373,19
6374,19
6375,19
6376,19
6377,14
6378,12
6379,14
6380,12
6381,12
6382,12
6383,12
6384,12
6385,2
6386,2
6387,2
6388,2
6389,19
6390,19
6391,19
6392,19
6393,21
6394,21
6395,13
6396,13
6397,4
6398,13
6399,21
6400,13
6401,3
6402,2
6403,2
6404,12
6405,12
6406,12
6407,12
6408,12
6409,12
6410,12
6411,12
6412,12
6413,12
6414,12
6415,12
6416,12
6417,12
6418,12
6419,12
6420,12
6421,12
6422,12
6423,2
6424,12
6425,14
6426,13
6427,14
6428,14
6429,14
6430,13
6431,13
6432,4
6433,4
6434,4
6435,10
6436,10
6437,10
6438,10
6439,10
6440,10
6441,10
6442,10
6443,15
6444,15
6445,4
6446,4
6447,13
6448,4
6449,4
6450,4
6451,21
6452,15
6453,15
6454,20
6455,15
6456,15
6457,8
6458,20
6459,3
6460,3
6461,3
6462,4
6463,4
6464,17
6465,13
6466,13
6467,13
6468,13
6469,13
6470,6
6471,13
6472,13
6473,13
6474,13
6475,13
6476,13
6477,13
6478,13
6479,21
6480,21
6481,21
6482,7
6483,7
6484,7
6485,13
6486,13
6487,13
6488,13
6489,13
6490,13
6491,13
6492,13
6493,13
6494,13
6495,13
6496,13
6497,13
6498,13
6499,13
6500,13
6501,13
6502,13
6503,13
6504,13
6505,13
6506,13
6507,13
6508,13
6509,13
6510,13
6511,13
6512,13
6513,13
6514,13
6515,13
6516,13
6517,7
6518,13
6519,13
6520,13
6521,10
6522,10
6523,10
6524,13
6525,13
6526,13
6527,13
6528,13
6529,13
6530,13
6531,13
6532,13
6533,13
6534,21
6535,13
6536,13
6537,13
6538,13
6539,13
6540,13
6541,13
6542,13
6543,13
6544,13
6545,13
6546,7
6547,10
6548,10
6549,7
6550,7
6551,10
6552,7
6553,7
6554,13
6555,13
6556,12
6557,13
6558,13
6559,21
6560,13
6561,13
6562,7
6563,7
6564,10
6565,10
6566,13
6567,13
6568,13
6569,13
6570,13
6571,13
6572,13
6573,4
6574,7
6575,13
6576,13
6577,7
6578,7
6579,7
6580,7
6581,7
6582,7
6583,7
6584,7
6585,7
6586,7
6587,7
6588,7
6589,7
6590,6
6591,6
6592,6
6593,6
6594,6
6595,6
6596,6
6597,6
6598,6
6599,6
6600,6
6601,6
6602,6
6603,6
6604,6
6605,6
6606,6
6607,6
6608,6
6609,10
6610,6
6611,10
6612,10
6613,10
6614,10
6615,10
6616,17
6617,3
6618,3
6619,4
6620,4
6621,10
6622,7
6623,7
6624,10
6625,7
6626,10
6627,10
6628,10
6629,10
6630,10
6631,15
6632,4
6633,4
6634,4
6635,4
6636,4
6637,10
6638,21
6639,15
6640,15
6641,10
6642,10
6643,0
6644,10
6645,7
6646,3
6647,17
6648,13
6649,13
6650,13
6651,17
6652,17
6653,21
6654,21
6655,21
6656,21
6657,17
6658,3
6659,3
6660,3
6661,3
6662,3
6663,3
6664,3
6665,3
6666,7
6667,3
6668,3
6669,21
6670,3
6671,3
6672,3
6673,3
6674,10
6675,3
6676,15
6677,1
6678,19
6679,19
6680,19
6681,19
6682,19
6683,19
6684,19
6685,19
6686,19
6687,19
6688,19
6689,19
6690,19
6691,19
6692,19
6693,19
6694,19
6695,19
6696,19
6697,19
6698,19
6699,19
6700,19
6701,19
6702,19
6703,19
6704,19
6705,19
6706,19
6707,19
6708,19
6709,12
6710,6
6711,6
6712,8
6713,8
6714,8
6715,8
6716,6
6717,8
6718,19
6719,19
6720,21
6721,21
6722,21
6723,21
6724,21
6725,21
6726,21
6727,21
6728,21
6729,13
6730,7
6731,7
6732,7
6733,21
6734,21
6735,12
6736,21
6737,21
6738,21
6739,21
6740,21
6741,21
6742,21
6743,21
6744,21
6745,12
6746,12
6747,21
6748,21
6749,21
6750,20
6751,20
6752,3
6753,13
6754,14
6755,14
6756,14
6757,14
6758,14
6759,14
6760,14
6761,14
6762,14
6763,14
6764,14
6765,14
6766,14
6767,14
6768,14
6769,14
6770,14
6771,14
6772,14
6773,14
6774,14
6775,14
6776,14
6777,13
6778,14
6779,14
6780,14
6781,13
6782,14
6783,14
6784,14
6785,14
6786,14
6787,14
6788,14
6789,14
6790,14
6791,14
6792,14
6793,14
6794,14
6795,14
6796,14
6797,14
6798,14
6799,14
6800,17
6801,14
6802,13
6803,13
6804,13
6805,21
6806,21
6807,14
6808,14
6809,14
6810,14
6811,14
6812,14
6813,14
6814,13
6815,13
6816,13
6817,14
6818,14
6819,14
6820,14
6821,14
6822,14
6823,14
6824,14
6825,14
6826,14
6827,4
6828,4
6829,4
6830,14
6831,14
6832,14
6833,14
6834,14
6835,14
6836,14
6837,16
6838,16
6839,14
6840,17
6841,17
6842,17
6843,17
6844,17
6845,17
6846,17
6847,17
6848,17
6849,17
6850,17
6851,17
6852,17
6853,17
6854,17
6855,17
6856,12
6857,12
6858,12
6859,12
6860,12
6861,12
6862,12
6863,17
6864,12
6865,12
6866,12
6867,12
6868,17
6869,21
6870,12
6871,12
6872,0
6873,17
6874,12
6875,12
6876,12
6877,17
6878,12
6879,17
6880,17
6881,17
6882,17
6883,17
6884,17
6885,13
6886,14
6887,14
6888,17
6889,17
6890,12
6891,17
6892,12
6893,14
6894,14
6895,14
6896,14
6897,7
6898,7
6899,7
6900,13
6901,7
6902,7
6903,7
6904,7
6905,7
6906,7
6907,12
6908,14
6909,12
6910,12
6911,12
6912,12
6913,14
6914,16
6915,16
6916,16
6917,16
6918,16
6919,12
6920,17
6921,17
6922,3
6923,17
6924,17
6925,17
6926,17
6927,17
6928,17
6929,17
6930,17
6931,17
6932,17
6933,17
6934,21
6935,17
6936,17
6937,17
6938,17
6939,17
6940,17
6941,17
6942,17
6943,17
6944,17
6945,17
6946,17
6947,17
6948,7
6949,17
6950,17
6951,17
6952,17
6953,14
6954,12
6955,12
6956,12
6957,10
6958,7
6959,4
6960,21
6961,21
6962,7
6963,7
6964,21
6965,21
6966,21
6967,21
6968,7
6969,21
6970,21
6971,21
6972,7
6973,7
6974,7
6975,10
6976,21
6977,21
6978,21
6979,21
6980,21
6981,21
6982,21
6983,21
6984,21
6985,21
6986,21
6987,21
6988,17
6989,21
6990,17
6991,17
6992,17
6993,17
6994,21
6995,17
6996,13
6997,17
6998,21
6999,7
7000,7
7001,7
7002,7
7003,7
7004,7
7005,7
7006,13
7007,7
7008,3
7009,3
7010,3
7011,3
7012,3
7013,7
7014,7
7015,3
7016,7
7017,7
7018,7
7019,7
7020,7
7021,7
7022,17
7023,3
7024,7
7025,5
7026,7
7027,7
7028,17
7029,0
7030,0
7031,12
7032,12
7033,12
7034,12
7035,12
7036,12
7037,12
7038,12
7039,12
7040,12
7041,14
7042,19
7043,19
7044,13
7045,13
7046,13
7047,13
7048,13
7049,13
7050,13
7051,13
7052,13
7053,13
7054,13
7055,13
7056,13
7057,13
7058,13
7059,13
7060,13
7061,16
7062,16
7063,16
7064,16
7065,16
7066,16
7067,16
7068,8
7069,8
7070,8
7071,8
7072,8
7073,8
7074,8
7075,8
7076,8
7077,8
7078,8
7079,8
7080,14
7081,8
7082,8
7083,8
7084,8
7085,8
7086,8
7087,8
7088,8
7089,8
7090,8
7091,8
7092,8
7093,8
7094,6
7095,6
7096,6
7097,6
7098,6
7099,6
7100,6
7101,6
7102,6
7103,8
7104,8
7105,8
7106,8
7107,8
7108,8
7109,20
7110,10
7111,11
7112,8
7113,8
7114,8
7115,8
7116,8
7117,8
7118,8
7119,8
7120,8
7121,8
7122,14
7123,8
7124,8
7125,8
7126,8
7127,8
7128,8
7129,8
7130,8
7131,8
7132,8
7133,8
7134,8
7135,8
7136,8
7137,8
7138,18
7139,8
7140,15
7141,8
7142,8
7143,11
7144,8
7145,8
7146,8
7147,11
7148,11
7149,8
7150,11
7151,8
7152,8
7153,0
7154,8
7155,3
7156,3
7157,7
7158,3
7159,3
7160,11
7161,11
7162,3
7163,3
7164,3
7165,3
7166,3
7167,3
7168,3
7169,7
7170,17
7171,21
7172,21
7173,21
7174,21
7175,21
7176,21
7177,21
7178,21
7179,21
7180,21
7181,21
7182,21
7183,21
7184,15
7185,10
7186,18
7187,15
7188,8
7189,5
7190,5
7191,7
7192,8
7193,5
7194,14
7195,14
7196,14
7197,14
7198,1
7199,18
7200,18
7201,18
7202,18
7203,14
7204,14
7205,15
7206,11
7207,8
7208,15
7209,15
7210,20
7211,8
7212,20
7213,20
7214,15
7215,15
7216,15
7217,15
7218,0
7219,0
7220,10
7221,0
7222,0
7223,0
7224,0
7225,0
7226,0
7227,0
7228,10
7229,10
7230,10
7231,10
7232,10
7233,10
7234,10
7235,8
7236,10
7237,4
7238,4
7239,7
7240,7
7241,7
7242,7
7243,7
7244,7
7245,7
7246,7
7247,7
7248,7
7249,7
7250,7
7251,7
7252,7
7253,7
7254,7
7255,7
7256,7
7257,7
7258,7
7259,7
7260,7
7261,7
7262,7
7263,7
7264,7
7265,10
7266,13
7267,7
7268,15
7269,10
7270,10
7271,15
7272,15
7273,11
7274,11
7275,11
7276,11
7277,11
7278,11
7279,11
7280,11
7281,11
7282,11
7283,11
7284,11
7285,11
7286,11
7287,1
7288,1
7289,1
7290,1
7291,1
7292,1
7293,21
7294,7
7295,3
7296,15
7297,19
7298,19
7299,19
7300,19
7301,19
7302,19
7303,19
7304,0
7305,0
7306,17
7307,17
7308,21
7309,21
7310,21
7311,17
7312,21
7313,17
7314,17
7315,17
7316,17
7317,17
7318,3
7319,17
7320,17
7321,17
7322,17
7323,21
7324,17
7325,3
7326,3
7327,3
7328,3
7329,17
7330,15
7331,7
7332,3
7333,3
7334,3
7335,3
7336,3
7337,7
7338,3
7339,3
7340,21
7341,20
7342,20
7343,20
7344,20
7345,20
7346,20
7347,20
7348,20
7349,17
7350,20
7351,20
7352,20
7353,20
7354,11
7355,20
7356,1
7357,20
7358,4
7359,7
7360,17
7361,17
7362,17
7363,10
7364,11
7365,17
7366,11
7367,11
7368,11
7369,11
7370,13
7371,15
7372,11
7373,11
7374,5
7375,8
7376,8
7377,1
7378,0
7379,17
7380,16
7381,16
7382,3
7383,3
7384,3
7385,17
7386,3
7387,3
7388,3
7389,17
7390,3
7391,21
7392,21
7393,21
7394,21
7395,21
7396,15
7397,21
7398,21
7399,17
7400,21
7401,21
7402,21
7403,21
7404,21
7405,21
7406,21
7407,21
7408,21
7409,21
7410,12
7411,21
7412,21
7413,21
7414,21
7415,21
7416,21
7417,21
7418,21
7419,21
7420,21
7421,21
7422,21
7423,21
7424,21
7425,21
7426,21
7427,21
7428,21
7429,21
7430,21
7431,21
7432,21
7433,21
7434,21
7435,21
7436,21
7437,21
7438,21
7439,21
7440,21
7441,21
7442,1
7443,11
7444,17
7445,15
7446,21
7447,21
7448,21
7449,21
7450,17
7451,21
7452,2
7453,2
7454,2
7455,2
7456,2
7457,2
7458,2
7459,2
7460,2
7461,2
7462,2
7463,12
7464,2
7465,12
7466,2
7467,2
7468,2
7469,2
7470,2
7471,2
7472,2
7473,2
7474,2
7475,2
7476,2
7477,2
7478,2
7479,1
7480,13
7481,13
7482,13
7483,13
7484,7
7485,7
7486,1
7487,10
7488,10
7489,13
7490,7
7491,13
7492,13
7493,7
7494,7
7495,7
7496,7
7497,7
7498,4
7499,10
7500,21
7501,21
7502,21
7503,7
7504,21
7505,21
7506,7
7507,21
7508,21
7509,21
7510,21
7511,21
7512,21
7513,21
7514,21
7515,21
7516,21
7517,13
7518,17
7519,17
7520,17
7521,3
7522,11
7523,7
7524,7
7525,6
7526,6
7527,6
7528,6
7529,17
7530,17
7531,17
7532,17
7533,17
7534,17
7535,2
7536,2
7537,2
7538,2
7539,2
7540,2
7541,13
7542,7
7543,13
7544,13
7545,13
7546,10
7547,4
7548,10
7549,10
7550,10
7551,10
7552,10
7553,10
7554,4
7555,10
7556,10
7557,10
7558,10
7559,10
7560,13
7561,10
7562,15
7563,15
7564,15
7565,3
7566,0
7567,3
7568,10
7569,21
7570,21
7571,21
7572,13
7573,15
7574,15
7575,6
7576,6
7577,6
7578,6
7579,6
7580,6
7581,6
7582,6
7583,6
7584,14
7585,6
7586,6
7587,6
7588,6
7589,6
7590,6
7591,6
7592,6
7593,6
7594,6
7595,6
7596,6
7597,6
7598,6
7599,6
7600,6
7601,6
7602,6
7603,6
7604,21
7605,21
7606,0
7607,0
7608,1
7609,12
7610,12
7611,1
7612,1
7613,12
7614,12
7615,12
7616,4
7617,4
7618,4
7619,4
7620,4
7621,12
7622,1
7623,12
7624,18
7625,12
7626,12
7627,12
7628,19
7629,12
7630,6
7631,6
7632,8
7633,8
7634,8
7635,8
7636,8
7637,15
7638,8
7639,19
7640,19
7641,19
7642,1
7643,8
7644,1
7645,14
7646,4
7647,15
7648,4
7649,7
7650,3
7651,3
7652,1
7653,1
7654,1
7655,21
7656,1
7657,1
7658,1
7659,10
7660,10
7661,21
7662,21
7663,13
7664,19
7665,20
7666,11
7667,11
7668,11
7669,11
7670,11
7671,11
7672,11
7673,15
7674,5
7675,4
7676,4
7677,21
7678,21
7679,21
7680,21
7681,21
7682,21
7683,21
7684,21
7685,21
7686,21
7687,3
7688,21
7689,21
7690,21
7691,21
7692,21
7693,21
7694,21
7695,21
7696,21
7697,21
7698,21
7699,21
7700,21
7701,13
7702,21
7703,21
7704,17
7705,21
7706,13
7707,13
7708,2
7709,12
7710,7
7711,21
7712,21
7713,17
7714,15
7715,15
7716,15
7717,0
7718,14
7719,14
7720,0
7721,0
7722,0
7723,4
7724,4
7725,4
7726,4
7727,17
7728,17
7729,17
7730,12
7731,13
7732,12
7733,12
7734,12
7735,3
7736,13
7737,21
7738,14
7739,18
7740,14
7741,14
7742,14
7743,10
7744,10
7745,10
7746,10
7747,3
7748,21
7749,13
7750,13
7751,13
7752,13
7753,21
7754,21
7755,17
7756,17
7757,17
7758,17
7759,21
7760,21
7761,15
7762,21
7763,21
7764,21
7765,21
7766,21
7767,21
7768,21
7769,21
7770,21
7771,21
7772,17
7773,17
7774,17
7775,17
7776,17
7777,17
7778,17
7779,17
7780,17
7781,7
7782,17
7783,21
7784,21
7785,21
7786,13
7787,21
7788,17
7789,21
7790,21
7791,21
7792,21
7793,21
7794,17
7795,17
7796,17
7797,17
7798,17
7799,17
7800,17
7801,17
7802,17
7803,17
7804,17
7805,17
7806,3
7807,13
7808,15
7809,17
7810,13
7811,13
7812,13
7813,13
7814,13
7815,21
7816,21
7817,21
7818,13
7819,14
7820,14
7821,7
7822,7
7823,13
7824,13
7825,13
7826,2
7827,2
7828,12
7829,21
7830,21
7831,21
7832,0
7833,0
7834,21
7835,21
7836,21
7837,21
7838,21
7839,21
7840,21
7841,21
7842,21
7843,21
7844,21
7845,21
7846,21
7847,21
7848,21
7849,21
7850,13
7851,21
7852,21
7853,7
7854,21
7855,12
7856,12
7857,12
7858,17
7859,21
7860,20
7861,17
7862,17
7863,4
7864,0
7865,6
7866,2
7867,6
7868,6
7869,6
7870,6
7871,3
7872,13
7873,7
7874,17
7875,17
7876,7
7877,7
7878,7
7879,7
7880,1
7881,17
7882,17
7883,6
7884,2
7885,17
7886,17
7887,17
7888,17
7889,14
7890,14
7891,14
7892,14
7893,14
7894,6
7895,6
7896,11
7897,3
7898,3
7899,17
7900,17
7901,17
7902,17
7903,17
7904,17
7905,17
7906,17
7907,17
7908,17
7909,17
7910,21
7911,21
7912,17
7913,17
7914,17
7915,17
7916,14
7917,14
7918,14
7919,14
7920,14
7921,14
7922,5
7923,5
7924,5
7925,5
7926,19
7927,19
7928,11
7929,8
7930,8
7931,8
7932,8
7933,8
7934,21
7935,21
7936,21
7937,10
7938,4
7939,19
7940,19
7941,19
7942,19
7943,19
7944,19
7945,19
7946,19
7947,19
7948,19
7949,19
7950,19
7951,19
7952,19
7953,19
7954,19
7955,19
7956,19
7957,19
7958,19
7959,14
7960,19
7961,7
7962,17
7963,7
7964,7
7965,7
7966,7
7967,7
7968,7
7969,7
7970,7
7971,17
7972,7
7973,7
7974,0
7975,0
7976,0
7977,0
7978,0
7979,0
7980,0
7981,21
7982,7
7983,21
7984,0
7985,0
7986,8
7987,17
7988,3
7989,4
7990,17
7991,17
7992,12
7993,21
7994,18
7995,1
7996,1
7997,1
7998,5
7999,1
8000,1
8001,11
8002,11
8003,11
8004,11
8005,5
8006,0
8007,1
8008,1
8009,1
8010,1
8011,1
8012,1
8013,1
8014,1
8015,1
8016,1
8017,5
8018,1
8019,1
8020,1
8021,1
8022,1
8023,1
8024,1
8025,18
8026,1
8027,1
8028,10
8029,11
8030,11
8031,3
8032,11
8033,11
8034,11
8035,3
8036,11
8037,10
8038,10
8039,10
8040,10
8041,11
8042,10
8043,1
8044,11
8045,11
8046,1
8047,1
8048,1
8049,1
8050,1
8051,1
8052,1
8053,1
8054,1
8055,1
8056,1
8057,1
8058,1
8059,1
8060,1
8061,1
8062,1
8063,1
8064,1
8065,1
8066,1
8067,1
8068,1
8069,1
8070,1
8071,1
8072,1
8073,1
8074,1
8075,1
8076,1
8077,1
8078,1
8079,1
8080,1
8081,1
8082,1
8083,1
8084,1
8085,1
8086,1
8087,1
8088,1
8089,1
8090,1
8091,1
8092,8
8093,1
8094,1
8095,1
8096,1
8097,1
8098,1
8099,1
8100,1
8101,1
8102,1
8103,1
8104,1
8105,1
8106,1
8107,1
8108,1
8109,1
8110,5
8111,1
8112,1
8113,1
8114,1
8115,1
8116,1
8117,1
8118,1
8119,13
8120,1
8121,0
8122,1
8123,1
8124,1
8125,1
8126,1
8127,1
8128,1
8129,1
8130,1
8131,1
8132,1
8133,1
8134,1
8135,1
8136,1
8137,1
8138,1
8139,11
8140,4
8141,0
8142,21
8143,1
8144,4
8145,4
8146,4
8147,18
8148,18
8149,18
8150,15
8151,19
8152,19
8153,19
8154,19
8155,19
8156,3
8157,7
8158,4
8159,14
8160,4
8161,4
8162,3
8163,15
8164,15
8165,3
8166,3
8167,7
8168,4
8169,13
8170,16
8171,4
8172,21
8173,4
8174,13
8175,21
8176,17
8177,17
8178,14
8179,14
8180,10
8181,14
8182,16
8183,14
8184,14
8185,14
8186,14
8187,13
8188,14
8189,14
8190,14
8191,13
8192,13
8193,8
8194,1
8195,11
8196,13
8197,13
8198,11
8199,17
8200,17
8201,17
8202,17
8203,17
8204,11
8205,17
8206,4
8207,6
8208,4
8209,7
8210,15
8211,14
8212,13
8213,5
8214,0
8215,0
8216,0
8217,13
8218,1
8219,1
8220,1
8221,1
8222,1
8223,1
8224,1
8225,17
8226,14
8227,7
8228,17
8229,17
8230,17
8231,19
8232,1
8233,10
8234,10
8235,3
8236,17
8237,17
8238,4
8239,18
8240,16
8241,19
8242,14
8243,14
8244,17
8245,14
8246,8
8247,8
8248,3
8249,3
8250,11
8251,11
8252,11
8253,11
8254,1
8255,1
8256,1
8257,1
8258,1
8259,1
8260,1
8261,1
8262,1
8263,1
8264,1
8265,1
8266,1
8267,1
8268,1
8269,1
8270,1
8271,1
8272,21
8273,1
8274,1
8275,8
8276,1
8277,1
8278,1
8279,1
8280,1
8281,1
8282,1
8283,1
8284,1
8285,6
8286,1
8287,1
8288,1
8289,1
8290,1
8291,11
8292,1
8293,1
8294,1
8295,1
8296,1
8297,1
8298,1
8299,1
8300,1
8301,1
8302,1
8303,8
8304,10
8305,17
8306,8
8307,6
8308,17
8309,17
8310,15
8311,21
8312,21
8313,17
8314,21
8315,21
8316,21
8317,21
8318,1
8319,11
8320,1
8321,1
8322,1
8323,1
8324,1
8325,1
8326,1
8327,1
8328,1
8329,21
8330,9
8331,21
8332,21
8333,13
8334,13
8335,13
8336,1
8337,1
8338,1
8339,13
8340,13
8341,1
8342,1
8343,1
8344,17
8345,17
8346,17
8347,6
8348,6
8349,6
8350,6
8351,6
8352,6
8353,6
8354,6
8355,6
8356,6
8357,6
8358,1
8359,6
8360,17
8361,3
8362,10
8363,7
8364,7
8365,4
8366,17
8367,3
8368,3
8369,21
8370,15
8371,7
8372,4
8373,4
8374,4
8375,11
8376,18
8377,18
8378,18
8379,10
8380,10
8381,17
8382,17
8383,4
8384,4
8385,20
8386,7
8387,15
8388,4
8389,7
8390,7
8391,7
8392,7
8393,16
8394,16
8395,21
8396,17
8397,17
8398,17
8399,17
8400,17
8401,17
8402,7
8403,10
8404,8
8405,5
8406,5
8407,5
8408,5
8409,3
8410,3
8411,21
8412,15
8413,17
8414,17
8415,17
8416,17
8417,12
8418,12
8419,12
8420,12
8421,0
8422,5
8423,8
8424,4
8425,6
8426,6
8427,3
8428,3
8429,3
8430,3
8431,3
8432,3
8433,3
8434,3
8435,3
8436,3
8437,21
8438,14
8439,14
8440,14
8441,12
8442,12
8443,13
8444,12
8445,10
8446,10
8447,15
8448,20
8449,20
8450,15
8451,11
8452,11
8453,3
8454,17
8455,17
8456,17
8457,21
8458,21
8459,21
8460,13
8461,6
8462,6
8463,6
8464,10
8465,10
8466,10
8467,21
8468,21
8469,11
8470,6
8471,6
8472,1
8473,10
8474,11
8475,18
8476,18
8477,18
8478,18
8479,1
8480,1
8481,1
8482,18
8483,18
8484,18
8485,18
8486,18
8487,8
8488,18
8489,18
8490,8
8491,8
8492,18
8493,18
8494,18
8495,18
8496,17
8497,17
8498,17
8499,5
8500,5
8501,5
8502,5
8503,10
8504,12
8505,3
8506,14
8507,3
8508,12
8509,12
8510,12
8511,13
8512,10
8513,12
8514,11
8515,21
8516,21
8517,1
8518,1
8519,1
8520,1
8521,6
8522,5
8523,5
8524,1
8525,1
8526,1
8527,1
8528,1
8529,13
8530,21
8531,21
8532,21
8533,21
8534,21
8535,21
8536,13
8537,17
8538,21
8539,13
8540,7
8541,7
8542,12
8543,12
8544,12
8545,12
8546,12
8547,1
8548,1
8549,1
8550,14
8551,1
8552,1
8553,1
8554,1
8555,1
8556,1
8557,1
8558,15
8559,1
8560,1
8561,21
8562,21
8563,12
8564,17
8565,17
8566,17
8567,17
8568,17
8569,3
8570,3
8571,7
8572,7
8573,7
8574,7
8575,11
8576,21
8577,3
8578,11
8579,17
8580,11
8581,11
8582,21
8583,3
8584,11
8585,11
8586,12
8587,14
8588,14
8589,13
8590,3
8591,17
8592,17
8593,3
8594,21
8595,1
8596,18
8597,11
8598,11
8599,11
8600,11
8601,11
8602,15
8603,17
8604,17
8605,4
8606,4
8607,4
8608,17
8609,17
8610,17
8611,17
8612,17
8613,17
8614,17
8615,8
8616,8
8617,6
8618,6
8619,14
8620,4
8621,21
8622,4
8623,4
8624,4
8625,14
8626,14
8627,14
8628,14
8629,10
8630,5
8631,17
8632,17
8633,17
8634,17
8635,10
8636,20
8637,10
8638,10
8639,10
8640,10
8641,10
8642,10
8643,1
8644,1
8645,14
8646,14
8647,16
8648,16
8649,16
8650,16
8651,16
8652,16
8653,16
8654,16
8655,16
8656,16
8657,16
8658,16
8659,16
8660,16
8661,16
8662,15
8663,5
8664,5
8665,20
8666,9
8667,9
8668,9
8669,9
8670,18
8671,19
8672,3
8673,1
8674,21
8675,1
8676,1
8677,1
8678,5
8679,5
8680,14
8681,14
8682,4
8683,4
8684,4
8685,4
8686,15
8687,8
8688,3
8689,19
8690,21
8691,21
8692,7
8693,0
8694,19
8695,19
8696,19
8697,19
8698,6
8699,6
8700,3
8701,3
8702,3
8703,0
8704,0
8705,0
8706,0
8707,0
8708,0
8709,17
8710,21
8711,3
8712,3
8713,0
8714,0
8715,0
8716,10
8717,3
8718,13
8719,13
8720,13
8721,17
8722,5
8723,17
8724,13
8725,13
8726,13
8727,13
8728,12
8729,12
8730,7
8731,7
8732,7
8733,19
8734,12
8735,12
8736,16
8737,16
8738,16
8739,16
8740,16
8741,16
8742,1
8743,1
8744,1
8745,1
8746,1
8747,1
8748,10
8749,10
8750,7
8751,7
8752,7
8753,7
8754,8
8755,8
8756,8
8757,16
8758,16
8759,16
8760,16
8761,16
8762,16
8763,16
8764,16
8765,13
8766,13
8767,13
8768,13
8769,3
8770,6
8771,6
8772,6
8773,13
8774,13
8775,17
8776,17
8777,17
8778,17
8779,17
8780,7
8781,17
8782,17
8783,11
8784,17
8785,17
8786,11
8787,19
8788,15
8789,1
8790,1
8791,4
8792,18
8793,18
8794,7
8795,7
8796,4
8797,4
8798,4
8799,4
8800,11
8801,11
8802,3
8803,21
8804,21
8805,21
8806,21
8807,17
8808,17
8809,17
8810,3
8811,13
8812,13
8813,13
8814,21
8815,16
8816,17
8817,3
8818,3
8819,3
8820,0
8821,0
8822,0
8823,17
8824,17
8825,17
8826,17
8827,17
8828,17
8829,11
8830,15
8831,0
8832,15
8833,8
8834,8
8835,20
8836,20
8837,20
8838,20
8839,4
8840,4
8841,2
8842,2
8843,15
8844,15
8845,21
8846,8
8847,10
8848,8
8849,17
8850,8
8851,12
8852,21
8853,21
8854,21
8855,21
8856,17
8857,17
8858,14
8859,4
8860,4
8861,4
8862,4
8863,4
8864,3
8865,1
8866,1
8867,21
8868,1
8869,21
8870,0
8871,0
8872,11
8873,13
8874,13
8875,13
8876,13
8877,14
8878,21
8879,3
8880,3
8881,13
8882,13
8883,13
8884,13
8885,13
8886,13
8887,13
8888,13
8889,1
8890,21
8891,17
8892,6
8893,6
8894,7
8895,8
8896,8
8897,8
8898,8
8899,13
8900,13
8901,14
8902,6
8903,6
8904,20
8905,17
8906,17
8907,17
8908,21
8909,21
8910,21
8911,21
8912,21
8913,19
8914,15
8915,7
8916,7
8917,11
8918,21
8919,21
8920,21
8921,21
8922,21
8923,21
8924,21
8925,21
8926,21
8927,21
8928,21
8929,21
8930,21
8931,21
8932,21
8933,21
8934,21
8935,21
8936,21
8937,21
8938,21
8939,21
8940,21
8941,4
8942,4
8943,21
8944,13
8945,13
8946,0
8947,3
8948,17
8949,17
8950,17
8951,17
8952,10
8953,10
8954,0
8955,2
8956,10
8957,11
8958,3
8959,17
8960,17
8961,13
8962,13
8963,13
8964,12
8965,17
8966,14
8967,17
8968,14
8969,10
8970,10
8971,19
8972,17
8973,21
8974,18
8975,14
8976,1
8977,1
8978,3
8979,13
8980,13
8981,8
8982,15
8983,7
8984,21
8985,8
8986,8
8987,8
8988,8
8989,1
8990,4
8991,4
8992,1
8993,14
8994,14
8995,4
8996,4
8997,1
8998,1
8999,1
9000,4
9001,4
9002,4
9003,4
9004,4
9005,17
9006,6
9007,13
9008,21
9009,10
9010,10
9011,13
9012,13
9013,1
9014,1
9015,6
9016,6
9017,6
9018,6
9019,6
9020,17
9021,19
9022,19
9023,14
9024,4
9025,4
9026,4
9027,1
9028,14
9029,6
9030,21
9031,6
9032,17
9033,17
9034,17
9035,17
9036,11
9037,13
9038,13
9039,13
9040,13
9041,13
9042,13
9043,13
9044,11
9045,3
9046,21
9047,1
9048,7
9049,13
9050,13
9051,13
9052,13
9053,13
9054,2
9055,2
9056,18
9057,7
9058,21
9059,21
9060,15
9061,13
9062,13
9063,13
9064,13
9065,12
9066,10
9067,10
9068,12
9069,0
9070,0
9071,18
9072,8
9073,13
9074,13
9075,13
9076,13
9077,4
9078,4
9079,7
9080,16
9081,15
9082,15
9083,14
9084,10
9085,10
9086,15
9087,10
9088,14
9089,4
9090,19
9091,19
9092,19
9093,16
9094,16
9095,14
9096,14
9097,4
9098,4
9099,1
9100,13
9101,13
9102,13
9103,6
9104,2
9105,2
9106,17
9107,13
9108,13
9109,13
9110,13
9111,13
9112,3
9113,1
9114,1
9115,16
9116,20
9117,20
9118,3
9119,10
9120,10
9121,4
9122,4
9123,4
9124,13
9125,8
9126,21
9127,3
9128,0
9129,15
9130,15
9131,10
9132,1
9133,4
9134,17
9135,17
9136,15
9137,0
9138,7
9139,17
9140,17
9141,17
9142,17
9143,17
9144,17
9145,17
9146,17
9147,4
9148,4
9149,4
9150,4
9151,6
9152,6
9153,13
9154,10
9155,13
9156,13
9157,13
9158,7
9159,7
9160,13
9161,13
9162,13
9163,13
9164,3
9165,7
9166,17
9167,18
9168,18
9169,18
9170,18
9171,18
9172,18
9173,6
9174,17
9175,17
9176,1
9177,17
9178,18
9179,3
9180,3
9181,0
9182,10
9183,13
9184,13
9185,17
9186,17
9187,17
9188,12
9189,12
9190,6
9191,6
9192,10
9193,17
9194,15
9195,1
9196,1
9197,11
9198,13
9199,13
9200,13
9201,21
9202,10
9203,11
9204,17
9205,17
9206,14
9207,17
9208,6
9209,4
9210,11
9211,11
9212,16
9213,10
9214,21
9215,10
9216,0
9217,13
9218,15
9219,20
9220,20
9221,18
9222,18
9223,21
9224,0
9225,13
9226,4
9227,17
9228,4
9229,4
9230,4
9231,21
9232,10
9233,10
9234,8
9235,7
9236,12
9237,12
9238,13
9239,1
9240,6
9241,4
9242,4
9243,4
9244,3
9245,0
9246,16
9247,0
9248,1
9249,0
9250,13
9251,15
9252,17
9253,21
9254,21
9255,21
9256,15
9257,14
9258,14
9259,12
9260,18
9261,17
9262,21
9263,17
9264,17
9265,11
9266,21
9267,11
9268,17
9269,17
9270,4
9271,1
9272,12
9273,0
9274,15
9275,15
9276,11
9277,17
9278,21
9279,21
9280,17
9281,14
9282,21
9283,7
9284,14
9285,16
9286,8
9287,8
9288,8
9289,10
9290,10
9291,10
9292,17
9293,1
9294,10
9295,1
9296,16
9297,17
9298,18
9299,12
9300,8
9301,8
9302,4
9303,16
9304,12
9305,14
9306,10
9307,11
9308,21
9309,0
9310,15
9311,14
9312,15
9313,10
9314,10
9315,13
9316,6
9317,20
9318,17
9319,13
9320,13
9321,6
9322,1
9323,1
9324,7
9325,10
9326,21
9327,21
9328,6
9329,21
9330,20
9331,1
9332,19
9333,21
