node,community
0,12
1,12
2,12
3,12
4,8
5,12
6,12
7,12
8,12
9,12
10,12
11,12
12,12
13,12
14,12
15,12
16,12
17,12
18,12
19,12
20,12
21,28
22,12
23,12
24,12
25,2
26,2
27,12
28,12
29,12
30,12
31,12
32,12
33,12
34,12
35,5
36,1
37,1
38,1
39,12
40,2
41,20
42,12
43,20
44,2
45,12
46,12
47,12
48,12
49,12
50,12
51,12
52,12
53,6
54,12
55,12
56,12
57,12
58,12
59,6
60,12
61,12
62,12
63,12
64,12
65,12
66,12
67,12
68,12
69,12
70,17
71,12
72,12
73,16
74,2
75,2
76,2
77,2
78,2
79,2
80,1
81,2
82,2
83,2
84,2
85,2
86,2
87,2
88,2
89,14
90,2
91,14
92,2
93,2
94,2
95,2
96,2
97,14
98,20
99,20
100,20
101,20
102,20
103,20
104,20
105,20
106,24
107,20
108,20
109,20
110,20
111,20
112,20
113,20
114,20
115,20
116,20
117,20
118,22
119,12
120,0
121,12
122,12
123,12
124,12
125,12
126,20
127,0
128,28
129,12
130,12
131,12
132,12
133,12
134,28
135,12
136,12
137,28
138,12
139,12
140,12
141,12
142,28
143,12
144,22
145,22
146,12
147,22
148,12
149,12
150,12
151,20
152,20
153,20
154,20
155,20
156,10
157,24
158,20
159,20
160,20
161,20
162,20
163,20
164,20
165,20
166,20
167,20
168,20
169,20
170,20
171,24
172,20
173,20
174,20
175,20
176,20
177,2
178,2
179,12
180,22
181,2
182,2
183,12
184,12
185,12
186,12
187,12
188,12
189,2
190,12
191,12
192,12
193,12
194,12
195,12
196,12
197,12
198,12
199,5
200,20
201,5
202,12
203,12
204,20
205,12
206,17
207,12
208,12
209,12
210,12
211,12
212,20
213,12
214,12
215,28
216,28
217,12
218,12
219,12
220,12
221,12
222,12
223,22
224,22
225,22
226,12
227,22
228,22
229,8
230,20
231,22
232,20
233,22
234,22
235,10
236,22
237,22
238,22
239,22
240,22
241,22
242,22
243,22
244,8
245,20
246,22
247,22
248,22
249,22
250,24
251,22
252,24
253,22
254,22
255,22
256,22
257,22
258,22
259,24
260,22
261,22
262,22
263,22
264,24
265,2
266,24
267,22
268,20
269,21
270,22
271,24
272,20
273,22
274,22
275,21
276,12
277,12
278,12
279,12
280,22
281,22
282,14
283,8
284,8
285,14
286,8
287,22
288,24
289,21
290,22
291,24
292,24
293,24
294,24
295,24
296,14
297,24
298,14
299,24
300,14
301,24
302,23
303,24
304,24
305,24
306,24
307,24
308,24
309,24
310,24
311,19
312,14
313,24
314,24
315,24
316,23
317,24
318,21
319,21
320,21
321,21
322,21
323,21
324,21
325,21
326,21
327,21
328,21
329,21
330,21
331,22
332,21
333,21
334,2
335,2
336,21
337,14
338,21
339,21
340,14
341,21
342,11
343,1
344,21
345,21
346,21
347,21
348,21
349,21
350,14
351,7
352,28
353,21
354,21
355,21
356,21
357,21
358,21
359,21
360,21
361,21
362,21
363,4
364,21
365,21
366,14
367,23
368,4
369,21
370,21
371,21
372,21
373,21
374,21
375,21
376,21
377,21
378,23
379,21
380,8
381,21
382,23
383,1
384,21
385,21
386,21
387,23
388,21
389,21
390,21
391,21
392,21
393,14
394,21
395,21
396,20
397,22
398,24
399,28
400,24
401,22
402,20
403,20
404,1
405,22
406,22
407,24
408,24
409,24
410,14
411,24
412,24
413,20
414,14
415,24
416,22
417,24
418,22
419,22
420,5
421,24
422,24
423,22
424,22
425,8
426,22
427,22
428,22
429,22
430,20
431,22
432,24
433,8
434,22
435,22
436,22
437,14
438,14
439,5
440,14
441,14
442,14
443,14
444,14
445,14
446,14
447,14
448,23
449,14
450,23
451,14
452,14
453,14
454,2
455,14
456,14
457,14
458,14
459,23
460,14
461,23
462,23
463,19
464,23
465,23
466,6
467,23
468,14
469,8
470,23
471,19
472,21
473,23
474,14
475,14
476,14
477,8
478,28
479,14
480,24
481,24
482,24
483,24
484,24
485,24
486,24
487,24
488,24
489,24
490,24
491,24
492,24
493,24
494,24
495,24
496,24
497,24
498,24
499,24
500,24
501,8
502,20
503,24
504,24
505,24
506,24
507,24
508,24
509,24
510,20
511,20
512,20
513,8
514,20
515,24
516,20
517,20
518,20
519,20
520,20
521,20
522,20
523,20
524,20
525,22
526,20
527,24
528,24
529,24
530,0
531,0
532,8
533,8
534,8
535,24
536,24
537,24
538,24
539,24
540,24
541,24
542,24
543,10
544,0
545,0
546,0
547,0
548,0
549,0
550,0
551,24
552,0
553,24
554,0
555,0
556,0
557,0
558,0
559,0
560,0
561,0
562,27
563,0
564,0
565,0
566,0
567,0
568,8
569,8
570,20
571,20
572,20
573,8
574,8
575,8
576,8
577,20
578,20
579,20
580,20
581,8
582,20
583,8
584,20
585,8
586,8
587,8
588,8
589,8
590,8
591,8
592,8
593,8
594,8
595,8
596,8
597,8
598,8
599,8
600,8
601,8
602,8
603,8
604,8
605,8
606,8
607,8
608,22
609,8
610,8
611,8
612,8
613,8
614,8
615,10
616,8
617,8
618,10
619,8
620,8
621,8
622,8
623,8
624,8
625,8
626,8
627,8
628,8
629,8
630,8
631,8
632,8
633,8
634,8
635,8
636,8
637,8
638,8
639,8
640,8
641,8
642,8
643,8
644,20
645,8
646,8
647,8
648,8
649,24
650,8
651,8
652,8
653,8
654,8
655,8
656,8
657,8
658,8
659,20
660,20
661,20
662,20
663,20
664,22
665,22
666,22
667,22
668,22
669,22
670,22
671,22
672,2
673,22
674,14
675,14
676,14
677,14
678,22
679,22
680,22
681,14
682,14
683,22
684,14
685,22
686,22
687,22
688,22
689,22
690,22
691,22
692,22
693,22
694,22
695,22
696,20
697,22
698,22
699,22
700,22
701,22
702,14
703,22
704,22
705,22
706,22
707,22
708,22
709,22
710,22
711,22
712,14
713,22
714,22
715,22
716,22
717,22
718,22
719,22
720,22
721,22
722,22
723,6
724,22
725,22
726,14
727,22
728,22
729,22
730,22
731,22
732,22
733,22
734,22
735,4
736,20
737,22
738,22
739,22
740,22
741,22
742,22
743,20
744,20
745,20
746,20
747,20
748,22
749,22
750,22
751,22
752,14
753,14
754,14
755,14
756,22
757,14
758,22
759,22
760,22
761,4
762,2
763,14
764,23
765,22
766,14
767,14
768,22
769,14
770,14
771,22
772,22
773,28
774,22
775,22
776,14
777,14
778,14
779,14
780,22
781,14
782,14
783,14
784,22
785,14
786,22
787,14
788,14
789,22
790,24
791,22
792,8
793,14
794,22
795,14
796,14
797,22
798,8
799,8
800,8
801,8
802,8
803,8
804,8
805,8
806,8
807,8
808,8
809,8
810,8
811,8
812,8
813,8
814,8
815,8
816,8
817,8
818,8
819,8
820,8
821,8
822,8
823,8
824,8
825,8
826,8
827,8
828,8
829,8
830,8
831,8
832,8
833,20
834,20
835,8
836,8
837,8
838,8
839,8
840,8
841,8
842,8
843,10
844,8
845,8
846,8
847,8
848,8
849,20
850,20
851,22
852,8
853,8
854,8
855,10
856,10
857,8
858,22
859,20
860,10
861,20
862,10
863,8
864,8
865,12
866,8
867,8
868,19
869,8
870,10
871,27
872,8
873,16
874,8
875,16
876,0
877,20
878,20
879,20
880,8
881,8
882,8
883,8
884,8
885,8
886,8
887,8
888,8
889,24
890,8
891,8
892,8
893,8
894,8
895,8
896,8
897,8
898,8
899,8
900,8
901,8
902,20
903,8
904,8
905,8
906,8
907,12
908,8
909,8
910,8
911,8
912,8
913,8
914,20
915,8
916,8
917,8
918,8
919,8
920,8
921,8
922,8
923,8
924,8
925,8
926,8
927,8
928,20
929,8
930,20
931,20
932,8
933,8
934,8
935,8
936,8
937,8
938,8
939,8
940,20
941,8
942,8
943,20
944,8
945,8
946,8
947,8
948,22
949,22
950,8
951,22
952,22
953,20
954,22
955,16
956,22
957,24
958,22
959,8
960,8
961,8
962,8
963,8
964,8
965,14
966,2
967,14
968,14
969,14
970,22
971,14
972,14
973,14
974,14
975,14
976,14
977,14
978,14
979,14
980,14
981,22
982,14
983,14
984,14
985,14
986,14
987,14
988,14
989,14
990,14
991,14
992,14
993,14
994,14
995,14
996,14
997,14
998,22
999,14
1000,14
1001,22
1002,22
1003,14
1004,14
1005,14
1006,2
1007,14
1008,14
1009,14
1010,14
1011,14
1012,14
1013,14
1014,14
1015,14
1016,14
1017,14
1018,14
1019,14
1020,14
1021,14
1022,14
1023,14
1024,14
1025,14
1026,14
1027,22
1028,14
1029,22
1030,14
1031,14
1032,14
1033,19
1034,14
1035,14
1036,14
1037,14
1038,14
1039,14
1040,14
1041,14
1042,14
1043,14
1044,14
1045,14
1046,14
1047,14
1048,14
1049,14
1050,14
1051,7
1052,14
1053,14
1054,14
1055,14
1056,2
1057,14
1058,14
1059,5
1060,14
1061,14
1062,22
1063,14
1064,14
1065,14
1066,14
1067,14
1068,14
1069,19
1070,14
1071,14
1072,14
1073,14
1074,14
1075,14
1076,19
1077,19
1078,22
1079,14
1080,14
1081,14
1082,22
1083,14
1084,14
1085,14
1086,14
1087,14
1088,2
1089,14
1090,14
1091,14
1092,22
1093,14
1094,14
1095,14
1096,14
1097,14
1098,22
1099,22
1100,22
1101,22
1102,22
1103,22
1104,22
1105,22
1106,22
1107,22
1108,22
1109,22
1110,22
1111,12
1112,22
1113,19
1114,22
1115,22
1116,22
1117,22
1118,22
1119,8
1120,11
1121,24
1122,8
1123,10
1124,8
1125,14
1126,22
1127,22
1128,28
1129,16
1130,8
1131,24
1132,8
1133,8
1134,2
1135,22
1136,2
1137,24
1138,20
1139,22
1140,20
1141,20
1142,8
1143,20
1144,20
1145,20
1146,20
1147,20
1148,5
1149,8
1150,0
1151,8
1152,8
1153,16
1154,8
1155,8
1156,8
1157,10
1158,5
1159,5
1160,5
1161,5
1162,8
1163,8
1164,8
1165,8
1166,14
1167,5
1168,8
1169,8
1170,8
1171,8
1172,8
1173,20
1174,8
1175,14
1176,8
1177,11
1178,24
1179,0
1180,0
1181,22
1182,20
1183,8
1184,22
1185,14
1186,24
1187,22
1188,26
1189,8
1190,22
1191,20
1192,8
1193,8
1194,20
1195,22
1196,22
1197,14
1198,14
1199,14
1200,14
1201,21
1202,22
1203,14
1204,22
1205,8
1206,28
1207,8
1208,8
1209,22
1210,22
1211,11
1212,22
1213,8
1214,14
1215,22
1216,12
1217,8
1218,5
1219,20
1220,20
1221,20
1222,10
1223,20
1224,24
1225,24
1226,20
1227,23
1228,24
1229,22
1230,20
1231,5
1232,5
1233,5
1234,5
1235,20
1236,24
1237,8
1238,23
1239,0
1240,20
1241,20
1242,5
1243,16
1244,5
1245,8
1246,10
1247,5
1248,8
1249,5
1250,5
1251,5
1252,5
1253,5
1254,5
1255,27
1256,14
1257,5
1258,20
1259,20
1260,20
1261,20
1262,20
1263,20
1264,20
1265,20
1266,20
1267,20
1268,20
1269,20
1270,20
1271,20
1272,21
1273,23
1274,7
1275,21
1276,21
1277,21
1278,21
1279,21
1280,21
1281,21
1282,21
1283,21
1284,21
1285,21
1286,7
1287,7
1288,7
1289,21
1290,21
1291,21
1292,21
1293,21
1294,21
1295,21
1296,21
1297,21
1298,21
1299,21
1300,21
1301,21
1302,21
1303,21
1304,21
1305,21
1306,21
1307,21
1308,21
1309,21
1310,21
1311,21
1312,21
1313,21
1314,21
1315,21
1316,21
1317,21
1318,21
1319,21
1320,21
1321,21
1322,21
1323,21
1324,21
1325,21
1326,21
1327,21
1328,21
1329,21
1330,21
1331,21
1332,21
1333,21
1334,4
1335,21
1336,21
1337,21
1338,21
1339,21
1340,21
1341,21
1342,21
1343,21
1344,21
1345,21
1346,21
1347,21
1348,21
1349,21
1350,21
1351,21
1352,21
1353,21
1354,21
1355,21
1356,21
1357,21
1358,21
1359,21
1360,21
1361,21
1362,21
1363,21
1364,21
1365,21
1366,21
1367,21
1368,21
1369,23
1370,7
1371,11
1372,21
1373,21
1374,21
1375,28
1376,21
1377,21
1378,1
1379,21
1380,7
1381,17
1382,21
1383,21
1384,21
1385,20
1386,24
1387,20
1388,20
1389,24
1390,20
1391,20
1392,20
1393,11
1394,11
1395,21
1396,21
1397,1
1398,21
1399,23
1400,21
1401,7
1402,23
1403,14
1404,19
1405,21
1406,14
1407,20
1408,20
1409,22
1410,22
1411,22
1412,22
1413,22
1414,22
1415,22
1416,2
1417,22
1418,2
1419,22
1420,22
1421,22
1422,23
1423,22
1424,17
1425,22
1426,24
1427,24
1428,24
1429,12
1430,12
1431,22
1432,12
1433,0
1434,0
1435,0
1436,0
1437,0
1438,0
1439,0
1440,0
1441,0
1442,21
1443,13
1444,9
1445,0
1446,12
1447,0
1448,0
1449,9
1450,0
1451,0
1452,9
1453,12
1454,9
1455,20
1456,0
1457,5
1458,12
1459,0
1460,0
1461,6
1462,20
1463,12
1464,12
1465,12
1466,12
1467,8
1468,8
1469,8
1470,5
1471,5
1472,2
1473,2
1474,6
1475,16
1476,16
1477,5
1478,8
1479,5
1480,5
1481,5
1482,5
1483,8
1484,28
1485,5
1486,28
1487,5
1488,5
1489,5
1490,21
1491,5
1492,5
1493,16
1494,16
1495,5
1496,5
1497,5
1498,5
1499,5
1500,14
1501,20
1502,14
1503,21
1504,5
1505,16
1506,5
1507,22
1508,8
1509,28
1510,28
1511,0
1512,5
1513,2
1514,2
1515,2
1516,2
1517,2
1518,12
1519,2
1520,2
1521,12
1522,12
1523,5
1524,5
1525,5
1526,5
1527,16
1528,16
1529,5
1530,5
1531,5
1532,5
1533,5
1534,5
1535,5
1536,27
1537,16
1538,5
1539,5
1540,5
1541,5
1542,5
1543,5
1544,16
1545,16
1546,16
1547,16
1548,14
1549,16
1550,14
1551,16
1552,16
1553,14
1554,1
1555,16
1556,16
1557,19
1558,2
1559,14
1560,2
1561,16
1562,29
1563,14
1564,16
1565,16
1566,23
1567,14
1568,14
1569,16
1570,23
1571,16
1572,16
1573,14
1574,16
1575,19
1576,14
1577,14
1578,14
1579,14
1580,16
1581,16
1582,14
1583,10
1584,14
1585,14
1586,27
1587,14
1588,14
1589,14
1590,14
1591,14
1592,14
1593,14
1594,2
1595,2
1596,2
1597,2
1598,2
1599,2
1600,2
1601,2
1602,2
1603,2
1604,2
1605,2
1606,2
1607,2
1608,2
1609,14
1610,19
1611,27
1612,14
1613,27
1614,16
1615,16
1616,1
1617,19
1618,2
1619,14
1620,16
1621,27
1622,16
1623,29
1624,16
1625,14
1626,14
1627,14
1628,14
1629,14
1630,5
1631,14
1632,5
1633,1
1634,1
1635,14
1636,14
1637,1
1638,1
1639,1
1640,1
1641,1
1642,1
1643,1
1644,1
1645,1
1646,2
1647,2
1648,2
1649,2
1650,2
1651,2
1652,26
1653,2
1654,14
1655,26
1656,2
1657,2
1658,2
1659,14
1660,2
1661,2
1662,1
1663,1
1664,1
1665,2
1666,2
1667,2
1668,2
1669,2
1670,2
1671,2
1672,14
1673,2
1674,2
1675,2
1676,2
1677,2
1678,2
1679,2
1680,2
1681,2
1682,2
1683,2
1684,1
1685,1
1686,2
1687,14
1688,14
1689,14
1690,1
1691,1
1692,14
1693,2
1694,14
1695,19
1696,2
1697,2
1698,14
1699,14
1700,14
1701,14
1702,14
1703,14
1704,14
1705,14
1706,14
1707,22
1708,14
1709,22
1710,22
1711,14
1712,2
1713,14
1714,14
1715,14
1716,14
1717,14
1718,14
1719,19
1720,16
1721,8
1722,16
1723,14
1724,14
1725,16
1726,16
1727,16
1728,16
1729,16
1730,16
1731,16
1732,16
1733,16
1734,14
1735,16
1736,16
1737,14
1738,14
1739,16
1740,28
1741,16
1742,16
1743,16
1744,16
1745,16
1746,16
1747,16
1748,16
1749,16
1750,16
1751,16
1752,14
1753,16
1754,16
1755,14
1756,14
1757,5
1758,14
1759,26
1760,14
1761,14
1762,16
1763,16
1764,16
1765,5
1766,16
1767,10
1768,16
1769,16
1770,7
1771,16
1772,16
1773,16
1774,27
1775,16
1776,16
1777,16
1778,6
1779,16
1780,16
1781,16
1782,16
1783,16
1784,16
1785,16
1786,16
1787,16
1788,16
1789,14
1790,16
1791,16
1792,16
1793,16
1794,10
1795,10
1796,16
1797,16
1798,16
1799,16
1800,10
1801,10
1802,14
1803,10
1804,10
1805,14
1806,14
1807,14
1808,14
1809,27
1810,27
1811,27
1812,27
1813,27
1814,27
1815,27
1816,27
1817,14
1818,2
1819,14
1820,22
1821,14
1822,1
1823,1
1824,21
1825,2
1826,2
1827,2
1828,2
1829,2
1830,2
1831,2
1832,2
1833,2
1834,2
1835,2
1836,2
1837,14
1838,2
1839,5
1840,19
1841,2
1842,2
1843,2
1844,2
1845,5
1846,2
1847,2
1848,2
1849,2
1850,2
1851,2
1852,2
1853,2
1854,2
1855,2
1856,2
1857,19
1858,14
1859,2
1860,2
1861,2
1862,1
1863,2
1864,2
1865,2
1866,27
1867,22
1868,2
1869,2
1870,27
1871,10
1872,27
1873,27
1874,27
1875,13
1876,22
1877,14
1878,11
1879,22
1880,27
1881,27
1882,5
1883,1
1884,27
1885,27
1886,2
1887,5
1888,27
1889,10
1890,14
1891,27
1892,27
1893,27
1894,5
1895,5
1896,27
1897,27
1898,27
1899,0
1900,10
1901,0
1902,27
1903,22
1904,27
1905,27
1906,27
1907,27
1908,27
1909,27
1910,27
1911,27
1912,27
1913,27
1914,27
1915,1
1916,22
1917,22
1918,2
1919,22
1920,22
1921,22
1922,22
1923,22
1924,2
1925,27
1926,2
1927,2
1928,2
1929,2
1930,2
1931,22
1932,22
1933,14
1934,22
1935,14
1936,22
1937,22
1938,22
1939,6
1940,14
1941,26
1942,14
1943,14
1944,22
1945,14
1946,22
1947,14
1948,14
1949,14
1950,14
1951,22
1952,14
1953,14
1954,14
1955,14
1956,14
1957,14
1958,22
1959,14
1960,7
1961,14
1962,2
1963,26
1964,21
1965,2
1966,2
1967,21
1968,26
1969,2
1970,2
1971,2
1972,2
1973,2
1974,2
1975,2
1976,2
1977,2
1978,2
1979,2
1980,2
1981,2
1982,2
1983,2
1984,2
1985,2
1986,14
1987,14
1988,14
1989,14
1990,14
1991,14
1992,14
1993,5
1994,26
1995,1
1996,1
1997,1
1998,1
1999,1
2000,1
2001,1
2002,1
2003,2
2004,1
2005,2
2006,16
2007,2
2008,2
2009,21
2010,21
2011,2
2012,2
2013,21
2014,14
2015,14
2016,14
2017,14
2018,14
2019,14
2020,5
2021,14
2022,14
2023,14
2024,2
2025,14
2026,14
2027,14
2028,14
2029,14
2030,14
2031,14
2032,22
2033,14
2034,14
2035,14
2036,14
2037,14
2038,22
2039,14
2040,22
2041,22
2042,14
2043,14
2044,14
2045,14
2046,1
2047,1
2048,1
2049,1
2050,1
2051,1
2052,1
2053,12
2054,1
2055,16
2056,1
2057,1
2058,1
2059,14
2060,1
2061,1
2062,1
2063,12
2064,2
2065,2
2066,16
2067,2
2068,1
2069,1
2070,1
2071,14
2072,27
2073,14
2074,14
2075,2
2076,17
2077,2
2078,2
2079,2
2080,26
2081,14
2082,26
2083,7
2084,26
2085,7
2086,26
2087,26
2088,23
2089,27
2090,10
2091,5
2092,10
2093,16
2094,16
2095,10
2096,27
2097,10
2098,5
2099,5
2100,5
2101,5
2102,5
2103,5
2104,5
2105,5
2106,14
2107,14
2108,5
2109,6
2110,5
2111,5
2112,5
2113,5
2114,5
2115,5
2116,5
2117,5
2118,5
2119,14
2120,5
2121,2
2122,2
2123,2
2124,2
2125,26
2126,2
2127,14
2128,14
2129,14
2130,14
2131,14
2132,14
2133,14
2134,14
2135,14
2136,7
2137,7
2138,26
2139,26
2140,26
2141,26
2142,26
2143,26
2144,26
2145,26
2146,26
2147,26
2148,26
2149,26
2150,26
2151,26
2152,26
2153,26
2154,23
2155,26
2156,26
2157,26
2158,26
2159,26
2160,26
2161,26
2162,26
2163,19
2164,26
2165,19
2166,26
2167,2
2168,26
2169,26
2170,26
2171,26
2172,26
2173,26
2174,26
2175,26
2176,26
2177,1
2178,26
2179,26
2180,2
2181,2
2182,2
2183,1
2184,1
2185,1
2186,1
2187,1
2188,1
2189,1
2190,1
2191,2
2192,2
2193,10
2194,10
2195,10
2196,11
2197,29
2198,10
2199,27
2200,10
2201,10
2202,10
2203,23
2204,10
2205,10
2206,14
2207,14
2208,16
2209,14
2210,14
2211,2
2212,14
2213,14
2214,14
2215,14
2216,14
2217,14
2218,14
2219,14
2220,14
2221,23
2222,14
2223,14
2224,14
2225,14
2226,14
2227,14
2228,14
2229,19
2230,14
2231,14
2232,14
2233,14
2234,14
2235,14
2236,14
2237,14
2238,14
2239,14
2240,16
2241,16
2242,16
2243,16
2244,16
2245,16
2246,16
2247,16
2248,14
2249,16
2250,16
2251,2
2252,8
2253,8
2254,8
2255,8
2256,8
2257,8
2258,8
2259,2
2260,22
2261,22
2262,1
2263,2
2264,1
2265,1
2266,1
2267,8
2268,1
2269,1
2270,1
2271,1
2272,1
2273,23
2274,1
2275,2
2276,1
2277,1
2278,1
2279,1
2280,1
2281,1
2282,22
2283,8
2284,8
2285,8
2286,14
2287,14
2288,14
2289,26
2290,14
2291,14
2292,1
2293,14
2294,14
2295,2
2296,16
2297,2
2298,16
2299,16
2300,27
2301,27
2302,27
2303,27
2304,27
2305,16
2306,16
2307,16
2308,16
2309,16
2310,16
2311,16
2312,16
2313,16
2314,10
2315,27
2316,27
2317,23
2318,27
2319,27
2320,27
2321,27
2322,27
2323,27
2324,8
2325,6
2326,8
2327,6
2328,6
2329,8
2330,8
2331,8
2332,8
2333,8
2334,8
2335,22
2336,22
2337,22
2338,22
2339,22
2340,22
2341,14
2342,22
2343,22
2344,22
2345,22
2346,23
2347,14
2348,14
2349,2
2350,2
2351,2
2352,2
2353,1
2354,22
2355,19
2356,14
2357,19
2358,14
2359,16
2360,16
2361,16
2362,16
2363,16
2364,27
2365,16
2366,16
2367,16
2368,16
2369,17
2370,16
2371,27
2372,5
2373,27
2374,29
2375,16
2376,16
2377,16
2378,5
2379,5
2380,16
2381,16
2382,28
2383,8
2384,16
2385,16
2386,16
2387,5
2388,5
2389,5
2390,5
2391,5
2392,21
2393,5
2394,5
2395,5
2396,16
2397,5
2398,16
2399,16
2400,16
2401,16
2402,16
2403,27
2404,16
2405,16
2406,10
2407,10
2408,10
2409,10
2410,10
2411,0
2412,16
2413,14
2414,16
2415,16
2416,7
2417,7
2418,7
2419,29
2420,7
2421,14
2422,7
2423,7
2424,7
2425,16
2426,16
2427,16
2428,16
2429,16
2430,16
2431,0
2432,16
2433,16
2434,16
2435,16
2436,16
2437,16
2438,16
2439,16
2440,16
2441,16
2442,16
2443,27
2444,16
2445,16
2446,16
2447,16
2448,16
2449,16
2450,16
2451,16
2452,27
2453,27
2454,27
2455,16
2456,16
2457,27
2458,27
2459,27
2460,27
2461,16
2462,16
2463,6
2464,16
2465,27
2466,16
2467,16
2468,29
2469,5
2470,5
2471,5
2472,8
2473,5
2474,14
2475,14
2476,23
2477,14
2478,14
2479,14
2480,28
2481,14
2482,23
2483,14
2484,14
2485,14
2486,14
2487,14
2488,22
2489,14
2490,14
2491,22
2492,14
2493,14
2494,14
2495,27
2496,27
2497,27
2498,27
2499,27
2500,27
2501,27
2502,27
2503,21
2504,27
2505,27
2506,27
2507,29
2508,27
2509,29
2510,27
2511,27
2512,27
2513,27
2514,27
2515,27
2516,27
2517,27
2518,29
2519,29
2520,29
2521,27
2522,27
2523,27
2524,27
2525,27
2526,27
2527,27
2528,27
2529,27
2530,27
2531,27
2532,27
2533,13
2534,27
2535,27
2536,27
2537,27
2538,27
2539,27
2540,21
2541,27
2542,21
2543,27
2544,27
2545,29
2546,27
2547,27
2548,27
2549,27
2550,27
2551,27
2552,27
2553,27
2554,27
2555,27
2556,27
2557,29
2558,27
2559,27
2560,27
2561,27
2562,27
2563,27
2564,27
2565,21
2566,27
2567,27
2568,27
2569,27
2570,27
2571,27
2572,27
2573,27
2574,27
2575,27
2576,27
2577,27
2578,27
2579,27
2580,27
2581,14
2582,14
2583,14
2584,14
2585,14
2586,14
2587,14
2588,14
2589,14
2590,14
2591,14
2592,14
2593,1
2594,1
2595,1
2596,1
2597,14
2598,11
2599,1
2600,1
2601,1
2602,1
2603,2
2604,2
2605,2
2606,2
2607,2
2608,2
2609,2
2610,2
2611,2
2612,2
2613,2
2614,2
2615,2
2616,2
2617,2
2618,2
2619,2
2620,2
2621,2
2622,2
2623,2
2624,2
2625,20
2626,20
2627,20
2628,20
2629,20
2630,20
2631,26
2632,26
2633,2
2634,2
2635,19
2636,2
2637,2
2638,2
2639,22
2640,23
2641,14
2642,14
2643,2
2644,2
2645,2
2646,19
2647,19
2648,2
2649,2
2650,2
2651,6
2652,2
2653,2
2654,2
2655,22
2656,14
2657,22
2658,22
2659,22
2660,22
2661,16
2662,22
2663,22
2664,22
2665,22
2666,21
2667,14
2668,23
2669,14
2670,14
2671,14
2672,14
2673,14
2674,14
2675,14
2676,14
2677,14
2678,24
2679,19
2680,14
2681,22
2682,3
2683,6
2684,22
2685,22
2686,2
2687,2
2688,1
2689,14
2690,11
2691,16
2692,1
2693,1
2694,16
2695,6
2696,16
2697,16
2698,16
2699,16
2700,16
2701,16
2702,5
2703,16
2704,16
2705,6
2706,6
2707,6
2708,6
2709,6
2710,6
2711,6
2712,6
2713,6
2714,6
2715,6
2716,5
2717,6
2718,6
2719,5
2720,6
2721,2
2722,6
2723,6
2724,5
2725,5
2726,5
2727,5
2728,5
2729,22
2730,22
2731,22
2732,14
2733,14
2734,22
2735,14
2736,22
2737,14
2738,14
2739,5
2740,14
2741,14
2742,14
2743,14
2744,14
2745,14
2746,2
2747,22
2748,14
2749,23
2750,21
2751,14
2752,14
2753,14
2754,0
2755,0
2756,0
2757,0
2758,0
2759,0
2760,0
2761,0
2762,0
2763,14
2764,14
2765,14
2766,14
2767,14
2768,14
2769,14
2770,1
2771,1
2772,1
2773,14
2774,5
2775,5
2776,14
2777,16
2778,14
2779,14
2780,14
2781,1
2782,14
2783,14
2784,22
2785,5
2786,5
2787,5
2788,5
2789,5
2790,5
2791,5
2792,5
2793,5
2794,19
2795,5
2796,5
2797,21
2798,21
2799,17
2800,21
2801,21
2802,21
2803,21
2804,21
2805,17
2806,17
2807,17
2808,17
2809,17
2810,17
2811,17
2812,17
2813,17
2814,17
2815,17
2816,17
2817,21
2818,17
2819,17
2820,17
2821,17
2822,17
2823,17
2824,17
2825,20
2826,12
2827,17
2828,17
2829,17
2830,17
2831,17
2832,0
2833,0
2834,0
2835,0
2836,0
2837,17
2838,17
2839,17
2840,17
2841,17
2842,17
2843,17
2844,17
2845,17
2846,17
2847,17
2848,17
2849,17
2850,17
2851,9
2852,26
2853,26
2854,26
2855,26
2856,2
2857,14
2858,5
2859,14
2860,2
2861,14
2862,14
2863,14
2864,11
2865,7
2866,21
2867,21
2868,2
2869,2
2870,2
2871,23
2872,2
2873,14
2874,11
2875,11
2876,11
2877,11
2878,7
2879,23
2880,7
2881,7
2882,7
2883,7
2884,7
2885,7
2886,7
2887,7
2888,7
2889,7
2890,7
2891,7
2892,23
2893,2
2894,2
2895,14
2896,14
2897,14
2898,14
2899,2
2900,22
2901,23
2902,21
2903,14
2904,21
2905,21
2906,21
2907,23
2908,21
2909,2
2910,7
2911,7
2912,7
2913,2
2914,19
2915,19
2916,7
2917,19
2918,2
2919,2
2920,7
2921,14
2922,7
2923,7
2924,19
2925,7
2926,7
2927,7
2928,7
2929,7
2930,7
2931,7
2932,7
2933,7
2934,7
2935,7
2936,23
2937,7
2938,23
2939,7
2940,23
2941,23
2942,7
2943,23
2944,23
2945,23
2946,23
2947,23
2948,23
2949,23
2950,14
2951,7
2952,7
2953,7
2954,7
2955,7
2956,7
2957,14
2958,22
2959,22
2960,22
2961,22
2962,14
2963,22
2964,14
2965,23
2966,14
2967,14
2968,14
2969,14
2970,14
2971,14
2972,14
2973,21
2974,21
2975,21
2976,7
2977,7
2978,23
2979,7
2980,2
2981,14
2982,14
2983,14
2984,14
2985,24
2986,23
2987,24
2988,24
2989,1
2990,23
2991,7
2992,26
2993,26
2994,26
2995,14
2996,26
2997,7
2998,7
2999,7
3000,7
3001,7
3002,7
3003,2
3004,2
3005,26
3006,2
3007,1
3008,14
3009,26
3010,7
3011,14
3012,14
3013,7
3014,23
3015,14
3016,14
3017,7
3018,14
3019,14
3020,23
3021,29
3022,29
3023,29
3024,29
3025,29
3026,29
3027,29
3028,29
3029,29
3030,29
3031,29
3032,29
3033,29
3034,29
3035,29
3036,29
3037,29
3038,29
3039,29
3040,29
3041,29
3042,29
3043,29
3044,29
3045,29
3046,29
3047,29
3048,29
3049,4
3050,29
3051,29
3052,29
3053,29
3054,29
3055,29
3056,29
3057,29
3058,29
3059,29
3060,29
3061,29
3062,29
3063,29
3064,29
3065,29
3066,29
3067,29
3068,29
3069,29
3070,29
3071,29
3072,29
3073,29
3074,29
3075,4
3076,12
3077,12
3078,12
3079,12
3080,20
3081,12
3082,12
3083,12
3084,12
3085,20
3086,12
3087,12
3088,20
3089,12
3090,12
3091,12
3092,12
3093,20
3094,12
3095,12
3096,13
3097,12
3098,12
3099,19
3100,12
3101,20
3102,20
3103,12
3104,20
3105,12
3106,12
3107,12
3108,20
3109,20
3110,20
3111,18
3112,20
3113,12
3114,14
3115,2
3116,5
3117,24
3118,5
3119,5
3120,5
3121,5
3122,5
3123,27
3124,5
3125,12
3126,12
3127,5
3128,5
3129,5
3130,5
3131,5
3132,5
3133,5
3134,5
3135,5
3136,5
3137,5
3138,5
3139,5
3140,5
3141,5
3142,5
3143,5
3144,5
3145,5
3146,5
3147,5
3148,5
3149,5
3150,5
3151,5
3152,5
3153,22
3154,5
3155,5
3156,5
3157,5
3158,14
3159,14
3160,10
3161,5
3162,8
3163,5
3164,20
3165,5
3166,10
3167,10
3168,5
3169,24
3170,24
3171,20
3172,27
3173,8
3174,22
3175,22
3176,22
3177,14
3178,28
3179,28
3180,8
3181,8
3182,8
3183,8
3184,8
3185,8
3186,8
3187,16
3188,16
3189,5
3190,5
3191,5
3192,27
3193,27
3194,27
3195,27
3196,27
3197,27
3198,27
3199,5
3200,27
3201,5
3202,5
3203,5
3204,5
3205,5
3206,5
3207,5
3208,0
3209,5
3210,5
3211,5
3212,5
3213,5
3214,5
3215,5
3216,5
3217,5
3218,5
3219,5
3220,5
3221,5
3222,5
3223,5
3224,5
3225,6
3226,6
3227,5
3228,8
3229,10
3230,16
3231,5
3232,5
3233,5
3234,5
3235,21
3236,21
3237,21
3238,14
3239,14
3240,14
3241,14
3242,14
3243,14
3244,14
3245,14
3246,14
3247,23
3248,21
3249,21
3250,14
3251,14
3252,14
3253,14
3254,14
3255,14
3256,14
3257,19
3258,14
3259,23
3260,19
3261,14
3262,14
3263,19
3264,11
3265,14
3266,14
3267,14
3268,14
3269,14
3270,23
3271,23
3272,23
3273,23
3274,23
3275,23
3276,23
3277,23
3278,27
3279,14
3280,22
3281,7
3282,14
3283,22
3284,14
3285,14
3286,14
3287,14
3288,14
3289,14
3290,19
3291,14
3292,14
3293,14
3294,14
3295,14
3296,14
3297,23
3298,14
3299,14
3300,22
3301,22
3302,22
3303,23
3304,22
3305,14
3306,14
3307,3
3308,3
3309,3
3310,3
3311,3
3312,3
3313,3
3314,3
3315,3
3316,3
3317,3
3318,3
3319,2
3320,7
3321,7
3322,23
3323,14
3324,23
3325,14
3326,14
3327,23
3328,23
3329,23
3330,14
3331,23
3332,14
3333,14
3334,14
3335,23
3336,24
3337,23
3338,14
3339,23
3340,14
3341,11
3342,14
3343,14
3344,14
3345,14
3346,19
3347,19
3348,14
3349,19
3350,14
3351,14
3352,14
3353,14
3354,23
3355,14
3356,23
3357,23
3358,14
3359,14
3360,23
3361,14
3362,23
3363,14
3364,14
3365,14
3366,22
3367,21
3368,23
3369,21
3370,19
3371,15
3372,21
3373,23
3374,7
3375,23
3376,7
3377,14
3378,14
3379,7
3380,14
3381,14
3382,23
3383,14
3384,4
3385,14
3386,14
3387,14
3388,14
3389,14
3390,14
3391,14
3392,26
3393,19
3394,19
3395,14
3396,19
3397,23
3398,23
3399,14
3400,21
3401,23
3402,23
3403,23
3404,21
3405,21
3406,21
3407,21
3408,14
3409,14
3410,14
3411,14
3412,19
3413,14
3414,19
3415,14
3416,14
3417,22
3418,14
3419,22
3420,14
3421,14
3422,14
3423,14
3424,2
3425,2
3426,2
3427,22
3428,14
3429,14
3430,23
3431,23
3432,22
3433,2
3434,2
3435,23
3436,19
3437,23
3438,23
3439,23
3440,23
3441,23
3442,23
3443,23
3444,23
3445,23
3446,23
3447,23
3448,23
3449,23
3450,23
3451,23
3452,21
3453,21
3454,21
3455,21
3456,21
3457,4
3458,14
3459,14
3460,14
3461,11
3462,11
3463,11
3464,11
3465,11
3466,11
3467,11
3468,11
3469,11
3470,11
3471,23
3472,22
3473,7
3474,7
3475,7
3476,7
3477,7
3478,7
3479,23
3480,23
3481,7
3482,7
3483,7
3484,7
3485,7
3486,7
3487,7
3488,7
3489,7
3490,7
3491,7
3492,7
3493,7
3494,7
3495,7
3496,7
3497,7
3498,11
3499,11
3500,11
3501,11
3502,11
3503,11
3504,11
3505,11
3506,23
3507,29
3508,11
3509,11
3510,11
3511,11
3512,11
3513,11
3514,11
3515,11
3516,11
3517,14
3518,23
3519,14
3520,14
3521,14
3522,23
3523,7
3524,7
3525,23
3526,7
3527,7
3528,23
3529,23
3530,23
3531,23
3532,23
3533,7
3534,7
3535,23
3536,7
3537,7
3538,7
3539,7
3540,24
3541,22
3542,22
3543,22
3544,22
3545,22
3546,24
3547,22
3548,21
3549,28
3550,3
3551,14
3552,14
3553,12
3554,12
3555,14
3556,23
3557,14
3558,23
3559,14
3560,23
3561,23
3562,23
3563,23
3564,23
3565,23
3566,23
3567,23
3568,23
3569,23
3570,23
3571,23
3572,23
3573,23
3574,23
3575,11
3576,10
3577,1
3578,21
3579,14
3580,12
3581,14
3582,1
3583,21
3584,21
3585,20
3586,21
3587,14
3588,14
3589,14
3590,14
3591,23
3592,16
3593,14
3594,14
3595,14
3596,14
3597,23
3598,14
3599,19
3600,14
3601,23
3602,14
3603,14
3604,14
3605,21
3606,14
3607,21
3608,14
3609,26
3610,23
3611,23
3612,23
3613,23
3614,23
3615,23
3616,23
3617,23
3618,23
3619,23
3620,23
3621,4
3622,23
3623,7
3624,23
3625,27
3626,22
3627,27
3628,19
3629,27
3630,27
3631,27
3632,27
3633,27
3634,27
3635,27
3636,27
3637,23
3638,14
3639,23
3640,23
3641,7
3642,23
3643,7
3644,7
3645,7
3646,7
3647,7
3648,7
3649,7
3650,7
3651,7
3652,7
3653,23
3654,23
3655,23
3656,23
3657,7
3658,7
3659,23
3660,14
3661,14
3662,14
3663,23
3664,14
3665,23
3666,14
3667,14
3668,14
3669,14
3670,23
3671,7
3672,7
3673,7
3674,7
3675,23
3676,23
3677,23
3678,23
3679,23
3680,23
3681,23
3682,23
3683,14
3684,14
3685,14
3686,14
3687,2
3688,14
3689,14
3690,26
3691,26
3692,14
3693,14
3694,14
3695,14
3696,14
3697,14
3698,0
3699,14
3700,11
3701,11
3702,11
3703,11
3704,23
3705,23
3706,14
3707,14
3708,14
3709,21
3710,7
3711,7
3712,23
3713,23
3714,23
3715,23
3716,7
3717,23
3718,23
3719,23
3720,23
3721,7
3722,23
3723,23
3724,23
3725,7
3726,7
3727,23
3728,7
3729,7
3730,7
3731,7
3732,7
3733,7
3734,7
3735,23
3736,7
3737,7
3738,7
3739,23
3740,23
3741,23
3742,23
3743,23
3744,23
3745,23
3746,26
3747,23
3748,23
3749,23
3750,23
3751,23
3752,23
3753,7
3754,27
3755,27
3756,10
3757,14
3758,7
3759,7
3760,23
3761,14
3762,14
3763,14
3764,7
3765,7
3766,27
3767,7
3768,7
3769,23
3770,8
3771,29
3772,23
3773,29
3774,23
3775,29
3776,29
3777,23
3778,29
3779,29
3780,23
3781,27
3782,23
3783,14
3784,5
3785,14
3786,22
3787,14
3788,14
3789,7
3790,23
3791,23
3792,23
3793,23
3794,23
3795,23
3796,14
3797,23
3798,23
3799,23
3800,23
3801,23
3802,23
3803,23
3804,23
3805,23
3806,23
3807,23
3808,23
3809,14
3810,23
3811,14
3812,14
3813,3
3814,3
3815,3
3816,3
3817,3
3818,3
3819,3
3820,3
3821,14
3822,10
3823,10
3824,10
3825,10
3826,10
3827,10
3828,10
3829,10
3830,10
3831,10
3832,10
3833,10
3834,10
3835,8
3836,10
3837,16
3838,0
3839,10
3840,8
3841,10
3842,10
3843,10
3844,10
3845,10
3846,10
3847,10
3848,8
3849,10
3850,10
3851,10
3852,10
3853,10
3854,10
3855,16
3856,10
3857,10
3858,10
3859,10
3860,27
3861,8
3862,8
3863,8
3864,10
3865,10
3866,10
3867,10
3868,10
3869,10
3870,27
3871,8
3872,10
3873,10
3874,10
3875,10
3876,10
3877,10
3878,10
3879,0
3880,8
3881,10
3882,10
3883,10
3884,10
3885,10
3886,10
3887,10
3888,10
3889,10
3890,10
3891,10
3892,10
3893,10
3894,10
3895,10
3896,10
3897,10
3898,10
3899,10
3900,10
3901,10
3902,10
3903,10
3904,10
3905,10
3906,10
3907,10
3908,10
3909,10
3910,10
3911,10
3912,10
3913,10
3914,10
3915,10
3916,10
3917,0
3918,10
3919,10
3920,10
3921,10
3922,10
3923,10
3924,12
3925,13
3926,13
3927,13
3928,13
3929,13
3930,21
3931,13
3932,13
3933,21
3934,21
3935,13
3936,13
3937,13
3938,13
3939,13
3940,13
3941,29
3942,29
3943,29
3944,29
3945,29
3946,13
3947,29
3948,29
3949,29
3950,29
3951,29
3952,29
3953,29
3954,23
3955,21
3956,23
3957,28
3958,28
3959,23
3960,23
3961,23
3962,23
3963,23
3964,23
3965,23
3966,23
3967,23
3968,23
3969,23
3970,23
3971,21
3972,21
3973,21
3974,23
3975,28
3976,21
3977,21
3978,21
3979,21
3980,21
3981,21
3982,21
3983,15
3984,15
3985,19
3986,15
3987,15
3988,15
3989,15
3990,23
3991,23
3992,19
3993,21
3994,21
3995,19
3996,23
3997,19
3998,23
3999,19
4000,1
4001,2
4002,14
4003,2
4004,6
4005,6
4006,6
4007,29
4008,27
4009,23
4010,27
4011,27
4012,19
4013,23
4014,29
4015,23
4016,23
4017,23
4018,23
4019,21
4020,22
4021,22
4022,14
4023,14
4024,14
4025,14
4026,22
4027,20
4028,20
4029,19
4030,19
4031,27
4032,27
4033,27
4034,27
4035,27
4036,27
4037,27
4038,27
4039,27
4040,27
4041,27
4042,27
4043,27
4044,10
4045,27
4046,27
4047,27
4048,27
4049,27
4050,27
4051,27
4052,27
4053,27
4054,27
4055,27
4056,0
4057,27
4058,27
4059,27
4060,27
4061,27
4062,27
4063,27
4064,27
4065,27
4066,27
4067,27
4068,27
4069,23
4070,23
4071,23
4072,23
4073,22
4074,22
4075,11
4076,14
4077,14
4078,14
4079,11
4080,11
4081,11
4082,11
4083,14
4084,14
4085,14
4086,14
4087,14
4088,3
4089,3
4090,14
4091,14
4092,14
4093,11
4094,11
4095,11
4096,11
4097,23
4098,23
4099,29
4100,29
4101,23
4102,23
4103,23
4104,23
4105,14
4106,23
4107,14
4108,14
4109,14
4110,14
4111,5
4112,24
4113,24
4114,24
4115,24
4116,24
4117,24
4118,24
4119,23
4120,12
4121,24
4122,24
4123,24
4124,24
4125,20
4126,20
4127,20
4128,20
4129,20
4130,20
4131,20
4132,20
4133,20
4134,20
4135,20
4136,20
4137,20
4138,20
4139,20
4140,20
4141,20
4142,20
4143,20
4144,20
4145,20
4146,27
4147,27
4148,27
4149,27
4150,27
4151,27
4152,29
4153,29
4154,29
4155,27
4156,27
4157,27
4158,27
4159,0
4160,0
4161,0
4162,0
4163,0
4164,0
4165,0
4166,0
4167,0
4168,0
4169,0
4170,0
4171,0
4172,0
4173,0
4174,0
4175,0
4176,20
4177,0
4178,20
4179,20
4180,0
4181,24
4182,24
4183,22
4184,22
4185,20
4186,20
4187,20
4188,20
4189,28
4190,20
4191,20
4192,14
4193,14
4194,16
4195,14
4196,14
4197,16
4198,23
4199,2
4200,23
4201,23
4202,23
4203,23
4204,24
4205,24
4206,24
4207,24
4208,29
4209,24
4210,24
4211,14
4212,14
4213,14
4214,14
4215,1
4216,1
4217,14
4218,14
4219,1
4220,1
4221,1
4222,1
4223,24
4224,22
4225,22
4226,12
4227,22
4228,22
4229,1
4230,1
4231,1
4232,1
4233,8
4234,24
4235,20
4236,20
4237,20
4238,20
4239,20
4240,20
4241,20
4242,20
4243,20
4244,20
4245,20
4246,20
4247,0
4248,20
4249,20
4250,20
4251,20
4252,20
4253,20
4254,20
4255,20
4256,20
4257,20
4258,20
4259,20
4260,20
4261,20
4262,20
4263,20
4264,20
4265,20
4266,20
4267,20
4268,20
4269,20
4270,12
4271,20
4272,20
4273,20
4274,20
4275,20
4276,20
4277,20
4278,0
4279,0
4280,12
4281,12
4282,12
4283,12
4284,12
4285,12
4286,12
4287,12
4288,12
4289,12
4290,12
4291,12
4292,12
4293,12
4294,8
4295,26
4296,20
4297,20
4298,20
4299,20
4300,20
4301,22
4302,1
4303,1
4304,14
4305,1
4306,1
4307,1
4308,14
4309,12
4310,12
4311,12
4312,12
4313,12
4314,27
4315,21
4316,21
4317,21
4318,21
4319,21
4320,12
4321,21
4322,17
4323,27
4324,21
4325,17
4326,21
4327,17
4328,17
4329,17
4330,17
4331,21
4332,14
4333,24
4334,22
4335,22
4336,22
4337,20
4338,20
4339,20
4340,27
4341,20
4342,20
4343,20
4344,20
4345,8
4346,20
4347,20
4348,20
4349,8
4350,12
4351,22
4352,14
4353,22
4354,14
4355,19
4356,14
4357,19
4358,22
4359,22
4360,14
4361,28
4362,22
4363,8
4364,7
4365,19
4366,19
4367,19
4368,19
4369,19
4370,19
4371,19
4372,19
4373,19
4374,26
4375,21
4376,21
4377,21
4378,21
4379,21
4380,21
4381,21
4382,24
4383,21
4384,14
4385,14
4386,14
4387,14
4388,21
4389,21
4390,21
4391,21
4392,21
4393,21
4394,22
4395,22
4396,22
4397,22
4398,14
4399,14
4400,22
4401,13
4402,13
4403,13
4404,13
4405,13
4406,13
4407,13
4408,13
4409,13
4410,13
4411,13
4412,17
4413,17
4414,17
4415,17
4416,17
4417,17
4418,17
4419,17
4420,13
4421,13
4422,13
4423,10
4424,2
4425,2
4426,2
4427,16
4428,2
4429,16
4430,16
4431,16
4432,7
4433,14
4434,8
4435,8
4436,5
4437,16
4438,16
4439,16
4440,8
4441,12
4442,27
4443,27
4444,27
4445,27
4446,29
4447,27
4448,27
4449,27
4450,27
4451,27
4452,27
4453,27
4454,0
4455,27
4456,5
4457,27
4458,27
4459,27
4460,27
4461,27
4462,27
4463,27
4464,27
4465,27
4466,27
4467,27
4468,27
4469,27
4470,27
4471,27
4472,27
4473,27
4474,27
4475,27
4476,27
4477,27
4478,27
4479,27
4480,0
4481,27
4482,27
4483,27
4484,27
4485,27
4486,27
4487,27
4488,27
4489,27
4490,27
4491,27
4492,27
4493,16
4494,16
4495,16
4496,27
4497,27
4498,0
4499,27
4500,27
4501,27
4502,27
4503,29
4504,27
4505,27
4506,27
4507,10
4508,27
4509,27
4510,27
4511,5
4512,5
4513,0
4514,0
4515,0
4516,5
4517,5
4518,5
4519,5
4520,5
4521,5
4522,5
4523,5
4524,5
4525,5
4526,10
4527,10
4528,10
4529,10
4530,10
4531,14
4532,22
4533,10
4534,10
4535,29
4536,29
4537,29
4538,29
4539,29
4540,29
4541,29
4542,29
4543,29
4544,29
4545,29
4546,29
4547,29
4548,29
4549,29
4550,29
4551,29
4552,8
4553,8
4554,14
4555,14
4556,14
4557,1
4558,14
4559,2
4560,2
4561,2
4562,2
4563,2
4564,2
4565,2
4566,2
4567,2
4568,2
4569,2
4570,2
4571,2
4572,2
4573,2
4574,2
4575,2
4576,2
4577,2
4578,2
4579,2
4580,2
4581,2
4582,1
4583,22
4584,22
4585,10
4586,22
4587,1
4588,1
4589,1
4590,1
4591,1
4592,1
4593,1
4594,1
4595,1
4596,1
4597,2
4598,16
4599,6
4600,6
4601,5
4602,2
4603,2
4604,16
4605,1
4606,1
4607,1
4608,1
4609,2
4610,10
4611,8
4612,16
4613,6
4614,16
4615,22
4616,22
4617,22
4618,8
4619,12
4620,12
4621,27
4622,12
4623,12
4624,8
4625,8
4626,8
4627,8
4628,8
4629,8
4630,8
4631,8
4632,10
4633,10
4634,10
4635,10
4636,10
4637,10
4638,10
4639,10
4640,10
4641,8
4642,10
4643,10
4644,20
4645,8
4646,8
4647,8
4648,8
4649,8
4650,8
4651,20
4652,20
4653,8
4654,8
4655,24
4656,10
4657,6
4658,0
4659,5
4660,14
4661,7
4662,7
4663,7
4664,7
4665,29
4666,29
4667,19
4668,19
4669,19
4670,19
4671,29
4672,5
4673,19
4674,19
4675,4
4676,4
4677,4
4678,4
4679,4
4680,4
4681,4
4682,4
4683,4
4684,4
4685,4
4686,4
4687,4
4688,4
4689,4
4690,9
4691,21
4692,4
4693,4
4694,4
4695,4
4696,4
4697,4
4698,4
4699,4
4700,4
4701,4
4702,0
4703,27
4704,27
4705,27
4706,5
4707,0
4708,5
4709,0
4710,5
4711,8
4712,5
4713,5
4714,5
4715,12
4716,5
4717,5
4718,5
4719,5
4720,5
4721,5
4722,12
4723,12
4724,5
4725,0
4726,5
4727,28
4728,28
4729,5
4730,5
4731,28
4732,21
4733,21
4734,21
4735,21
4736,21
4737,21
4738,21
4739,21
4740,21
4741,21
4742,21
4743,21
4744,21
4745,21
4746,21
4747,21
4748,21
4749,21
4750,21
4751,21
4752,21
4753,21
4754,29
4755,21
4756,21
4757,29
4758,21
4759,21
4760,29
4761,21
4762,21
4763,21
4764,21
4765,29
4766,21
4767,21
4768,6
4769,21
4770,21
4771,21
4772,21
4773,21
4774,0
4775,0
4776,21
4777,21
4778,21
4779,21
4780,21
4781,21
4782,21
4783,21
4784,21
4785,21
4786,21
4787,21
4788,21
4789,21
4790,21
4791,21
4792,21
4793,21
4794,21
4795,21
4796,21
4797,21
4798,21
4799,21
4800,21
4801,21
4802,21
4803,21
4804,21
4805,21
4806,21
4807,21
4808,21
4809,21
4810,21
4811,21
4812,21
4813,21
4814,21
4815,21
4816,21
4817,21
4818,21
4819,21
4820,21
4821,21
4822,21
4823,21
4824,21
4825,21
4826,6
4827,6
4828,6
4829,21
4830,21
4831,21
4832,21
4833,21
4834,21
4835,21
4836,21
4837,21
4838,21
4839,21
4840,9
4841,9
4842,9
4843,9
4844,21
4845,13
4846,13
4847,13
4848,13
4849,13
4850,13
4851,13
4852,13
4853,13
4854,13
4855,13
4856,13
4857,13
4858,13
4859,13
4860,13
4861,13
4862,13
4863,13
4864,0
4865,0
4866,0
4867,0
4868,0
4869,0
4870,0
4871,0
4872,0
4873,0
4874,17
4875,17
4876,17
4877,21
4878,21
4879,21
4880,21
4881,10
4882,10
4883,10
4884,10
4885,10
4886,10
4887,10
4888,6
4889,6
4890,6
4891,6
4892,6
4893,6
4894,6
4895,6
4896,6
4897,6
4898,6
4899,6
4900,6
4901,6
4902,6
4903,6
4904,0
4905,6
4906,6
4907,6
4908,6
4909,6
4910,6
4911,6
4912,6
4913,6
4914,6
4915,6
4916,6
4917,6
4918,0
4919,12
4920,6
4921,6
4922,6
4923,12
4924,6
4925,0
4926,6
4927,21
4928,21
4929,21
4930,16
4931,27
4932,10
4933,27
4934,27
4935,27
4936,27
4937,27
4938,27
4939,27
4940,16
4941,27
4942,27
4943,27
4944,27
4945,27
4946,27
4947,20
4948,20
4949,8
4950,20
4951,20
4952,20
4953,10
4954,8
4955,10
4956,20
4957,10
4958,10
4959,10
4960,10
4961,12
4962,9
4963,8
4964,25
4965,25
4966,25
4967,25
4968,25
4969,25
4970,21
4971,4
4972,4
4973,4
4974,4
4975,4
4976,27
4977,27
4978,27
4979,0
4980,0
4981,0
4982,0
4983,19
4984,19
4985,19
4986,19
4987,19
4988,19
4989,19
4990,19
4991,19
4992,19
4993,19
4994,19
4995,19
4996,21
4997,5
4998,5
4999,19
5000,19
5001,19
5002,19
5003,19
5004,19
5005,19
5006,19
5007,19
5008,19
5009,19
5010,19
5011,2
5012,2
5013,2
5014,29
5015,29
5016,29
5017,29
5018,19
5019,29
5020,29
5021,29
5022,29
5023,29
5024,29
5025,5
5026,5
5027,5
5028,5
5029,5
5030,5
5031,28
5032,5
5033,22
5034,5
5035,5
5036,26
5037,19
5038,19
5039,19
5040,19
5041,19
5042,19
5043,19
5044,19
5045,19
5046,19
5047,19
5048,19
5049,19
5050,19
5051,19
5052,19
5053,19
5054,19
5055,19
5056,19
5057,19
5058,19
5059,19
5060,19
5061,19
5062,19
5063,19
5064,19
5065,19
5066,29
5067,5
5068,5
5069,5
5070,5
5071,22
5072,22
5073,5
5074,24
5075,5
5076,5
5077,5
5078,2
5079,5
5080,5
5081,5
5082,5
5083,20
5084,20
5085,20
5086,10
5087,24
5088,24
5089,6
5090,20
5091,8
5092,8
5093,8
5094,8
5095,8
5096,0
5097,0
5098,22
5099,22
5100,19
5101,14
5102,14
5103,0
5104,0
5105,0
5106,0
5107,0
5108,0
5109,0
5110,0
5111,0
5112,0
5113,0
5114,0
5115,14
5116,14
5117,21
5118,21
5119,21
5120,21
5121,23
5122,23
5123,21
5124,21
5125,21
5126,21
5127,21
5128,21
5129,21
5130,21
5131,20
5132,2
5133,2
5134,2
5135,2
5136,2
5137,2
5138,1
5139,2
5140,2
5141,2
5142,14
5143,14
5144,14
5145,14
5146,14
5147,14
5148,14
5149,14
5150,14
5151,14
5152,14
5153,14
5154,14
5155,14
5156,16
5157,6
5158,2
5159,6
5160,6
5161,6
5162,28
5163,28
5164,28
5165,28
5166,1
5167,27
5168,27
5169,0
5170,5
5171,5
5172,14
5173,7
5174,0
5175,10
5176,3
5177,7
5178,4
5179,4
5180,4
5181,4
5182,21
5183,4
5184,2
5185,2
5186,2
5187,2
5188,2
5189,2
5190,2
5191,5
5192,5
5193,5
5194,5
5195,12
5196,8
5197,8
5198,12
5199,12
5200,12
5201,12
5202,12
5203,12
5204,12
5205,10
5206,20
5207,20
5208,20
5209,20
5210,8
5211,8
5212,8
5213,8
5214,8
5215,8
5216,8
5217,27
5218,0
5219,28
5220,28
5221,28
5222,28
5223,28
5224,28
5225,28
5226,28
5227,28
5228,28
5229,28
5230,28
5231,28
5232,28
5233,28
5234,22
5235,28
5236,28
5237,28
5238,28
5239,28
5240,28
5241,28
5242,22
5243,28
5244,14
5245,23
5246,28
5247,28
5248,28
5249,28
5250,10
5251,28
5252,28
5253,28
5254,23
5255,23
5256,22
5257,26
5258,2
5259,9
5260,9
5261,20
5262,20
5263,20
5264,20
5265,12
5266,12
5267,20
5268,20
5269,20
5270,20
5271,20
5272,12
5273,20
5274,20
5275,12
5276,12
5277,12
5278,12
5279,12
5280,14
5281,0
5282,0
5283,0
5284,0
5285,0
5286,0
5287,0
5288,0
5289,0
5290,0
5291,0
5292,0
5293,0
5294,0
5295,0
5296,0
5297,0
5298,0
5299,0
5300,0
5301,0
5302,0
5303,0
5304,0
5305,0
5306,0
5307,0
5308,0
5309,0
5310,0
5311,0
5312,0
5313,0
5314,0
5315,0
5316,0
5317,0
5318,0
5319,23
5320,23
5321,12
5322,12
5323,12
5324,12
5325,12
5326,12
5327,12
5328,14
5329,14
5330,14
5331,14
5332,21
5333,14
5334,19
5335,14
5336,24
5337,14
5338,14
5339,14
5340,12
5341,12
5342,12
5343,12
5344,12
5345,12
5346,27
5347,27
5348,27
5349,27
5350,29
5351,29
5352,29
5353,29
5354,26
5355,26
5356,26
5357,22
5358,27
5359,16
5360,2
5361,16
5362,14
5363,22
5364,22
5365,14
5366,0
5367,0
5368,0
5369,0
5370,0
5371,0
5372,0
5373,0
5374,0
5375,0
5376,0
5377,0
5378,6
5379,27
5380,27
5381,27
5382,27
5383,27
5384,27
5385,10
5386,10
5387,10
5388,10
5389,10
5390,10
5391,10
5392,10
5393,10
5394,7
5395,27
5396,27
5397,27
5398,27
5399,27
5400,10
5401,10
5402,10
5403,16
5404,16
5405,16
5406,16
5407,16
5408,16
5409,16
5410,16
5411,16
5412,5
5413,27
5414,16
5415,16
5416,16
5417,16
5418,16
5419,16
5420,16
5421,16
5422,16
5423,16
5424,29
5425,16
5426,16
5427,16
5428,6
5429,8
5430,6
5431,16
5432,6
5433,5
5434,5
5435,16
5436,16
5437,29
5438,29
5439,29
5440,29
5441,29
5442,29
5443,29
5444,29
5445,29
5446,21
5447,29
5448,29
5449,29
5450,29
5451,29
5452,29
5453,29
5454,29
5455,29
5456,29
5457,29
5458,29
5459,29
5460,29
5461,29
5462,29
5463,29
5464,29
5465,29
5466,29
5467,29
5468,21
5469,21
5470,21
5471,21
5472,21
5473,21
5474,17
5475,17
5476,17
5477,6
5478,6
5479,6
5480,6
5481,6
5482,25
5483,25
5484,23
5485,25
5486,21
5487,23
5488,21
5489,21
5490,21
5491,7
5492,23
5493,23
5494,7
5495,7
5496,21
5497,29
5498,29
5499,2
5500,19
5501,19
5502,19
5503,19
5504,19
5505,19
5506,19
5507,4
5508,4
5509,4
5510,4
5511,23
5512,21
5513,7
5514,14
5515,21
5516,14
5517,14
5518,27
5519,27
5520,8
5521,8
5522,8
5523,28
5524,14
5525,22
5526,7
5527,7
5528,7
5529,7
5530,14
5531,7
5532,1
5533,1
5534,21
5535,27
5536,27
5537,27
5538,2
5539,5
5540,20
5541,12
5542,24
5543,24
5544,24
5545,24
5546,24
5547,24
5548,24
5549,24
5550,16
5551,26
5552,26
5553,0
5554,0
5555,0
5556,0
5557,0
5558,0
5559,0
5560,0
5561,20
5562,0
5563,0
5564,5
5565,0
5566,0
5567,0
5568,0
5569,5
5570,5
5571,27
5572,0
5573,0
5574,0
5575,24
5576,24
5577,2
5578,14
5579,14
5580,14
5581,26
5582,21
5583,21
5584,26
5585,12
5586,12
5587,0
5588,27
5589,12
5590,21
5591,21
5592,21
5593,21
5594,21
5595,5
5596,5
5597,5
5598,5
5599,27
5600,5
5601,23
5602,21
5603,21
5604,21
5605,21
5606,21
5607,21
5608,14
5609,14
5610,14
5611,14
5612,20
5613,0
5614,0
5615,0
5616,0
5617,27
5618,27
5619,27
5620,13
5621,13
5622,0
5623,0
5624,27
5625,27
5626,27
5627,27
5628,12
5629,12
5630,12
5631,12
5632,12
5633,12
5634,5
5635,5
5636,27
5637,27
5638,0
5639,0
5640,0
5641,0
5642,0
5643,0
5644,0
5645,0
5646,5
5647,5
5648,27
5649,27
5650,27
5651,27
5652,0
5653,13
5654,29
5655,29
5656,29
5657,8
5658,28
5659,28
5660,13
5661,13
5662,13
5663,13
5664,27
5665,0
5666,27
5667,0
5668,0
5669,0
5670,27
5671,27
5672,27
5673,27
5674,27
5675,27
5676,27
5677,27
5678,27
5679,27
5680,27
5681,27
5682,27
5683,27
5684,27
5685,27
5686,27
5687,27
5688,27
5689,16
5690,0
5691,16
5692,16
5693,27
5694,0
5695,0
5696,5
5697,5
5698,2
5699,2
5700,5
5701,5
5702,0
5703,0
5704,5
5705,27
5706,10
5707,10
5708,10
5709,10
5710,10
5711,10
5712,5
5713,5
5714,27
5715,0
5716,28
5717,12
5718,12
5719,12
5720,2
5721,10
5722,29
5723,29
5724,29
5725,29
5726,27
5727,29
5728,29
5729,20
5730,10
5731,27
5732,27
5733,27
5734,27
5735,27
5736,12
5737,10
5738,10
5739,20
5740,29
5741,27
5742,4
5743,4
5744,4
5745,6
5746,6
5747,21
5748,21
5749,21
5750,21
5751,21
5752,21
5753,21
5754,21
5755,14
5756,8
5757,1
5758,4
5759,20
5760,6
5761,6
5762,6
5763,6
5764,6
5765,6
5766,6
5767,21
5768,21
5769,4
5770,21
5771,21
5772,21
5773,24
5774,19
5775,19
5776,19
5777,19
5778,19
5779,24
5780,24
5781,24
5782,0
5783,0
5784,24
5785,14
5786,14
5787,22
5788,5
5789,4
5790,4
5791,4
5792,4
5793,4
5794,4
5795,4
5796,4
5797,19
5798,4
5799,4
5800,4
5801,4
5802,4
5803,4
5804,4
5805,4
5806,4
5807,21
5808,4
5809,4
5810,10
5811,10
5812,10
5813,10
5814,10
5815,5
5816,5
5817,5
5818,5
5819,5
5820,16
5821,0
5822,10
5823,1
5824,1
5825,26
5826,6
5827,20
5828,22
5829,22
5830,22
5831,22
5832,21
5833,23
5834,23
5835,11
5836,2
5837,11
5838,2
5839,23
5840,14
5841,24
5842,14
5843,14
5844,11
5845,11
5846,2
5847,23
5848,23
5849,23
5850,23
5851,23
5852,23
5853,23
5854,23
5855,23
5856,23
5857,23
5858,23
5859,11
5860,23
5861,23
5862,23
5863,23
5864,23
5865,23
5866,23
5867,23
5868,23
5869,21
5870,23
5871,23
5872,14
5873,14
5874,24
5875,24
5876,24
5877,24
5878,24
5879,11
5880,11
5881,24
5882,24
5883,24
5884,24
5885,24
5886,24
5887,14
5888,14
5889,14
5890,14
5891,24
5892,20
5893,24
5894,14
5895,14
5896,14
5897,14
5898,23
5899,24
5900,24
5901,24
5902,23
5903,23
5904,23
5905,23
5906,23
5907,23
5908,23
5909,23
5910,23
5911,23
5912,23
5913,23
5914,23
5915,23
5916,23
5917,23
5918,23
5919,23
5920,23
5921,23
5922,23
5923,23
5924,23
5925,23
5926,23
5927,23
5928,23
5929,23
5930,23
5931,23
5932,23
5933,23
5934,23
5935,23
5936,23
5937,23
5938,23
5939,23
5940,23
5941,23
5942,23
5943,23
5944,23
5945,23
5946,23
5947,23
5948,23
5949,19
5950,23
5951,23
5952,23
5953,23
5954,23
5955,23
5956,23
5957,23
5958,23
5959,23
5960,23
5961,23
5962,23
5963,23
5964,23
5965,23
5966,23
5967,23
5968,23
5969,23
5970,11
5971,23
5972,23
5973,23
5974,23
5975,23
5976,23
5977,23
5978,23
5979,23
5980,23
5981,27
5982,23
5983,23
5984,5
5985,23
5986,23
5987,23
5988,23
5989,23
5990,23
5991,23
5992,23
5993,23
5994,23
5995,23
5996,23
5997,23
5998,23
5999,23
6000,23
6001,23
6002,23
6003,24
6004,24
6005,12
6006,20
6007,12
6008,8
6009,21
6010,21
6011,21
6012,12
6013,12
6014,12
6015,22
6016,4
6017,4
6018,4
6019,4
6020,4
6021,22
6022,5
6023,27
6024,13
6025,6
6026,6
6027,10
6028,10
6029,23
6030,5
6031,8
6032,8
6033,10
6034,8
6035,5
6036,5
6037,27
6038,0
6039,0
6040,0
6041,5
6042,8
6043,10
6044,27
6045,0
6046,20
6047,10
6048,21
6049,21
6050,21
6051,21
6052,21
6053,27
6054,27
6055,27
6056,27
6057,27
6058,27
6059,27
6060,27
6061,27
6062,27
6063,26
6064,12
6065,12
6066,21
6067,28
6068,27
6069,11
6070,23
6071,26
6072,26
6073,26
6074,27
6075,27
6076,23
6077,23
6078,23
6079,23
6080,23
6081,23
6082,23
6083,23
6084,23
6085,23
6086,23
6087,0
6088,9
6089,12
6090,12
6091,12
6092,10
6093,20
6094,12
6095,12
6096,1
6097,20
6098,12
6099,22
6100,12
6101,12
6102,20
6103,20
6104,20
6105,20
6106,4
6107,7
6108,12
6109,12
6110,8
6111,22
6112,22
6113,15
6114,15
6115,6
6116,6
6117,9
6118,4
6119,22
6120,22
6121,22
6122,22
6123,22
6124,23
6125,23
6126,23
6127,23
6128,23
6129,23
6130,23
6131,23
6132,23
6133,23
6134,23
6135,23
6136,23
6137,23
6138,23
6139,23
6140,23
6141,23
6142,23
6143,0
6144,0
6145,0
6146,23
6147,23
6148,19
6149,23
6150,23
6151,29
6152,23
6153,23
6154,23
6155,23
6156,23
6157,16
6158,20
6159,23
6160,23
6161,23
6162,23
6163,23
6164,23
6165,23
6166,23
6167,23
6168,23
6169,23
6170,23
6171,23
6172,23
6173,23
6174,23
6175,23
6176,23
6177,26
6178,14
6179,12
6180,29
6181,29
6182,22
6183,0
6184,0
6185,0
6186,0
6187,0
6188,0
6189,0
6190,0
6191,0
6192,0
6193,0
6194,23
6195,23
6196,23
6197,23
6198,23
6199,23
6200,23
6201,23
6202,23
6203,23
6204,0
6205,0
6206,0
6207,27
6208,27
6209,27
6210,23
6211,23
6212,23
6213,27
6214,27
6215,23
6216,23
6217,6
6218,6
6219,12
6220,29
6221,29
6222,29
6223,29
6224,29
6225,29
6226,29
6227,29
6228,29
6229,29
6230,29
6231,7
6232,29
6233,6
6234,6
6235,24
6236,24
6237,24
6238,27
6239,27
6240,27
6241,22
6242,6
6243,6
6244,27
6245,6
6246,4
6247,4
6248,4
6249,2
6250,22
6251,27
6252,1
6253,1
6254,28
6255,28
6256,28
6257,28
6258,17
6259,26
6260,26
6261,26
6262,26
6263,14
6264,14
6265,14
6266,14
6267,14
6268,1
6269,12
6270,18
6271,18
6272,0
6273,12
6274,0
6275,23
6276,0
6277,28
6278,5
6279,5
6280,10
6281,10
6282,10
6283,10
6284,20
6285,9
6286,9
6287,10
6288,10
6289,8
6290,12
6291,12
6292,12
6293,12
6294,12
6295,12
6296,5
6297,11
6298,11
6299,11
6300,11
6301,5
6302,5
6303,5
6304,22
6305,12
6306,12
6307,12
6308,12
6309,5
6310,11
6311,26
6312,21
6313,21
6314,12
6315,8
6316,8
6317,8
6318,8
6319,8
6320,8
6321,8
6322,8
6323,8
6324,8
6325,0
6326,8
6327,21
6328,21
6329,21
6330,13
6331,13
6332,13
6333,21
6334,14
6335,14
6336,14
6337,14
6338,14
6339,14
6340,23
6341,14
6342,24
6343,24
6344,12
6345,12
6346,12
6347,12
6348,0
6349,0
6350,0
6351,0
6352,0
6353,0
6354,27
6355,0
6356,0
6357,0
6358,27
6359,29
6360,29
6361,29
6362,29
6363,16
6364,16
6365,16
6366,16
6367,2
6368,29
6369,29
6370,23
6371,23
6372,23
6373,23
6374,23
6375,19
6376,23
6377,23
6378,23
6379,21
6380,23
6381,23
6382,29
6383,23
6384,23
6385,23
6386,23
6387,23
6388,23
6389,19
6390,14
6391,14
6392,14
6393,23
6394,23
6395,19
6396,19
6397,19
6398,19
6399,19
6400,19
6401,19
6402,13
6403,12
6404,12
6405,11
6406,11
6407,11
6408,11
6409,23
6410,14
6411,11
6412,21
6413,20
6414,29
6415,0
6416,8
6417,21
6418,10
6419,10
6420,21
6421,21
6422,10
6423,10
6424,17
6425,24
6426,0
6427,0
6428,29
6429,23
6430,23
6431,29
6432,29
6433,11
6434,11
6435,23
6436,23
6437,23
6438,23
6439,27
6440,5
6441,5
6442,5
6443,5
6444,5
6445,5
6446,5
6447,5
6448,5
6449,27
6450,27
6451,7
6452,10
6453,10
6454,23
6455,23
6456,23
6457,21
6458,23
6459,23
6460,23
6461,23
6462,1
6463,23
6464,23
6465,23
6466,2
6467,23
6468,23
6469,0
6470,0
6471,0
6472,27
6473,12
6474,0
6475,12
6476,12
6477,12
6478,12
6479,12
6480,12
6481,12
6482,12
6483,8
6484,8
6485,10
6486,10
6487,10
6488,10
6489,10
6490,24
6491,21
6492,8
6493,24
6494,24
6495,24
6496,12
6497,24
6498,24
6499,21
6500,20
6501,12
6502,12
6503,24
6504,24
6505,13
6506,21
6507,21
6508,27
6509,20
6510,12
6511,8
6512,8
6513,21
6514,23
6515,19
6516,24
6517,24
6518,24
6519,24
6520,24
6521,22
6522,24
6523,8
6524,12
6525,12
6526,5
6527,5
6528,5
6529,12
6530,12
6531,13
6532,13
6533,19
6534,19
6535,19
6536,19
6537,21
6538,24
6539,8
6540,11
6541,8
6542,8
6543,8
6544,21
6545,21
6546,21
6547,21
6548,14
6549,14
6550,28
6551,14
6552,14
6553,14
6554,14
6555,14
6556,14
6557,14
6558,14
6559,14
6560,7
6561,7
6562,21
6563,21
6564,9
6565,9
6566,9
6567,9
6568,9
6569,9
6570,9
6571,9
6572,9
6573,9
6574,9
6575,9
6576,9
6577,9
6578,9
6579,9
6580,9
6581,9
6582,14
6583,11
6584,11
6585,11
6586,22
6587,14
6588,18
6589,18
6590,18
6591,18
6592,21
6593,25
6594,15
6595,15
6596,15
6597,19
6598,23
6599,0
6600,23
6601,5
6602,5
6603,5
6604,5
6605,5
6606,5
6607,14
6608,14
6609,26
6610,10
6611,4
6612,5
6613,10
6614,2
6615,4
6616,4
6617,4
6618,29
6619,29
6620,2
6621,2
6622,2
6623,2
6624,21
6625,12
6626,27
6627,10
6628,2
6629,2
6630,16
6631,2
6632,20
6633,27
6634,27
6635,27
6636,27
6637,27
6638,27
6639,20
6640,20
6641,5
6642,27
6643,27
6644,27
6645,27
6646,27
6647,27
6648,13
6649,13
6650,10
6651,10
6652,10
6653,25
6654,25
6655,5
6656,9
6657,9
6658,9
6659,9
6660,9
6661,9
6662,23
6663,23
6664,23
6665,23
6666,23
6667,23
6668,23
6669,23
6670,14
6671,5
6672,14
6673,14
6674,10
6675,22
6676,10
6677,10
6678,10
6679,19
6680,19
6681,19
6682,9
6683,9
6684,9
6685,9
6686,9
6687,9
6688,9
6689,9
6690,13
6691,13
6692,13
6693,13
6694,29
6695,29
6696,29
6697,27
6698,27
6699,12
6700,12
6701,12
6702,12
6703,12
6704,12
6705,12
6706,12
6707,12
6708,12
6709,12
6710,12
6711,12
6712,12
6713,12
6714,12
6715,12
6716,12
6717,4
6718,20
6719,1
6720,28
6721,21
6722,21
6723,10
6724,10
6725,5
6726,5
6727,5
6728,5
6729,24
6730,0
6731,0
6732,0
6733,0
6734,0
6735,0
6736,6
6737,6
6738,6
6739,6
6740,8
6741,13
6742,13
6743,0
6744,9
6745,12
6746,20
6747,20
6748,20
6749,22
6750,28
6751,12
6752,12
6753,12
6754,12
6755,12
6756,12
6757,24
6758,24
6759,24
6760,11
6761,24
6762,26
6763,26
6764,26
6765,28
6766,28
6767,28
6768,28
6769,19
6770,19
6771,0
6772,19
6773,29
6774,19
6775,12
6776,19
6777,21
6778,0
6779,0
6780,0
6781,0
6782,12
6783,6
6784,6
6785,6
6786,6
6787,6
6788,6
6789,20
6790,23
6791,23
6792,0
6793,23
6794,2
6795,2
6796,27
6797,27
6798,27
6799,27
6800,0
6801,27
6802,27
6803,27
6804,27
6805,27
6806,27
6807,27
6808,27
6809,27
6810,27
6811,27
6812,23
6813,0
6814,0
6815,0
6816,29
6817,29
6818,10
6819,10
6820,19
6821,19
6822,19
6823,19
6824,13
6825,29
6826,29
6827,29
6828,29
6829,29
6830,28
6831,27
6832,13
6833,21
6834,28
6835,29
6836,29
6837,20
6838,20
6839,20
6840,4
6841,27
6842,27
6843,24
6844,24
6845,24
6846,24
6847,0
6848,0
6849,0
6850,0
6851,0
6852,0
6853,0
6854,0
6855,0
6856,0
6857,0
6858,0
6859,0
6860,0
6861,0
6862,0
6863,0
6864,0
6865,0
6866,0
6867,0
6868,0
6869,0
6870,0
6871,0
6872,8
6873,8
6874,0
6875,11
6876,13
6877,13
6878,12
6879,12
6880,14
6881,14
6882,2
6883,27
6884,27
6885,10
6886,14
6887,12
6888,12
6889,12
6890,8
6891,9
6892,12
6893,27
6894,27
6895,27
6896,21
6897,21
6898,0
6899,21
6900,21
6901,1
6902,1
6903,4
6904,12
6905,12
6906,27
6907,0
6908,14
6909,21
6910,19
6911,23
6912,23
6913,24
6914,27
6915,27
6916,16
6917,0
6918,14
6919,14
6920,14
6921,14
6922,14
6923,6
6924,6
6925,6
6926,23
6927,22
6928,22
6929,22
6930,23
6931,23
6932,23
6933,6
6934,6
6935,6
6936,6
6937,6
6938,5
6939,29
6940,5
6941,14
6942,27
6943,27
6944,23
6945,23
6946,14
6947,29
6948,29
6949,29
6950,29
6951,29
6952,6
6953,4
6954,4
6955,21
6956,21
6957,12
6958,6
6959,6
6960,6
6961,23
6962,21
6963,27
6964,29
6965,27
6966,29
6967,20
6968,20
6969,20
6970,20
6971,12
6972,22
6973,14
6974,27
6975,27
6976,27
6977,27
6978,27
6979,27
6980,27
6981,24
6982,20
6983,27
6984,23
6985,10
6986,0
6987,0
6988,0
6989,0
6990,0
6991,0
6992,29
6993,21
6994,0
6995,10
6996,0
6997,0
6998,0
6999,16
7000,14
7001,27
7002,27
7003,27
7004,27
7005,5
7006,17
7007,14
7008,14
7009,21
7010,21
7011,2
7012,19
7013,19
7014,23
7015,27
7016,27
7017,27
7018,27
7019,5
7020,5
7021,9
7022,14
7023,14
7024,16
7025,16
7026,16
7027,21
7028,5
7029,8
7030,4
7031,4
7032,4
7033,9
7034,9
7035,9
7036,9
7037,16
7038,16
7039,23
7040,23
7041,23
7042,23
7043,23
7044,23
7045,13
7046,27
7047,27
7048,19
7049,29
7050,29
7051,5
7052,27
7053,27
7054,27
7055,27
7056,27
7057,20
7058,23
7059,23
7060,9
7061,28
7062,28
7063,28
7064,28
7065,0
7066,24
7067,29
7068,29
7069,6
7070,6
7071,6
7072,12
7073,27
7074,19
7075,0
7076,10
7077,10
7078,10
7079,14
7080,7
7081,6
7082,12
7083,12
7084,2
7085,27
7086,12
7087,12
7088,12
7089,6
7090,6
7091,6
7092,6
7093,6
7094,6
7095,12
7096,16
7097,16
7098,16
7099,16
7100,29
7101,29
7102,20
7103,27
7104,14
7105,13
7106,13
7107,13
7108,10
7109,10
7110,27
7111,27
7112,27
7113,21
7114,8
7115,10
7116,19
7117,19
7118,19
7119,19
7120,19
7121,19
7122,29
7123,12
7124,12
7125,12
7126,12
7127,12
7128,23
7129,0
7130,19
7131,20
7132,20
7133,12
7134,12
7135,1
7136,13
7137,13
7138,12
7139,12
7140,12
7141,12
7142,29
7143,29
7144,14
7145,22
7146,26
7147,23
7148,23
7149,22
7150,22
7151,27
7152,27
7153,27
7154,0
7155,14
7156,6
7157,12
7158,21
7159,12
7160,29
7161,6
7162,10
7163,23
7164,23
7165,23
7166,9
7167,16
7168,16
7169,16
7170,26
7171,13
7172,22
7173,22
7174,28
7175,28
7176,19
7177,19
7178,13
7179,0
7180,2
7181,27
7182,6
7183,12
7184,10
7185,10
7186,10
7187,0
7188,1
7189,1
7190,5
7191,10
7192,20
7193,25
7194,25
7195,14
7196,27
7197,13
7198,0
7199,16
7200,29
7201,29
7202,6
7203,6
7204,6
7205,8
7206,5
7207,2
7208,9
7209,2
7210,23
7211,0
7212,22
7213,23
7214,20
7215,7
7216,5
7217,0
7218,0
7219,2
7220,21
7221,21
7222,13
7223,23
7224,0
7225,6
7226,6
7227,24
7228,6
7229,6
7230,27
7231,23
7232,21
7233,2
7234,14
7235,14
7236,14
7237,0
7238,0
7239,12
7240,21
7241,0
7242,10
7243,13
7244,9
7245,26
7246,5
7247,19
7248,19
7249,16
7250,22
7251,22
7252,27
7253,27
7254,13
7255,23
7256,22
7257,7
7258,9
7259,20
7260,19
7261,20
7262,19
7263,19
7264,6
7265,9
7266,17
7267,21
7268,27
7269,24
7270,27
7271,24
7272,6
7273,22
7274,21
7275,14
7276,16
7277,16
7278,0
7279,29
7280,28
7281,23
7282,13
7283,29
7284,4
7285,14
7286,2
7287,2
7288,10
7289,5
7290,5
7291,10
7292,0
7293,28
7294,23
7295,4
7296,0
