node,community
0,4
1,4
2,4
3,4
4,4
5,4
6,4
7,4
8,4
9,4
10,4
11,4
12,4
13,4
14,4
15,4
16,4
17,4
18,4
19,4
20,4
21,4
22,4
23,4
24,4
25,4
26,4
27,4
28,4
29,4
30,4
31,4
32,4
33,4
34,4
35,4
36,4
37,4
38,4
39,4
40,4
41,4
42,4
43,4
44,4
45,4
46,4
47,4
48,20
49,4
50,2
51,2
52,4
53,4
54,4
55,4
56,4
57,4
58,4
59,4
60,4
61,4
62,4
63,4
64,4
65,4
66,4
67,4
68,4
69,4
70,4
71,4
72,4
73,4
74,4
75,4
76,4
77,4
78,0
79,4
80,0
81,23
82,20
83,23
84,4
85,4
86,4
87,20
88,0
89,0
90,1
91,4
92,4
93,4
94,0
95,20
96,4
97,4
98,4
99,20
100,4
101,1
102,0
103,4
104,4
105,4
106,4
107,4
108,4
109,4
110,4
111,4
112,4
113,1
114,4
115,4
116,4
117,4
118,4
119,4
120,4
121,4
122,20
123,4
124,4
125,2
126,4
127,4
128,1
129,4
130,4
131,4
132,4
133,1
134,4
135,4
136,4
137,4
138,4
139,4
140,4
141,4
142,1
143,1
144,20
145,20
146,20
147,20
148,23
149,4
150,4
151,4
152,4
153,4
154,4
155,4
156,11
157,11
158,4
159,4
160,4
161,23
162,8
163,23
164,1
165,18
166,20
167,11
168,4
169,1
170,4
171,4
172,4
173,4
174,20
175,1
176,1
177,4
178,1
179,1
180,4
181,1
182,4
183,1
184,11
185,6
186,1
187,4
188,4
189,1
190,4
191,4
192,4
193,4
194,4
195,0
196,4
197,4
198,4
199,13
200,4
201,4
202,4
203,4
204,4
205,4
206,0
207,17
208,17
209,17
210,17
211,17
212,6
213,6
214,17
215,4
216,4
217,17
218,17
219,4
220,17
221,17
222,17
223,2
224,20
225,20
226,17
227,4
228,4
229,4
230,4
231,4
232,4
233,4
234,4
235,4
236,4
237,4
238,4
239,4
240,4
241,4
242,4
243,4
244,4
245,4
246,4
247,4
248,4
249,4
250,4
251,1
252,4
253,4
254,4
255,2
256,2
257,2
258,17
259,2
260,2
261,2
262,2
263,2
264,2
265,2
266,2
267,2
268,2
269,2
270,2
271,2
272,2
273,2
274,2
275,2
276,2
277,2
278,2
279,2
280,2
281,2
282,2
283,2
284,2
285,2
286,2
287,2
288,2
289,2
290,2
291,2
292,2
293,2
294,2
295,2
296,2
297,2
298,20
299,20
300,20
301,20
302,20
303,20
304,20
305,20
306,20
307,20
308,20
309,20
310,20
311,20
312,20
313,20
314,20
315,20
316,20
317,20
318,20
319,20
320,20
321,20
322,0
323,20
324,20
325,20
326,7
327,20
328,0
329,20
330,20
331,20
332,20
333,0
334,20
335,20
336,20
337,20
338,20
339,0
340,20
341,0
342,0
343,20
344,20
345,20
346,20
347,20
348,2
349,17
350,4
351,2
352,2
353,4
354,2
355,4
356,4
357,4
358,4
359,4
360,4
361,4
362,4
363,0
364,4
365,4
366,4
367,4
368,4
369,4
370,4
371,2
372,4
373,4
374,4
375,4
376,4
377,20
378,6
379,4
380,4
381,4
382,20
383,0
384,4
385,4
386,4
387,4
388,20
389,20
390,20
391,20
392,20
393,4
394,20
395,4
396,4
397,20
398,4
399,20
400,4
401,4
402,4
403,20
404,11
405,0
406,0
407,4
408,4
409,4
410,4
411,4
412,4
413,4
414,20
415,20
416,4
417,0
418,0
419,0
420,4
421,4
422,20
423,4
424,4
425,2
426,2
427,2
428,2
429,2
430,2
431,2
432,14
433,4
434,20
435,20
436,4
437,0
438,4
439,9
440,4
441,4
442,4
443,4
444,7
445,4
446,4
447,20
448,20
449,20
450,20
451,20
452,20
453,20
454,4
455,20
456,20
457,20
458,4
459,6
460,6
461,4
462,4
463,7
464,4
465,4
466,4
467,4
468,4
469,4
470,1
471,20
472,4
473,4
474,20
475,20
476,20
477,4
478,4
479,4
480,20
481,4
482,2
483,2
484,4
485,4
486,4
487,4
488,4
489,4
490,0
491,20
492,20
493,20
494,20
495,20
496,2
497,0
498,0
499,0
500,0
501,0
502,0
503,0
504,2
505,0
506,17
507,0
508,0
509,0
510,0
511,4
512,4
513,4
514,4
515,4
516,4
517,4
518,4
519,4
520,4
521,4
522,4
523,20
524,20
525,20
526,20
527,0
528,20
529,20
530,20
531,20
532,20
533,20
534,11
535,20
536,20
537,20
538,20
539,20
540,20
541,20
542,20
543,20
544,20
545,20
546,20
547,20
548,20
549,20
550,20
551,20
552,20
553,20
554,20
555,20
556,20
557,20
558,20
559,20
560,20
561,20
562,20
563,20
564,20
565,20
566,20
567,6
568,20
569,20
570,20
571,20
572,20
573,0
574,20
575,20
576,20
577,6
578,1
579,4
580,20
581,4
582,4
583,4
584,20
585,20
586,20
587,20
588,20
589,20
590,20
591,6
592,6
593,4
594,1
595,1
596,4
597,14
598,4
599,4
600,4
601,1
602,20
603,4
604,4
605,4
606,0
607,4
608,4
609,4
610,4
611,4
612,4
613,4
614,4
615,4
616,4
617,10
618,6
619,4
620,4
621,4
622,4
623,20
624,1
625,6
626,20
627,20
628,20
629,20
630,4
631,20
632,4
633,4
634,8
635,20
636,20
637,20
638,10
639,20
640,6
641,6
642,6
643,20
644,10
645,2
646,0
647,2
648,4
649,0
650,4
651,4
652,2
653,4
654,21
655,11
656,4
657,11
658,2
659,2
660,14
661,2
662,2
663,2
664,11
665,2
666,2
667,2
668,11
669,2
670,2
671,2
672,2
673,2
674,2
675,2
676,2
677,2
678,2
679,0
680,0
681,0
682,23
683,0
684,0
685,0
686,0
687,0
688,0
689,0
690,0
691,0
692,14
693,0
694,0
695,0
696,0
697,0
698,0
699,0
700,0
701,0
702,0
703,2
704,2
705,2
706,2
707,2
708,20
709,11
710,2
711,11
712,2
713,2
714,11
715,4
716,2
717,4
718,4
719,20
720,4
721,4
722,2
723,11
724,2
725,2
726,2
727,0
728,0
729,20
730,7
731,4
732,4
733,4
734,4
735,4
736,4
737,4
738,4
739,0
740,4
741,4
742,4
743,4
744,4
745,7
746,20
747,20
748,7
749,7
750,7
751,7
752,7
753,7
754,7
755,7
756,4
757,4
758,4
759,4
760,4
761,4
762,4
763,4
764,4
765,0
766,4
767,4
768,4
769,0
770,4
771,1
772,20
773,6
774,20
775,4
776,20
777,20
778,20
779,20
780,6
781,20
782,1
783,20
784,20
785,20
786,20
787,20
788,0
789,4
790,0
791,0
792,0
793,0
794,0
795,0
796,20
797,0
798,4
799,7
800,0
801,0
802,0
803,0
804,0
805,0
806,0
807,0
808,14
809,0
810,20
811,14
812,0
813,0
814,0
815,0
816,0
817,0
818,0
819,0
820,0
821,2
822,0
823,0
824,0
825,0
826,0
827,0
828,0
829,0
830,0
831,0
832,0
833,0
834,2
835,14
836,0
837,0
838,0
839,0
840,0
841,23
842,0
843,0
844,0
845,0
846,0
847,4
848,14
849,14
850,0
851,7
852,0
853,14
854,14
855,0
856,0
857,14
858,4
859,0
860,0
861,0
862,0
863,0
864,0
865,0
866,0
867,0
868,0
869,0
870,0
871,0
872,14
873,0
874,14
875,0
876,0
877,14
878,0
879,0
880,0
881,0
882,0
883,0
884,0
885,0
886,0
887,8
888,14
889,0
890,0
891,14
892,0
893,23
894,23
895,23
896,23
897,23
898,23
899,23
900,23
901,23
902,23
903,23
904,23
905,23
906,23
907,23
908,23
909,23
910,23
911,23
912,23
913,23
914,0
915,17
916,23
917,23
918,2
919,23
920,17
921,3
922,8
923,8
924,8
925,14
926,9
927,8
928,5
929,23
930,5
931,14
932,23
933,8
934,17
935,17
936,17
937,23
938,23
939,23
940,23
941,23
942,23
943,23
944,23
945,23
946,23
947,23
948,23
949,23
950,23
951,23
952,23
953,8
954,23
955,23
956,23
957,23
958,23
959,23
960,23
961,23
962,23
963,8
964,23
965,23
966,23
967,23
968,14
969,23
970,23
971,23
972,23
973,23
974,14
975,8
976,23
977,23
978,8
979,23
980,23
981,23
982,23
983,23
984,23
985,23
986,23
987,8
988,17
989,23
990,23
991,0
992,5
993,17
994,8
995,23
996,23
997,23
998,8
999,23
1000,8
1001,23
1002,23
1003,23
1004,23
1005,8
1006,8
1007,23
1008,14
1009,23
1010,23
1011,0
1012,0
1013,2
1014,0
1015,14
1016,0
1017,0
1018,0
1019,0
1020,0
1021,14
1022,0
1023,0
1024,0
1025,0
1026,0
1027,0
1028,0
1029,0
1030,0
1031,0
1032,0
1033,0
1034,0
1035,0
1036,0
1037,0
1038,0
1039,0
1040,0
1041,0
1042,0
1043,0
1044,0
1045,0
1046,0
1047,0
1048,0
1049,0
1050,0
1051,0
1052,0
1053,11
1054,0
1055,11
1056,0
1057,0
1058,11
1059,0
1060,14
1061,14
1062,14
1063,14
1064,6
1065,14
1066,14
1067,14
1068,14
1069,14
1070,14
1071,14
1072,14
1073,14
1074,14
1075,14
1076,14
1077,14
1078,14
1079,14
1080,5
1081,14
1082,14
1083,14
1084,14
1085,14
1086,14
1087,14
1088,14
1089,14
1090,14
1091,14
1092,14
1093,14
1094,5
1095,14
1096,5
1097,14
1098,2
1099,14
1100,14
1101,14
1102,14
1103,14
1104,9
1105,9
1106,14
1107,14
1108,14
1109,14
1110,14
1111,14
1112,5
1113,14
1114,5
1115,5
1116,8
1117,5
1118,5
1119,23
1120,14
1121,23
1122,14
1123,14
1124,14
1125,14
1126,2
1127,14
1128,14
1129,0
1130,14
1131,14
1132,5
1133,8
1134,14
1135,14
1136,5
1137,14
1138,14
1139,0
1140,9
1141,14
1142,14
1143,14
1144,14
1145,14
1146,0
1147,0
1148,0
1149,0
1150,0
1151,0
1152,0
1153,0
1154,0
1155,0
1156,0
1157,0
1158,0
1159,0
1160,0
1161,0
1162,0
1163,0
1164,0
1165,0
1166,0
1167,0
1168,0
1169,0
1170,0
1171,0
1172,0
1173,0
1174,0
1175,0
1176,0
1177,0
1178,0
1179,0
1180,0
1181,0
1182,0
1183,0
1184,0
1185,0
1186,0
1187,4
1188,4
1189,0
1190,4
1191,20
1192,0
1193,20
1194,0
1195,0
1196,0
1197,0
1198,0
1199,20
1200,0
1201,0
1202,0
1203,14
1204,0
1205,0
1206,0
1207,0
1208,20
1209,0
1210,0
1211,0
1212,20
1213,0
1214,0
1215,6
1216,6
1217,0
1218,6
1219,0
1220,0
1221,6
1222,0
1223,0
1224,0
1225,0
1226,0
1227,0
1228,0
1229,0
1230,0
1231,6
1232,6
1233,6
1234,6
1235,6
1236,6
1237,0
1238,6
1239,6
1240,0
1241,17
1242,11
1243,6
1244,6
1245,6
1246,6
1247,6
1248,6
1249,6
1250,6
1251,13
1252,6
1253,6
1254,6
1255,13
1256,6
1257,6
1258,6
1259,6
1260,6
1261,6
1262,6
1263,0
1264,20
1265,20
1266,20
1267,0
1268,0
1269,0
1270,0
1271,0
1272,0
1273,20
1274,20
1275,0
1276,0
1277,0
1278,0
1279,0
1280,0
1281,0
1282,0
1283,0
1284,0
1285,0
1286,0
1287,0
1288,14
1289,14
1290,14
1291,0
1292,0
1293,0
1294,0
1295,0
1296,6
1297,0
1298,0
1299,0
1300,0
1301,0
1302,0
1303,0
1304,0
1305,0
1306,0
1307,0
1308,0
1309,0
1310,0
1311,0
1312,0
1313,0
1314,0
1315,0
1316,0
1317,0
1318,0
1319,0
1320,0
1321,0
1322,0
1323,0
1324,0
1325,0
1326,0
1327,0
1328,0
1329,0
1330,0
1331,0
1332,0
1333,7
1334,0
1335,0
1336,0
1337,0
1338,0
1339,0
1340,0
1341,0
1342,0
1343,0
1344,0
1345,4
1346,20
1347,0
1348,0
1349,0
1350,0
1351,0
1352,0
1353,0
1354,0
1355,0
1356,14
1357,0
1358,0
1359,0
1360,0
1361,0
1362,0
1363,0
1364,0
1365,0
1366,0
1367,0
1368,0
1369,0
1370,0
1371,0
1372,0
1373,0
1374,0
1375,0
1376,0
1377,0
1378,0
1379,0
1380,0
1381,0
1382,0
1383,0
1384,0
1385,0
1386,0
1387,0
1388,0
1389,0
1390,0
1391,0
1392,0
1393,0
1394,0
1395,0
1396,7
1397,0
1398,0
1399,0
1400,0
1401,0
1402,0
1403,0
1404,0
1405,0
1406,0
1407,7
1408,0
1409,0
1410,0
1411,0
1412,0
1413,0
1414,0
1415,0
1416,0
1417,0
1418,0
1419,0
1420,0
1421,0
1422,0
1423,0
1424,0
1425,0
1426,0
1427,0
1428,0
1429,0
1430,0
1431,0
1432,0
1433,0
1434,0
1435,0
1436,0
1437,0
1438,0
1439,0
1440,0
1441,0
1442,0
1443,14
1444,14
1445,14
1446,14
1447,14
1448,14
1449,14
1450,0
1451,14
1452,14
1453,0
1454,2
1455,2
1456,0
1457,0
1458,0
1459,2
1460,14
1461,14
1462,14
1463,14
1464,14
1465,14
1466,17
1467,2
1468,14
1469,14
1470,14
1471,14
1472,14
1473,14
1474,14
1475,14
1476,14
1477,14
1478,14
1479,14
1480,14
1481,14
1482,0
1483,14
1484,14
1485,14
1486,14
1487,17
1488,14
1489,14
1490,14
1491,14
1492,14
1493,14
1494,14
1495,14
1496,14
1497,14
1498,14
1499,14
1500,20
1501,0
1502,14
1503,14
1504,0
1505,0
1506,2
1507,2
1508,14
1509,14
1510,2
1511,14
1512,14
1513,15
1514,14
1515,14
1516,14
1517,14
1518,14
1519,14
1520,0
1521,14
1522,0
1523,14
1524,14
1525,14
1526,13
1527,20
1528,0
1529,0
1530,0
1531,14
1532,14
1533,21
1534,0
1535,0
1536,0
1537,0
1538,2
1539,14
1540,0
1541,2
1542,14
1543,2
1544,2
1545,0
1546,2
1547,2
1548,14
1549,14
1550,14
1551,0
1552,20
1553,0
1554,23
1555,2
1556,23
1557,2
1558,0
1559,23
1560,23
1561,14
1562,2
1563,5
1564,2
1565,2
1566,2
1567,2
1568,0
1569,14
1570,0
1571,2
1572,2
1573,2
1574,14
1575,0
1576,2
1577,0
1578,14
1579,14
1580,14
1581,20
1582,14
1583,14
1584,14
1585,0
1586,14
1587,14
1588,14
1589,14
1590,14
1591,14
1592,14
1593,14
1594,14
1595,14
1596,14
1597,17
1598,14
1599,0
1600,14
1601,0
1602,14
1603,14
1604,14
1605,14
1606,0
1607,14
1608,0
1609,0
1610,0
1611,0
1612,0
1613,0
1614,0
1615,0
1616,0
1617,0
1618,0
1619,0
1620,0
1621,0
1622,0
1623,0
1624,0
1625,0
1626,0
1627,0
1628,0
1629,0
1630,0
1631,0
1632,0
1633,0
1634,0
1635,0
1636,0
1637,0
1638,0
1639,0
1640,0
1641,0
1642,0
1643,0
1644,0
1645,0
1646,0
1647,0
1648,0
1649,0
1650,0
1651,0
1652,0
1653,0
1654,0
1655,0
1656,0
1657,20
1658,0
1659,0
1660,0
1661,0
1662,0
1663,0
1664,0
1665,0
1666,0
1667,7
1668,14
1669,0
1670,0
1671,0
1672,0
1673,0
1674,0
1675,6
1676,0
1677,0
1678,0
1679,0
1680,0
1681,0
1682,0
1683,0
1684,0
1685,0
1686,7
1687,0
1688,0
1689,0
1690,0
1691,0
1692,6
1693,0
1694,0
1695,7
1696,0
1697,14
1698,0
1699,0
1700,23
1701,0
1702,7
1703,7
1704,20
1705,0
1706,11
1707,0
1708,0
1709,0
1710,0
1711,7
1712,0
1713,14
1714,0
1715,0
1716,0
1717,0
1718,0
1719,0
1720,8
1721,0
1722,0
1723,0
1724,13
1725,17
1726,0
1727,0
1728,17
1729,20
1730,17
1731,11
1732,20
1733,20
1734,20
1735,0
1736,0
1737,0
1738,0
1739,0
1740,0
1741,0
1742,0
1743,0
1744,0
1745,0
1746,0
1747,0
1748,0
1749,0
1750,0
1751,0
1752,0
1753,0
1754,0
1755,7
1756,0
1757,20
1758,6
1759,0
1760,0
1761,0
1762,0
1763,0
1764,0
1765,7
1766,0
1767,0
1768,0
1769,0
1770,0
1771,0
1772,0
1773,7
1774,20
1775,0
1776,0
1777,0
1778,0
1779,0
1780,7
1781,0
1782,0
1783,0
1784,0
1785,0
1786,0
1787,0
1788,0
1789,0
1790,0
1791,20
1792,0
1793,0
1794,20
1795,0
1796,0
1797,0
1798,0
1799,0
1800,0
1801,0
1802,0
1803,0
1804,0
1805,0
1806,0
1807,0
1808,0
1809,0
1810,0
1811,2
1812,0
1813,0
1814,14
1815,0
1816,0
1817,14
1818,2
1819,7
1820,0
1821,0
1822,0
1823,0
1824,0
1825,0
1826,0
1827,0
1828,0
1829,14
1830,2
1831,2
1832,14
1833,14
1834,14
1835,14
1836,14
1837,14
1838,14
1839,9
1840,14
1841,14
1842,14
1843,14
1844,14
1845,14
1846,14
1847,14
1848,14
1849,14
1850,17
1851,14
1852,14
1853,14
1854,14
1855,14
1856,14
1857,14
1858,14
1859,14
1860,14
1861,14
1862,2
1863,14
1864,14
1865,14
1866,14
1867,9
1868,8
1869,14
1870,14
1871,14
1872,14
1873,14
1874,14
1875,14
1876,14
1877,14
1878,14
1879,9
1880,14
1881,14
1882,14
1883,14
1884,14
1885,14
1886,14
1887,14
1888,14
1889,9
1890,14
1891,14
1892,14
1893,14
1894,14
1895,14
1896,14
1897,14
1898,14
1899,14
1900,14
1901,14
1902,14
1903,14
1904,14
1905,14
1906,14
1907,8
1908,14
1909,14
1910,14
1911,14
1912,14
1913,14
1914,14
1915,14
1916,14
1917,14
1918,14
1919,14
1920,14
1921,14
1922,14
1923,14
1924,14
1925,14
1926,14
1927,14
1928,14
1929,14
1930,14
1931,14
1932,14
1933,8
1934,14
1935,14
1936,14
1937,14
1938,14
1939,14
1940,14
1941,14
1942,14
1943,14
1944,14
1945,14
1946,14
1947,14
1948,14
1949,14
1950,2
1951,14
1952,14
1953,14
1954,14
1955,14
1956,14
1957,14
1958,14
1959,14
1960,14
1961,14
1962,2
1963,14
1964,14
1965,14
1966,14
1967,5
1968,5
1969,14
1970,14
1971,14
1972,14
1973,14
1974,14
1975,14
1976,14
1977,14
1978,14
1979,14
1980,2
1981,14
1982,14
1983,14
1984,14
1985,14
1986,14
1987,14
1988,14
1989,14
1990,14
1991,5
1992,14
1993,14
1994,23
1995,14
1996,14
1997,14
1998,14
1999,14
2000,8
2001,8
2002,14
2003,14
2004,14
2005,14
2006,14
2007,14
2008,14
2009,14
2010,14
2011,14
2012,14
2013,14
2014,14
2015,14
2016,14
2017,14
2018,14
2019,14
2020,14
2021,14
2022,14
2023,14
2024,14
2025,14
2026,14
2027,14
2028,14
2029,14
2030,14
2031,14
2032,14
2033,14
2034,14
2035,14
2036,14
2037,14
2038,14
2039,14
2040,14
2041,14
2042,14
2043,14
2044,14
2045,0
2046,20
2047,0
2048,8
2049,0
2050,0
2051,0
2052,0
2053,0
2054,0
2055,2
2056,0
2057,0
2058,0
2059,7
2060,0
2061,14
2062,8
2063,0
2064,14
2065,20
2066,0
2067,20
2068,0
2069,14
2070,14
2071,0
2072,14
2073,6
2074,4
2075,17
2076,0
2077,0
2078,0
2079,0
2080,0
2081,2
2082,20
2083,2
2084,2
2085,0
2086,6
2087,0
2088,0
2089,0
2090,0
2091,0
2092,2
2093,0
2094,0
2095,0
2096,0
2097,0
2098,20
2099,11
2100,0
2101,6
2102,0
2103,0
2104,0
2105,17
2106,0
2107,0
2108,0
2109,7
2110,11
2111,11
2112,0
2113,11
2114,11
2115,11
2116,17
2117,11
2118,11
2119,11
2120,0
2121,0
2122,0
2123,0
2124,17
2125,17
2126,17
2127,0
2128,0
2129,17
2130,17
2131,0
2132,2
2133,0
2134,13
2135,0
2136,17
2137,6
2138,17
2139,0
2140,0
2141,0
2142,0
2143,0
2144,0
2145,0
2146,0
2147,0
2148,0
2149,0
2150,20
2151,0
2152,0
2153,14
2154,0
2155,9
2156,0
2157,0
2158,2
2159,0
2160,0
2161,0
2162,0
2163,14
2164,0
2165,14
2166,14
2167,0
2168,0
2169,7
2170,0
2171,0
2172,0
2173,0
2174,0
2175,0
2176,0
2177,0
2178,14
2179,14
2180,14
2181,14
2182,14
2183,23
2184,14
2185,14
2186,14
2187,0
2188,0
2189,0
2190,0
2191,4
2192,0
2193,0
2194,0
2195,0
2196,0
2197,9
2198,0
2199,0
2200,14
2201,0
2202,11
2203,0
2204,7
2205,0
2206,6
2207,6
2208,6
2209,6
2210,6
2211,20
2212,4
2213,0
2214,6
2215,0
2216,5
2217,11
2218,0
2219,20
2220,0
2221,17
2222,0
2223,11
2224,11
2225,0
2226,0
2227,11
2228,0
2229,7
2230,0
2231,0
2232,6
2233,0
2234,11
2235,11
2236,4
2237,6
2238,6
2239,11
2240,11
2241,6
2242,7
2243,13
2244,6
2245,17
2246,0
2247,6
2248,20
2249,20
2250,20
2251,20
2252,20
2253,20
2254,20
2255,20
2256,20
2257,20
2258,20
2259,20
2260,0
2261,0
2262,20
2263,20
2264,20
2265,0
2266,14
2267,2
2268,0
2269,0
2270,0
2271,14
2272,0
2273,0
2274,0
2275,0
2276,0
2277,0
2278,0
2279,0
2280,0
2281,0
2282,0
2283,0
2284,0
2285,0
2286,14
2287,0
2288,17
2289,6
2290,17
2291,0
2292,0
2293,0
2294,23
2295,0
2296,0
2297,11
2298,11
2299,7
2300,0
2301,4
2302,4
2303,0
2304,0
2305,0
2306,0
2307,4
2308,4
2309,11
2310,4
2311,11
2312,11
2313,14
2314,0
2315,0
2316,11
2317,11
2318,0
2319,0
2320,4
2321,0
2322,0
2323,2
2324,6
2325,0
2326,0
2327,0
2328,0
2329,23
2330,23
2331,23
2332,23
2333,23
2334,23
2335,23
2336,23
2337,23
2338,23
2339,23
2340,23
2341,23
2342,23
2343,23
2344,23
2345,23
2346,23
2347,23
2348,5
2349,23
2350,23
2351,23
2352,23
2353,23
2354,23
2355,23
2356,23
2357,23
2358,23
2359,23
2360,23
2361,23
2362,23
2363,23
2364,23
2365,23
2366,23
2367,23
2368,23
2369,23
2370,8
2371,23
2372,23
2373,23
2374,23
2375,23
2376,23
2377,23
2378,23
2379,23
2380,23
2381,23
2382,23
2383,23
2384,23
2385,23
2386,23
2387,23
2388,23
2389,23
2390,23
2391,23
2392,23
2393,23
2394,23
2395,23
2396,23
2397,23
2398,23
2399,23
2400,23
2401,23
2402,23
2403,23
2404,23
2405,23
2406,23
2407,23
2408,23
2409,23
2410,23
2411,23
2412,23
2413,23
2414,23
2415,23
2416,23
2417,23
2418,23
2419,23
2420,23
2421,23
2422,23
2423,23
2424,23
2425,23
2426,23
2427,7
2428,7
2429,7
2430,7
2431,7
2432,7
2433,7
2434,7
2435,7
2436,7
2437,7
2438,7
2439,7
2440,7
2441,7
2442,7
2443,7
2444,7
2445,7
2446,7
2447,7
2448,7
2449,7
2450,7
2451,7
2452,7
2453,7
2454,7
2455,7
2456,6
2457,0
2458,2
2459,2
2460,0
2461,0
2462,0
2463,0
2464,20
2465,0
2466,0
2467,0
2468,0
2469,14
2470,0
2471,0
2472,0
2473,0
2474,0
2475,0
2476,0
2477,14
2478,14
2479,14
2480,14
2481,4
2482,0
2483,14
2484,0
2485,9
2486,23
2487,23
2488,23
2489,23
2490,17
2491,5
2492,23
2493,17
2494,0
2495,7
2496,0
2497,0
2498,7
2499,7
2500,7
2501,17
2502,17
2503,0
2504,7
2505,7
2506,7
2507,7
2508,0
2509,7
2510,11
2511,7
2512,7
2513,7
2514,0
2515,11
2516,7
2517,2
2518,14
2519,2
2520,14
2521,2
2522,11
2523,11
2524,0
2525,0
2526,17
2527,6
2528,17
2529,17
2530,17
2531,17
2532,17
2533,17
2534,17
2535,17
2536,17
2537,17
2538,17
2539,17
2540,13
2541,17
2542,2
2543,14
2544,14
2545,2
2546,2
2547,0
2548,7
2549,2
2550,0
2551,0
2552,6
2553,0
2554,0
2555,0
2556,0
2557,0
2558,0
2559,0
2560,0
2561,0
2562,0
2563,0
2564,9
2565,14
2566,0
2567,0
2568,0
2569,0
2570,0
2571,0
2572,0
2573,7
2574,7
2575,0
2576,2
2577,2
2578,4
2579,2
2580,6
2581,11
2582,2
2583,2
2584,5
2585,2
2586,2
2587,2
2588,9
2589,9
2590,2
2591,9
2592,2
2593,2
2594,2
2595,2
2596,2
2597,2
2598,2
2599,14
2600,2
2601,0
2602,9
2603,14
2604,9
2605,2
2606,0
2607,2
2608,14
2609,2
2610,0
2611,2
2612,2
2613,14
2614,14
2615,14
2616,14
2617,14
2618,5
2619,5
2620,5
2621,0
2622,14
2623,14
2624,14
2625,14
2626,2
2627,2
2628,0
2629,0
2630,0
2631,0
2632,0
2633,0
2634,14
2635,0
2636,0
2637,2
2638,2
2639,2
2640,5
2641,2
2642,2
2643,14
2644,5
2645,5
2646,5
2647,2
2648,2
2649,2
2650,2
2651,0
2652,17
2653,9
2654,9
2655,9
2656,9
2657,9
2658,2
2659,9
2660,9
2661,9
2662,9
2663,9
2664,9
2665,9
2666,9
2667,9
2668,9
2669,9
2670,9
2671,9
2672,5
2673,9
2674,3
2675,9
2676,9
2677,9
2678,9
2679,9
2680,9
2681,9
2682,9
2683,9
2684,8
2685,14
2686,14
2687,14
2688,8
2689,14
2690,8
2691,14
2692,5
2693,8
2694,14
2695,8
2696,14
2697,14
2698,14
2699,5
2700,8
2701,2
2702,2
2703,2
2704,2
2705,2
2706,2
2707,2
2708,2
2709,2
2710,14
2711,2
2712,7
2713,2
2714,6
2715,2
2716,2
2717,2
2718,2
2719,2
2720,2
2721,2
2722,2
2723,2
2724,2
2725,2
2726,2
2727,9
2728,9
2729,0
2730,0
2731,17
2732,17
2733,2
2734,2
2735,5
2736,5
2737,2
2738,2
2739,2
2740,2
2741,2
2742,21
2743,2
2744,2
2745,14
2746,2
2747,2
2748,2
2749,2
2750,2
2751,2
2752,2
2753,2
2754,14
2755,2
2756,14
2757,14
2758,14
2759,11
2760,14
2761,2
2762,2
2763,2
2764,2
2765,2
2766,2
2767,2
2768,2
2769,2
2770,2
2771,2
2772,2
2773,2
2774,2
2775,2
2776,2
2777,2
2778,2
2779,2
2780,2
2781,2
2782,2
2783,2
2784,2
2785,2
2786,2
2787,2
2788,2
2789,2
2790,2
2791,2
2792,2
2793,2
2794,2
2795,2
2796,2
2797,2
2798,2
2799,14
2800,2
2801,2
2802,2
2803,5
2804,14
2805,14
2806,8
2807,14
2808,5
2809,14
2810,9
2811,2
2812,17
2813,2
2814,2
2815,2
2816,21
2817,2
2818,11
2819,14
2820,2
2821,2
2822,21
2823,2
2824,2
2825,9
2826,17
2827,2
2828,2
2829,2
2830,2
2831,2
2832,2
2833,8
2834,2
2835,23
2836,0
2837,2
2838,2
2839,2
2840,2
2841,2
2842,2
2843,5
2844,2
2845,2
2846,2
2847,2
2848,14
2849,14
2850,0
2851,4
2852,4
2853,9
2854,2
2855,8
2856,8
2857,5
2858,9
2859,8
2860,9
2861,9
2862,9
2863,9
2864,9
2865,9
2866,9
2867,5
2868,8
2869,9
2870,9
2871,0
2872,2
2873,2
2874,8
2875,2
2876,7
2877,2
2878,14
2879,2
2880,2
2881,2
2882,2
2883,2
2884,14
2885,14
2886,14
2887,14
2888,17
2889,4
2890,2
2891,2
2892,23
2893,5
2894,5
2895,5
2896,5
2897,23
2898,23
2899,23
2900,23
2901,23
2902,23
2903,23
2904,23
2905,23
2906,23
2907,23
2908,23
2909,8
2910,23
2911,23
2912,23
2913,8
2914,23
2915,23
2916,23
2917,23
2918,23
2919,23
2920,8
2921,5
2922,5
2923,9
2924,23
2925,23
2926,23
2927,23
2928,23
2929,23
2930,23
2931,23
2932,23
2933,17
2934,5
2935,23
2936,1
2937,6
2938,23
2939,23
2940,23
2941,0
2942,23
2943,14
2944,23
2945,23
2946,23
2947,23
2948,23
2949,5
2950,23
2951,17
2952,23
2953,8
2954,23
2955,0
2956,23
2957,23
2958,23
2959,0
2960,14
2961,1
2962,14
2963,23
2964,23
2965,23
2966,23
2967,23
2968,23
2969,23
2970,23
2971,23
2972,8
2973,9
2974,23
2975,23
2976,23
2977,23
2978,14
2979,23
2980,14
2981,14
2982,5
2983,14
2984,14
2985,14
2986,0
2987,5
2988,23
2989,23
2990,23
2991,23
2992,23
2993,23
2994,23
2995,23
2996,23
2997,23
2998,23
2999,23
3000,23
3001,8
3002,23
3003,14
3004,14
3005,14
3006,14
3007,14
3008,14
3009,14
3010,11
3011,2
3012,11
3013,14
3014,23
3015,23
3016,23
3017,23
3018,23
3019,17
3020,0
3021,0
3022,2
3023,0
3024,0
3025,0
3026,0
3027,7
3028,7
3029,0
3030,0
3031,0
3032,0
3033,0
3034,0
3035,7
3036,7
3037,7
3038,7
3039,7
3040,7
3041,4
3042,7
3043,7
3044,7
3045,0
3046,7
3047,7
3048,6
3049,7
3050,7
3051,7
3052,0
3053,6
3054,0
3055,0
3056,4
3057,14
3058,14
3059,14
3060,14
3061,14
3062,5
3063,14
3064,14
3065,14
3066,14
3067,14
3068,14
3069,14
3070,14
3071,7
3072,1
3073,4
3074,17
3075,0
3076,0
3077,0
3078,6
3079,4
3080,6
3081,6
3082,6
3083,6
3084,6
3085,6
3086,6
3087,0
3088,0
3089,0
3090,0
3091,0
3092,0
3093,0
3094,14
3095,14
3096,0
3097,0
3098,0
3099,0
3100,0
3101,0
3102,5
3103,0
3104,1
3105,0
3106,0
3107,0
3108,0
3109,20
3110,20
3111,20
3112,20
3113,20
3114,2
3115,2
3116,0
3117,4
3118,17
3119,17
3120,6
3121,6
3122,20
3123,11
3124,11
3125,6
3126,11
3127,11
3128,0
3129,7
3130,14
3131,2
3132,23
3133,0
3134,13
3135,4
3136,14
3137,0
3138,20
3139,4
3140,11
3141,11
3142,11
3143,17
3144,11
3145,11
3146,11
3147,6
3148,6
3149,11
3150,17
3151,17
3152,6
3153,6
3154,6
3155,11
3156,6
3157,11
3158,11
3159,13
3160,6
3161,17
3162,11
3163,11
3164,6
3165,6
3166,11
3167,11
3168,17
3169,6
3170,6
3171,11
3172,17
3173,17
3174,17
3175,17
3176,17
3177,17
3178,17
3179,17
3180,2
3181,17
3182,17
3183,14
3184,17
3185,17
3186,14
3187,14
3188,17
3189,17
3190,8
3191,2
3192,2
3193,17
3194,3
3195,17
3196,17
3197,17
3198,17
3199,14
3200,17
3201,17
3202,5
3203,17
3204,17
3205,17
3206,8
3207,14
3208,9
3209,17
3210,17
3211,17
3212,17
3213,14
3214,17
3215,14
3216,17
3217,13
3218,14
3219,14
3220,17
3221,17
3222,17
3223,17
3224,2
3225,2
3226,2
3227,2
3228,4
3229,2
3230,2
3231,2
3232,2
3233,2
3234,2
3235,2
3236,2
3237,9
3238,17
3239,17
3240,2
3241,2
3242,2
3243,17
3244,2
3245,2
3246,2
3247,2
3248,17
3249,17
3250,17
3251,17
3252,2
3253,17
3254,2
3255,17
3256,17
3257,2
3258,2
3259,2
3260,2
3261,2
3262,2
3263,8
3264,13
3265,14
3266,13
3267,17
3268,17
3269,17
3270,8
3271,2
3272,17
3273,17
3274,17
3275,3
3276,2
3277,14
3278,14
3279,14
3280,14
3281,14
3282,14
3283,11
3284,14
3285,14
3286,14
3287,14
3288,17
3289,14
3290,11
3291,17
3292,17
3293,11
3294,17
3295,17
3296,17
3297,17
3298,11
3299,17
3300,17
3301,17
3302,17
3303,17
3304,2
3305,17
3306,17
3307,17
3308,17
3309,17
3310,17
3311,11
3312,17
3313,17
3314,17
3315,17
3316,17
3317,17
3318,0
3319,14
3320,14
3321,14
3322,14
3323,14
3324,14
3325,5
3326,14
3327,23
3328,14
3329,14
3330,14
3331,14
3332,14
3333,14
3334,8
3335,14
3336,14
3337,14
3338,17
3339,14
3340,14
3341,2
3342,14
3343,14
3344,17
3345,17
3346,14
3347,17
3348,7
3349,14
3350,14
3351,14
3352,17
3353,14
3354,14
3355,14
3356,17
3357,14
3358,14
3359,2
3360,2
3361,2
3362,2
3363,2
3364,2
3365,2
3366,2
3367,2
3368,2
3369,2
3370,2
3371,2
3372,2
3373,2
3374,11
3375,14
3376,2
3377,14
3378,8
3379,2
3380,2
3381,2
3382,2
3383,11
3384,2
3385,2
3386,17
3387,14
3388,17
3389,17
3390,17
3391,14
3392,14
3393,14
3394,14
3395,14
3396,17
3397,2
3398,14
3399,14
3400,14
3401,17
3402,11
3403,17
3404,14
3405,14
3406,2
3407,17
3408,14
3409,17
3410,14
3411,2
3412,17
3413,14
3414,14
3415,2
3416,2
3417,2
3418,2
3419,17
3420,8
3421,2
3422,2
3423,17
3424,17
3425,17
3426,17
3427,2
3428,17
3429,17
3430,2
3431,17
3432,2
3433,17
3434,2
3435,2
3436,17
3437,17
3438,17
3439,17
3440,2
3441,13
3442,14
3443,17
3444,17
3445,2
3446,17
3447,11
3448,17
3449,17
3450,17
3451,11
3452,11
3453,17
3454,11
3455,11
3456,14
3457,11
3458,17
3459,17
3460,17
3461,17
3462,17
3463,17
3464,17
3465,17
3466,17
3467,17
3468,17
3469,17
3470,17
3471,17
3472,17
3473,9
3474,17
3475,17
3476,17
3477,14
3478,17
3479,17
3480,17
3481,14
3482,17
3483,17
3484,17
3485,17
3486,17
3487,17
3488,17
3489,17
3490,2
3491,17
3492,2
3493,13
3494,17
3495,17
3496,11
3497,11
3498,14
3499,4
3500,17
3501,14
3502,17
3503,7
3504,17
3505,11
3506,17
3507,17
3508,17
3509,5
3510,7
3511,17
3512,17
3513,13
3514,17
3515,13
3516,2
3517,13
3518,13
3519,13
3520,7
3521,13
3522,17
3523,6
3524,13
3525,17
3526,17
3527,17
3528,17
3529,13
3530,13
3531,17
3532,17
3533,13
3534,17
3535,17
3536,17
3537,17
3538,8
3539,17
3540,14
3541,14
3542,17
3543,13
3544,13
3545,13
3546,13
3547,13
3548,13
3549,13
3550,13
3551,14
3552,14
3553,11
3554,17
3555,23
3556,17
3557,2
3558,2
3559,2
3560,2
3561,6
3562,2
3563,2
3564,2
3565,14
3566,11
3567,8
3568,2
3569,2
3570,2
3571,2
3572,2
3573,2
3574,2
3575,2
3576,9
3577,9
3578,9
3579,14
3580,2
3581,9
3582,9
3583,17
3584,17
3585,17
3586,17
3587,17
3588,2
3589,2
3590,2
3591,2
3592,2
3593,2
3594,2
3595,17
3596,17
3597,17
3598,17
3599,17
3600,2
3601,2
3602,2
3603,2
3604,2
3605,2
3606,11
3607,2
3608,2
3609,11
3610,2
3611,2
3612,11
3613,2
3614,2
3615,2
3616,2
3617,2
3618,2
3619,2
3620,2
3621,2
3622,2
3623,2
3624,11
3625,11
3626,2
3627,2
3628,17
3629,2
3630,2
3631,2
3632,2
3633,2
3634,11
3635,11
3636,17
3637,17
3638,17
3639,17
3640,2
3641,11
3642,11
3643,17
3644,17
3645,2
3646,17
3647,17
3648,11
3649,2
3650,2
3651,2
3652,14
3653,17
3654,7
3655,14
3656,17
3657,17
3658,17
3659,2
3660,2
3661,17
3662,2
3663,2
3664,2
3665,2
3666,8
3667,6
3668,2
3669,2
3670,7
3671,7
3672,7
3673,7
3674,14
3675,7
3676,13
3677,14
3678,6
3679,6
3680,14
3681,13
3682,13
3683,13
3684,13
3685,6
3686,7
3687,7
3688,7
3689,7
3690,7
3691,14
3692,14
3693,14
3694,2
3695,6
3696,13
3697,7
3698,13
3699,7
3700,6
3701,7
3702,13
3703,13
3704,13
3705,6
3706,6
3707,6
3708,7
3709,7
3710,6
3711,7
3712,17
3713,11
3714,13
3715,20
3716,14
3717,7
3718,7
3719,7
3720,13
3721,7
3722,13
3723,7
3724,7
3725,7
3726,13
3727,13
3728,7
3729,17
3730,2
3731,2
3732,17
3733,2
3734,2
3735,14
3736,2
3737,9
3738,14
3739,7
3740,2
3741,7
3742,14
3743,7
3744,2
3745,2
3746,14
3747,2
3748,2
3749,2
3750,2
3751,2
3752,14
3753,14
3754,14
3755,14
3756,14
3757,14
3758,11
3759,14
3760,2
3761,14
3762,14
3763,14
3764,14
3765,14
3766,14
3767,2
3768,14
3769,14
3770,14
3771,14
3772,14
3773,14
3774,14
3775,14
3776,8
3777,2
3778,14
3779,14
3780,14
3781,14
3782,14
3783,14
3784,14
3785,14
3786,14
3787,14
3788,14
3789,5
3790,14
3791,2
3792,23
3793,23
3794,2
3795,2
3796,2
3797,2
3798,2
3799,2
3800,2
3801,2
3802,2
3803,2
3804,2
3805,2
3806,2
3807,2
3808,2
3809,14
3810,14
3811,14
3812,14
3813,14
3814,14
3815,14
3816,14
3817,14
3818,14
3819,17
3820,17
3821,17
3822,17
3823,17
3824,17
3825,17
3826,17
3827,17
3828,17
3829,17
3830,17
3831,17
3832,5
3833,5
3834,2
3835,17
3836,2
3837,23
3838,23
3839,23
3840,2
3841,5
3842,2
3843,2
3844,2
3845,9
3846,8
3847,8
3848,5
3849,2
3850,5
3851,8
3852,2
3853,2
3854,2
3855,2
3856,17
3857,17
3858,2
3859,17
3860,17
3861,17
3862,2
3863,17
3864,17
3865,17
3866,2
3867,17
3868,2
3869,17
3870,17
3871,17
3872,17
3873,2
3874,2
3875,17
3876,2
3877,2
3878,7
3879,7
3880,13
3881,13
3882,7
3883,13
3884,7
3885,13
3886,7
3887,7
3888,7
3889,7
3890,7
3891,17
3892,7
3893,7
3894,13
3895,7
3896,6
3897,6
3898,13
3899,13
3900,7
3901,7
3902,6
3903,7
3904,13
3905,7
3906,4
3907,7
3908,13
3909,7
3910,13
3911,6
3912,14
3913,17
3914,2
3915,2
3916,2
3917,14
3918,2
3919,2
3920,2
3921,21
3922,21
3923,11
3924,0
3925,0
3926,2
3927,14
3928,14
3929,11
3930,11
3931,14
3932,14
3933,14
3934,14
3935,14
3936,11
3937,14
3938,17
3939,14
3940,14
3941,11
3942,14
3943,14
3944,14
3945,17
3946,23
3947,14
3948,17
3949,11
3950,14
3951,14
3952,14
3953,14
3954,14
3955,14
3956,14
3957,14
3958,14
3959,14
3960,14
3961,14
3962,14
3963,14
3964,14
3965,14
3966,14
3967,14
3968,14
3969,14
3970,14
3971,14
3972,14
3973,2
3974,2
3975,9
3976,21
3977,14
3978,14
3979,14
3980,14
3981,14
3982,17
3983,14
3984,14
3985,14
3986,8
3987,14
3988,14
3989,14
3990,17
3991,11
3992,4
3993,17
3994,17
3995,17
3996,11
3997,11
3998,11
3999,11
4000,17
4001,17
4002,2
4003,2
4004,2
4005,2
4006,0
4007,13
4008,2
4009,1
4010,2
4011,2
4012,2
4013,2
4014,14
4015,8
4016,14
4017,14
4018,14
4019,14
4020,14
4021,14
4022,14
4023,14
4024,2
4025,7
4026,5
4027,7
4028,7
4029,7
4030,7
4031,7
4032,6
4033,7
4034,7
4035,7
4036,7
4037,7
4038,11
4039,11
4040,11
4041,11
4042,11
4043,11
4044,11
4045,11
4046,11
4047,2
4048,11
4049,11
4050,11
4051,11
4052,11
4053,11
4054,14
4055,11
4056,11
4057,11
4058,11
4059,2
4060,2
4061,2
4062,17
4063,2
4064,2
4065,2
4066,5
4067,21
4068,21
4069,21
4070,5
4071,21
4072,21
4073,21
4074,21
4075,21
4076,21
4077,21
4078,21
4079,21
4080,21
4081,21
4082,21
4083,21
4084,21
4085,5
4086,21
4087,21
4088,21
4089,21
4090,21
4091,21
4092,21
4093,21
4094,21
4095,21
4096,8
4097,21
4098,2
4099,21
4100,21
4101,21
4102,21
4103,21
4104,21
4105,21
4106,21
4107,21
4108,2
4109,14
4110,2
4111,2
4112,2
4113,2
4114,2
4115,2
4116,2
4117,2
4118,2
4119,2
4120,2
4121,2
4122,2
4123,11
4124,2
4125,7
4126,7
4127,7
4128,7
4129,7
4130,7
4131,7
4132,13
4133,7
4134,13
4135,7
4136,13
4137,6
4138,7
4139,13
4140,6
4141,3
4142,6
4143,13
4144,13
4145,7
4146,7
4147,9
4148,7
4149,13
4150,7
4151,7
4152,17
4153,7
4154,11
4155,13
4156,7
4157,13
4158,7
4159,5
4160,7
4161,14
4162,2
4163,13
4164,2
4165,2
4166,2
4167,2
4168,20
4169,2
4170,14
4171,14
4172,14
4173,14
4174,5
4175,14
4176,14
4177,14
4178,14
4179,14
4180,5
4181,14
4182,14
4183,14
4184,14
4185,8
4186,14
4187,14
4188,14
4189,14
4190,14
4191,14
4192,14
4193,14
4194,14
4195,17
4196,17
4197,17
4198,17
4199,17
4200,17
4201,17
4202,17
4203,2
4204,2
4205,2
4206,2
4207,2
4208,2
4209,2
4210,14
4211,14
4212,14
4213,14
4214,14
4215,14
4216,14
4217,14
4218,23
4219,14
4220,14
4221,11
4222,0
4223,11
4224,14
4225,11
4226,11
4227,11
4228,17
4229,17
4230,2
4231,14
4232,14
4233,11
4234,11
4235,11
4236,11
4237,11
4238,11
4239,11
4240,11
4241,11
4242,11
4243,11
4244,11
4245,11
4246,11
4247,17
4248,11
4249,11
4250,14
4251,2
4252,0
4253,0
4254,0
4255,0
4256,0
4257,2
4258,2
4259,0
4260,2
4261,2
4262,17
4263,2
4264,2
4265,2
4266,17
4267,0
4268,2
4269,2
4270,2
4271,2
4272,2
4273,11
4274,17
4275,11
4276,21
4277,14
4278,14
4279,17
4280,17
4281,17
4282,17
4283,17
4284,17
4285,7
4286,17
4287,17
4288,17
4289,17
4290,17
4291,17
4292,4
4293,6
4294,6
4295,17
4296,7
4297,13
4298,13
4299,13
4300,13
4301,13
4302,13
4303,13
4304,13
4305,13
4306,13
4307,13
4308,13
4309,13
4310,13
4311,13
4312,13
4313,13
4314,0
4315,0
4316,0
4317,11
4318,2
4319,2
4320,2
4321,2
4322,2
4323,2
4324,14
4325,14
4326,14
4327,14
4328,14
4329,14
4330,14
4331,14
4332,14
4333,14
4334,14
4335,14
4336,17
4337,14
4338,17
4339,6
4340,2
4341,2
4342,2
4343,2
4344,2
4345,17
4346,7
4347,13
4348,7
4349,17
4350,2
4351,2
4352,2
4353,2
4354,2
4355,17
4356,2
4357,2
4358,2
4359,2
4360,2
4361,2
4362,2
4363,2
4364,2
4365,2
4366,2
4367,11
4368,2
4369,2
4370,2
4371,2
4372,2
4373,2
4374,2
4375,2
4376,2
4377,2
4378,2
4379,2
4380,2
4381,2
4382,17
4383,11
4384,11
4385,17
4386,17
4387,17
4388,17
4389,4
4390,0
4391,17
4392,17
4393,2
4394,5
4395,2
4396,17
4397,17
4398,17
4399,17
4400,0
4401,0
4402,0
4403,13
4404,7
4405,7
4406,7
4407,7
4408,7
4409,8
4410,8
4411,14
4412,14
4413,17
4414,17
4415,17
4416,17
4417,17
4418,16
4419,4
4420,17
4421,17
4422,17
4423,17
4424,17
4425,17
4426,13
4427,13
4428,6
4429,7
4430,17
4431,11
4432,11
4433,6
4434,6
4435,6
4436,11
4437,11
4438,11
4439,11
4440,17
4441,17
4442,17
4443,17
4444,17
4445,17
4446,13
4447,17
4448,17
4449,5
4450,5
4451,5
4452,5
4453,5
4454,7
4455,5
4456,5
4457,5
4458,14
4459,5
4460,17
4461,7
4462,17
4463,17
4464,17
4465,17
4466,17
4467,17
4468,17
4469,17
4470,17
4471,17
4472,17
4473,17
4474,13
4475,17
4476,17
4477,17
4478,17
4479,17
4480,17
4481,17
4482,17
4483,13
4484,13
4485,6
4486,6
4487,13
4488,13
4489,13
4490,13
4491,13
4492,13
4493,6
4494,17
4495,13
4496,13
4497,13
4498,13
4499,13
4500,13
4501,13
4502,13
4503,13
4504,17
4505,17
4506,17
4507,0
4508,3
4509,11
4510,11
4511,11
4512,13
4513,13
4514,13
4515,13
4516,7
4517,7
4518,23
4519,0
4520,11
4521,13
4522,13
4523,3
4524,17
4525,6
4526,7
4527,7
4528,7
4529,6
4530,13
4531,6
4532,13
4533,14
4534,14
4535,8
4536,14
4537,14
4538,4
4539,14
4540,14
4541,14
4542,14
4543,14
4544,14
4545,14
4546,9
4547,9
4548,14
4549,14
4550,13
4551,13
4552,13
4553,13
4554,13
4555,13
4556,13
4557,13
4558,13
4559,13
4560,13
4561,13
4562,13
4563,13
4564,13
4565,13
4566,13
4567,13
4568,13
4569,13
4570,6
4571,13
4572,13
4573,3
4574,13
4575,3
4576,13
4577,13
4578,13
4579,13
4580,13
4581,13
4582,13
4583,13
4584,3
4585,3
4586,3
4587,13
4588,13
4589,13
4590,13
4591,13
4592,13
4593,13
4594,13
4595,13
4596,13
4597,13
4598,13
4599,18
4600,13
4601,13
4602,13
4603,13
4604,13
4605,13
4606,13
4607,13
4608,13
4609,13
4610,13
4611,13
4612,3
4613,13
4614,13
4615,13
4616,13
4617,13
4618,13
4619,13
4620,13
4621,13
4622,13
4623,13
4624,3
4625,13
4626,13
4627,13
4628,13
4629,13
4630,13
4631,13
4632,23
4633,13
4634,13
4635,13
4636,13
4637,13
4638,13
4639,13
4640,13
4641,13
4642,13
4643,13
4644,13
4645,13
4646,13
4647,13
4648,13
4649,13
4650,17
4651,17
4652,9
4653,17
4654,17
4655,17
4656,17
4657,2
4658,2
4659,2
4660,2
4661,2
4662,2
4663,2
4664,2
4665,2
4666,2
4667,2
4668,2
4669,14
4670,14
4671,2
4672,2
4673,2
4674,2
4675,20
4676,2
4677,0
4678,20
4679,20
4680,20
4681,2
4682,2
4683,2
4684,2
4685,2
4686,2
4687,2
4688,2
4689,2
4690,2
4691,14
4692,5
4693,14
4694,14
4695,2
4696,2
4697,2
4698,2
4699,8
4700,14
4701,2
4702,2
4703,4
4704,2
4705,2
4706,14
4707,14
4708,7
4709,14
4710,14
4711,14
4712,14
4713,23
4714,14
4715,14
4716,14
4717,14
4718,5
4719,14
4720,14
4721,14
4722,8
4723,14
4724,14
4725,14
4726,14
4727,22
4728,14
4729,14
4730,2
4731,14
4732,14
4733,14
4734,14
4735,14
4736,2
4737,2
4738,2
4739,2
4740,8
4741,23
4742,23
4743,23
4744,0
4745,0
4746,0
4747,2
4748,2
4749,11
4750,11
4751,11
4752,11
4753,2
4754,2
4755,2
4756,2
4757,11
4758,11
4759,4
4760,11
4761,4
4762,4
4763,11
4764,11
4765,4
4766,4
4767,4
4768,4
4769,11
4770,5
4771,2
4772,2
4773,2
4774,2
4775,2
4776,4
4777,14
4778,14
4779,14
4780,23
4781,2
4782,14
4783,5
4784,8
4785,5
4786,2
4787,14
4788,2
4789,5
4790,5
4791,5
4792,0
4793,0
4794,11
4795,0
4796,2
4797,17
4798,17
4799,17
4800,17
4801,6
4802,6
4803,6
4804,2
4805,2
4806,2
4807,2
4808,2
4809,2
4810,2
4811,2
4812,2
4813,2
4814,2
4815,2
4816,2
4817,2
4818,2
4819,2
4820,11
4821,11
4822,11
4823,11
4824,11
4825,17
4826,17
4827,14
4828,14
4829,14
4830,14
4831,14
4832,11
4833,14
4834,14
4835,14
4836,11
4837,14
4838,5
4839,14
4840,14
4841,14
4842,14
4843,7
4844,14
4845,9
4846,14
4847,9
4848,14
4849,14
4850,14
4851,14
4852,14
4853,14
4854,14
4855,14
4856,14
4857,14
4858,14
4859,8
4860,14
4861,14
4862,14
4863,8
4864,8
4865,14
4866,14
4867,14
4868,14
4869,14
4870,14
4871,14
4872,14
4873,8
4874,14
4875,14
4876,14
4877,5
4878,8
4879,8
4880,8
4881,14
4882,14
4883,7
4884,5
4885,5
4886,5
4887,14
4888,5
4889,14
4890,14
4891,22
4892,14
4893,14
4894,14
4895,14
4896,14
4897,5
4898,14
4899,7
4900,14
4901,14
4902,14
4903,4
4904,14
4905,5
4906,14
4907,5
4908,14
4909,8
4910,14
4911,5
4912,8
4913,8
4914,8
4915,8
4916,18
4917,8
4918,8
4919,8
4920,8
4921,8
4922,8
4923,8
4924,5
4925,5
4926,5
4927,8
4928,9
4929,14
4930,8
4931,8
4932,8
4933,8
4934,8
4935,8
4936,8
4937,14
4938,8
4939,8
4940,14
4941,5
4942,9
4943,14
4944,14
4945,14
4946,14
4947,14
4948,8
4949,8
4950,8
4951,8
4952,8
4953,9
4954,14
4955,8
4956,8
4957,0
4958,8
4959,8
4960,8
4961,8
4962,8
4963,11
4964,8
4965,8
4966,14
4967,8
4968,8
4969,8
4970,2
4971,8
4972,8
4973,8
4974,8
4975,8
4976,8
4977,8
4978,8
4979,8
4980,8
4981,8
4982,8
4983,8
4984,8
4985,8
4986,8
4987,14
4988,14
4989,14
4990,8
4991,8
4992,14
4993,23
4994,8
4995,8
4996,8
4997,8
4998,8
4999,8
5000,8
5001,5
5002,8
5003,8
5004,14
5005,14
5006,6
5007,6
5008,6
5009,6
5010,6
5011,6
5012,6
5013,6
5014,6
5015,6
5016,6
5017,14
5018,14
5019,23
5020,14
5021,14
5022,5
5023,11
5024,11
5025,2
5026,14
5027,14
5028,14
5029,14
5030,14
5031,14
5032,14
5033,11
5034,14
5035,14
5036,14
5037,14
5038,5
5039,14
5040,14
5041,14
5042,14
5043,14
5044,14
5045,8
5046,14
5047,14
5048,14
5049,5
5050,14
5051,14
5052,14
5053,14
5054,14
5055,14
5056,14
5057,14
5058,14
5059,23
5060,23
5061,23
5062,14
5063,14
5064,14
5065,14
5066,14
5067,14
5068,23
5069,17
5070,14
5071,23
5072,23
5073,23
5074,23
5075,23
5076,23
5077,23
5078,23
5079,23
5080,23
5081,23
5082,23
5083,23
5084,23
5085,17
5086,17
5087,17
5088,17
5089,17
5090,17
5091,17
5092,14
5093,14
5094,8
5095,14
5096,14
5097,14
5098,14
5099,8
5100,14
5101,14
5102,14
5103,14
5104,14
5105,14
5106,14
5107,14
5108,14
5109,22
5110,22
5111,22
5112,22
5113,22
5114,14
5115,14
5116,14
5117,14
5118,14
5119,22
5120,8
5121,14
5122,14
5123,14
5124,14
5125,14
5126,14
5127,14
5128,17
5129,2
5130,7
5131,11
5132,11
5133,11
5134,11
5135,11
5136,11
5137,11
5138,11
5139,11
5140,11
5141,8
5142,11
5143,11
5144,11
5145,11
5146,13
5147,6
5148,13
5149,7
5150,13
5151,13
5152,6
5153,7
5154,13
5155,23
5156,1
5157,23
5158,23
5159,23
5160,23
5161,23
5162,1
5163,1
5164,1
5165,1
5166,1
5167,1
5168,1
5169,1
5170,1
5171,1
5172,1
5173,1
5174,1
5175,1
5176,1
5177,1
5178,1
5179,1
5180,1
5181,1
5182,1
5183,1
5184,1
5185,8
5186,1
5187,1
5188,1
5189,1
5190,1
5191,1
5192,1
5193,1
5194,1
5195,1
5196,1
5197,1
5198,1
5199,1
5200,1
5201,1
5202,1
5203,1
5204,1
5205,1
5206,1
5207,1
5208,1
5209,1
5210,1
5211,1
5212,1
5213,1
5214,1
5215,1
5216,1
5217,1
5218,1
5219,1
5220,1
5221,8
5222,1
5223,1
5224,1
5225,1
5226,1
5227,1
5228,23
5229,23
5230,23
5231,1
5232,1
5233,1
5234,1
5235,1
5236,1
5237,1
5238,1
5239,1
5240,1
5241,2
5242,2
5243,2
5244,14
5245,5
5246,14
5247,9
5248,9
5249,9
5250,9
5251,9
5252,9
5253,5
5254,9
5255,2
5256,9
5257,9
5258,9
5259,9
5260,9
5261,5
5262,5
5263,5
5264,5
5265,5
5266,5
5267,5
5268,5
5269,5
5270,5
5271,5
5272,5
5273,5
5274,5
5275,5
5276,2
5277,2
5278,17
5279,8
5280,8
5281,8
5282,5
5283,8
5284,5
5285,2
5286,5
5287,5
5288,14
5289,2
5290,2
5291,14
5292,14
5293,11
5294,5
5295,14
5296,14
5297,5
5298,22
5299,5
5300,5
5301,5
5302,5
5303,5
5304,5
5305,21
5306,5
5307,5
5308,5
5309,5
5310,5
5311,5
5312,5
5313,5
5314,5
5315,5
5316,5
5317,5
5318,5
5319,5
5320,5
5321,5
5322,5
5323,5
5324,5
5325,14
5326,5
5327,5
5328,5
5329,5
5330,5
5331,5
5332,5
5333,5
5334,14
5335,14
5336,14
5337,14
5338,5
5339,14
5340,14
5341,14
5342,14
5343,14
5344,14
5345,8
5346,8
5347,8
5348,5
5349,5
5350,5
5351,5
5352,5
5353,2
5354,14
5355,5
5356,5
5357,5
5358,5
5359,5
5360,5
5361,5
5362,5
5363,14
5364,14
5365,5
5366,5
5367,5
5368,5
5369,3
5370,3
5371,3
5372,3
5373,3
5374,3
5375,3
5376,3
5377,3
5378,3
5379,3
5380,3
5381,3
5382,3
5383,3
5384,3
5385,3
5386,3
5387,3
5388,3
5389,3
5390,3
5391,3
5392,3
5393,3
5394,3
5395,3
5396,3
5397,3
5398,3
5399,3
5400,3
5401,3
5402,3
5403,23
5404,3
5405,3
5406,3
5407,3
5408,3
5409,3
5410,3
5411,3
5412,3
5413,3
5414,3
5415,3
5416,3
5417,23
5418,23
5419,23
5420,23
5421,23
5422,23
5423,23
5424,3
5425,3
5426,3
5427,3
5428,3
5429,3
5430,3
5431,3
5432,3
5433,3
5434,3
5435,23
5436,23
5437,1
5438,1
5439,1
5440,1
5441,2
5442,11
5443,11
5444,11
5445,2
5446,2
5447,2
5448,2
5449,2
5450,2
5451,2
5452,3
5453,2
5454,2
5455,11
5456,11
5457,6
5458,2
5459,11
5460,11
5461,11
5462,11
5463,11
5464,4
5465,11
5466,7
5467,2
5468,11
5469,11
5470,11
5471,11
5472,11
5473,11
5474,11
5475,11
5476,11
5477,11
5478,11
5479,11
5480,11
5481,11
5482,11
5483,11
5484,11
5485,11
5486,11
5487,0
5488,11
5489,4
5490,11
5491,11
5492,11
5493,0
5494,6
5495,6
5496,6
5497,7
5498,0
5499,11
5500,17
5501,11
5502,11
5503,17
5504,14
5505,1
5506,4
5507,14
5508,4
5509,14
5510,14
5511,14
5512,7
5513,17
5514,4
5515,4
5516,4
5517,14
5518,14
5519,17
5520,14
5521,14
5522,4
5523,4
5524,11
5525,11
5526,11
5527,0
5528,0
5529,4
5530,4
5531,2
5532,2
5533,2
5534,2
5535,2
5536,17
5537,17
5538,6
5539,11
5540,11
5541,7
5542,2
5543,2
5544,7
5545,7
5546,2
5547,2
5548,2
5549,2
5550,17
5551,6
5552,13
5553,6
5554,6
5555,6
5556,11
5557,0
5558,0
5559,6
5560,6
5561,6
5562,6
5563,6
5564,6
5565,6
5566,6
5567,6
5568,6
5569,6
5570,6
5571,6
5572,6
5573,6
5574,6
5575,6
5576,6
5577,6
5578,6
5579,6
5580,6
5581,6
5582,6
5583,6
5584,6
5585,6
5586,11
5587,13
5588,11
5589,4
5590,4
5591,4
5592,11
5593,2
5594,11
5595,5
5596,8
5597,8
5598,5
5599,5
5600,5
5601,8
5602,8
5603,5
5604,8
5605,5
5606,8
5607,8
5608,8
5609,8
5610,8
5611,8
5612,8
5613,8
5614,8
5615,8
5616,8
5617,8
5618,8
5619,8
5620,5
5621,5
5622,8
5623,8
5624,8
5625,8
5626,8
5627,8
5628,8
5629,8
5630,8
5631,23
5632,8
5633,8
5634,8
5635,8
5636,8
5637,8
5638,8
5639,8
5640,14
5641,8
5642,14
5643,8
5644,8
5645,8
5646,8
5647,8
5648,8
5649,8
5650,8
5651,8
5652,8
5653,8
5654,14
5655,14
5656,14
5657,14
5658,14
5659,5
5660,5
5661,5
5662,5
5663,5
5664,5
5665,5
5666,5
5667,5
5668,5
5669,5
5670,5
5671,5
5672,5
5673,5
5674,5
5675,5
5676,5
5677,1
5678,5
5679,5
5680,5
5681,5
5682,5
5683,5
5684,5
5685,5
5686,5
5687,5
5688,14
5689,14
5690,14
5691,14
5692,14
5693,5
5694,14
5695,5
5696,14
5697,5
5698,9
5699,5
5700,5
5701,14
5702,9
5703,9
5704,8
5705,14
5706,14
5707,14
5708,14
5709,8
5710,8
5711,8
5712,8
5713,8
5714,8
5715,8
5716,8
5717,8
5718,8
5719,5
5720,8
5721,8
5722,2
5723,8
5724,8
5725,14
5726,14
5727,8
5728,5
5729,5
5730,8
5731,14
5732,5
5733,5
5734,5
5735,8
5736,8
5737,5
5738,8
5739,5
5740,14
5741,5
5742,14
5743,5
5744,17
5745,5
5746,22
5747,22
5748,14
5749,14
5750,22
5751,22
5752,14
5753,22
5754,22
5755,22
5756,22
5757,9
5758,14
5759,14
5760,14
5761,2
5762,2
5763,2
5764,2
5765,2
5766,14
5767,2
5768,20
5769,2
5770,2
5771,2
5772,2
5773,2
5774,2
5775,2
5776,2
5777,2
5778,3
5779,3
5780,11
5781,2
5782,2
5783,2
5784,2
5785,2
5786,2
5787,2
5788,2
5789,2
5790,2
5791,0
5792,11
5793,14
5794,22
5795,22
5796,22
5797,2
5798,14
5799,0
5800,5
5801,5
5802,14
5803,14
5804,14
5805,5
5806,14
5807,5
5808,5
5809,5
5810,5
5811,5
5812,5
5813,5
5814,5
5815,5
5816,5
5817,5
5818,5
5819,5
5820,14
5821,5
5822,5
5823,14
5824,14
5825,14
5826,5
5827,23
5828,8
5829,8
5830,8
5831,8
5832,8
5833,8
5834,8
5835,8
5836,5
5837,5
5838,5
5839,5
5840,5
5841,5
5842,5
5843,5
5844,5
5845,5
5846,5
5847,12
5848,5
5849,5
5850,5
5851,5
5852,5
5853,5
5854,5
5855,5
5856,5
5857,5
5858,5
5859,5
5860,5
5861,9
5862,9
5863,9
5864,15
5865,5
5866,5
5867,5
5868,5
5869,5
5870,5
5871,5
5872,5
5873,14
5874,14
5875,14
5876,14
5877,14
5878,14
5879,22
5880,5
5881,14
5882,5
5883,5
5884,5
5885,5
5886,5
5887,5
5888,5
5889,5
5890,5
5891,5
5892,5
5893,5
5894,5
5895,5
5896,7
5897,9
5898,7
5899,0
5900,17
5901,20
5902,14
5903,8
5904,8
5905,8
5906,8
5907,14
5908,14
5909,14
5910,13
5911,14
5912,13
5913,14
5914,8
5915,13
5916,13
5917,13
5918,13
5919,13
5920,13
5921,13
5922,13
5923,14
5924,14
5925,14
5926,8
5927,14
5928,8
5929,14
5930,14
5931,0
5932,6
5933,14
5934,14
5935,14
5936,5
5937,5
5938,5
5939,5
5940,5
5941,5
5942,5
5943,5
5944,5
5945,5
5946,5
5947,5
5948,5
5949,5
5950,5
5951,5
5952,5
5953,14
5954,5
5955,5
5956,5
5957,5
5958,5
5959,5
5960,5
5961,5
5962,5
5963,14
5964,5
5965,14
5966,14
5967,14
5968,14
5969,14
5970,5
5971,5
5972,5
5973,5
5974,5
5975,5
5976,5
5977,5
5978,5
5979,5
5980,5
5981,5
5982,5
5983,5
5984,14
5985,19
5986,5
5987,14
5988,14
5989,14
5990,14
5991,9
5992,9
5993,9
5994,9
5995,5
5996,5
5997,8
5998,8
5999,14
6000,14
6001,5
6002,9
6003,14
6004,9
6005,5
6006,5
6007,0
6008,0
6009,13
6010,0
6011,9
6012,9
6013,9
6014,5
6015,5
6016,5
6017,5
6018,5
6019,5
6020,5
6021,5
6022,5
6023,5
6024,5
6025,5
6026,5
6027,4
6028,5
6029,5
6030,5
6031,5
6032,5
6033,5
6034,5
6035,5
6036,5
6037,5
6038,5
6039,5
6040,5
6041,21
6042,5
6043,5
6044,5
6045,5
6046,5
6047,5
6048,5
6049,5
6050,5
6051,5
6052,5
6053,5
6054,5
6055,5
6056,5
6057,5
6058,5
6059,5
6060,5
6061,5
6062,5
6063,5
6064,5
6065,5
6066,5
6067,5
6068,5
6069,5
6070,5
6071,5
6072,5
6073,5
6074,5
6075,9
6076,13
6077,5
6078,5
6079,5
6080,5
6081,14
6082,8
6083,5
6084,5
6085,5
6086,5
6087,5
6088,5
6089,5
6090,5
6091,5
6092,5
6093,5
6094,5
6095,14
6096,5
6097,5
6098,8
6099,8
6100,8
6101,20
6102,5
6103,5
6104,5
6105,5
6106,5
6107,5
6108,8
6109,8
6110,5
6111,5
6112,5
6113,5
6114,5
6115,5
6116,5
6117,5
6118,5
6119,5
6120,5
6121,5
6122,5
6123,5
6124,5
6125,5
6126,5
6127,5
6128,0
6129,3
6130,7
6131,5
6132,7
6133,7
6134,7
6135,8
6136,5
6137,5
6138,14
6139,14
6140,0
6141,5
6142,5
6143,5
6144,8
6145,5
6146,5
6147,5
6148,5
6149,4
6150,4
6151,14
6152,5
6153,5
6154,5
6155,5
6156,5
6157,5
6158,5
6159,5
6160,5
6161,5
6162,14
6163,14
6164,14
6165,14
6166,14
6167,14
6168,14
6169,14
6170,5
6171,5
6172,5
6173,5
6174,13
6175,13
6176,7
6177,0
6178,0
6179,0
6180,0
6181,0
6182,11
6183,0
6184,0
6185,0
6186,0
6187,0
6188,5
6189,5
6190,5
6191,14
6192,8
6193,8
6194,5
6195,5
6196,5
6197,5
6198,0
6199,5
6200,11
6201,5
6202,5
6203,5
6204,5
6205,5
6206,5
6207,5
6208,14
6209,3
6210,5
6211,13
6212,5
6213,5
6214,5
6215,5
6216,5
6217,0
6218,5
6219,14
6220,14
6221,5
6222,5
6223,5
6224,5
6225,5
6226,5
6227,12
6228,12
6229,12
6230,12
6231,12
6232,12
6233,12
6234,5
6235,5
6236,5
6237,5
6238,5
6239,14
6240,22
6241,22
6242,22
6243,14
6244,14
6245,14
6246,14
6247,14
6248,14
6249,14
6250,14
6251,14
6252,14
6253,14
6254,8
6255,14
6256,14
6257,14
6258,5
6259,14
6260,14
6261,14
6262,22
6263,13
6264,13
6265,7
6266,13
6267,13
6268,13
6269,7
6270,13
6271,7
6272,18
6273,18
6274,1
6275,23
6276,13
6277,13
6278,13
6279,23
6280,8
6281,18
6282,18
6283,13
6284,13
6285,1
6286,7
6287,13
6288,7
6289,7
6290,7
6291,7
6292,7
6293,7
6294,13
6295,7
6296,7
6297,13
6298,7
6299,13
6300,7
6301,7
6302,7
6303,13
6304,3
6305,23
6306,13
6307,13
6308,13
6309,23
6310,23
6311,7
6312,7
6313,7
6314,7
6315,7
6316,7
6317,7
6318,7
6319,7
6320,7
6321,7
6322,7
6323,7
6324,7
6325,7
6326,7
6327,1
6328,7
6329,0
6330,7
6331,7
6332,7
6333,7
6334,7
6335,7
6336,0
6337,7
6338,13
6339,7
6340,7
6341,7
6342,7
6343,7
6344,7
6345,7
6346,0
6347,7
6348,7
6349,7
6350,7
6351,7
6352,7
6353,7
6354,7
6355,7
6356,7
6357,7
6358,7
6359,7
6360,7
6361,6
6362,0
6363,13
6364,7
6365,7
6366,7
6367,7
6368,7
6369,7
6370,7
6371,7
6372,7
6373,7
6374,7
6375,7
6376,7
6377,7
6378,7
6379,7
6380,7
6381,7
6382,7
6383,7
6384,7
6385,7
6386,7
6387,7
6388,7
6389,7
6390,7
6391,7
6392,7
6393,6
6394,7
6395,7
6396,7
6397,7
6398,7
6399,7
6400,4
6401,4
6402,4
6403,7
6404,13
6405,13
6406,1
6407,1
6408,1
6409,1
6410,18
6411,13
6412,13
6413,13
6414,23
6415,23
6416,23
6417,23
6418,23
6419,23
6420,23
6421,13
6422,13
6423,13
6424,13
6425,5
6426,0
6427,5
6428,23
6429,23
6430,5
6431,5
6432,5
6433,5
6434,5
6435,5
6436,5
6437,5
6438,5
6439,0
6440,0
6441,0
6442,0
6443,5
6444,23
6445,8
6446,23
6447,23
6448,8
6449,8
6450,8
6451,8
6452,8
6453,8
6454,8
6455,8
6456,8
6457,8
6458,8
6459,2
6460,14
6461,2
6462,2
6463,2
6464,2
6465,2
6466,2
6467,2
6468,2
6469,2
6470,8
6471,8
6472,20
6473,14
6474,14
6475,20
6476,9
6477,14
6478,14
6479,9
6480,9
6481,0
6482,0
6483,5
6484,3
6485,14
6486,5
6487,5
6488,5
6489,2
6490,2
6491,2
6492,2
6493,2
6494,23
6495,9
6496,23
6497,23
6498,21
6499,21
6500,21
6501,5
6502,14
6503,5
6504,8
6505,22
6506,22
6507,8
6508,8
6509,13
6510,13
6511,13
6512,13
6513,13
6514,13
6515,13
6516,13
6517,13
6518,13
6519,13
6520,7
6521,7
6522,13
6523,13
6524,13
6525,13
6526,13
6527,13
6528,13
6529,7
6530,13
6531,13
6532,13
6533,13
6534,13
6535,13
6536,13
6537,13
6538,13
6539,13
6540,13
6541,13
6542,13
6543,6
6544,13
6545,13
6546,13
6547,13
6548,13
6549,13
6550,13
6551,13
6552,13
6553,13
6554,13
6555,13
6556,13
6557,6
6558,18
6559,6
6560,14
6561,23
6562,14
6563,23
6564,23
6565,23
6566,23
6567,23
6568,23
6569,5
6570,14
6571,5
6572,14
6573,14
6574,14
6575,14
6576,14
6577,20
6578,9
6579,9
6580,5
6581,5
6582,5
6583,3
6584,3
6585,8
6586,5
6587,5
6588,14
6589,8
6590,14
6591,7
6592,9
6593,9
6594,9
6595,14
6596,14
6597,14
6598,13
6599,6
6600,6
6601,6
6602,6
6603,6
6604,6
6605,6
6606,6
6607,6
6608,13
6609,6
6610,6
6611,0
6612,6
6613,11
6614,0
6615,0
6616,0
6617,0
6618,0
6619,0
6620,0
6621,0
6622,0
6623,0
6624,0
6625,0
6626,20
6627,20
6628,20
6629,20
6630,20
6631,20
6632,20
6633,20
6634,13
6635,13
6636,13
6637,13
6638,13
6639,3
6640,3
6641,3
6642,13
6643,13
6644,13
6645,13
6646,6
6647,13
6648,6
6649,6
6650,6
6651,6
6652,6
6653,6
6654,4
6655,6
6656,4
6657,0
6658,0
6659,6
6660,20
6661,0
6662,0
6663,0
6664,20
6665,20
6666,0
6667,14
6668,2
6669,7
6670,2
6671,2
6672,2
6673,2
6674,2
6675,14
6676,7
6677,2
6678,7
6679,14
6680,14
6681,14
6682,14
6683,14
6684,14
6685,14
6686,14
6687,4
6688,21
6689,14
6690,8
6691,11
6692,14
6693,0
6694,0
6695,0
6696,0
6697,20
6698,20
6699,3
6700,23
6701,14
6702,14
6703,14
6704,14
6705,17
6706,17
6707,17
6708,17
6709,17
6710,17
6711,0
6712,0
6713,0
6714,0
6715,0
6716,0
6717,0
6718,17
6719,17
6720,17
6721,17
6722,0
6723,0
6724,0
6725,20
6726,20
6727,20
6728,20
6729,20
6730,20
6731,8
6732,0
6733,0
6734,20
6735,4
6736,7
6737,7
6738,20
6739,20
6740,20
6741,6
6742,0
6743,4
6744,4
6745,4
6746,4
6747,4
6748,4
6749,4
6750,4
6751,4
6752,4
6753,4
6754,4
6755,4
6756,6
6757,1
6758,0
6759,0
6760,0
6761,20
6762,20
6763,20
6764,20
6765,20
6766,13
6767,0
6768,0
6769,8
6770,8
6771,8
6772,2
6773,17
6774,14
6775,2
6776,2
6777,17
6778,14
6779,14
6780,4
6781,4
6782,4
6783,4
6784,4
6785,4
6786,4
6787,4
6788,4
6789,4
6790,4
6791,4
6792,4
6793,4
6794,4
6795,4
6796,4
6797,4
6798,4
6799,4
6800,4
6801,4
6802,4
6803,4
6804,4
6805,4
6806,4
6807,4
6808,4
6809,4
6810,6
6811,4
6812,4
6813,4
6814,4
6815,4
6816,4
6817,4
6818,4
6819,4
6820,13
6821,4
6822,4
6823,4
6824,6
6825,4
6826,4
6827,6
6828,6
6829,6
6830,6
6831,6
6832,6
6833,6
6834,6
6835,6
6836,6
6837,6
6838,6
6839,6
6840,6
6841,6
6842,6
6843,6
6844,6
6845,6
6846,6
6847,6
6848,6
6849,6
6850,6
6851,6
6852,6
6853,6
6854,6
6855,6
6856,6
6857,6
6858,6
6859,6
6860,6
6861,6
6862,6
6863,6
6864,0
6865,6
6866,6
6867,6
6868,6
6869,11
6870,20
6871,6
6872,6
6873,6
6874,6
6875,6
6876,6
6877,6
6878,6
6879,13
6880,13
6881,6
6882,6
6883,6
6884,6
6885,6
6886,6
6887,6
6888,20
6889,6
6890,6
6891,6
6892,6
6893,6
6894,6
6895,6
6896,6
6897,6
6898,6
6899,6
6900,6
6901,6
6902,8
6903,8
6904,8
6905,23
6906,8
6907,23
6908,8
6909,8
6910,8
6911,4
6912,8
6913,1
6914,13
6915,1
6916,1
6917,8
6918,1
6919,1
6920,1
6921,1
6922,1
6923,23
6924,11
6925,20
6926,0
6927,20
6928,6
6929,20
6930,20
6931,0
6932,0
6933,0
6934,0
6935,0
6936,20
6937,0
6938,14
6939,14
6940,14
6941,14
6942,14
6943,14
6944,14
6945,8
6946,14
6947,14
6948,20
6949,0
6950,0
6951,8
6952,8
6953,0
6954,8
6955,8
6956,8
6957,8
6958,8
6959,8
6960,23
6961,23
6962,23
6963,23
6964,23
6965,2
6966,23
6967,23
6968,23
6969,23
6970,23
6971,23
6972,23
6973,23
6974,23
6975,23
6976,4
6977,23
6978,23
6979,23
6980,23
6981,23
6982,23
6983,23
6984,23
6985,23
6986,23
6987,23
6988,23
6989,23
6990,23
6991,1
6992,23
6993,23
6994,23
6995,23
6996,23
6997,23
6998,23
6999,23
7000,23
7001,23
7002,23
7003,23
7004,23
7005,23
7006,8
7007,23
7008,23
7009,23
7010,23
7011,23
7012,23
7013,8
7014,23
7015,8
7016,23
7017,23
7018,23
7019,23
7020,23
7021,8
7022,14
7023,14
7024,14
7025,14
7026,23
7027,23
7028,23
7029,23
7030,23
7031,23
7032,23
7033,23
7034,23
7035,23
7036,18
7037,18
7038,18
7039,18
7040,18
7041,18
7042,18
7043,18
7044,18
7045,18
7046,18
7047,18
7048,18
7049,18
7050,18
7051,18
7052,18
7053,18
7054,18
7055,18
7056,1
7057,23
7058,23
7059,23
7060,23
7061,6
7062,6
7063,13
7064,6
7065,13
7066,0
7067,2
7068,2
7069,18
7070,18
7071,18
7072,18
7073,1
7074,18
7075,18
7076,18
7077,18
7078,18
7079,18
7080,1
7081,1
7082,1
7083,1
7084,1
7085,1
7086,1
7087,1
7088,1
7089,1
7090,18
7091,1
7092,1
7093,1
7094,18
7095,18
7096,11
7097,11
7098,2
7099,2
7100,2
7101,2
7102,2
7103,13
7104,17
7105,17
7106,17
7107,17
7108,17
7109,13
7110,17
7111,17
7112,2
7113,2
7114,13
7115,7
7116,14
7117,14
7118,14
7119,8
7120,4
7121,8
7122,21
7123,9
7124,9
7125,7
7126,7
7127,7
7128,7
7129,4
7130,4
7131,20
7132,13
7133,13
7134,13
7135,13
7136,13
7137,3
7138,13
7139,13
7140,13
7141,13
7142,13
7143,13
7144,13
7145,13
7146,13
7147,13
7148,11
7149,13
7150,13
7151,13
7152,13
7153,13
7154,13
7155,13
7156,13
7157,13
7158,13
7159,13
7160,13
7161,13
7162,13
7163,13
7164,13
7165,13
7166,13
7167,13
7168,13
7169,13
7170,13
7171,13
7172,13
7173,13
7174,13
7175,13
7176,13
7177,13
7178,13
7179,13
7180,13
7181,13
7182,13
7183,13
7184,13
7185,13
7186,13
7187,13
7188,13
7189,13
7190,13
7191,13
7192,13
7193,13
7194,13
7195,6
7196,13
7197,13
7198,13
7199,13
7200,13
7201,13
7202,17
7203,13
7204,17
7205,17
7206,13
7207,13
7208,13
7209,13
7210,13
7211,13
7212,13
7213,13
7214,13
7215,13
7216,13
7217,13
7218,13
7219,13
7220,13
7221,13
7222,13
7223,6
7224,13
7225,13
7226,13
7227,13
7228,13
7229,13
7230,13
7231,7
7232,3
7233,13
7234,13
7235,13
7236,13
7237,3
7238,3
7239,3
7240,3
7241,3
7242,3
7243,3
7244,3
7245,3
7246,3
7247,13
7248,13
7249,13
7250,13
7251,7
7252,7
7253,17
7254,7
7255,7
7256,13
7257,13
7258,13
7259,6
7260,13
7261,13
7262,13
7263,13
7264,13
7265,7
7266,7
7267,17
7268,13
7269,13
7270,13
7271,13
7272,13
7273,13
7274,13
7275,7
7276,7
7277,7
7278,7
7279,7
7280,7
7281,7
7282,7
7283,7
7284,7
7285,7
7286,7
7287,7
7288,3
7289,3
7290,3
7291,3
7292,3
7293,3
7294,3
7295,3
7296,11
7297,3
7298,6
7299,2
7300,2
7301,2
7302,2
7303,0
7304,0
7305,2
7306,7
7307,7
7308,17
7309,7
7310,2
7311,2
7312,2
7313,2
7314,2
7315,7
7316,2
7317,2
7318,2
7319,2
7320,11
7321,17
7322,6
7323,14
7324,14
7325,6
7326,6
7327,2
7328,0
7329,7
7330,0
7331,4
7332,4
7333,4
7334,4
7335,4
7336,4
7337,6
7338,6
7339,6
7340,6
7341,20
7342,6
7343,6
7344,20
7345,11
7346,11
7347,7
7348,0
7349,0
7350,0
7351,0
7352,20
7353,0
7354,0
7355,7
7356,4
7357,0
7358,0
7359,0
7360,0
7361,0
7362,0
7363,4
7364,0
7365,0
7366,17
7367,17
7368,0
7369,0
7370,14
7371,23
7372,23
7373,23
7374,23
7375,23
7376,23
7377,23
7378,23
7379,23
7380,23
7381,23
7382,23
7383,23
7384,23
7385,23
7386,23
7387,23
7388,23
7389,23
7390,23
7391,23
7392,23
7393,23
7394,23
7395,23
7396,23
7397,23
7398,23
7399,23
7400,23
7401,8
7402,23
7403,3
7404,3
7405,8
7406,8
7407,22
7408,3
7409,8
7410,23
7411,23
7412,6
7413,6
7414,6
7415,6
7416,6
7417,6
7418,6
7419,6
7420,6
7421,11
7422,13
7423,13
7424,13
7425,13
7426,11
7427,11
7428,1
7429,11
7430,11
7431,11
7432,11
7433,6
7434,6
7435,6
7436,6
7437,6
7438,6
7439,1
7440,6
7441,6
7442,11
7443,4
7444,2
7445,0
7446,6
7447,13
7448,6
7449,6
7450,6
7451,6
7452,6
7453,6
7454,6
7455,6
7456,6
7457,6
7458,6
7459,6
7460,6
7461,6
7462,6
7463,13
7464,13
7465,6
7466,17
7467,13
7468,23
7469,23
7470,23
7471,23
7472,23
7473,23
7474,23
7475,23
7476,3
7477,23
7478,23
7479,3
7480,23
7481,23
7482,23
7483,23
7484,23
7485,23
7486,23
7487,23
7488,23
7489,23
7490,23
7491,23
7492,23
7493,23
7494,13
7495,23
7496,23
7497,23
7498,13
7499,23
7500,23
7501,23
7502,23
7503,23
7504,23
7505,23
7506,23
7507,23
7508,23
7509,1
7510,23
7511,23
7512,1
7513,23
7514,1
7515,23
7516,23
7517,4
7518,1
7519,13
7520,13
7521,13
7522,13
7523,23
7524,13
7525,13
7526,6
7527,6
7528,1
7529,1
7530,23
7531,1
7532,1
7533,1
7534,23
7535,23
7536,23
7537,23
7538,23
7539,23
7540,23
7541,1
7542,1
7543,1
7544,23
7545,23
7546,23
7547,23
7548,15
7549,15
7550,15
7551,23
7552,23
7553,23
7554,1
7555,1
7556,23
7557,1
7558,1
7559,1
7560,1
7561,1
7562,1
7563,1
7564,1
7565,1
7566,1
7567,1
7568,1
7569,1
7570,23
7571,1
7572,1
7573,1
7574,1
7575,1
7576,1
7577,1
7578,1
7579,1
7580,1
7581,1
7582,4
7583,4
7584,1
7585,1
7586,1
7587,1
7588,1
7589,20
7590,11
7591,1
7592,1
7593,13
7594,1
7595,1
7596,1
7597,1
7598,1
7599,20
7600,4
7601,1
7602,1
7603,1
7604,4
7605,23
7606,23
7607,23
7608,20
7609,1
7610,6
7611,1
7612,1
7613,23
7614,23
7615,23
7616,23
7617,18
7618,18
7619,18
7620,18
7621,18
7622,18
7623,18
7624,18
7625,18
7626,7
7627,18
7628,1
7629,23
7630,1
7631,1
7632,1
7633,1
7634,1
7635,23
7636,1
7637,1
7638,1
7639,1
7640,1
7641,1
7642,1
7643,4
7644,4
7645,4
7646,4
7647,4
7648,4
7649,4
7650,4
7651,4
7652,4
7653,4
7654,7
7655,4
7656,4
7657,6
7658,4
7659,8
7660,8
7661,8
7662,8
7663,13
7664,13
7665,6
7666,17
7667,13
7668,11
7669,6
7670,13
7671,7
7672,7
7673,13
7674,6
7675,13
7676,7
7677,6
7678,6
7679,6
7680,7
7681,7
7682,6
7683,6
7684,6
7685,6
7686,6
7687,6
7688,6
7689,6
7690,6
7691,6
7692,6
7693,6
7694,20
7695,7
7696,20
7697,20
7698,20
7699,20
7700,20
7701,7
7702,13
7703,4
7704,6
7705,7
7706,7
7707,7
7708,20
7709,7
7710,7
7711,18
7712,7
7713,6
7714,13
7715,13
7716,13
7717,20
7718,20
7719,1
7720,4
7721,20
7722,20
7723,20
7724,0
7725,7
7726,20
7727,7
7728,7
7729,7
7730,7
7731,7
7732,7
7733,20
7734,20
7735,0
7736,7
7737,7
7738,7
7739,4
7740,7
7741,2
7742,2
7743,16
7744,16
7745,16
7746,16
7747,16
7748,16
7749,16
7750,16
7751,16
7752,1
7753,8
7754,23
7755,23
7756,23
7757,23
7758,4
7759,4
7760,4
7761,4
7762,4
7763,4
7764,4
7765,4
7766,4
7767,4
7768,4
7769,4
7770,4
7771,4
7772,4
7773,4
7774,4
7775,4
7776,1
7777,1
7778,1
7779,1
7780,1
7781,1
7782,1
7783,1
7784,15
7785,15
7786,23
7787,6
7788,6
7789,1
7790,6
7791,6
7792,6
7793,20
7794,20
7795,20
7796,20
7797,20
7798,20
7799,20
7800,20
7801,20
7802,1
7803,8
7804,8
7805,8
7806,8
7807,8
7808,8
7809,8
7810,8
7811,8
7812,8
7813,8
7814,23
7815,11
7816,11
7817,8
7818,8
7819,22
7820,8
7821,8
7822,8
7823,8
7824,8
7825,8
7826,8
7827,8
7828,3
7829,3
7830,8
7831,3
7832,3
7833,3
7834,3
7835,3
7836,3
7837,11
7838,11
7839,11
7840,11
7841,11
7842,11
7843,4
7844,11
7845,11
7846,11
7847,11
7848,21
7849,8
7850,8
7851,8
7852,8
7853,8
7854,8
7855,8
7856,23
7857,8
7858,8
7859,8
7860,8
7861,8
7862,8
7863,8
7864,8
7865,8
7866,8
7867,8
7868,8
7869,8
7870,8
7871,8
7872,8
7873,8
7874,8
7875,8
7876,11
7877,11
7878,11
7879,11
7880,11
7881,11
7882,11
7883,0
7884,11
7885,11
7886,11
7887,11
7888,20
7889,20
7890,20
7891,0
7892,0
7893,0
7894,0
7895,0
7896,0
7897,0
7898,0
7899,0
7900,0
7901,0
7902,7
7903,6
7904,6
7905,6
7906,6
7907,6
7908,6
7909,6
7910,6
7911,6
7912,6
7913,6
7914,6
7915,6
7916,14
7917,14
7918,21
7919,9
7920,8
7921,23
7922,23
7923,23
7924,23
7925,5
7926,8
7927,8
7928,8
7929,8
7930,8
7931,23
7932,23
7933,23
7934,14
7935,0
7936,8
7937,14
7938,14
7939,14
7940,8
7941,4
7942,14
7943,14
7944,14
7945,14
7946,2
7947,2
7948,2
7949,2
7950,2
7951,2
7952,2
7953,2
7954,2
7955,7
7956,2
7957,2
7958,2
7959,6
7960,2
7961,2
7962,2
7963,2
7964,2
7965,2
7966,23
7967,23
7968,17
7969,23
7970,14
7971,2
7972,2
7973,7
7974,7
7975,7
7976,7
7977,7
7978,7
7979,7
7980,7
7981,7
7982,7
7983,7
7984,7
7985,7
7986,7
7987,7
7988,7
7989,7
7990,7
7991,7
7992,7
7993,7
7994,7
7995,7
7996,7
7997,7
7998,7
7999,7
8000,7
8001,2
8002,2
8003,17
8004,14
8005,13
8006,13
8007,13
8008,14
8009,17
8010,17
8011,14
8012,14
8013,4
8014,0
8015,0
8016,0
8017,0
8018,0
8019,0
8020,0
8021,0
8022,0
8023,0
8024,0
8025,0
8026,0
8027,0
8028,0
8029,0
8030,15
8031,12
8032,12
8033,12
8034,5
8035,12
8036,12
8037,12
8038,6
8039,7
8040,20
8041,0
8042,14
8043,23
8044,23
8045,23
8046,23
8047,23
8048,23
8049,23
8050,20
8051,6
8052,6
8053,6
8054,6
8055,6
8056,6
8057,6
8058,6
8059,6
8060,6
8061,6
8062,20
8063,6
8064,6
8065,6
8066,6
8067,6
8068,6
8069,6
8070,6
8071,6
8072,0
8073,0
8074,0
8075,0
8076,0
8077,4
8078,14
8079,0
8080,0
8081,4
8082,4
8083,4
8084,4
8085,0
8086,0
8087,0
8088,11
8089,6
8090,6
8091,6
8092,11
8093,4
8094,4
8095,4
8096,4
8097,4
8098,4
8099,4
8100,4
8101,0
8102,4
8103,4
8104,4
8105,4
8106,0
8107,4
8108,5
8109,4
8110,1
8111,1
8112,1
8113,1
8114,0
8115,6
8116,6
8117,6
8118,6
8119,14
8120,0
8121,13
8122,14
8123,0
8124,14
8125,5
8126,5
8127,5
8128,17
8129,9
8130,21
8131,21
8132,5
8133,2
8134,1
8135,3
8136,3
8137,3
8138,1
8139,4
8140,4
8141,1
8142,1
8143,1
8144,16
8145,8
8146,5
8147,8
8148,20
8149,20
8150,20
8151,20
8152,20
8153,20
8154,20
8155,0
8156,20
8157,0
8158,20
8159,20
8160,20
8161,20
8162,20
8163,20
8164,20
8165,6
8166,20
8167,20
8168,20
8169,6
8170,6
8171,6
8172,6
8173,6
8174,6
8175,6
8176,6
8177,20
8178,6
8179,6
8180,6
8181,6
8182,6
8183,6
8184,6
8185,6
8186,6
8187,6
8188,6
8189,6
8190,6
8191,6
8192,6
8193,6
8194,6
8195,6
8196,6
8197,6
8198,6
8199,6
8200,6
8201,6
8202,6
8203,6
8204,6
8205,6
8206,6
8207,6
8208,6
8209,6
8210,6
8211,6
8212,6
8213,6
8214,6
8215,6
8216,6
8217,6
8218,6
8219,6
8220,6
8221,6
8222,6
8223,6
8224,6
8225,6
8226,6
8227,6
8228,6
8229,6
8230,6
8231,6
8232,6
8233,6
8234,6
8235,5
8236,0
8237,20
8238,14
8239,6
8240,4
8241,6
8242,18
8243,18
8244,18
8245,18
8246,18
8247,18
8248,18
8249,18
8250,18
8251,18
8252,18
8253,18
8254,18
8255,18
8256,18
8257,18
8258,18
8259,18
8260,18
8261,18
8262,18
8263,18
8264,18
8265,18
8266,18
8267,18
8268,18
8269,18
8270,18
8271,18
8272,1
8273,1
8274,1
8275,1
8276,13
8277,13
8278,13
8279,13
8280,13
8281,7
8282,7
8283,5
8284,17
8285,13
8286,13
8287,13
8288,13
8289,13
8290,13
8291,13
8292,13
8293,17
8294,17
8295,11
8296,6
8297,11
8298,17
8299,13
8300,13
8301,13
8302,13
8303,13
8304,6
8305,6
8306,6
8307,7
8308,7
8309,6
8310,6
8311,6
8312,6
8313,6
8314,4
8315,4
8316,4
8317,20
8318,7
8319,7
8320,7
8321,7
8322,7
8323,7
8324,20
8325,20
8326,20
8327,20
8328,18
8329,18
8330,18
8331,18
8332,18
8333,18
8334,13
8335,13
8336,13
8337,13
8338,13
8339,17
8340,11
8341,17
8342,17
8343,17
8344,17
8345,17
8346,17
8347,11
8348,17
8349,17
8350,17
8351,17
8352,17
8353,13
8354,17
8355,7
8356,7
8357,2
8358,2
8359,2
8360,17
8361,6
8362,13
8363,7
8364,7
8365,3
8366,3
8367,3
8368,3
8369,3
8370,3
8371,3
8372,3
8373,3
8374,23
8375,3
8376,3
8377,3
8378,3
8379,3
8380,3
8381,3
8382,3
8383,3
8384,3
8385,3
8386,3
8387,3
8388,3
8389,3
8390,3
8391,6
8392,6
8393,6
8394,17
8395,2
8396,5
8397,5
8398,5
8399,5
8400,15
8401,1
8402,1
8403,1
8404,15
8405,5
8406,15
8407,15
8408,15
8409,15
8410,15
8411,15
8412,15
8413,15
8414,15
8415,15
8416,5
8417,5
8418,8
8419,8
8420,8
8421,8
8422,23
8423,15
8424,15
8425,8
8426,1
8427,8
8428,23
8429,3
8430,3
8431,8
8432,8
8433,8
8434,8
8435,8
8436,14
8437,8
8438,23
8439,23
8440,23
8441,5
8442,8
8443,5
8444,23
8445,14
8446,23
8447,11
8448,14
8449,0
8450,4
8451,5
8452,5
8453,5
8454,11
8455,5
8456,5
8457,17
8458,17
8459,6
8460,13
8461,23
8462,0
8463,0
8464,0
8465,0
8466,0
8467,0
8468,0
8469,7
8470,21
8471,11
8472,6
8473,6
8474,6
8475,6
8476,6
8477,6
8478,6
8479,6
8480,6
8481,6
8482,20
8483,4
8484,6
8485,6
8486,11
8487,6
8488,6
8489,6
8490,6
8491,6
8492,6
8493,6
8494,6
8495,6
8496,6
8497,6
8498,4
8499,6
8500,0
8501,0
8502,13
8503,7
8504,13
8505,13
8506,13
8507,13
8508,13
8509,13
8510,13
8511,18
8512,1
8513,7
8514,7
8515,7
8516,14
8517,14
8518,14
8519,14
8520,23
8521,23
8522,2
8523,2
8524,11
8525,4
8526,4
8527,4
8528,4
8529,4
8530,4
8531,20
8532,20
8533,20
8534,1
8535,0
8536,1
8537,1
8538,20
8539,7
8540,0
8541,0
8542,4
8543,6
8544,6
8545,6
8546,23
8547,23
8548,23
8549,23
8550,23
8551,17
8552,17
8553,17
8554,20
8555,13
8556,13
8557,1
8558,1
8559,4
8560,4
8561,11
8562,11
8563,14
8564,6
8565,6
8566,13
8567,11
8568,11
8569,11
8570,11
8571,11
8572,11
8573,11
8574,20
8575,20
8576,20
8577,20
8578,20
8579,20
8580,20
8581,20
8582,6
8583,6
8584,7
8585,6
8586,13
8587,13
8588,6
8589,6
8590,6
8591,4
8592,6
8593,6
8594,6
8595,6
8596,6
8597,20
8598,20
8599,20
8600,20
8601,0
8602,14
8603,4
8604,13
8605,13
8606,13
8607,6
8608,13
8609,13
8610,13
8611,13
8612,7
8613,7
8614,13
8615,18
8616,18
8617,18
8618,1
8619,13
8620,13
8621,13
8622,2
8623,2
8624,6
8625,13
8626,6
8627,6
8628,6
8629,6
8630,6
8631,6
8632,6
8633,6
8634,6
8635,6
8636,6
8637,6
8638,6
8639,6
8640,18
8641,18
8642,6
8643,4
8644,4
8645,4
8646,4
8647,2
8648,7
8649,7
8650,11
8651,18
8652,18
8653,7
8654,7
8655,3
8656,3
8657,20
8658,13
8659,4
8660,4
8661,7
8662,7
8663,7
8664,18
8665,18
8666,13
8667,13
8668,13
8669,13
8670,5
8671,13
8672,7
8673,4
8674,4
8675,4
8676,4
8677,13
8678,6
8679,6
8680,18
8681,18
8682,4
8683,4
8684,4
8685,4
8686,4
8687,4
8688,23
8689,23
8690,23
8691,23
8692,3
8693,3
8694,14
8695,14
8696,0
8697,20
8698,20
8699,20
8700,20
8701,4
8702,4
8703,4
8704,4
8705,4
8706,4
8707,2
8708,4
8709,4
8710,4
8711,4
8712,4
8713,4
8714,6
8715,6
8716,4
8717,5
8718,20
8719,4
8720,4
8721,23
8722,23
8723,23
8724,23
8725,23
8726,9
8727,9
8728,9
8729,9
8730,23
8731,23
8732,0
8733,8
8734,8
8735,8
8736,8
8737,8
8738,6
8739,6
8740,6
8741,14
8742,11
8743,23
8744,23
8745,23
8746,23
8747,23
8748,23
8749,23
8750,23
8751,23
8752,23
8753,23
8754,23
8755,23
8756,23
8757,23
8758,23
8759,23
8760,23
8761,23
8762,23
8763,7
8764,7
8765,7
8766,7
8767,7
8768,7
8769,7
8770,17
8771,7
8772,7
8773,11
8774,11
8775,11
8776,11
8777,11
8778,11
8779,11
8780,6
8781,7
8782,6
8783,2
8784,2
8785,21
8786,2
8787,6
8788,6
8789,4
8790,20
8791,20
8792,14
8793,14
8794,5
8795,2
8796,2
8797,8
8798,6
8799,8
8800,2
8801,2
8802,2
8803,9
8804,9
8805,5
8806,14
8807,14
8808,9
8809,2
8810,5
8811,5
8812,5
8813,5
8814,5
8815,5
8816,5
8817,5
8818,5
8819,5
8820,5
8821,5
8822,5
8823,5
8824,5
8825,5
8826,5
8827,5
8828,14
8829,14
8830,0
8831,0
8832,0
8833,0
8834,14
8835,17
8836,14
8837,17
8838,0
8839,23
8840,5
8841,0
8842,0
8843,5
8844,5
8845,5
8846,5
8847,5
8848,5
8849,5
8850,5
8851,5
8852,5
8853,5
8854,5
8855,5
8856,5
8857,5
8858,5
8859,5
8860,5
8861,5
8862,5
8863,5
8864,5
8865,5
8866,5
8867,5
8868,5
8869,5
8870,5
8871,5
8872,5
8873,5
8874,5
8875,5
8876,5
8877,8
8878,5
8879,5
8880,5
8881,5
8882,5
8883,5
8884,5
8885,5
8886,5
8887,5
8888,8
8889,5
8890,5
8891,5
8892,5
8893,5
8894,5
8895,5
8896,5
8897,5
8898,5
8899,5
8900,5
8901,5
8902,5
8903,5
8904,5
8905,9
8906,5
8907,5
8908,5
8909,5
8910,5
8911,5
8912,5
8913,13
8914,5
8915,5
8916,5
8917,5
8918,5
8919,5
8920,5
8921,5
8922,5
8923,5
8924,5
8925,5
8926,5
8927,5
8928,5
8929,5
8930,5
8931,4
8932,6
8933,5
8934,2
8935,2
8936,2
8937,23
8938,8
8939,8
8940,14
8941,11
8942,11
8943,23
8944,23
8945,23
8946,23
8947,23
8948,0
8949,5
8950,7
8951,2
8952,13
8953,15
8954,15
8955,20
8956,14
8957,14
8958,0
8959,0
8960,7
8961,11
8962,1
8963,11
8964,11
8965,4
8966,20
8967,23
8968,23
8969,17
8970,23
8971,1
8972,23
8973,23
8974,23
8975,23
8976,23
8977,4
8978,1
8979,13
8980,13
8981,21
8982,21
8983,21
8984,13
8985,13
8986,13
8987,5
8988,0
8989,4
8990,4
8991,0
8992,4
8993,4
8994,4
8995,20
8996,0
8997,4
8998,3
8999,4
9000,14
9001,23
9002,13
9003,2
9004,2
9005,2
9006,13
9007,5
9008,5
9009,5
9010,5
9011,5
9012,5
9013,5
9014,4
9015,23
9016,13
9017,20
9018,20
9019,23
9020,5
9021,2
9022,17
9023,17
9024,2
9025,17
9026,4
9027,4
9028,8
9029,8
9030,23
9031,23
9032,23
9033,1
9034,23
9035,8
9036,8
9037,20
9038,20
9039,0
9040,0
9041,0
9042,11
9043,5
9044,5
9045,5
9046,5
9047,5
9048,5
9049,5
9050,5
9051,5
9052,5
9053,5
9054,5
9055,5
9056,5
9057,5
9058,5
9059,5
9060,5
9061,11
9062,5
9063,5
9064,8
9065,5
9066,5
9067,5
9068,5
9069,5
9070,5
9071,5
9072,5
9073,5
9074,3
9075,5
9076,5
9077,5
9078,5
9079,5
9080,0
9081,5
9082,5
9083,5
9084,5
9085,5
9086,5
9087,5
9088,5
9089,5
9090,5
9091,5
9092,21
9093,14
9094,21
9095,3
9096,4
9097,6
9098,6
9099,11
9100,11
9101,11
9102,5
9103,23
9104,5
9105,5
9106,5
9107,5
9108,5
9109,5
9110,5
9111,5
9112,11
9113,10
9114,11
9115,11
9116,13
9117,13
9118,13
9119,5
9120,5
9121,5
9122,12
9123,13
9124,5
9125,4
9126,4
9127,4
9128,20
9129,3
9130,3
9131,3
9132,3
9133,3
9134,3
9135,3
9136,3
9137,3
9138,3
9139,3
9140,5
9141,3
9142,2
9143,20
9144,0
9145,0
9146,7
9147,7
9148,11
9149,4
9150,4
9151,4
9152,4
9153,4
9154,4
9155,4
9156,14
9157,2
9158,2
9159,2
9160,11
9161,20
9162,8
9163,8
9164,8
9165,2
9166,20
9167,20
9168,11
9169,11
9170,4
9171,7
9172,14
9173,7
9174,7
9175,7
9176,7
9177,1
9178,6
9179,20
9180,20
9181,4
9182,4
9183,4
9184,4
9185,7
9186,14
9187,11
9188,9
9189,9
9190,9
9191,9
9192,0
9193,0
9194,6
9195,14
9196,20
9197,20
9198,20
9199,20
9200,1
9201,1
9202,1
9203,1
9204,5
9205,5
9206,5
9207,5
9208,2
9209,7
9210,9
9211,21
9212,11
9213,3
9214,3
9215,5
9216,5
9217,0
9218,0
9219,0
9220,0
9221,0
9222,0
9223,0
9224,0
9225,0
9226,0
9227,6
9228,13
9229,23
9230,23
9231,23
9232,1
9233,23
9234,18
9235,18
9236,13
9237,8
9238,0
9239,17
9240,14
9241,8
9242,8
9243,8
9244,8
9245,4
9246,4
9247,14
9248,0
9249,0
9250,20
9251,20
9252,6
9253,6
9254,13
9255,3
9256,3
9257,3
9258,5
9259,5
9260,17
9261,17
9262,17
9263,6
9264,6
9265,0
9266,7
9267,7
9268,5
9269,13
9270,0
9271,8
9272,8
9273,8
9274,8
9275,8
9276,8
9277,8
9278,8
9279,8
9280,8
9281,8
9282,8
9283,8
9284,8
9285,8
9286,8
9287,8
9288,8
9289,8
9290,8
9291,4
9292,4
9293,9
9294,9
9295,9
9296,9
9297,14
9298,14
9299,2
9300,20
9301,0
9302,8
9303,23
9304,8
9305,8
9306,13
9307,17
9308,1
9309,2
9310,6
9311,6
9312,5
9313,5
9314,5
9315,5
9316,3
9317,9
9318,9
9319,5
9320,5
9321,5
9322,5
9323,5
9324,13
9325,6
9326,6
9327,6
9328,6
9329,13
9330,13
9331,0
9332,6
9333,13
9334,4
9335,7
9336,7
9337,1
9338,1
9339,1
9340,1
9341,1
9342,5
9343,5
9344,23
9345,5
9346,5
9347,5
9348,5
9349,5
9350,5
9351,5
9352,5
9353,1
9354,4
9355,4
9356,0
9357,0
9358,7
9359,7
9360,0
9361,11
9362,0
9363,0
9364,4
9365,0
9366,0
9367,0
9368,0
9369,0
9370,18
9371,23
9372,23
9373,13
9374,20
9375,4
9376,4
9377,0
9378,11
9379,8
9380,8
9381,0
9382,0
9383,0
9384,0
9385,4
9386,20
9387,11
9388,11
9389,11
9390,1
9391,1
9392,1
9393,20
9394,20
9395,20
9396,20
9397,8
9398,8
9399,8
9400,8
9401,23
9402,11
9403,6
9404,0
9405,0
9406,0
9407,23
9408,23
9409,23
9410,23
9411,17
9412,9
9413,4
9414,4
9415,4
9416,2
9417,4
9418,14
9419,17
9420,17
9421,17
9422,17
9423,17
9424,5
9425,5
9426,23
9427,23
9428,1
9429,1
9430,1
9431,1
9432,1
9433,1
9434,1
9435,1
9436,1
9437,1
9438,1
9439,1
9440,1
9441,1
9442,14
9443,9
9444,9
9445,14
9446,10
9447,10
9448,10
9449,10
9450,23
9451,23
9452,0
9453,5
9454,6
9455,12
9456,12
9457,12
9458,13
9459,13
9460,23
9461,23
9462,11
9463,11
9464,11
9465,11
9466,14
9467,21
9468,0
9469,23
9470,6
9471,6
9472,13
9473,2
9474,2
9475,23
9476,23
9477,23
9478,23
9479,23
9480,3
9481,3
9482,2
9483,2
9484,2
9485,2
9486,2
9487,2
9488,4
9489,2
9490,1
9491,0
9492,0
9493,2
9494,2
9495,2
9496,17
9497,4
9498,4
9499,4
9500,4
9501,20
9502,13
9503,23
9504,13
9505,13
9506,18
9507,18
9508,7
9509,7
9510,7
9511,14
9512,23
9513,16
9514,16
9515,1
9516,1
9517,1
9518,1
9519,1
9520,5
9521,5
9522,5
9523,5
9524,5
9525,5
9526,14
9527,17
9528,7
9529,7
9530,7
9531,7
9532,8
9533,8
9534,8
9535,1
9536,1
9537,1
9538,1
9539,1
9540,1
9541,1
9542,1
9543,18
9544,18
9545,18
9546,0
9547,13
9548,13
9549,13
9550,13
9551,13
9552,4
9553,4
9554,4
9555,4
9556,4
9557,4
9558,4
9559,0
9560,4
9561,4
9562,0
9563,23
9564,22
9565,20
9566,20
9567,11
9568,11
9569,4
9570,8
9571,8
9572,7
9573,7
9574,11
9575,11
9576,11
9577,11
9578,0
9579,0
9580,0
9581,11
9582,6
9583,6
9584,6
9585,4
9586,4
9587,4
9588,0
9589,18
9590,18
9591,6
9592,6
9593,0
9594,1
9595,1
9596,0
9597,0
9598,0
9599,13
9600,17
9601,17
9602,17
9603,0
9604,4
9605,4
9606,4
9607,4
9608,0
9609,14
9610,2
9611,19
9612,21
9613,21
9614,4
9615,4
9616,4
9617,4
9618,4
9619,18
9620,18
9621,8
9622,8
9623,8
9624,17
9625,8
9626,4
9627,8
9628,6
9629,6
9630,20
9631,23
9632,15
9633,15
9634,15
9635,15
9636,15
9637,5
9638,5
9639,11
9640,5
9641,6
9642,2
9643,2
9644,13
9645,13
9646,13
9647,13
9648,18
9649,18
9650,23
9651,2
9652,2
9653,6
9654,4
9655,4
9656,13
9657,13
9658,13
9659,13
9660,13
9661,13
9662,13
9663,5
9664,6
9665,3
9666,3
9667,7
9668,7
9669,11
9670,8
9671,8
9672,8
9673,8
9674,13
9675,18
9676,23
9677,3
9678,3
9679,11
9680,4
9681,4
9682,4
9683,6
9684,6
9685,6
9686,6
9687,6
9688,23
9689,14
9690,7
9691,7
9692,0
9693,6
9694,6
9695,6
9696,6
9697,6
9698,6
9699,6
9700,6
9701,6
9702,6
9703,6
9704,6
9705,6
9706,6
9707,6
9708,6
9709,6
9710,6
9711,6
9712,6
9713,6
9714,6
9715,2
9716,2
9717,6
9718,18
9719,18
9720,11
9721,4
9722,20
9723,20
9724,20
9725,5
9726,17
9727,17
9728,2
9729,18
9730,6
9731,0
9732,0
9733,1
9734,1
9735,13
9736,13
9737,8
9738,2
9739,2
9740,23
9741,4
9742,23
9743,17
9744,17
9745,23
9746,4
9747,4
9748,8
9749,23
9750,5
9751,0
9752,13
9753,13
9754,13
9755,14
9756,5
9757,7
9758,6
9759,14
9760,14
9761,14
9762,14
9763,14
9764,23
9765,2
9766,2
9767,0
9768,0
9769,2
9770,2
9771,5
9772,5
9773,5
9774,15
9775,15
9776,15
9777,15
9778,15
9779,20
9780,7
9781,13
9782,6
9783,2
9784,2
9785,4
9786,13
9787,13
9788,5
9789,5
9790,18
9791,18
9792,18
9793,18
9794,18
9795,4
9796,23
9797,23
9798,23
9799,4
9800,2
9801,2
9802,5
9803,23
9804,7
9805,11
9806,7
9807,20
9808,20
9809,20
9810,4
9811,0
9812,13
9813,13
9814,13
9815,13
9816,13
9817,13
9818,0
9819,0
9820,2
9821,5
9822,7
9823,6
9824,6
9825,6
9826,6
9827,6
9828,18
9829,18
9830,18
9831,8
9832,6
9833,6
9834,14
9835,13
9836,13
9837,13
9838,13
9839,8
9840,11
9841,11
9842,8
9843,2
9844,2
9845,8
9846,8
9847,13
9848,13
9849,13
9850,11
9851,11
9852,13
9853,1
9854,14
9855,14
9856,13
9857,4
9858,4
9859,19
9860,19
9861,17
9862,23
9863,11
9864,23
9865,23
9866,23
9867,1
9868,1
9869,23
9870,23
9871,2
9872,2
9873,12
9874,18
9875,13
9876,13
9877,8
9878,18
9879,18
9880,20
9881,13
9882,13
9883,13
9884,13
9885,13
9886,20
9887,5
9888,5
9889,1
9890,4
9891,4
9892,0
9893,17
9894,17
9895,15
9896,15
9897,15
9898,13
9899,8
9900,6
9901,20
9902,13
9903,2
9904,7
9905,7
9906,23
9907,5
9908,15
9909,4
9910,4
9911,14
9912,2
9913,23
9914,13
9915,7
9916,4
9917,4
9918,4
9919,4
9920,4
9921,4
9922,4
9923,4
9924,2
9925,2
9926,2
9927,3
9928,7
9929,4
9930,17
9931,18
9932,18
9933,18
9934,7
9935,7
9936,13
9937,13
9938,13
9939,13
9940,0
9941,4
9942,8
9943,8
9944,8
9945,8
9946,8
9947,8
9948,7
9949,4
9950,4
9951,4
9952,5
9953,6
9954,8
9955,20
9956,20
9957,4
9958,13
9959,17
9960,1
9961,1
9962,1
9963,18
9964,1
9965,3
9966,3
9967,17
9968,0
9969,14
9970,5
9971,5
9972,11
9973,13
9974,13
9975,13
9976,6
9977,2
9978,0
9979,4
9980,4
9981,23
9982,4
9983,18
9984,2
9985,0
9986,0
9987,1
9988,17
9989,11
9990,2
9991,18
9992,6
9993,6
9994,14
9995,4
9996,4
9997,8
9998,8
9999,6
10000,2
10001,6
10002,15
10003,4
10004,11
10005,11
10006,11
10007,17
10008,17
10009,0
10010,11
10011,7
10012,16
10013,16
10014,13
10015,5
10016,3
10017,15
10018,15
10019,15
10020,0
10021,2
10022,1
10023,2
10024,5
10025,2
10026,6
10027,14
10028,20
10029,11
10030,6
10031,6
10032,5
10033,23
10034,23
10035,18
10036,8
10037,4
10038,6
10039,4
10040,4
10041,0
10042,6
10043,0
10044,6
10045,4
10046,15
10047,5
10048,0
10049,8
10050,2
10051,14
10052,14
10053,14
10054,4
10055,6
10056,6
10057,1
10058,23
10059,11
10060,7
10061,18
10062,1
10063,21
10064,8
10065,8
10066,17
10067,17
10068,17
10069,1
10070,9
10071,17
10072,5
10073,1
10074,4
10075,1
10076,8
10077,8
10078,15
10079,1
10080,23
10081,17
10082,0
10083,6
10084,2
10085,2
10086,23
10087,8
10088,17
10089,17
10090,6
10091,13
10092,4
10093,18
10094,18
10095,3
10096,5
10097,5
10098,18
10099,17
10100,6
10101,14
10102,6
10103,3
10104,11
10105,4
10106,20
10107,5
10108,23
10109,13
10110,11
