node,community
0,7
1,7
2,7
3,23
4,7
5,4
6,23
7,7
8,4
9,7
10,7
11,7
12,7
13,7
14,7
15,7
16,7
17,7
18,7
19,7
20,7
21,7
22,7
23,7
24,7
25,7
26,7
27,7
28,7
29,7
30,7
31,7
32,7
33,7
34,7
35,7
36,7
37,7
38,7
39,7
40,7
41,7
42,7
43,7
44,7
45,7
46,7
47,7
48,7
49,7
50,7
51,7
52,7
53,9
54,7
55,1
56,1
57,7
58,7
59,7
60,7
61,7
62,7
63,7
64,7
65,7
66,7
67,7
68,7
69,7
70,7
71,7
72,7
73,7
74,7
75,7
76,7
77,7
78,7
79,7
80,4
81,4
82,4
83,7
84,7
85,7
86,7
87,21
88,7
89,7
90,9
91,21
92,4
93,4
94,7
95,4
96,4
97,4
98,7
99,7
100,7
101,4
102,4
103,9
104,7
105,7
106,7
107,4
108,7
109,4
110,7
111,4
112,4
113,7
114,7
115,7
116,9
117,7
118,7
119,7
120,7
121,7
122,7
123,7
124,7
125,7
126,7
127,7
128,7
129,7
130,7
131,4
132,7
133,7
134,9
135,7
136,7
137,3
138,7
139,7
140,7
141,7
142,7
143,7
144,7
145,7
146,7
147,7
148,7
149,7
150,7
151,7
152,7
153,7
154,7
155,7
156,7
157,7
158,18
159,7
160,9
161,9
162,9
163,9
164,7
165,9
166,21
167,7
168,7
169,7
170,7
171,7
172,7
173,7
174,9
175,9
176,7
177,14
178,7
179,7
180,7
181,7
182,7
183,21
184,7
185,7
186,9
187,7
188,18
189,7
190,21
191,7
192,7
193,9
194,7
195,23
196,7
197,7
198,18
199,18
200,7
201,18
202,7
203,7
204,9
205,24
206,7
207,7
208,7
209,7
210,23
211,7
212,7
213,7
214,7
215,4
216,7
217,24
218,7
219,7
220,7
221,7
222,7
223,7
224,7
225,7
226,7
227,7
228,7
229,7
230,15
231,1
232,7
233,1
234,1
235,1
236,24
237,24
238,4
239,4
240,7
241,7
242,7
243,7
244,7
245,7
246,7
247,7
248,7
249,7
250,1
251,4
252,4
253,1
254,7
255,7
256,7
257,7
258,7
259,7
260,7
261,7
262,7
263,7
264,7
265,7
266,7
267,7
268,7
269,7
270,7
271,7
272,7
273,7
274,7
275,7
276,7
277,9
278,7
279,7
280,7
281,7
282,7
283,1
284,1
285,1
286,1
287,1
288,1
289,1
290,1
291,1
292,1
293,1
294,1
295,1
296,1
297,1
298,1
299,1
300,1
301,1
302,1
303,1
304,1
305,3
306,1
307,1
308,1
309,1
310,1
311,1
312,1
313,1
314,1
315,1
316,3
317,1
318,1
319,1
320,17
321,1
322,1
323,3
324,1
325,1
326,1
327,1
328,3
329,1
330,4
331,4
332,4
333,4
334,4
335,4
336,4
337,4
338,4
339,4
340,9
341,4
342,4
343,4
344,4
345,4
346,4
347,4
348,4
349,4
350,4
351,4
352,4
353,4
354,4
355,4
356,4
357,6
358,4
359,4
360,4
361,4
362,4
363,4
364,4
365,4
366,4
367,4
368,4
369,9
370,9
371,4
372,6
373,4
374,4
375,4
376,4
377,4
378,4
379,4
380,4
381,4
382,9
383,4
384,3
385,1
386,9
387,9
388,4
389,1
390,1
391,7
392,1
393,7
394,7
395,7
396,7
397,7
398,7
399,7
400,7
401,7
402,24
403,7
404,7
405,7
406,7
407,7
408,7
409,7
410,7
411,7
412,4
413,3
414,7
415,7
416,7
417,4
418,7
419,9
420,24
421,7
422,7
423,7
424,7
425,4
426,7
427,7
428,7
429,7
430,9
431,9
432,9
433,9
434,9
435,7
436,9
437,7
438,4
439,9
440,7
441,7
442,7
443,7
444,7
445,7
446,9
447,4
448,4
449,7
450,7
451,7
452,4
453,14
454,4
455,7
456,7
457,4
458,4
459,4
460,4
461,4
462,4
463,4
464,4
465,7
466,4
467,4
468,4
469,1
470,3
471,3
472,3
473,3
474,3
475,1
476,3
477,17
478,24
479,7
480,7
481,9
482,7
483,4
484,4
485,7
486,7
487,10
488,7
489,7
490,7
491,6
492,7
493,7
494,9
495,9
496,9
497,9
498,9
499,9
500,9
501,7
502,7
503,9
504,9
505,9
506,7
507,24
508,24
509,24
510,7
511,7
512,6
513,7
514,7
515,7
516,7
517,7
518,9
519,7
520,9
521,7
522,7
523,4
524,9
525,9
526,7
527,7
528,7
529,9
530,7
531,1
532,7
533,1
534,7
535,7
536,7
537,7
538,7
539,7
540,4
541,7
542,7
543,9
544,7
545,7
546,3
547,4
548,4
549,4
550,4
551,4
552,4
553,4
554,4
555,17
556,3
557,17
558,4
559,9
560,4
561,4
562,4
563,4
564,4
565,7
566,7
567,7
568,7
569,7
570,7
571,7
572,7
573,23
574,7
575,7
576,7
577,7
578,9
579,9
580,9
581,9
582,4
583,9
584,9
585,9
586,9
587,9
588,9
589,9
590,9
591,9
592,9
593,9
594,9
595,9
596,9
597,9
598,9
599,9
600,9
601,9
602,9
603,9
604,23
605,9
606,9
607,9
608,9
609,9
610,9
611,9
612,9
613,9
614,9
615,9
616,9
617,9
618,9
619,9
620,9
621,9
622,9
623,9
624,9
625,9
626,9
627,4
628,4
629,9
630,9
631,7
632,4
633,9
634,9
635,9
636,24
637,9
638,7
639,9
640,7
641,7
642,7
643,7
644,9
645,9
646,9
647,9
648,4
649,9
650,9
651,9
652,9
653,9
654,9
655,9
656,14
657,9
658,9
659,14
660,21
661,18
662,18
663,7
664,17
665,7
666,1
667,7
668,7
669,7
670,7
671,7
672,9
673,7
674,7
675,7
676,4
677,7
678,7
679,7
680,4
681,7
682,7
683,7
684,7
685,7
686,7
687,7
688,9
689,7
690,7
691,7
692,14
693,7
694,7
695,7
696,7
697,9
698,7
699,24
700,9
701,9
702,9
703,9
704,7
705,9
706,7
707,9
708,0
709,7
710,9
711,9
712,9
713,9
714,6
715,7
716,24
717,24
718,24
719,24
720,9
721,9
722,9
723,1
724,4
725,1
726,7
727,4
728,4
729,1
730,7
731,7
732,1
733,4
734,7
735,24
736,7
737,24
738,1
739,1
740,1
741,1
742,1
743,1
744,1
745,1
746,1
747,1
748,1
749,1
750,1
751,1
752,1
753,3
754,1
755,1
756,1
757,1
758,3
759,1
760,3
761,1
762,4
763,4
764,4
765,21
766,4
767,4
768,4
769,4
770,4
771,4
772,4
773,4
774,4
775,17
776,4
777,4
778,4
779,4
780,4
781,4
782,4
783,4
784,4
785,4
786,4
787,1
788,3
789,1
790,1
791,1
792,1
793,7
794,1
795,1
796,1
797,1
798,1
799,1
800,7
801,1
802,7
803,7
804,9
805,7
806,7
807,1
808,1
809,1
810,1
811,1
812,4
813,1
814,1
815,4
816,9
817,9
818,7
819,23
820,7
821,7
822,7
823,7
824,23
825,7
826,7
827,7
828,4
829,7
830,7
831,7
832,7
833,7
834,9
835,9
836,9
837,9
838,6
839,9
840,9
841,9
842,9
843,9
844,6
845,23
846,7
847,7
848,7
849,7
850,23
851,23
852,7
853,7
854,4
855,7
856,7
857,7
858,4
859,7
860,7
861,9
862,7
863,24
864,9
865,7
866,9
867,9
868,4
869,9
870,24
871,9
872,9
873,9
874,9
875,9
876,9
877,7
878,23
879,4
880,4
881,4
882,24
883,4
884,24
885,24
886,7
887,4
888,14
889,7
890,7
891,6
892,4
893,4
894,4
895,4
896,4
897,4
898,17
899,4
900,4
901,17
902,4
903,4
904,4
905,4
906,4
907,4
908,4
909,4
910,4
911,3
912,4
913,4
914,3
915,4
916,4
917,4
918,4
919,4
920,4
921,4
922,4
923,4
924,4
925,4
926,4
927,1
928,4
929,3
930,4
931,4
932,17
933,4
934,4
935,4
936,4
937,21
938,4
939,4
940,4
941,4
942,4
943,23
944,17
945,17
946,4
947,4
948,6
949,4
950,17
951,17
952,4
953,4
954,7
955,17
956,7
957,7
958,4
959,4
960,7
961,24
962,4
963,1
964,4
965,17
966,17
967,9
968,7
969,7
970,7
971,7
972,7
973,7
974,3
975,7
976,7
977,7
978,7
979,7
980,7
981,25
982,4
983,24
984,7
985,4
986,4
987,4
988,4
989,4
990,4
991,4
992,4
993,4
994,4
995,4
996,4
997,17
998,4
999,17
1000,4
1001,4
1002,17
1003,4
1004,4
1005,4
1006,4
1007,4
1008,4
1009,4
1010,4
1011,4
1012,16
1013,4
1014,4
1015,17
1016,4
1017,21
1018,21
1019,21
1020,21
1021,21
1022,21
1023,21
1024,21
1025,21
1026,21
1027,21
1028,21
1029,21
1030,21
1031,21
1032,21
1033,21
1034,21
1035,21
1036,21
1037,21
1038,3
1039,17
1040,21
1041,21
1042,2
1043,2
1044,21
1045,1
1046,8
1047,0
1048,0
1049,21
1050,17
1051,10
1052,0
1053,21
1054,21
1055,21
1056,21
1057,21
1058,21
1059,21
1060,21
1061,21
1062,21
1063,21
1064,21
1065,21
1066,21
1067,21
1068,2
1069,17
1070,10
1071,21
1072,4
1073,1
1074,1
1075,1
1076,21
1077,21
1078,21
1079,21
1080,21
1081,21
1082,21
1083,21
1084,21
1085,21
1086,21
1087,21
1088,21
1089,17
1090,0
1091,21
1092,21
1093,21
1094,21
1095,21
1096,21
1097,21
1098,21
1099,21
1100,21
1101,21
1102,21
1103,21
1104,21
1105,21
1106,21
1107,21
1108,21
1109,1
1110,4
1111,0
1112,21
1113,21
1114,0
1115,21
1116,21
1117,21
1118,21
1119,21
1120,21
1121,21
1122,21
1123,21
1124,21
1125,21
1126,0
1127,1
1128,17
1129,21
1130,21
1131,4
1132,17
1133,21
1134,1
1135,0
1136,21
1137,21
1138,21
1139,21
1140,21
1141,0
1142,21
1143,21
1144,21
1145,21
1146,21
1147,0
1148,0
1149,21
1150,21
1151,1
1152,21
1153,21
1154,3
1155,4
1156,4
1157,3
1158,4
1159,17
1160,4
1161,4
1162,4
1163,4
1164,4
1165,3
1166,17
1167,4
1168,4
1169,4
1170,4
1171,4
1172,4
1173,4
1174,4
1175,24
1176,4
1177,4
1178,4
1179,4
1180,4
1181,4
1182,4
1183,17
1184,4
1185,4
1186,4
1187,4
1188,4
1189,4
1190,4
1191,4
1192,4
1193,4
1194,4
1195,4
1196,4
1197,4
1198,4
1199,4
1200,4
1201,4
1202,3
1203,1
1204,4
1205,1
1206,4
1207,4
1208,4
1209,4
1210,4
1211,17
1212,17
1213,4
1214,4
1215,17
1216,4
1217,4
1218,4
1219,4
1220,4
1221,4
1222,4
1223,4
1224,4
1225,17
1226,4
1227,4
1228,4
1229,4
1230,4
1231,4
1232,4
1233,4
1234,4
1235,4
1236,4
1237,4
1238,4
1239,4
1240,4
1241,4
1242,4
1243,4
1244,4
1245,24
1246,4
1247,4
1248,24
1249,4
1250,4
1251,4
1252,4
1253,4
1254,17
1255,17
1256,4
1257,4
1258,4
1259,4
1260,4
1261,4
1262,4
1263,4
1264,4
1265,4
1266,4
1267,4
1268,4
1269,4
1270,4
1271,16
1272,4
1273,4
1274,4
1275,6
1276,17
1277,17
1278,4
1279,4
1280,4
1281,4
1282,23
1283,3
1284,4
1285,4
1286,4
1287,4
1288,4
1289,16
1290,4
1291,17
1292,4
1293,4
1294,4
1295,16
1296,4
1297,4
1298,4
1299,4
1300,17
1301,4
1302,4
1303,6
1304,6
1305,4
1306,4
1307,17
1308,3
1309,4
1310,4
1311,4
1312,7
1313,7
1314,17
1315,7
1316,4
1317,4
1318,4
1319,4
1320,4
1321,4
1322,7
1323,4
1324,4
1325,4
1326,4
1327,4
1328,4
1329,4
1330,4
1331,4
1332,4
1333,4
1334,4
1335,4
1336,4
1337,4
1338,4
1339,4
1340,4
1341,4
1342,4
1343,4
1344,4
1345,4
1346,4
1347,4
1348,4
1349,4
1350,4
1351,4
1352,4
1353,4
1354,4
1355,4
1356,4
1357,4
1358,4
1359,4
1360,4
1361,4
1362,4
1363,6
1364,4
1365,4
1366,4
1367,4
1368,4
1369,4
1370,4
1371,4
1372,4
1373,4
1374,4
1375,4
1376,6
1377,4
1378,4
1379,4
1380,4
1381,4
1382,4
1383,4
1384,4
1385,4
1386,4
1387,4
1388,4
1389,4
1390,4
1391,4
1392,4
1393,4
1394,4
1395,4
1396,4
1397,4
1398,4
1399,4
1400,4
1401,6
1402,4
1403,4
1404,4
1405,4
1406,4
1407,4
1408,4
1409,4
1410,4
1411,4
1412,4
1413,4
1414,4
1415,4
1416,4
1417,4
1418,4
1419,4
1420,17
1421,17
1422,17
1423,17
1424,17
1425,17
1426,17
1427,17
1428,17
1429,3
1430,4
1431,3
1432,3
1433,17
1434,17
1435,17
1436,17
1437,17
1438,17
1439,1
1440,4
1441,17
1442,1
1443,3
1444,17
1445,17
1446,17
1447,17
1448,17
1449,17
1450,17
1451,17
1452,17
1453,17
1454,17
1455,17
1456,17
1457,17
1458,17
1459,17
1460,3
1461,17
1462,4
1463,17
1464,17
1465,17
1466,17
1467,17
1468,17
1469,1
1470,17
1471,17
1472,17
1473,17
1474,17
1475,17
1476,17
1477,17
1478,17
1479,17
1480,17
1481,17
1482,4
1483,17
1484,17
1485,17
1486,17
1487,1
1488,3
1489,17
1490,17
1491,17
1492,3
1493,17
1494,17
1495,17
1496,4
1497,17
1498,17
1499,17
1500,17
1501,17
1502,17
1503,3
1504,17
1505,3
1506,17
1507,17
1508,17
1509,25
1510,17
1511,17
1512,16
1513,4
1514,4
1515,4
1516,4
1517,4
1518,16
1519,3
1520,17
1521,17
1522,17
1523,17
1524,3
1525,3
1526,17
1527,17
1528,3
1529,4
1530,17
1531,17
1532,17
1533,17
1534,4
1535,17
1536,17
1537,17
1538,17
1539,17
1540,17
1541,17
1542,17
1543,4
1544,17
1545,17
1546,1
1547,17
1548,4
1549,17
1550,4
1551,17
1552,17
1553,17
1554,17
1555,17
1556,17
1557,4
1558,4
1559,4
1560,4
1561,4
1562,4
1563,4
1564,4
1565,4
1566,4
1567,4
1568,4
1569,4
1570,4
1571,13
1572,13
1573,4
1574,4
1575,4
1576,4
1577,4
1578,4
1579,4
1580,4
1581,4
1582,4
1583,4
1584,4
1585,4
1586,4
1587,13
1588,4
1589,4
1590,4
1591,13
1592,4
1593,4
1594,4
1595,4
1596,13
1597,4
1598,4
1599,13
1600,4
1601,4
1602,4
1603,4
1604,4
1605,4
1606,4
1607,4
1608,4
1609,4
1610,4
1611,4
1612,4
1613,4
1614,4
1615,4
1616,4
1617,4
1618,4
1619,4
1620,4
1621,4
1622,24
1623,4
1624,4
1625,4
1626,4
1627,4
1628,4
1629,4
1630,6
1631,17
1632,4
1633,4
1634,4
1635,4
1636,4
1637,4
1638,4
1639,24
1640,4
1641,4
1642,4
1643,4
1644,4
1645,4
1646,4
1647,4
1648,4
1649,6
1650,4
1651,4
1652,4
1653,4
1654,4
1655,4
1656,4
1657,7
1658,4
1659,4
1660,24
1661,4
1662,6
1663,9
1664,4
1665,3
1666,4
1667,4
1668,4
1669,4
1670,7
1671,6
1672,4
1673,6
1674,6
1675,9
1676,4
1677,4
1678,24
1679,4
1680,6
1681,4
1682,4
1683,4
1684,4
1685,6
1686,4
1687,4
1688,4
1689,3
1690,4
1691,4
1692,4
1693,4
1694,4
1695,4
1696,4
1697,4
1698,4
1699,16
1700,4
1701,4
1702,4
1703,4
1704,4
1705,4
1706,4
1707,3
1708,4
1709,7
1710,4
1711,4
1712,4
1713,3
1714,4
1715,4
1716,17
1717,3
1718,5
1719,3
1720,4
1721,4
1722,13
1723,4
1724,4
1725,4
1726,4
1727,4
1728,4
1729,4
1730,4
1731,4
1732,4
1733,4
1734,3
1735,17
1736,17
1737,17
1738,17
1739,3
1740,3
1741,17
1742,17
1743,17
1744,10
1745,17
1746,4
1747,9
1748,4
1749,4
1750,4
1751,4
1752,4
1753,4
1754,4
1755,4
1756,3
1757,4
1758,4
1759,17
1760,4
1761,3
1762,4
1763,6
1764,3
1765,4
1766,4
1767,4
1768,3
1769,3
1770,4
1771,0
1772,17
1773,17
1774,17
1775,4
1776,4
1777,6
1778,4
1779,4
1780,4
1781,17
1782,1
1783,4
1784,17
1785,17
1786,4
1787,1
1788,7
1789,3
1790,4
1791,5
1792,4
1793,4
1794,4
1795,4
1796,4
1797,4
1798,4
1799,4
1800,4
1801,14
1802,4
1803,4
1804,4
1805,4
1806,4
1807,4
1808,4
1809,3
1810,4
1811,4
1812,4
1813,4
1814,4
1815,4
1816,4
1817,4
1818,4
1819,1
1820,4
1821,4
1822,4
1823,4
1824,17
1825,4
1826,17
1827,4
1828,4
1829,4
1830,17
1831,3
1832,4
1833,17
1834,14
1835,4
1836,17
1837,4
1838,4
1839,4
1840,4
1841,4
1842,17
1843,4
1844,4
1845,4
1846,4
1847,4
1848,4
1849,4
1850,4
1851,10
1852,4
1853,4
1854,4
1855,4
1856,4
1857,4
1858,4
1859,4
1860,4
1861,4
1862,4
1863,4
1864,4
1865,4
1866,4
1867,4
1868,4
1869,4
1870,4
1871,4
1872,4
1873,4
1874,4
1875,4
1876,4
1877,4
1878,4
1879,4
1880,24
1881,4
1882,4
1883,24
1884,4
1885,4
1886,24
1887,24
1888,5
1889,5
1890,5
1891,1
1892,1
1893,24
1894,4
1895,24
1896,17
1897,1
1898,1
1899,24
1900,24
1901,24
1902,24
1903,24
1904,24
1905,24
1906,24
1907,24
1908,24
1909,24
1910,6
1911,24
1912,24
1913,24
1914,6
1915,4
1916,4
1917,4
1918,4
1919,4
1920,4
1921,4
1922,4
1923,17
1924,17
1925,4
1926,4
1927,4
1928,4
1929,4
1930,17
1931,3
1932,24
1933,24
1934,24
1935,24
1936,24
1937,24
1938,3
1939,24
1940,24
1941,24
1942,24
1943,24
1944,4
1945,24
1946,4
1947,4
1948,24
1949,4
1950,4
1951,6
1952,17
1953,4
1954,4
1955,4
1956,4
1957,4
1958,21
1959,4
1960,6
1961,6
1962,6
1963,6
1964,4
1965,5
1966,3
1967,4
1968,4
1969,4
1970,4
1971,4
1972,17
1973,3
1974,17
1975,3
1976,3
1977,2
1978,17
1979,1
1980,17
1981,1
1982,3
1983,10
1984,10
1985,17
1986,3
1987,10
1988,2
1989,2
1990,17
1991,3
1992,3
1993,3
1994,2
1995,3
1996,17
1997,3
1998,3
1999,3
2000,17
2001,17
2002,10
2003,3
2004,3
2005,17
2006,3
2007,17
2008,4
2009,3
2010,4
2011,17
2012,17
2013,17
2014,17
2015,24
2016,17
2017,17
2018,17
2019,17
2020,17
2021,17
2022,17
2023,17
2024,17
2025,17
2026,17
2027,17
2028,17
2029,17
2030,17
2031,17
2032,17
2033,17
2034,17
2035,17
2036,17
2037,17
2038,17
2039,17
2040,17
2041,17
2042,17
2043,17
2044,17
2045,17
2046,2
2047,17
2048,17
2049,17
2050,17
2051,17
2052,10
2053,2
2054,17
2055,17
2056,17
2057,17
2058,17
2059,17
2060,17
2061,17
2062,17
2063,17
2064,17
2065,17
2066,17
2067,17
2068,17
2069,17
2070,2
2071,17
2072,17
2073,17
2074,17
2075,2
2076,2
2077,17
2078,2
2079,2
2080,21
2081,17
2082,17
2083,17
2084,2
2085,17
2086,17
2087,17
2088,17
2089,2
2090,16
2091,17
2092,17
2093,2
2094,17
2095,17
2096,17
2097,17
2098,17
2099,17
2100,17
2101,4
2102,4
2103,4
2104,4
2105,4
2106,4
2107,4
2108,4
2109,4
2110,4
2111,4
2112,4
2113,4
2114,4
2115,4
2116,4
2117,4
2118,4
2119,4
2120,4
2121,4
2122,4
2123,4
2124,4
2125,4
2126,4
2127,4
2128,4
2129,4
2130,4
2131,4
2132,4
2133,4
2134,4
2135,4
2136,14
2137,14
2138,4
2139,4
2140,4
2141,4
2142,4
2143,4
2144,4
2145,4
2146,4
2147,4
2148,14
2149,14
2150,14
2151,14
2152,4
2153,14
2154,14
2155,14
2156,14
2157,4
2158,5
2159,14
2160,14
2161,9
2162,14
2163,14
2164,14
2165,14
2166,14
2167,14
2168,14
2169,4
2170,14
2171,14
2172,25
2173,14
2174,14
2175,14
2176,14
2177,14
2178,14
2179,14
2180,4
2181,4
2182,4
2183,4
2184,4
2185,4
2186,4
2187,4
2188,4
2189,4
2190,4
2191,4
2192,4
2193,17
2194,4
2195,4
2196,4
2197,4
2198,4
2199,4
2200,4
2201,4
2202,4
2203,4
2204,4
2205,4
2206,4
2207,4
2208,4
2209,4
2210,4
2211,4
2212,4
2213,4
2214,4
2215,4
2216,4
2217,4
2218,4
2219,4
2220,4
2221,4
2222,4
2223,6
2224,4
2225,4
2226,4
2227,4
2228,4
2229,23
2230,9
2231,17
2232,17
2233,17
2234,17
2235,17
2236,17
2237,17
2238,17
2239,17
2240,17
2241,17
2242,2
2243,2
2244,17
2245,4
2246,17
2247,17
2248,17
2249,17
2250,17
2251,17
2252,17
2253,17
2254,17
2255,17
2256,17
2257,2
2258,17
2259,17
2260,17
2261,2
2262,2
2263,17
2264,2
2265,17
2266,3
2267,17
2268,17
2269,17
2270,17
2271,17
2272,17
2273,17
2274,17
2275,17
2276,17
2277,17
2278,17
2279,3
2280,17
2281,17
2282,17
2283,17
2284,17
2285,17
2286,0
2287,17
2288,17
2289,17
2290,17
2291,17
2292,1
2293,17
2294,17
2295,1
2296,3
2297,17
2298,17
2299,3
2300,17
2301,17
2302,17
2303,0
2304,17
2305,3
2306,3
2307,17
2308,17
2309,3
2310,4
2311,3
2312,17
2313,17
2314,3
2315,17
2316,17
2317,17
2318,17
2319,17
2320,3
2321,3
2322,17
2323,17
2324,17
2325,17
2326,0
2327,17
2328,17
2329,17
2330,17
2331,17
2332,17
2333,17
2334,17
2335,17
2336,17
2337,17
2338,17
2339,17
2340,2
2341,17
2342,17
2343,17
2344,17
2345,17
2346,17
2347,2
2348,17
2349,17
2350,17
2351,17
2352,17
2353,2
2354,17
2355,2
2356,2
2357,17
2358,17
2359,2
2360,2
2361,17
2362,17
2363,2
2364,2
2365,2
2366,17
2367,2
2368,17
2369,7
2370,17
2371,17
2372,17
2373,4
2374,10
2375,2
2376,17
2377,10
2378,2
2379,17
2380,17
2381,2
2382,2
2383,2
2384,2
2385,1
2386,17
2387,17
2388,17
2389,17
2390,17
2391,17
2392,17
2393,17
2394,17
2395,17
2396,4
2397,16
2398,3
2399,3
2400,3
2401,17
2402,3
2403,17
2404,3
2405,0
2406,3
2407,3
2408,3
2409,3
2410,3
2411,2
2412,3
2413,3
2414,3
2415,3
2416,3
2417,3
2418,3
2419,5
2420,5
2421,5
2422,5
2423,4
2424,9
2425,5
2426,5
2427,4
2428,4
2429,4
2430,4
2431,4
2432,4
2433,4
2434,4
2435,4
2436,4
2437,4
2438,4
2439,4
2440,4
2441,4
2442,4
2443,4
2444,4
2445,4
2446,4
2447,4
2448,4
2449,4
2450,4
2451,24
2452,4
2453,4
2454,4
2455,4
2456,4
2457,6
2458,4
2459,4
2460,4
2461,4
2462,6
2463,4
2464,4
2465,4
2466,6
2467,4
2468,4
2469,4
2470,4
2471,9
2472,4
2473,4
2474,4
2475,4
2476,4
2477,4
2478,4
2479,4
2480,17
2481,1
2482,17
2483,17
2484,17
2485,17
2486,17
2487,17
2488,17
2489,17
2490,3
2491,17
2492,3
2493,17
2494,17
2495,17
2496,17
2497,17
2498,17
2499,17
2500,1
2501,17
2502,17
2503,0
2504,17
2505,0
2506,17
2507,10
2508,17
2509,17
2510,17
2511,17
2512,17
2513,17
2514,17
2515,17
2516,10
2517,17
2518,10
2519,3
2520,17
2521,17
2522,17
2523,17
2524,17
2525,17
2526,17
2527,17
2528,17
2529,17
2530,17
2531,17
2532,17
2533,17
2534,1
2535,17
2536,17
2537,17
2538,17
2539,17
2540,17
2541,17
2542,17
2543,17
2544,17
2545,17
2546,17
2547,17
2548,17
2549,17
2550,17
2551,1
2552,17
2553,17
2554,17
2555,17
2556,17
2557,17
2558,17
2559,17
2560,17
2561,17
2562,17
2563,17
2564,17
2565,17
2566,17
2567,10
2568,17
2569,17
2570,1
2571,17
2572,17
2573,17
2574,17
2575,17
2576,17
2577,17
2578,17
2579,3
2580,17
2581,1
2582,17
2583,17
2584,17
2585,3
2586,17
2587,17
2588,17
2589,17
2590,17
2591,3
2592,17
2593,2
2594,17
2595,2
2596,17
2597,17
2598,17
2599,17
2600,17
2601,17
2602,17
2603,17
2604,17
2605,17
2606,17
2607,17
2608,17
2609,17
2610,17
2611,17
2612,17
2613,17
2614,21
2615,17
2616,17
2617,17
2618,17
2619,17
2620,17
2621,17
2622,17
2623,17
2624,17
2625,17
2626,17
2627,21
2628,17
2629,17
2630,17
2631,17
2632,17
2633,17
2634,17
2635,3
2636,17
2637,17
2638,17
2639,17
2640,17
2641,17
2642,17
2643,17
2644,17
2645,17
2646,17
2647,17
2648,17
2649,17
2650,3
2651,17
2652,17
2653,17
2654,17
2655,17
2656,17
2657,17
2658,3
2659,17
2660,17
2661,17
2662,17
2663,3
2664,3
2665,3
2666,3
2667,4
2668,14
2669,4
2670,4
2671,5
2672,4
2673,17
2674,10
2675,1
2676,1
2677,1
2678,1
2679,1
2680,1
2681,1
2682,1
2683,1
2684,5
2685,5
2686,5
2687,24
2688,5
2689,4
2690,1
2691,25
2692,1
2693,24
2694,5
2695,4
2696,4
2697,4
2698,6
2699,24
2700,4
2701,4
2702,10
2703,4
2704,4
2705,4
2706,4
2707,4
2708,4
2709,4
2710,4
2711,4
2712,4
2713,4
2714,4
2715,1
2716,17
2717,17
2718,17
2719,17
2720,4
2721,4
2722,4
2723,4
2724,17
2725,1
2726,4
2727,6
2728,4
2729,24
2730,24
2731,24
2732,24
2733,4
2734,4
2735,14
2736,14
2737,4
2738,4
2739,4
2740,24
2741,24
2742,24
2743,24
2744,24
2745,24
2746,24
2747,24
2748,24
2749,24
2750,24
2751,24
2752,24
2753,24
2754,6
2755,14
2756,1
2757,24
2758,3
2759,4
2760,4
2761,9
2762,9
2763,4
2764,4
2765,4
2766,4
2767,9
2768,4
2769,4
2770,4
2771,4
2772,4
2773,9
2774,4
2775,24
2776,5
2777,5
2778,24
2779,5
2780,24
2781,24
2782,14
2783,24
2784,24
2785,7
2786,6
2787,24
2788,24
2789,24
2790,24
2791,24
2792,6
2793,24
2794,7
2795,7
2796,24
2797,24
2798,13
2799,24
2800,7
2801,7
2802,24
2803,7
2804,24
2805,24
2806,24
2807,24
2808,24
2809,24
2810,3
2811,24
2812,24
2813,4
2814,3
2815,24
2816,4
2817,21
2818,21
2819,21
2820,21
2821,21
2822,21
2823,21
2824,21
2825,21
2826,21
2827,21
2828,21
2829,21
2830,21
2831,21
2832,21
2833,21
2834,21
2835,2
2836,21
2837,21
2838,21
2839,21
2840,21
2841,21
2842,21
2843,21
2844,21
2845,21
2846,21
2847,21
2848,21
2849,21
2850,21
2851,21
2852,21
2853,21
2854,21
2855,21
2856,21
2857,21
2858,21
2859,21
2860,21
2861,21
2862,21
2863,21
2864,21
2865,21
2866,21
2867,21
2868,21
2869,21
2870,21
2871,21
2872,21
2873,21
2874,21
2875,21
2876,21
2877,21
2878,21
2879,21
2880,21
2881,21
2882,21
2883,21
2884,21
2885,21
2886,21
2887,21
2888,21
2889,21
2890,21
2891,21
2892,21
2893,21
2894,21
2895,21
2896,21
2897,21
2898,21
2899,21
2900,21
2901,21
2902,21
2903,21
2904,21
2905,21
2906,21
2907,21
2908,21
2909,21
2910,21
2911,21
2912,21
2913,21
2914,21
2915,21
2916,21
2917,21
2918,6
2919,6
2920,6
2921,6
2922,6
2923,6
2924,6
2925,6
2926,6
2927,6
2928,6
2929,6
2930,6
2931,6
2932,6
2933,6
2934,6
2935,6
2936,6
2937,6
2938,6
2939,6
2940,6
2941,6
2942,6
2943,6
2944,6
2945,6
2946,6
2947,6
2948,6
2949,6
2950,24
2951,4
2952,4
2953,1
2954,1
2955,1
2956,4
2957,4
2958,4
2959,4
2960,4
2961,4
2962,4
2963,4
2964,4
2965,17
2966,4
2967,4
2968,4
2969,4
2970,4
2971,17
2972,17
2973,17
2974,10
2975,6
2976,4
2977,4
2978,10
2979,21
2980,21
2981,21
2982,21
2983,21
2984,21
2985,21
2986,21
2987,5
2988,5
2989,5
2990,5
2991,13
2992,1
2993,1
2994,4
2995,4
2996,6
2997,6
2998,6
2999,4
3000,6
3001,24
3002,6
3003,5
3004,6
3005,1
3006,6
3007,3
3008,3
3009,3
3010,3
3011,3
3012,6
3013,13
3014,24
3015,13
3016,21
3017,4
3018,4
3019,5
3020,24
3021,5
3022,5
3023,5
3024,5
3025,5
3026,5
3027,5
3028,5
3029,5
3030,5
3031,5
3032,5
3033,5
3034,5
3035,14
3036,5
3037,3
3038,17
3039,1
3040,17
3041,17
3042,3
3043,4
3044,4
3045,14
3046,4
3047,9
3048,24
3049,4
3050,4
3051,4
3052,4
3053,2
3054,4
3055,4
3056,4
3057,4
3058,4
3059,10
3060,4
3061,4
3062,4
3063,4
3064,4
3065,4
3066,6
3067,6
3068,4
3069,1
3070,1
3071,7
3072,1
3073,17
3074,24
3075,1
3076,17
3077,10
3078,10
3079,3
3080,3
3081,3
3082,3
3083,3
3084,3
3085,2
3086,3
3087,3
3088,17
3089,3
3090,3
3091,3
3092,2
3093,2
3094,2
3095,2
3096,2
3097,0
3098,2
3099,2
3100,1
3101,1
3102,1
3103,1
3104,4
3105,1
3106,10
3107,10
3108,10
3109,10
3110,10
3111,3
3112,3
3113,10
3114,10
3115,10
3116,10
3117,10
3118,10
3119,10
3120,10
3121,10
3122,10
3123,10
3124,10
3125,10
3126,10
3127,10
3128,10
3129,25
3130,10
3131,10
3132,10
3133,10
3134,10
3135,10
3136,10
3137,10
3138,10
3139,10
3140,0
3141,0
3142,2
3143,0
3144,0
3145,2
3146,0
3147,3
3148,3
3149,13
3150,3
3151,5
3152,3
3153,3
3154,3
3155,3
3156,3
3157,3
3158,3
3159,3
3160,3
3161,3
3162,3
3163,3
3164,3
3165,6
3166,3
3167,3
3168,3
3169,3
3170,3
3171,3
3172,3
3173,3
3174,3
3175,3
3176,3
3177,3
3178,3
3179,10
3180,10
3181,3
3182,3
3183,1
3184,1
3185,1
3186,1
3187,1
3188,2
3189,2
3190,2
3191,2
3192,2
3193,2
3194,2
3195,16
3196,2
3197,2
3198,3
3199,1
3200,1
3201,1
3202,1
3203,1
3204,1
3205,2
3206,1
3207,1
3208,17
3209,3
3210,17
3211,3
3212,3
3213,17
3214,3
3215,4
3216,4
3217,3
3218,17
3219,3
3220,3
3221,3
3222,3
3223,3
3224,3
3225,3
3226,3
3227,3
3228,3
3229,3
3230,3
3231,3
3232,3
3233,3
3234,3
3235,3
3236,3
3237,3
3238,3
3239,3
3240,3
3241,3
3242,3
3243,3
3244,3
3245,3
3246,3
3247,3
3248,3
3249,3
3250,3
3251,3
3252,3
3253,3
3254,3
3255,3
3256,3
3257,3
3258,2
3259,1
3260,2
3261,3
3262,3
3263,3
3264,3
3265,3
3266,3
3267,2
3268,17
3269,17
3270,0
3271,2
3272,17
3273,10
3274,3
3275,1
3276,3
3277,3
3278,3
3279,3
3280,3
3281,3
3282,16
3283,3
3284,3
3285,3
3286,0
3287,3
3288,3
3289,10
3290,1
3291,3
3292,3
3293,3
3294,3
3295,3
3296,0
3297,3
3298,21
3299,3
3300,3
3301,3
3302,4
3303,3
3304,3
3305,3
3306,1
3307,3
3308,3
3309,3
3310,2
3311,4
3312,16
3313,3
3314,4
3315,3
3316,3
3317,7
3318,10
3319,17
3320,21
3321,21
3322,2
3323,10
3324,2
3325,10
3326,10
3327,17
3328,10
3329,10
3330,10
3331,10
3332,17
3333,10
3334,10
3335,10
3336,2
3337,0
3338,10
3339,10
3340,4
3341,17
3342,3
3343,16
3344,3
3345,24
3346,3
3347,3
3348,3
3349,3
3350,4
3351,3
3352,3
3353,3
3354,3
3355,3
3356,17
3357,17
3358,1
3359,7
3360,3
3361,17
3362,4
3363,4
3364,2
3365,2
3366,21
3367,2
3368,2
3369,21
3370,21
3371,21
3372,21
3373,0
3374,0
3375,21
3376,21
3377,21
3378,21
3379,21
3380,21
3381,21
3382,21
3383,21
3384,21
3385,21
3386,0
3387,21
3388,21
3389,21
3390,21
3391,21
3392,21
3393,0
3394,2
3395,2
3396,10
3397,21
3398,21
3399,21
3400,17
3401,21
3402,21
3403,21
3404,21
3405,21
3406,21
3407,9
3408,2
3409,21
3410,7
3411,21
3412,25
3413,21
3414,21
3415,21
3416,4
3417,24
3418,24
3419,24
3420,24
3421,24
3422,24
3423,24
3424,24
3425,24
3426,24
3427,24
3428,24
3429,24
3430,24
3431,24
3432,24
3433,24
3434,2
3435,7
3436,24
3437,24
3438,24
3439,24
3440,4
3441,4
3442,4
3443,23
3444,3
3445,4
3446,4
3447,4
3448,4
3449,3
3450,4
3451,4
3452,21
3453,21
3454,21
3455,21
3456,21
3457,21
3458,2
3459,21
3460,21
3461,21
3462,0
3463,21
3464,21
3465,21
3466,21
3467,21
3468,4
3469,17
3470,7
3471,21
3472,17
3473,21
3474,21
3475,21
3476,21
3477,21
3478,21
3479,21
3480,21
3481,21
3482,0
3483,10
3484,21
3485,21
3486,21
3487,21
3488,17
3489,21
3490,21
3491,21
3492,21
3493,21
3494,21
3495,21
3496,21
3497,21
3498,21
3499,21
3500,21
3501,21
3502,21
3503,21
3504,21
3505,21
3506,0
3507,21
3508,1
3509,1
3510,17
3511,1
3512,1
3513,1
3514,17
3515,17
3516,1
3517,1
3518,1
3519,1
3520,1
3521,1
3522,1
3523,17
3524,21
3525,21
3526,0
3527,21
3528,21
3529,3
3530,3
3531,6
3532,6
3533,6
3534,6
3535,6
3536,6
3537,6
3538,6
3539,6
3540,6
3541,6
3542,6
3543,6
3544,6
3545,6
3546,24
3547,6
3548,6
3549,6
3550,24
3551,6
3552,6
3553,1
3554,4
3555,2
3556,4
3557,4
3558,4
3559,4
3560,4
3561,4
3562,4
3563,4
3564,4
3565,4
3566,4
3567,4
3568,4
3569,6
3570,4
3571,3
3572,1
3573,17
3574,2
3575,17
3576,17
3577,17
3578,17
3579,17
3580,17
3581,17
3582,17
3583,3
3584,6
3585,7
3586,6
3587,1
3588,4
3589,4
3590,4
3591,23
3592,4
3593,14
3594,4
3595,4
3596,4
3597,4
3598,4
3599,4
3600,4
3601,4
3602,4
3603,4
3604,4
3605,4
3606,4
3607,4
3608,4
3609,4
3610,4
3611,4
3612,4
3613,3
3614,7
3615,4
3616,4
3617,3
3618,3
3619,4
3620,17
3621,17
3622,17
3623,3
3624,3
3625,3
3626,24
3627,3
3628,4
3629,4
3630,4
3631,24
3632,24
3633,7
3634,3
3635,15
3636,4
3637,3
3638,3
3639,3
3640,3
3641,2
3642,7
3643,3
3644,3
3645,4
3646,4
3647,4
3648,9
3649,9
3650,9
3651,9
3652,9
3653,3
3654,3
3655,3
3656,7
3657,5
3658,5
3659,24
3660,4
3661,24
3662,24
3663,24
3664,24
3665,24
3666,6
3667,17
3668,13
3669,13
3670,21
3671,13
3672,5
3673,13
3674,7
3675,24
3676,24
3677,24
3678,1
3679,24
3680,1
3681,1
3682,24
3683,24
3684,24
3685,24
3686,24
3687,24
3688,1
3689,1
3690,24
3691,24
3692,24
3693,24
3694,24
3695,1
3696,24
3697,24
3698,1
3699,24
3700,24
3701,24
3702,24
3703,24
3704,24
3705,24
3706,24
3707,24
3708,24
3709,1
3710,1
3711,1
3712,1
3713,1
3714,1
3715,1
3716,1
3717,1
3718,1
3719,17
3720,1
3721,1
3722,1
3723,17
3724,1
3725,1
3726,1
3727,1
3728,1
3729,1
3730,5
3731,16
3732,1
3733,1
3734,1
3735,16
3736,1
3737,1
3738,1
3739,2
3740,1
3741,1
3742,1
3743,17
3744,1
3745,1
3746,1
3747,1
3748,16
3749,1
3750,1
3751,1
3752,1
3753,1
3754,1
3755,1
3756,1
3757,1
3758,1
3759,25
3760,1
3761,17
3762,1
3763,1
3764,1
3765,1
3766,1
3767,1
3768,1
3769,1
3770,1
3771,7
3772,1
3773,1
3774,1
3775,7
3776,3
3777,1
3778,1
3779,1
3780,1
3781,10
3782,17
3783,1
3784,5
3785,1
3786,1
3787,1
3788,5
3789,1
3790,1
3791,1
3792,1
3793,1
3794,1
3795,1
3796,1
3797,1
3798,1
3799,1
3800,1
3801,1
3802,1
3803,1
3804,1
3805,1
3806,1
3807,1
3808,1
3809,1
3810,1
3811,17
3812,1
3813,10
3814,17
3815,17
3816,17
3817,17
3818,17
3819,17
3820,0
3821,17
3822,17
3823,17
3824,17
3825,17
3826,17
3827,17
3828,16
3829,25
3830,1
3831,25
3832,5
3833,5
3834,1
3835,16
3836,1
3837,1
3838,1
3839,5
3840,1
3841,17
3842,17
3843,17
3844,17
3845,1
3846,17
3847,17
3848,17
3849,17
3850,3
3851,17
3852,17
3853,17
3854,2
3855,17
3856,3
3857,1
3858,1
3859,1
3860,1
3861,1
3862,1
3863,1
3864,1
3865,1
3866,1
3867,1
3868,1
3869,1
3870,1
3871,1
3872,1
3873,1
3874,1
3875,1
3876,1
3877,1
3878,1
3879,1
3880,1
3881,1
3882,1
3883,1
3884,1
3885,1
3886,1
3887,1
3888,17
3889,1
3890,17
3891,17
3892,17
3893,16
3894,21
3895,1
3896,1
3897,1
3898,1
3899,3
3900,1
3901,17
3902,17
3903,1
3904,1
3905,0
3906,17
3907,17
3908,1
3909,1
3910,1
3911,17
3912,1
3913,1
3914,1
3915,1
3916,1
3917,1
3918,1
3919,5
3920,1
3921,1
3922,1
3923,1
3924,1
3925,17
3926,17
3927,1
3928,1
3929,1
3930,1
3931,1
3932,17
3933,17
3934,1
3935,1
3936,17
3937,1
3938,1
3939,1
3940,1
3941,1
3942,1
3943,1
3944,1
3945,1
3946,1
3947,1
3948,1
3949,3
3950,1
3951,1
3952,1
3953,1
3954,1
3955,25
3956,17
3957,1
3958,16
3959,1
3960,1
3961,1
3962,1
3963,1
3964,1
3965,1
3966,1
3967,1
3968,1
3969,1
3970,1
3971,1
3972,17
3973,1
3974,1
3975,1
3976,1
3977,1
3978,3
3979,17
3980,17
3981,3
3982,17
3983,17
3984,1
3985,1
3986,1
3987,1
3988,1
3989,3
3990,1
3991,1
3992,1
3993,1
3994,1
3995,1
3996,17
3997,1
3998,1
3999,1
4000,1
4001,3
4002,3
4003,1
4004,1
4005,1
4006,16
4007,1
4008,3
4009,1
4010,5
4011,1
4012,1
4013,3
4014,1
4015,1
4016,1
4017,1
4018,1
4019,1
4020,1
4021,1
4022,1
4023,1
4024,1
4025,1
4026,1
4027,1
4028,6
4029,17
4030,1
4031,1
4032,1
4033,1
4034,1
4035,1
4036,1
4037,1
4038,1
4039,1
4040,1
4041,1
4042,1
4043,3
4044,1
4045,1
4046,5
4047,1
4048,1
4049,1
4050,1
4051,5
4052,5
4053,1
4054,1
4055,1
4056,1
4057,1
4058,1
4059,1
4060,1
4061,1
4062,17
4063,1
4064,1
4065,5
4066,17
4067,1
4068,5
4069,5
4070,1
4071,5
4072,5
4073,1
4074,5
4075,1
4076,1
4077,1
4078,25
4079,1
4080,1
4081,1
4082,1
4083,1
4084,7
4085,1
4086,17
4087,5
4088,5
4089,5
4090,24
4091,5
4092,5
4093,5
4094,2
4095,5
4096,5
4097,5
4098,24
4099,5
4100,24
4101,1
4102,24
4103,24
4104,5
4105,6
4106,5
4107,5
4108,24
4109,24
4110,6
4111,5
4112,1
4113,25
4114,5
4115,5
4116,5
4117,5
4118,5
4119,5
4120,5
4121,5
4122,5
4123,5
4124,5
4125,5
4126,1
4127,1
4128,0
4129,1
4130,17
4131,1
4132,1
4133,25
4134,25
4135,25
4136,25
4137,25
4138,25
4139,25
4140,25
4141,25
4142,3
4143,17
4144,1
4145,1
4146,1
4147,17
4148,1
4149,1
4150,1
4151,1
4152,1
4153,1
4154,1
4155,3
4156,3
4157,1
4158,24
4159,17
4160,1
4161,1
4162,1
4163,1
4164,16
4165,1
4166,1
4167,3
4168,1
4169,1
4170,1
4171,1
4172,10
4173,1
4174,1
4175,10
4176,10
4177,10
4178,1
4179,1
4180,10
4181,10
4182,10
4183,5
4184,5
4185,5
4186,5
4187,5
4188,1
4189,1
4190,1
4191,1
4192,1
4193,1
4194,1
4195,1
4196,5
4197,5
4198,5
4199,5
4200,5
4201,5
4202,1
4203,1
4204,1
4205,1
4206,1
4207,1
4208,1
4209,1
4210,1
4211,1
4212,1
4213,1
4214,1
4215,1
4216,1
4217,1
4218,1
4219,1
4220,1
4221,1
4222,1
4223,1
4224,1
4225,1
4226,1
4227,1
4228,1
4229,1
4230,1
4231,5
4232,1
4233,1
4234,1
4235,1
4236,1
4237,1
4238,1
4239,1
4240,1
4241,1
4242,1
4243,1
4244,1
4245,1
4246,1
4247,1
4248,1
4249,1
4250,1
4251,1
4252,1
4253,1
4254,1
4255,1
4256,3
4257,1
4258,1
4259,1
4260,6
4261,1
4262,17
4263,1
4264,1
4265,1
4266,1
4267,1
4268,3
4269,1
4270,1
4271,1
4272,3
4273,1
4274,7
4275,1
4276,1
4277,1
4278,17
4279,1
4280,3
4281,17
4282,17
4283,17
4284,17
4285,24
4286,17
4287,17
4288,21
4289,21
4290,1
4291,17
4292,17
4293,0
4294,0
4295,17
4296,0
4297,0
4298,0
4299,0
4300,0
4301,0
4302,0
4303,0
4304,17
4305,17
4306,0
4307,0
4308,17
4309,0
4310,17
4311,17
4312,17
4313,17
4314,17
4315,17
4316,1
4317,3
4318,3
4319,3
4320,16
4321,1
4322,3
4323,3
4324,6
4325,24
4326,6
4327,6
4328,3
4329,3
4330,17
4331,24
4332,25
4333,17
4334,24
4335,17
4336,17
4337,24
4338,3
4339,5
4340,5
4341,25
4342,24
4343,24
4344,24
4345,6
4346,24
4347,24
4348,24
4349,24
4350,24
4351,6
4352,17
4353,17
4354,3
4355,24
4356,25
4357,25
4358,24
4359,24
4360,17
4361,24
4362,25
4363,25
4364,25
4365,24
4366,24
4367,24
4368,24
4369,24
4370,24
4371,5
4372,6
4373,24
4374,5
4375,14
4376,25
4377,9
4378,3
4379,17
4380,24
4381,6
4382,24
4383,24
4384,24
4385,25
4386,17
4387,24
4388,5
4389,17
4390,25
4391,24
4392,17
4393,1
4394,3
4395,3
4396,1
4397,3
4398,3
4399,3
4400,3
4401,5
4402,3
4403,5
4404,5
4405,3
4406,5
4407,5
4408,10
4409,17
4410,6
4411,17
4412,3
4413,5
4414,1
4415,5
4416,3
4417,3
4418,3
4419,3
4420,3
4421,3
4422,3
4423,17
4424,3
4425,3
4426,17
4427,3
4428,3
4429,3
4430,1
4431,3
4432,3
4433,3
4434,3
4435,3
4436,3
4437,2
4438,17
4439,17
4440,3
4441,3
4442,3
4443,13
4444,17
4445,17
4446,17
4447,17
4448,17
4449,0
4450,0
4451,3
4452,17
4453,17
4454,17
4455,3
4456,17
4457,17
4458,17
4459,17
4460,17
4461,3
4462,17
4463,2
4464,3
4465,21
4466,21
4467,3
4468,3
4469,3
4470,3
4471,3
4472,3
4473,3
4474,3
4475,3
4476,3
4477,3
4478,3
4479,3
4480,3
4481,3
4482,17
4483,17
4484,17
4485,17
4486,17
4487,7
4488,17
4489,10
4490,17
4491,17
4492,1
4493,1
4494,1
4495,1
4496,1
4497,1
4498,1
4499,1
4500,1
4501,1
4502,1
4503,1
4504,1
4505,1
4506,2
4507,2
4508,3
4509,5
4510,3
4511,21
4512,21
4513,21
4514,1
4515,2
4516,2
4517,2
4518,2
4519,2
4520,10
4521,16
4522,16
4523,2
4524,2
4525,2
4526,3
4527,3
4528,3
4529,1
4530,1
4531,1
4532,13
4533,1
4534,1
4535,1
4536,1
4537,1
4538,1
4539,1
4540,3
4541,1
4542,1
4543,13
4544,3
4545,13
4546,1
4547,1
4548,1
4549,1
4550,1
4551,1
4552,3
4553,3
4554,5
4555,24
4556,24
4557,24
4558,24
4559,5
4560,24
4561,16
4562,6
4563,25
4564,24
4565,6
4566,24
4567,24
4568,24
4569,24
4570,24
4571,24
4572,6
4573,6
4574,24
4575,25
4576,6
4577,6
4578,24
4579,24
4580,14
4581,24
4582,25
4583,24
4584,24
4585,24
4586,24
4587,24
4588,24
4589,24
4590,24
4591,24
4592,24
4593,5
4594,25
4595,24
4596,24
4597,24
4598,14
4599,23
4600,24
4601,24
4602,24
4603,25
4604,24
4605,24
4606,24
4607,3
4608,3
4609,3
4610,3
4611,3
4612,3
4613,3
4614,1
4615,3
4616,1
4617,16
4618,16
4619,1
4620,16
4621,3
4622,3
4623,3
4624,17
4625,1
4626,3
4627,17
4628,0
4629,17
4630,1
4631,17
4632,3
4633,24
4634,17
4635,5
4636,3
4637,17
4638,3
4639,17
4640,3
4641,16
4642,1
4643,21
4644,1
4645,1
4646,1
4647,1
4648,1
4649,1
4650,1
4651,1
4652,1
4653,24
4654,1
4655,3
4656,3
4657,1
4658,1
4659,1
4660,1
4661,1
4662,1
4663,1
4664,1
4665,21
4666,17
4667,17
4668,2
4669,17
4670,17
4671,1
4672,1
4673,1
4674,24
4675,7
4676,1
4677,17
4678,1
4679,17
4680,17
4681,17
4682,17
4683,17
4684,17
4685,17
4686,17
4687,1
4688,17
4689,1
4690,17
4691,17
4692,3
4693,1
4694,17
4695,1
4696,3
4697,17
4698,17
4699,17
4700,1
4701,1
4702,1
4703,1
4704,17
4705,1
4706,3
4707,1
4708,10
4709,2
4710,1
4711,1
4712,1
4713,1
4714,17
4715,1
4716,17
4717,17
4718,3
4719,17
4720,1
4721,2
4722,1
4723,17
4724,1
4725,2
4726,3
4727,17
4728,3
4729,10
4730,10
4731,10
4732,7
4733,10
4734,10
4735,17
4736,1
4737,3
4738,3
4739,1
4740,10
4741,16
4742,1
4743,17
4744,1
4745,1
4746,1
4747,1
4748,1
4749,1
4750,1
4751,1
4752,1
4753,1
4754,1
4755,1
4756,1
4757,1
4758,1
4759,1
4760,1
4761,1
4762,1
4763,17
4764,17
4765,17
4766,17
4767,17
4768,3
4769,17
4770,1
4771,17
4772,17
4773,17
4774,17
4775,17
4776,17
4777,17
4778,17
4779,17
4780,2
4781,2
4782,2
4783,1
4784,2
4785,2
4786,2
4787,2
4788,2
4789,2
4790,2
4791,2
4792,2
4793,2
4794,2
4795,25
4796,2
4797,17
4798,17
4799,17
4800,1
4801,2
4802,17
4803,17
4804,17
4805,17
4806,2
4807,17
4808,1
4809,7
4810,17
4811,17
4812,17
4813,0
4814,17
4815,17
4816,17
4817,17
4818,3
4819,17
4820,17
4821,17
4822,17
4823,0
4824,17
4825,17
4826,17
4827,17
4828,17
4829,10
4830,10
4831,17
4832,17
4833,7
4834,17
4835,7
4836,17
4837,17
4838,17
4839,17
4840,17
4841,1
4842,17
4843,17
4844,17
4845,0
4846,0
4847,17
4848,17
4849,17
4850,16
4851,0
4852,17
4853,17
4854,17
4855,17
4856,2
4857,17
4858,1
4859,1
4860,1
4861,1
4862,1
4863,1
4864,1
4865,1
4866,1
4867,1
4868,17
4869,5
4870,1
4871,3
4872,10
4873,1
4874,1
4875,1
4876,1
4877,17
4878,17
4879,3
4880,17
4881,17
4882,17
4883,17
4884,17
4885,1
4886,17
4887,17
4888,1
4889,1
4890,1
4891,1
4892,1
4893,1
4894,1
4895,3
4896,3
4897,3
4898,3
4899,13
4900,25
4901,7
4902,1
4903,1
4904,1
4905,3
4906,17
4907,17
4908,17
4909,17
4910,17
4911,17
4912,17
4913,17
4914,17
4915,3
4916,3
4917,3
4918,6
4919,6
4920,6
4921,24
4922,2
4923,6
4924,6
4925,6
4926,6
4927,24
4928,6
4929,6
4930,3
4931,6
4932,6
4933,6
4934,1
4935,1
4936,1
4937,1
4938,1
4939,1
4940,1
4941,1
4942,3
4943,1
4944,1
4945,1
4946,1
4947,1
4948,1
4949,1
4950,1
4951,1
4952,1
4953,1
4954,2
4955,16
4956,16
4957,16
4958,16
4959,16
4960,16
4961,16
4962,16
4963,16
4964,16
4965,16
4966,16
4967,16
4968,16
4969,16
4970,16
4971,16
4972,16
4973,2
4974,16
4975,16
4976,16
4977,16
4978,16
4979,16
4980,16
4981,16
4982,16
4983,16
4984,16
4985,16
4986,16
4987,3
4988,16
4989,16
4990,16
4991,16
4992,16
4993,16
4994,16
4995,16
4996,16
4997,1
4998,17
4999,1
5000,1
5001,1
5002,1
5003,1
5004,1
5005,1
5006,1
5007,1
5008,3
5009,1
5010,3
5011,3
5012,1
5013,24
5014,24
5015,3
5016,25
5017,24
5018,24
5019,24
5020,6
5021,6
5022,6
5023,24
5024,24
5025,24
5026,6
5027,6
5028,6
5029,24
5030,6
5031,6
5032,24
5033,24
5034,5
5035,6
5036,5
5037,24
5038,24
5039,16
5040,5
5041,25
5042,24
5043,16
5044,6
5045,10
5046,24
5047,24
5048,25
5049,24
5050,24
5051,5
5052,6
5053,5
5054,24
5055,24
5056,24
5057,16
5058,6
5059,2
5060,24
5061,3
5062,6
5063,25
5064,1
5065,1
5066,1
5067,1
5068,4
5069,1
5070,13
5071,13
5072,13
5073,13
5074,6
5075,9
5076,6
5077,14
5078,5
5079,24
5080,24
5081,24
5082,24
5083,25
5084,24
5085,25
5086,25
5087,24
5088,24
5089,25
5090,25
5091,14
5092,6
5093,25
5094,25
5095,14
5096,24
5097,24
5098,13
5099,13
5100,13
5101,13
5102,13
5103,13
5104,3
5105,3
5106,3
5107,1
5108,1
5109,1
5110,1
5111,17
5112,5
5113,5
5114,1
5115,5
5116,13
5117,5
5118,5
5119,5
5120,5
5121,5
5122,5
5123,5
5124,5
5125,5
5126,5
5127,6
5128,1
5129,25
5130,1
5131,1
5132,3
5133,1
5134,1
5135,1
5136,1
5137,1
5138,1
5139,1
5140,13
5141,1
5142,1
5143,1
5144,24
5145,1
5146,1
5147,1
5148,1
5149,1
5150,1
5151,1
5152,1
5153,1
5154,1
5155,24
5156,24
5157,1
5158,1
5159,1
5160,1
5161,1
5162,1
5163,13
5164,13
5165,13
5166,13
5167,13
5168,13
5169,1
5170,13
5171,13
5172,13
5173,1
5174,1
5175,13
5176,13
5177,1
5178,1
5179,1
5180,1
5181,1
5182,1
5183,13
5184,6
5185,17
5186,17
5187,24
5188,24
5189,1
5190,1
5191,1
5192,3
5193,3
5194,1
5195,2
5196,1
5197,16
5198,3
5199,1
5200,1
5201,5
5202,5
5203,5
5204,6
5205,5
5206,5
5207,5
5208,5
5209,5
5210,5
5211,5
5212,5
5213,5
5214,24
5215,24
5216,5
5217,6
5218,24
5219,24
5220,24
5221,24
5222,24
5223,24
5224,24
5225,5
5226,25
5227,24
5228,24
5229,24
5230,2
5231,25
5232,25
5233,24
5234,25
5235,24
5236,13
5237,13
5238,3
5239,1
5240,1
5241,3
5242,3
5243,3
5244,1
5245,3
5246,3
5247,17
5248,3
5249,3
5250,17
5251,3
5252,3
5253,3
5254,3
5255,3
5256,3
5257,3
5258,17
5259,14
5260,2
5261,2
5262,2
5263,2
5264,2
5265,1
5266,7
5267,6
5268,6
5269,1
5270,1
5271,25
5272,1
5273,1
5274,1
5275,1
5276,1
5277,1
5278,1
5279,1
5280,25
5281,1
5282,3
5283,1
5284,1
5285,1
5286,1
5287,1
5288,1
5289,1
5290,1
5291,1
5292,1
5293,1
5294,1
5295,1
5296,1
5297,1
5298,1
5299,5
5300,5
5301,5
5302,5
5303,5
5304,7
5305,5
5306,5
5307,5
5308,1
5309,1
5310,2
5311,5
5312,5
5313,5
5314,25
5315,6
5316,5
5317,5
5318,5
5319,6
5320,6
5321,5
5322,5
5323,5
5324,5
5325,5
5326,5
5327,5
5328,5
5329,3
5330,24
5331,25
5332,25
5333,5
5334,5
5335,5
5336,5
5337,3
5338,24
5339,24
5340,1
5341,1
5342,1
5343,5
5344,5
5345,5
5346,5
5347,5
5348,1
5349,3
5350,3
5351,3
5352,5
5353,3
5354,3
5355,3
5356,3
5357,3
5358,3
5359,3
5360,3
5361,1
5362,1
5363,1
5364,0
5365,17
5366,17
5367,17
5368,3
5369,7
5370,1
5371,1
5372,24
5373,3
5374,7
5375,17
5376,17
5377,3
5378,5
5379,5
5380,5
5381,5
5382,5
5383,5
5384,5
5385,4
5386,25
5387,5
5388,5
5389,5
5390,5
5391,5
5392,16
5393,17
5394,5
5395,5
5396,5
5397,5
5398,5
5399,22
5400,23
5401,5
5402,5
5403,5
5404,7
5405,5
5406,25
5407,24
5408,24
5409,25
5410,24
5411,24
5412,24
5413,24
5414,24
5415,1
5416,24
5417,24
5418,25
5419,25
5420,5
5421,5
5422,5
5423,5
5424,2
5425,3
5426,3
5427,5
5428,5
5429,5
5430,5
5431,5
5432,5
5433,5
5434,5
5435,5
5436,5
5437,5
5438,5
5439,5
5440,25
5441,24
5442,24
5443,24
5444,24
5445,24
5446,24
5447,24
5448,24
5449,5
5450,25
5451,25
5452,6
5453,24
5454,24
5455,24
5456,6
5457,24
5458,24
5459,24
5460,24
5461,24
5462,1
5463,1
5464,1
5465,24
5466,5
5467,25
5468,24
5469,25
5470,5
5471,5
5472,5
5473,6
5474,6
5475,21
5476,4
5477,5
5478,5
5479,5
5480,24
5481,24
5482,24
5483,24
5484,24
5485,24
5486,25
5487,24
5488,25
5489,6
5490,6
5491,6
5492,6
5493,5
5494,1
5495,25
5496,25
5497,6
5498,24
5499,25
5500,24
5501,25
5502,17
5503,17
5504,7
5505,17
5506,17
5507,17
5508,25
5509,25
5510,25
5511,25
5512,25
5513,25
5514,25
5515,25
5516,25
5517,25
5518,25
5519,25
5520,25
5521,25
5522,25
5523,25
5524,25
5525,25
5526,25
5527,25
5528,25
5529,25
5530,25
5531,25
5532,25
5533,25
5534,16
5535,25
5536,25
5537,25
5538,25
5539,25
5540,25
5541,25
5542,25
5543,25
5544,25
5545,25
5546,25
5547,25
5548,25
5549,25
5550,25
5551,25
5552,25
5553,25
5554,25
5555,25
5556,25
5557,25
5558,25
5559,25
5560,25
5561,25
5562,25
5563,25
5564,25
5565,25
5566,25
5567,25
5568,25
5569,25
5570,25
5571,25
5572,25
5573,16
5574,25
5575,25
5576,25
5577,25
5578,25
5579,25
5580,25
5581,25
5582,25
5583,25
5584,25
5585,25
5586,25
5587,25
5588,25
5589,25
5590,25
5591,25
5592,25
5593,21
5594,25
5595,25
5596,25
5597,25
5598,5
5599,24
5600,25
5601,25
5602,25
5603,5
5604,25
5605,25
5606,25
5607,25
5608,25
5609,25
5610,25
5611,25
5612,25
5613,25
5614,25
5615,1
5616,1
5617,10
5618,1
5619,1
5620,1
5621,1
5622,3
5623,3
5624,3
5625,3
5626,3
5627,3
5628,3
5629,3
5630,3
5631,1
5632,3
5633,3
5634,7
5635,9
5636,3
5637,4
5638,4
5639,4
5640,3
5641,3
5642,3
5643,3
5644,3
5645,3
5646,3
5647,3
5648,17
5649,2
5650,17
5651,17
5652,1
5653,1
5654,1
5655,3
5656,16
5657,7
5658,2
5659,3
5660,7
5661,2
5662,3
5663,1
5664,17
5665,17
5666,17
5667,17
5668,17
5669,17
5670,3
5671,3
5672,3
5673,3
5674,0
5675,17
5676,17
5677,17
5678,4
5679,4
5680,3
5681,3
5682,7
5683,3
5684,13
5685,3
5686,24
5687,1
5688,1
5689,1
5690,7
5691,7
5692,6
5693,7
5694,7
5695,7
5696,7
5697,7
5698,1
5699,2
5700,3
5701,3
5702,2
5703,2
5704,2
5705,10
5706,17
5707,17
5708,17
5709,3
5710,1
5711,2
5712,17
5713,2
5714,21
5715,2
5716,3
5717,4
5718,4
5719,4
5720,1
5721,24
5722,7
5723,24
5724,24
5725,24
5726,24
5727,24
5728,24
5729,24
5730,3
5731,3
5732,24
5733,3
5734,3
5735,24
5736,3
5737,2
5738,17
5739,1
5740,3
5741,2
5742,3
5743,3
5744,3
5745,3
5746,1
5747,1
5748,5
5749,5
5750,5
5751,5
5752,24
5753,24
5754,1
5755,1
5756,1
5757,1
5758,1
5759,1
5760,1
5761,1
5762,1
5763,1
5764,1
5765,1
5766,1
5767,1
5768,1
5769,1
5770,1
5771,1
5772,1
5773,17
5774,17
5775,0
5776,10
5777,0
5778,16
5779,10
5780,17
5781,3
5782,17
5783,1
5784,17
5785,17
5786,3
5787,17
5788,17
5789,17
5790,17
5791,3
5792,17
5793,17
5794,17
5795,17
5796,16
5797,17
5798,17
5799,17
5800,17
5801,17
5802,17
5803,17
5804,17
5805,0
5806,17
5807,17
5808,17
5809,17
5810,17
5811,17
5812,17
5813,17
5814,17
5815,17
5816,17
5817,17
5818,17
5819,17
5820,17
5821,17
5822,5
5823,17
5824,17
5825,7
5826,17
5827,17
5828,17
5829,2
5830,17
5831,16
5832,17
5833,2
5834,0
5835,0
5836,0
5837,11
5838,0
5839,0
5840,0
5841,0
5842,0
5843,2
5844,17
5845,10
5846,0
5847,0
5848,0
5849,0
5850,17
5851,0
5852,0
5853,17
5854,17
5855,0
5856,0
5857,10
5858,0
5859,3
5860,3
5861,17
5862,17
5863,17
5864,0
5865,0
5866,0
5867,0
5868,0
5869,0
5870,0
5871,10
5872,17
5873,0
5874,0
5875,4
5876,1
5877,16
5878,0
5879,3
5880,0
5881,0
5882,0
5883,1
5884,0
5885,0
5886,0
5887,0
5888,0
5889,0
5890,0
5891,0
5892,0
5893,0
5894,0
5895,0
5896,0
5897,0
5898,0
5899,17
5900,17
5901,0
5902,0
5903,21
5904,0
5905,0
5906,0
5907,0
5908,0
5909,0
5910,0
5911,2
5912,0
5913,0
5914,2
5915,17
5916,17
5917,17
5918,17
5919,17
5920,17
5921,17
5922,2
5923,2
5924,17
5925,2
5926,17
5927,17
5928,17
5929,17
5930,17
5931,0
5932,0
5933,0
5934,0
5935,0
5936,0
5937,0
5938,0
5939,0
5940,17
5941,0
5942,0
5943,17
5944,17
5945,17
5946,0
5947,17
5948,17
5949,17
5950,17
5951,17
5952,3
5953,1
5954,17
5955,17
5956,17
5957,17
5958,17
5959,17
5960,24
5961,24
5962,24
5963,24
5964,1
5965,24
5966,24
5967,24
5968,24
5969,24
5970,24
5971,21
5972,17
5973,2
5974,1
5975,3
5976,1
5977,17
5978,17
5979,17
5980,17
5981,17
5982,17
5983,2
5984,17
5985,17
5986,17
5987,17
5988,0
5989,17
5990,17
5991,1
5992,1
5993,3
5994,17
5995,2
5996,21
5997,21
5998,17
5999,17
6000,17
6001,17
6002,17
6003,1
6004,1
6005,17
6006,1
6007,21
6008,21
6009,21
6010,21
6011,21
6012,21
6013,21
6014,21
6015,21
6016,21
6017,21
6018,21
6019,1
6020,1
6021,1
6022,1
6023,7
6024,1
6025,1
6026,1
6027,17
6028,17
6029,0
6030,17
6031,17
6032,17
6033,17
6034,17
6035,17
6036,17
6037,17
6038,17
6039,17
6040,17
6041,17
6042,17
6043,17
6044,17
6045,17
6046,17
6047,17
6048,17
6049,17
6050,17
6051,17
6052,17
6053,17
6054,1
6055,17
6056,1
6057,17
6058,5
6059,1
6060,1
6061,1
6062,1
6063,1
6064,1
6065,1
6066,1
6067,1
6068,1
6069,1
6070,24
6071,21
6072,7
6073,21
6074,21
6075,21
6076,21
6077,21
6078,7
6079,7
6080,7
6081,7
6082,7
6083,7
6084,7
6085,7
6086,7
6087,7
6088,7
6089,7
6090,7
6091,7
6092,7
6093,7
6094,7
6095,7
6096,7
6097,7
6098,7
6099,7
6100,7
6101,7
6102,7
6103,7
6104,7
6105,7
6106,21
6107,7
6108,7
6109,7
6110,7
6111,18
6112,7
6113,7
6114,7
6115,7
6116,7
6117,7
6118,7
6119,7
6120,7
6121,7
6122,7
6123,7
6124,7
6125,7
6126,7
6127,7
6128,7
6129,7
6130,7
6131,7
6132,7
6133,7
6134,7
6135,7
6136,7
6137,7
6138,7
6139,7
6140,7
6141,7
6142,7
6143,7
6144,7
6145,7
6146,7
6147,7
6148,7
6149,7
6150,0
6151,7
6152,7
6153,7
6154,7
6155,7
6156,7
6157,7
6158,21
6159,21
6160,21
6161,7
6162,7
6163,7
6164,7
6165,7
6166,7
6167,7
6168,7
6169,7
6170,7
6171,7
6172,7
6173,2
6174,2
6175,2
6176,2
6177,2
6178,17
6179,10
6180,10
6181,10
6182,10
6183,10
6184,10
6185,10
6186,10
6187,10
6188,10
6189,10
6190,10
6191,10
6192,17
6193,2
6194,2
6195,2
6196,17
6197,2
6198,2
6199,2
6200,2
6201,2
6202,2
6203,2
6204,17
6205,2
6206,2
6207,2
6208,1
6209,21
6210,21
6211,21
6212,2
6213,21
6214,21
6215,2
6216,2
6217,2
6218,2
6219,17
6220,1
6221,1
6222,17
6223,17
6224,1
6225,2
6226,17
6227,17
6228,2
6229,17
6230,17
6231,17
6232,17
6233,17
6234,17
6235,17
6236,17
6237,2
6238,2
6239,2
6240,2
6241,2
6242,2
6243,2
6244,2
6245,2
6246,2
6247,2
6248,2
6249,2
6250,2
6251,17
6252,2
6253,2
6254,2
6255,2
6256,2
6257,2
6258,2
6259,2
6260,17
6261,17
6262,17
6263,2
6264,17
6265,17
6266,17
6267,17
6268,17
6269,21
6270,21
6271,21
6272,2
6273,2
6274,2
6275,2
6276,2
6277,21
6278,3
6279,2
6280,2
6281,2
6282,2
6283,2
6284,2
6285,2
6286,2
6287,2
6288,2
6289,2
6290,17
6291,2
6292,2
6293,2
6294,2
6295,2
6296,2
6297,2
6298,8
6299,8
6300,8
6301,8
6302,8
6303,8
6304,8
6305,8
6306,8
6307,8
6308,25
6309,8
6310,8
6311,8
6312,8
6313,8
6314,8
6315,8
6316,8
6317,8
6318,8
6319,8
6320,8
6321,8
6322,8
6323,8
6324,8
6325,8
6326,8
6327,25
6328,8
6329,8
6330,8
6331,8
6332,16
6333,8
6334,8
6335,8
6336,8
6337,8
6338,8
6339,8
6340,8
6341,21
6342,8
6343,8
6344,8
6345,8
6346,25
6347,25
6348,25
6349,25
6350,8
6351,21
6352,8
6353,21
6354,21
6355,21
6356,21
6357,21
6358,21
6359,25
6360,25
6361,25
6362,25
6363,25
6364,25
6365,25
6366,25
6367,25
6368,21
6369,21
6370,7
6371,7
6372,7
6373,7
6374,1
6375,24
6376,1
6377,1
6378,1
6379,1
6380,1
6381,1
6382,1
6383,16
6384,1
6385,1
6386,1
6387,1
6388,1
6389,1
6390,1
6391,1
6392,24
6393,1
6394,1
6395,1
6396,1
6397,1
6398,24
6399,1
6400,1
6401,1
6402,1
6403,5
6404,1
6405,5
6406,1
6407,1
6408,1
6409,1
6410,7
6411,1
6412,1
6413,24
6414,24
6415,5
6416,24
6417,3
6418,24
6419,24
6420,24
6421,6
6422,1
6423,1
6424,1
6425,1
6426,24
6427,24
6428,24
6429,7
6430,24
6431,1
6432,6
6433,24
6434,7
6435,24
6436,24
6437,7
6438,7
6439,17
6440,7
6441,3
6442,17
6443,17
6444,5
6445,5
6446,5
6447,0
6448,17
6449,1
6450,17
6451,17
6452,7
6453,1
6454,7
6455,6
6456,7
6457,7
6458,17
6459,17
6460,17
6461,17
6462,17
6463,5
6464,5
6465,5
6466,7
6467,5
6468,5
6469,1
6470,1
6471,1
6472,1
6473,1
6474,17
6475,17
6476,3
6477,3
6478,2
6479,10
6480,3
6481,1
6482,1
6483,1
6484,2
6485,1
6486,1
6487,1
6488,1
6489,1
6490,1
6491,1
6492,1
6493,25
6494,6
6495,24
6496,1
6497,24
6498,5
6499,5
6500,24
6501,24
6502,5
6503,1
6504,1
6505,1
6506,24
6507,24
6508,24
6509,24
6510,24
6511,24
6512,24
6513,24
6514,24
6515,24
6516,24
6517,24
6518,24
6519,24
6520,24
6521,24
6522,24
6523,24
6524,24
6525,24
6526,24
6527,24
6528,24
6529,24
6530,24
6531,24
6532,24
6533,24
6534,24
6535,24
6536,24
6537,24
6538,1
6539,24
6540,7
6541,7
6542,7
6543,1
6544,2
6545,0
6546,0
6547,2
6548,2
6549,0
6550,0
6551,2
6552,0
6553,2
6554,0
6555,0
6556,0
6557,0
6558,0
6559,0
6560,0
6561,0
6562,0
6563,0
6564,0
6565,0
6566,0
6567,0
6568,0
6569,2
6570,2
6571,2
6572,0
6573,0
6574,0
6575,0
6576,0
6577,0
6578,0
6579,21
6580,0
6581,0
6582,16
6583,0
6584,17
6585,0
6586,0
6587,0
6588,0
6589,0
6590,0
6591,0
6592,0
6593,0
6594,0
6595,0
6596,14
6597,0
6598,0
6599,0
6600,0
6601,0
6602,0
6603,17
6604,17
6605,17
6606,17
6607,17
6608,2
6609,2
6610,2
6611,2
6612,2
6613,2
6614,2
6615,2
6616,2
6617,2
6618,2
6619,2
6620,2
6621,2
6622,2
6623,2
6624,2
6625,2
6626,2
6627,2
6628,2
6629,2
6630,2
6631,2
6632,2
6633,2
6634,2
6635,2
6636,2
6637,2
6638,2
6639,2
6640,2
6641,2
6642,2
6643,2
6644,2
6645,2
6646,2
6647,2
6648,2
6649,2
6650,2
6651,2
6652,2
6653,17
6654,17
6655,17
6656,17
6657,2
6658,17
6659,17
6660,17
6661,17
6662,17
6663,17
6664,2
6665,21
6666,10
6667,10
6668,17
6669,0
6670,17
6671,0
6672,0
6673,0
6674,0
6675,0
6676,0
6677,0
6678,0
6679,0
6680,17
6681,17
6682,0
6683,2
6684,2
6685,0
6686,0
6687,0
6688,2
6689,2
6690,0
6691,0
6692,2
6693,0
6694,2
6695,2
6696,2
6697,17
6698,2
6699,2
6700,2
6701,2
6702,2
6703,2
6704,2
6705,2
6706,2
6707,2
6708,2
6709,2
6710,2
6711,2
6712,2
6713,2
6714,2
6715,2
6716,2
6717,2
6718,2
6719,2
6720,2
6721,2
6722,2
6723,2
6724,2
6725,2
6726,2
6727,2
6728,24
6729,25
6730,25
6731,5
6732,17
6733,16
6734,17
6735,17
6736,0
6737,3
6738,17
6739,4
6740,10
6741,21
6742,1
6743,17
6744,3
6745,2
6746,17
6747,10
6748,17
6749,10
6750,0
6751,10
6752,4
6753,4
6754,17
6755,10
6756,10
6757,10
6758,21
6759,2
6760,0
6761,2
6762,0
6763,0
6764,0
6765,1
6766,0
6767,2
6768,21
6769,0
6770,2
6771,0
6772,0
6773,21
6774,0
6775,2
6776,0
6777,2
6778,10
6779,3
6780,3
6781,3
6782,17
6783,17
6784,17
6785,17
6786,17
6787,17
6788,3
6789,3
6790,3
6791,3
6792,3
6793,3
6794,3
6795,3
6796,16
6797,16
6798,5
6799,17
6800,17
6801,17
6802,17
6803,17
6804,17
6805,17
6806,17
6807,17
6808,4
6809,3
6810,3
6811,3
6812,3
6813,3
6814,3
6815,3
6816,3
6817,3
6818,1
6819,17
6820,17
6821,17
6822,3
6823,3
6824,3
6825,2
6826,17
6827,17
6828,2
6829,2
6830,2
6831,2
6832,2
6833,2
6834,2
6835,2
6836,21
6837,17
6838,17
6839,17
6840,2
6841,0
6842,17
6843,17
6844,0
6845,0
6846,0
6847,17
6848,0
6849,2
6850,2
6851,2
6852,2
6853,2
6854,2
6855,2
6856,2
6857,2
6858,2
6859,2
6860,2
6861,2
6862,2
6863,2
6864,2
6865,10
6866,10
6867,10
6868,2
6869,2
6870,2
6871,2
6872,2
6873,17
6874,17
6875,17
6876,17
6877,17
6878,17
6879,2
6880,2
6881,2
6882,2
6883,2
6884,2
6885,2
6886,2
6887,2
6888,2
6889,2
6890,2
6891,2
6892,2
6893,2
6894,6
6895,1
6896,1
6897,9
6898,17
6899,17
6900,3
6901,25
6902,25
6903,25
6904,25
6905,25
6906,25
6907,24
6908,5
6909,5
6910,17
6911,17
6912,14
6913,0
6914,7
6915,2
6916,2
6917,2
6918,2
6919,2
6920,2
6921,2
6922,2
6923,2
6924,2
6925,2
6926,2
6927,17
6928,2
6929,17
6930,17
6931,17
6932,17
6933,17
6934,2
6935,2
6936,2
6937,2
6938,2
6939,2
6940,2
6941,2
6942,2
6943,2
6944,2
6945,2
6946,17
6947,17
6948,10
6949,2
6950,2
6951,0
6952,17
6953,17
6954,2
6955,17
6956,21
6957,14
6958,24
6959,0
6960,17
6961,17
6962,17
6963,10
6964,2
6965,10
6966,21
6967,21
6968,21
6969,2
6970,16
6971,16
6972,0
6973,2
6974,2
6975,2
6976,21
6977,16
6978,16
6979,16
6980,16
6981,16
6982,0
6983,16
6984,17
6985,16
6986,16
6987,16
6988,2
6989,21
6990,21
6991,21
6992,21
6993,21
6994,21
6995,21
6996,21
6997,21
6998,17
6999,21
7000,21
7001,21
7002,21
7003,21
7004,21
7005,21
7006,21
7007,21
7008,21
7009,21
7010,21
7011,21
7012,21
7013,0
7014,21
7015,21
7016,21
7017,21
7018,21
7019,21
7020,17
7021,2
7022,2
7023,0
7024,2
7025,2
7026,0
7027,0
7028,0
7029,2
7030,0
7031,2
7032,1
7033,1
7034,17
7035,0
7036,0
7037,21
7038,7
7039,10
7040,10
7041,10
7042,10
7043,17
7044,3
7045,17
7046,16
7047,24
7048,24
7049,24
7050,24
7051,9
7052,6
7053,6
7054,24
7055,6
7056,6
7057,9
7058,9
7059,19
7060,24
7061,25
7062,6
7063,6
7064,6
7065,24
7066,2
7067,2
7068,2
7069,2
7070,2
7071,2
7072,2
7073,2
7074,2
7075,2
7076,2
7077,2
7078,24
7079,2
7080,2
7081,7
7082,2
7083,2
7084,2
7085,2
7086,2
7087,2
7088,2
7089,2
7090,2
7091,0
7092,2
7093,2
7094,16
7095,2
7096,2
7097,2
7098,2
7099,2
7100,2
7101,2
7102,2
7103,2
7104,2
7105,2
7106,2
7107,2
7108,2
7109,2
7110,2
7111,2
7112,2
7113,2
7114,2
7115,17
7116,2
7117,17
7118,2
7119,2
7120,2
7121,2
7122,2
7123,2
7124,2
7125,2
7126,2
7127,17
7128,10
7129,14
7130,2
7131,2
7132,2
7133,17
7134,2
7135,2
7136,2
7137,2
7138,2
7139,2
7140,2
7141,2
7142,2
7143,2
7144,2
7145,2
7146,2
7147,2
7148,2
7149,2
7150,2
7151,2
7152,2
7153,2
7154,2
7155,0
7156,2
7157,2
7158,2
7159,2
7160,2
7161,2
7162,2
7163,2
7164,2
7165,2
7166,2
7167,2
7168,2
7169,2
7170,0
7171,0
7172,9
7173,2
7174,2
7175,2
7176,21
7177,2
7178,2
7179,2
7180,2
7181,2
7182,2
7183,2
7184,2
7185,2
7186,2
7187,2
7188,2
7189,2
7190,2
7191,2
7192,2
7193,2
7194,16
7195,24
7196,16
7197,16
7198,16
7199,2
7200,16
7201,16
7202,16
7203,24
7204,16
7205,16
7206,16
7207,16
7208,16
7209,2
7210,16
7211,17
7212,16
7213,24
7214,2
7215,2
7216,2
7217,25
7218,5
7219,25
7220,2
7221,2
7222,2
7223,17
7224,17
7225,4
7226,2
7227,2
7228,2
7229,17
7230,2
7231,2
7232,2
7233,2
7234,2
7235,17
7236,7
7237,7
7238,16
7239,2
7240,16
7241,2
7242,2
7243,2
7244,2
7245,2
7246,2
7247,2
7248,2
7249,2
7250,2
7251,2
7252,2
7253,2
7254,0
7255,0
7256,0
7257,2
7258,25
7259,25
7260,4
7261,4
7262,4
7263,4
7264,4
7265,4
7266,6
7267,6
7268,4
7269,6
7270,4
7271,2
7272,17
7273,16
7274,16
7275,2
7276,2
7277,2
7278,1
7279,2
7280,2
7281,2
7282,2
7283,2
7284,2
7285,2
7286,2
7287,2
7288,2
7289,2
7290,2
7291,2
7292,4
7293,2
7294,2
7295,17
7296,17
7297,2
7298,2
7299,2
7300,2
7301,2
7302,2
7303,2
7304,2
7305,2
7306,2
7307,2
7308,2
7309,2
7310,2
7311,2
7312,2
7313,2
7314,2
7315,2
7316,2
7317,2
7318,2
7319,2
7320,17
7321,17
7322,4
7323,17
7324,17
7325,17
7326,10
7327,2
7328,17
7329,2
7330,17
7331,17
7332,4
7333,17
7334,0
7335,17
7336,17
7337,17
7338,17
7339,17
7340,17
7341,17
7342,17
7343,17
7344,17
7345,17
7346,17
7347,17
7348,25
7349,25
7350,6
7351,25
7352,25
7353,25
7354,6
7355,25
7356,6
7357,25
7358,25
7359,7
7360,21
7361,6
7362,25
7363,25
7364,6
7365,21
7366,0
7367,25
7368,25
7369,25
7370,25
7371,25
7372,6
7373,6
7374,6
7375,6
7376,6
7377,6
7378,6
7379,6
7380,6
7381,6
7382,6
7383,25
7384,6
7385,6
7386,6
7387,25
7388,6
7389,25
7390,25
7391,25
7392,25
7393,25
7394,25
7395,21
7396,25
7397,25
7398,25
7399,25
7400,21
7401,21
7402,6
7403,6
7404,6
7405,6
7406,6
7407,6
7408,6
7409,6
7410,6
7411,6
7412,6
7413,6
7414,6
7415,6
7416,6
7417,6
7418,6
7419,6
7420,6
7421,6
7422,6
7423,6
7424,5
7425,6
7426,6
7427,6
7428,6
7429,7
7430,6
7431,6
7432,6
7433,6
7434,6
7435,6
7436,6
7437,6
7438,6
7439,6
7440,6
7441,25
7442,6
7443,6
7444,5
7445,6
7446,6
7447,6
7448,6
7449,6
7450,6
7451,6
7452,6
7453,6
7454,6
7455,6
7456,6
7457,6
7458,6
7459,6
7460,24
7461,6
7462,6
7463,6
7464,14
7465,6
7466,25
7467,6
7468,6
7469,6
7470,6
7471,6
7472,6
7473,6
7474,6
7475,6
7476,6
7477,6
7478,6
7479,6
7480,6
7481,6
7482,6
7483,6
7484,6
7485,6
7486,6
7487,6
7488,6
7489,6
7490,6
7491,6
7492,6
7493,14
7494,6
7495,6
7496,6
7497,6
7498,6
7499,6
7500,23
7501,23
7502,23
7503,6
7504,25
7505,6
7506,6
7507,6
7508,6
7509,6
7510,6
7511,7
7512,7
7513,7
7514,6
7515,7
7516,25
7517,25
7518,25
7519,25
7520,21
7521,21
7522,21
7523,21
7524,21
7525,21
7526,21
7527,25
7528,25
7529,25
7530,25
7531,2
7532,21
7533,2
7534,21
7535,21
7536,2
7537,2
7538,2
7539,2
7540,2
7541,2
7542,2
7543,2
7544,21
7545,21
7546,21
7547,21
7548,2
7549,21
7550,2
7551,2
7552,17
7553,17
7554,17
7555,10
7556,0
7557,10
7558,16
7559,17
7560,3
7561,0
7562,21
7563,0
7564,21
7565,0
7566,21
7567,0
7568,0
7569,0
7570,0
7571,0
7572,0
7573,0
7574,0
7575,0
7576,0
7577,0
7578,25
7579,0
7580,21
7581,0
7582,0
7583,0
7584,0
7585,0
7586,21
7587,7
7588,0
7589,0
7590,0
7591,0
7592,0
7593,0
7594,0
7595,25
7596,25
7597,25
7598,21
7599,25
7600,8
7601,21
7602,25
7603,21
7604,8
7605,25
7606,21
7607,21
7608,25
7609,21
7610,21
7611,21
7612,21
7613,21
7614,25
7615,25
7616,25
7617,8
7618,25
7619,25
7620,25
7621,25
7622,25
7623,25
7624,25
7625,25
7626,25
7627,7
7628,7
7629,25
7630,25
7631,21
7632,21
7633,21
7634,25
7635,21
7636,21
7637,7
7638,7
7639,21
7640,21
7641,21
7642,21
7643,21
7644,21
7645,21
7646,21
7647,8
7648,8
7649,8
7650,8
7651,21
7652,21
7653,21
7654,21
7655,21
7656,21
7657,21
7658,7
7659,21
7660,21
7661,25
7662,25
7663,24
7664,21
7665,21
7666,21
7667,21
7668,21
7669,1
7670,21
7671,21
7672,21
7673,21
7674,21
7675,21
7676,7
7677,25
7678,8
7679,8
7680,7
7681,21
7682,21
7683,21
7684,7
7685,21
7686,21
7687,1
7688,21
7689,21
7690,21
7691,21
7692,21
7693,3
7694,1
7695,10
7696,3
7697,2
7698,1
7699,1
7700,1
7701,2
7702,0
7703,10
7704,10
7705,1
7706,17
7707,4
7708,17
7709,2
7710,2
7711,2
7712,1
7713,1
7714,1
7715,1
7716,2
7717,10
7718,2
7719,2
7720,21
7721,21
7722,21
7723,0
7724,0
7725,7
7726,0
7727,25
7728,24
7729,25
7730,0
7731,0
7732,7
7733,21
7734,21
7735,7
7736,0
7737,16
7738,16
7739,16
7740,2
7741,2
7742,2
7743,15
7744,17
7745,17
7746,16
7747,17
7748,3
7749,17
7750,17
7751,17
7752,17
7753,16
7754,17
7755,17
7756,16
7757,17
7758,3
7759,3
7760,3
7761,3
7762,5
7763,23
7764,15
7765,15
7766,15
7767,15
7768,15
7769,15
7770,15
7771,15
7772,15
7773,1
7774,17
7775,5
7776,5
7777,17
7778,1
7779,21
7780,17
7781,21
7782,17
7783,16
7784,17
7785,17
7786,17
7787,16
7788,7
7789,17
7790,17
7791,17
7792,15
7793,15
7794,17
7795,6
7796,4
7797,25
7798,25
7799,25
7800,25
7801,25
7802,25
7803,25
7804,25
7805,25
7806,25
7807,25
7808,25
7809,25
7810,6
7811,6
7812,25
7813,25
7814,25
7815,25
7816,25
7817,25
7818,25
7819,25
7820,25
7821,6
7822,25
7823,25
7824,25
7825,25
7826,25
7827,25
7828,25
7829,25
7830,25
7831,25
7832,24
7833,24
7834,25
7835,24
7836,9
7837,25
7838,25
7839,25
7840,25
7841,25
7842,25
7843,24
7844,25
7845,25
7846,25
7847,25
7848,25
7849,24
7850,25
7851,24
7852,0
7853,17
7854,21
7855,21
7856,21
7857,17
7858,0
7859,3
7860,10
7861,14
7862,17
7863,17
7864,17
7865,14
7866,16
7867,2
7868,2
7869,0
7870,0
7871,10
7872,0
7873,3
7874,1
7875,1
7876,1
7877,1
7878,25
7879,16
7880,17
7881,14
7882,14
7883,14
7884,14
7885,14
7886,14
7887,14
7888,14
7889,14
7890,14
7891,14
7892,14
7893,24
7894,14
7895,14
7896,4
7897,14
7898,9
7899,4
7900,4
7901,4
7902,4
7903,4
7904,4
7905,4
7906,4
7907,4
7908,4
7909,9
7910,4
7911,4
7912,4
7913,4
7914,4
7915,4
7916,14
7917,25
7918,14
7919,14
7920,25
7921,25
7922,14
7923,14
7924,14
7925,14
7926,14
7927,14
7928,14
7929,14
7930,14
7931,14
7932,14
7933,9
7934,14
7935,23
7936,17
7937,4
7938,14
7939,4
7940,4
7941,4
7942,4
7943,2
7944,2
7945,1
7946,9
7947,4
7948,4
7949,4
7950,10
7951,1
7952,1
7953,1
7954,1
7955,1
7956,6
7957,6
7958,6
7959,6
7960,6
7961,1
7962,1
7963,1
7964,1
7965,1
7966,7
7967,17
7968,0
7969,1
7970,0
7971,16
7972,16
7973,0
7974,16
7975,16
7976,4
7977,4
7978,9
7979,9
7980,3
7981,4
7982,21
7983,1
7984,1
7985,17
7986,17
7987,1
7988,1
7989,17
7990,1
7991,1
7992,4
7993,4
7994,1
7995,1
7996,3
7997,3
7998,1
7999,9
8000,9
8001,9
8002,9
8003,9
8004,9
8005,9
8006,24
8007,24
8008,25
8009,24
8010,14
8011,14
8012,14
8013,14
8014,24
8015,24
8016,24
8017,24
8018,24
8019,24
8020,24
8021,24
8022,24
8023,24
8024,24
8025,24
8026,24
8027,24
8028,9
8029,9
8030,4
8031,6
8032,7
8033,6
8034,6
8035,6
8036,6
8037,6
8038,4
8039,7
8040,7
8041,7
8042,7
8043,7
8044,7
8045,7
8046,24
8047,7
8048,7
8049,7
8050,7
8051,4
8052,4
8053,9
8054,9
8055,4
8056,9
8057,25
8058,4
8059,4
8060,4
8061,16
8062,4
8063,1
8064,1
8065,1
8066,1
8067,1
8068,3
8069,3
8070,7
8071,7
8072,23
8073,23
8074,23
8075,23
8076,23
8077,23
8078,23
8079,23
8080,23
8081,23
8082,23
8083,23
8084,23
8085,23
8086,23
8087,23
8088,23
8089,23
8090,23
8091,23
8092,23
8093,23
8094,23
8095,23
8096,7
8097,7
8098,7
8099,7
8100,7
8101,7
8102,7
8103,14
8104,7
8105,7
8106,7
8107,7
8108,7
8109,7
8110,7
8111,7
8112,7
8113,25
8114,23
8115,7
8116,7
8117,7
8118,23
8119,23
8120,24
8121,24
8122,24
8123,24
8124,24
8125,24
8126,24
8127,24
8128,14
8129,14
8130,24
8131,14
8132,24
8133,24
8134,24
8135,24
8136,24
8137,7
8138,14
8139,14
8140,24
8141,24
8142,24
8143,24
8144,24
8145,24
8146,24
8147,24
8148,24
8149,24
8150,24
8151,24
8152,24
8153,24
8154,14
8155,24
8156,24
8157,24
8158,24
8159,24
8160,24
8161,3
8162,7
8163,24
8164,24
8165,9
8166,9
8167,24
8168,24
8169,24
8170,24
8171,24
8172,24
8173,14
8174,14
8175,24
8176,9
8177,24
8178,24
8179,24
8180,24
8181,24
8182,14
8183,24
8184,14
8185,24
8186,24
8187,24
8188,24
8189,6
8190,24
8191,9
8192,24
8193,24
8194,24
8195,24
8196,24
8197,24
8198,24
8199,24
8200,24
8201,6
8202,24
8203,0
8204,0
8205,0
8206,0
8207,0
8208,0
8209,0
8210,7
8211,0
8212,7
8213,7
8214,7
8215,0
8216,7
8217,7
8218,7
8219,7
8220,6
8221,25
8222,18
8223,7
8224,6
8225,7
8226,25
8227,6
8228,25
8229,7
8230,6
8231,6
8232,25
8233,6
8234,6
8235,6
8236,6
8237,25
8238,25
8239,18
8240,18
8241,18
8242,18
8243,18
8244,18
8245,7
8246,7
8247,7
8248,6
8249,7
8250,7
8251,25
8252,25
8253,25
8254,25
8255,25
8256,21
8257,21
8258,21
8259,21
8260,7
8261,6
8262,6
8263,25
8264,21
8265,21
8266,25
8267,25
8268,25
8269,21
8270,21
8271,21
8272,4
8273,4
8274,4
8275,14
8276,4
8277,4
8278,4
8279,4
8280,4
8281,9
8282,4
8283,17
8284,17
8285,17
8286,17
8287,4
8288,4
8289,25
8290,25
8291,25
8292,4
8293,14
8294,4
8295,25
8296,25
8297,25
8298,25
8299,25
8300,25
8301,25
8302,25
8303,25
8304,25
8305,25
8306,25
8307,25
8308,25
8309,25
8310,25
8311,25
8312,25
8313,25
8314,25
8315,25
8316,25
8317,25
8318,14
8319,25
8320,25
8321,25
8322,25
8323,25
8324,25
8325,25
8326,21
8327,21
8328,10
8329,2
8330,16
8331,10
8332,24
8333,2
8334,2
8335,7
8336,7
8337,21
8338,21
8339,21
8340,21
8341,17
8342,14
8343,21
8344,21
8345,21
8346,0
8347,21
8348,21
8349,21
8350,21
8351,21
8352,21
8353,17
8354,17
8355,17
8356,17
8357,2
8358,21
8359,21
8360,25
8361,25
8362,25
8363,25
8364,25
8365,7
8366,11
8367,11
8368,11
8369,11
8370,25
8371,25
8372,25
8373,25
8374,25
8375,7
8376,21
8377,21
8378,14
8379,25
8380,24
8381,25
8382,6
8383,25
8384,25
8385,11
8386,11
8387,25
8388,25
8389,7
8390,7
8391,25
8392,25
8393,25
8394,25
8395,25
8396,25
8397,7
8398,7
8399,7
8400,7
8401,7
8402,11
8403,7
8404,7
8405,7
8406,6
8407,6
8408,4
8409,4
8410,5
8411,5
8412,5
8413,1
8414,1
8415,1
8416,1
8417,1
8418,24
8419,25
8420,5
8421,5
8422,5
8423,5
8424,6
8425,24
8426,5
8427,1
8428,1
8429,1
8430,6
8431,6
8432,24
8433,24
8434,6
8435,6
8436,5
8437,2
8438,1
8439,1
8440,5
8441,7
8442,9
8443,7
8444,7
8445,7
8446,7
8447,7
8448,5
8449,1
8450,1
8451,25
8452,17
8453,17
8454,0
8455,0
8456,0
8457,0
8458,0
8459,0
8460,7
8461,0
8462,0
8463,0
8464,0
8465,25
8466,25
8467,25
8468,25
8469,25
8470,25
8471,25
8472,25
8473,25
8474,25
8475,25
8476,25
8477,25
8478,9
8479,25
8480,25
8481,25
8482,25
8483,25
8484,25
8485,14
8486,25
8487,25
8488,5
8489,25
8490,25
8491,5
8492,5
8493,5
8494,5
8495,5
8496,25
8497,25
8498,25
8499,25
8500,25
8501,25
8502,5
8503,25
8504,25
8505,25
8506,25
8507,25
8508,25
8509,25
8510,25
8511,24
8512,24
8513,24
8514,5
8515,25
8516,5
8517,5
8518,25
8519,25
8520,25
8521,25
8522,25
8523,25
8524,25
8525,25
8526,25
8527,25
8528,25
8529,25
8530,5
8531,5
8532,5
8533,5
8534,5
8535,5
8536,5
8537,24
8538,25
8539,5
8540,5
8541,5
8542,5
8543,25
8544,5
8545,5
8546,25
8547,25
8548,25
8549,25
8550,25
8551,25
8552,25
8553,25
8554,25
8555,25
8556,25
8557,25
8558,25
8559,25
8560,25
8561,25
8562,24
8563,6
8564,25
8565,25
8566,5
8567,24
8568,24
8569,25
8570,25
8571,7
8572,25
8573,25
8574,25
8575,25
8576,25
8577,25
8578,25
8579,25
8580,25
8581,25
8582,25
8583,25
8584,25
8585,25
8586,24
8587,24
8588,24
8589,24
8590,24
8591,25
8592,25
8593,25
8594,5
8595,25
8596,24
8597,1
8598,6
8599,6
8600,6
8601,6
8602,6
8603,6
8604,6
8605,6
8606,25
8607,6
8608,6
8609,24
8610,6
8611,6
8612,16
8613,25
8614,25
8615,16
8616,7
8617,25
8618,1
8619,6
8620,6
8621,6
8622,6
8623,6
8624,6
8625,6
8626,25
8627,25
8628,25
8629,5
8630,1
8631,1
8632,24
8633,1
8634,1
8635,1
8636,1
8637,1
8638,4
8639,6
8640,6
8641,6
8642,1
8643,6
8644,6
8645,1
8646,1
8647,1
8648,5
8649,1
8650,23
8651,23
8652,23
8653,5
8654,6
8655,4
8656,4
8657,4
8658,4
8659,4
8660,4
8661,4
8662,4
8663,4
8664,4
8665,4
8666,4
8667,4
8668,4
8669,7
8670,23
8671,23
8672,23
8673,23
8674,23
8675,23
8676,24
8677,24
8678,9
8679,25
8680,24
8681,24
8682,7
8683,9
8684,24
8685,24
8686,24
8687,4
8688,9
8689,12
8690,4
8691,4
8692,4
8693,4
8694,23
8695,5
8696,5
8697,5
8698,4
8699,4
8700,17
8701,21
8702,21
8703,21
8704,21
8705,21
8706,21
8707,21
8708,21
8709,21
8710,21
8711,21
8712,21
8713,21
8714,21
8715,21
8716,21
8717,21
8718,21
8719,21
8720,21
8721,21
8722,21
8723,21
8724,21
8725,21
8726,21
8727,21
8728,21
8729,21
8730,21
8731,21
8732,24
8733,24
8734,24
8735,24
8736,24
8737,24
8738,24
8739,7
8740,24
8741,24
8742,24
8743,24
8744,24
8745,24
8746,24
8747,24
8748,9
8749,14
8750,24
8751,24
8752,24
8753,1
8754,1
8755,24
8756,24
8757,24
8758,24
8759,14
8760,14
8761,24
8762,24
8763,24
8764,14
8765,24
8766,25
8767,25
8768,24
8769,24
8770,0
8771,1
8772,24
8773,24
8774,24
8775,24
8776,24
8777,24
8778,24
8779,14
8780,24
8781,24
8782,24
8783,14
8784,14
8785,24
8786,14
8787,25
8788,4
8789,14
8790,24
8791,24
8792,9
8793,9
8794,9
8795,14
8796,9
8797,9
8798,24
8799,24
8800,24
8801,25
8802,24
8803,14
8804,14
8805,14
8806,14
8807,24
8808,24
8809,24
8810,24
8811,24
8812,24
8813,25
8814,25
8815,21
8816,21
8817,21
8818,21
8819,21
8820,21
8821,21
8822,21
8823,21
8824,21
8825,21
8826,21
8827,21
8828,21
8829,21
8830,21
8831,21
8832,21
8833,21
8834,21
8835,21
8836,21
8837,21
8838,21
8839,21
8840,21
8841,21
8842,21
8843,21
8844,21
8845,21
8846,21
8847,21
8848,25
8849,21
8850,21
8851,21
8852,21
8853,21
8854,21
8855,21
8856,21
8857,21
8858,21
8859,7
8860,21
8861,21
8862,21
8863,21
8864,21
8865,21
8866,21
8867,21
8868,25
8869,7
8870,7
8871,21
8872,7
8873,21
8874,21
8875,7
8876,7
8877,7
8878,7
8879,21
8880,7
8881,21
8882,21
8883,21
8884,14
8885,14
8886,21
8887,7
8888,21
8889,21
8890,21
8891,25
8892,25
8893,21
8894,21
8895,21
8896,2
8897,2
8898,2
8899,21
8900,7
8901,7
8902,7
8903,7
8904,7
8905,7
8906,7
8907,7
8908,7
8909,7
8910,7
8911,7
8912,7
8913,7
8914,7
8915,7
8916,7
8917,7
8918,7
8919,7
8920,7
8921,7
8922,7
8923,7
8924,7
8925,24
8926,7
8927,7
8928,7
8929,7
8930,7
8931,7
8932,7
8933,9
8934,7
8935,9
8936,7
8937,7
8938,7
8939,6
8940,7
8941,24
8942,7
8943,7
8944,9
8945,7
8946,9
8947,7
8948,7
8949,23
8950,7
8951,7
8952,7
8953,9
8954,9
8955,9
8956,7
8957,7
8958,7
8959,7
8960,7
8961,7
8962,7
8963,23
8964,7
8965,7
8966,7
8967,21
8968,21
8969,21
8970,6
8971,6
8972,6
8973,7
8974,7
8975,7
8976,7
8977,7
8978,21
8979,18
8980,18
8981,18
8982,18
8983,18
8984,18
8985,23
8986,23
8987,23
8988,23
8989,23
8990,7
8991,4
8992,7
8993,7
8994,7
8995,7
8996,23
8997,7
8998,7
8999,7
9000,9
9001,7
9002,7
9003,7
9004,23
9005,0
9006,5
9007,5
9008,24
9009,24
9010,24
9011,5
9012,3
9013,17
9014,6
9015,25
9016,25
9017,25
9018,25
9019,25
9020,24
9021,24
9022,24
9023,24
9024,24
9025,5
9026,25
9027,25
9028,25
9029,25
9030,25
9031,3
9032,25
9033,25
9034,25
9035,24
9036,24
9037,24
9038,24
9039,9
9040,9
9041,9
9042,9
9043,9
9044,24
9045,25
9046,7
9047,24
9048,24
9049,24
9050,24
9051,24
9052,24
9053,24
9054,3
9055,24
9056,24
9057,24
9058,24
9059,24
9060,24
9061,24
9062,24
9063,24
9064,14
9065,18
9066,21
9067,18
9068,9
9069,9
9070,18
9071,7
9072,7
9073,25
9074,9
9075,6
9076,6
9077,6
9078,9
9079,6
9080,6
9081,6
9082,6
9083,6
9084,6
9085,7
9086,9
9087,4
9088,6
9089,6
9090,6
9091,23
9092,6
9093,14
9094,14
9095,22
9096,22
9097,22
9098,22
9099,22
9100,22
9101,22
9102,22
9103,22
9104,23
9105,23
9106,7
9107,7
9108,7
9109,7
9110,0
9111,7
9112,7
9113,7
9114,7
9115,21
9116,21
9117,23
9118,23
9119,23
9120,23
9121,23
9122,23
9123,23
9124,23
9125,23
9126,23
9127,23
9128,23
9129,23
9130,23
9131,23
9132,23
9133,23
9134,23
9135,18
9136,18
9137,21
9138,9
9139,7
9140,7
9141,7
9142,7
9143,14
9144,9
9145,9
9146,9
9147,9
9148,9
9149,9
9150,9
9151,9
9152,9
9153,9
9154,7
9155,7
9156,7
9157,16
9158,16
9159,16
9160,16
9161,16
9162,16
9163,16
9164,16
9165,16
9166,16
9167,17
9168,21
9169,3
9170,16
9171,16
9172,16
9173,16
9174,16
9175,16
9176,17
9177,17
9178,17
9179,17
9180,17
9181,16
9182,16
9183,16
9184,16
9185,16
9186,16
9187,16
9188,16
9189,3
9190,3
9191,3
9192,3
9193,3
9194,3
9195,7
9196,3
9197,3
9198,3
9199,3
9200,16
9201,16
9202,16
9203,16
9204,16
9205,16
9206,16
9207,21
9208,16
9209,16
9210,17
9211,16
9212,16
9213,16
9214,16
9215,16
9216,16
9217,16
9218,16
9219,17
9220,17
9221,17
9222,17
9223,17
9224,16
9225,16
9226,3
9227,3
9228,3
9229,3
9230,4
9231,3
9232,3
9233,4
9234,5
9235,3
9236,25
9237,3
9238,9
9239,9
9240,9
9241,4
9242,4
9243,9
9244,9
9245,4
9246,4
9247,7
9248,14
9249,4
9250,4
9251,4
9252,4
9253,4
9254,6
9255,4
9256,6
9257,14
9258,14
9259,14
9260,14
9261,14
9262,14
9263,14
9264,14
9265,14
9266,14
9267,14
9268,14
9269,14
9270,14
9271,14
9272,24
9273,14
9274,14
9275,17
9276,21
9277,17
9278,17
9279,17
9280,16
9281,21
9282,21
9283,16
9284,0
9285,21
9286,21
9287,21
9288,21
9289,0
9290,0
9291,0
9292,0
9293,0
9294,0
9295,21
9296,21
9297,21
9298,21
9299,16
9300,21
9301,17
9302,1
9303,1
9304,1
9305,1
9306,1
9307,1
9308,1
9309,1
9310,1
9311,1
9312,1
9313,1
9314,1
9315,7
9316,6
9317,6
9318,6
9319,21
9320,21
9321,3
9322,14
9323,25
9324,1
9325,1
9326,1
9327,1
9328,6
9329,6
9330,6
9331,6
9332,6
9333,6
9334,6
9335,6
9336,3
9337,1
9338,1
9339,6
9340,6
9341,25
9342,25
9343,25
9344,25
9345,14
9346,6
9347,13
9348,13
9349,13
9350,25
9351,25
9352,24
9353,7
9354,5
9355,15
9356,15
9357,15
9358,4
9359,4
9360,20
9361,2
9362,2
9363,2
9364,2
9365,2
9366,2
9367,2
9368,2
9369,2
9370,24
9371,14
9372,6
9373,9
9374,4
9375,21
9376,21
9377,21
9378,21
9379,9
9380,24
9381,24
9382,24
9383,9
9384,24
9385,24
9386,24
9387,24
9388,24
9389,24
9390,24
9391,24
9392,12
9393,12
9394,12
9395,12
9396,12
9397,23
9398,1
9399,4
9400,4
9401,6
9402,6
9403,7
9404,6
9405,4
9406,4
9407,4
9408,9
9409,24
9410,24
9411,24
9412,24
9413,7
9414,7
9415,7
9416,7
9417,7
9418,7
9419,7
9420,7
9421,7
9422,7
9423,7
9424,7
9425,4
9426,7
9427,7
9428,7
9429,7
9430,7
9431,7
9432,7
9433,7
9434,7
9435,7
9436,7
9437,7
9438,25
9439,25
9440,24
9441,23
9442,23
9443,4
9444,4
9445,24
9446,24
9447,4
9448,10
9449,16
9450,16
9451,2
9452,3
9453,7
9454,7
9455,7
9456,7
9457,3
9458,7
9459,7
9460,22
9461,21
9462,2
9463,21
9464,18
9465,18
9466,18
9467,9
9468,9
9469,9
9470,9
9471,9
9472,9
9473,9
9474,4
9475,9
9476,4
9477,9
9478,14
9479,7
9480,9
9481,24
9482,9
9483,9
9484,9
9485,14
9486,14
9487,14
9488,14
9489,14
9490,14
9491,14
9492,14
9493,14
9494,14
9495,14
9496,14
9497,14
9498,14
9499,25
9500,14
9501,14
9502,14
9503,14
9504,14
9505,14
9506,14
9507,14
9508,14
9509,14
9510,14
9511,14
9512,14
9513,14
9514,14
9515,14
9516,14
9517,14
9518,14
9519,14
9520,14
9521,14
9522,14
9523,14
9524,14
9525,14
9526,14
9527,14
9528,14
9529,14
9530,14
9531,14
9532,14
9533,14
9534,14
9535,14
9536,14
9537,14
9538,14
9539,14
9540,14
9541,4
9542,14
9543,14
9544,24
9545,14
9546,14
9547,24
9548,14
9549,14
9550,14
9551,14
9552,14
9553,14
9554,14
9555,25
9556,2
9557,9
9558,17
9559,7
9560,7
9561,1
9562,11
9563,11
9564,11
9565,11
9566,11
9567,11
9568,11
9569,11
9570,11
9571,11
9572,11
9573,11
9574,11
9575,7
9576,11
9577,11
9578,11
9579,11
9580,11
9581,11
9582,11
9583,11
9584,11
9585,11
9586,11
9587,11
9588,11
9589,11
9590,11
9591,11
9592,11
9593,11
9594,11
9595,11
9596,11
9597,11
9598,11
9599,11
9600,6
9601,14
9602,14
9603,14
9604,14
9605,2
9606,25
9607,25
9608,25
9609,5
9610,5
9611,5
9612,5
9613,1
9614,14
9615,1
9616,1
9617,25
9618,24
9619,24
9620,24
9621,14
9622,9
9623,6
9624,6
9625,14
9626,14
9627,24
9628,24
9629,14
9630,24
9631,14
9632,14
9633,14
9634,14
9635,14
9636,14
9637,14
9638,23
9639,25
9640,11
9641,25
9642,11
9643,11
9644,11
9645,14
9646,9
9647,14
9648,14
9649,11
9650,11
9651,25
9652,14
9653,25
9654,25
9655,24
9656,5
9657,5
9658,5
9659,5
9660,24
9661,5
9662,5
9663,5
9664,1
9665,7
9666,5
9667,5
9668,5
9669,13
9670,13
9671,5
9672,1
9673,5
9674,16
9675,16
9676,16
9677,16
9678,16
9679,16
9680,16
9681,16
9682,21
9683,16
9684,16
9685,16
9686,16
9687,16
9688,8
9689,8
9690,8
9691,8
9692,25
9693,14
9694,9
9695,14
9696,14
9697,14
9698,14
9699,14
9700,14
9701,14
9702,14
9703,14
9704,14
9705,9
9706,14
9707,14
9708,14
9709,14
9710,14
9711,14
9712,14
9713,14
9714,14
9715,14
9716,14
9717,14
9718,14
9719,14
9720,14
9721,14
9722,14
9723,14
9724,24
9725,25
9726,6
9727,1
9728,1
9729,2
9730,2
9731,2
9732,7
9733,7
9734,2
9735,7
9736,2
9737,2
9738,2
9739,2
9740,1
9741,18
9742,18
9743,18
9744,18
9745,18
9746,18
9747,18
9748,2
9749,21
9750,21
9751,21
9752,21
9753,21
9754,18
9755,18
9756,18
9757,18
9758,21
9759,16
9760,16
9761,0
9762,0
9763,0
9764,0
9765,0
9766,17
9767,0
9768,21
9769,21
9770,21
9771,2
9772,16
9773,17
9774,17
9775,21
9776,23
9777,2
9778,2
9779,2
9780,24
9781,2
9782,24
9783,21
9784,4
9785,4
9786,4
9787,4
9788,4
9789,4
9790,16
9791,14
9792,14
9793,25
9794,14
9795,14
9796,14
9797,25
9798,25
9799,4
9800,23
9801,23
9802,14
9803,9
9804,24
9805,24
9806,14
9807,25
9808,25
9809,14
9810,25
9811,25
9812,25
9813,25
9814,25
9815,14
9816,7
9817,25
9818,7
9819,7
9820,7
9821,4
9822,25
9823,6
9824,25
9825,25
9826,25
9827,25
9828,11
9829,7
9830,6
9831,6
9832,3
9833,3
9834,4
9835,3
9836,3
9837,3
9838,3
9839,3
9840,3
9841,3
9842,3
9843,9
9844,9
9845,0
9846,7
9847,24
9848,7
9849,7
9850,7
9851,24
9852,7
9853,7
9854,9
9855,9
9856,7
9857,7
9858,7
9859,7
9860,7
9861,24
9862,24
9863,7
9864,14
9865,14
9866,24
9867,1
9868,1
9869,1
9870,14
9871,14
9872,5
9873,7
9874,7
9875,17
9876,17
9877,24
9878,24
9879,9
9880,9
9881,9
9882,9
9883,9
9884,9
9885,9
9886,9
9887,9
9888,9
9889,9
9890,9
9891,9
9892,9
9893,9
9894,9
9895,9
9896,9
9897,24
9898,24
9899,24
9900,9
9901,24
9902,9
9903,9
9904,9
9905,9
9906,9
9907,9
9908,9
9909,9
9910,9
9911,9
9912,9
9913,9
9914,24
9915,24
9916,9
9917,9
9918,9
9919,9
9920,9
9921,24
9922,24
9923,24
9924,24
9925,25
9926,25
9927,24
9928,24
9929,24
9930,9
9931,9
9932,1
9933,7
9934,25
9935,25
9936,14
9937,14
9938,14
9939,14
9940,25
9941,25
9942,11
9943,11
9944,11
9945,11
9946,7
9947,7
9948,14
9949,14
9950,14
9951,24
9952,24
9953,24
9954,1
9955,1
9956,24
9957,24
9958,6
9959,24
9960,24
9961,24
9962,24
9963,14
9964,14
9965,14
9966,14
9967,14
9968,25
9969,25
9970,25
9971,6
9972,6
9973,1
9974,11
9975,11
9976,25
9977,25
9978,25
9979,25
9980,4
9981,25
9982,6
9983,6
9984,6
9985,6
9986,23
9987,23
9988,6
9989,6
9990,6
9991,5
9992,25
9993,25
9994,11
9995,11
9996,11
9997,24
9998,2
9999,2
10000,2
10001,24
10002,25
10003,7
10004,7
10005,7
10006,7
10007,1
10008,11
10009,11
10010,11
10011,11
10012,11
10013,25
10014,11
10015,23
10016,23
10017,23
10018,23
10019,23
10020,23
10021,23
10022,24
10023,10
10024,1
10025,4
10026,0
10027,1
10028,7
10029,9
10030,9
10031,9
10032,7
10033,7
10034,7
10035,7
10036,3
10037,7
10038,7
10039,7
10040,7
10041,7
10042,7
10043,25
10044,25
10045,25
10046,7
10047,7
10048,7
10049,7
10050,14
10051,14
10052,7
10053,21
10054,24
10055,21
10056,21
10057,21
10058,21
10059,10
10060,10
10061,10
10062,10
10063,2
10064,2
10065,4
10066,0
10067,0
10068,0
10069,0
10070,0
10071,23
10072,23
10073,23
10074,23
10075,23
10076,14
10077,3
10078,23
10079,1
10080,1
10081,21
10082,1
10083,21
10084,21
10085,21
10086,21
10087,21
10088,21
10089,21
10090,9
10091,9
10092,9
10093,6
10094,6
10095,6
10096,9
10097,9
10098,25
10099,25
10100,25
10101,25
10102,25
10103,25
10104,25
10105,14
10106,6
10107,1
10108,1
10109,16
10110,21
10111,1
10112,3
10113,3
10114,4
10115,17
10116,17
10117,2
10118,3
10119,3
10120,3
10121,21
10122,21
10123,24
10124,9
10125,0
10126,25
10127,25
10128,25
10129,10
10130,10
10131,2
10132,17
10133,17
10134,3
10135,2
10136,2
10137,2
10138,2
10139,2
10140,2
10141,2
10142,2
10143,2
10144,2
10145,2
10146,2
10147,0
10148,2
10149,2
10150,1
10151,4
10152,4
10153,1
10154,1
10155,1
10156,4
10157,2
10158,4
10159,4
10160,2
10161,2
10162,2
10163,2
10164,2
10165,2
10166,2
10167,2
10168,2
10169,2
10170,2
10171,2
10172,2
10173,2
10174,2
10175,2
10176,2
10177,2
10178,2
10179,2
10180,2
10181,2
10182,2
10183,2
10184,2
10185,2
10186,2
10187,2
10188,2
10189,2
10190,2
10191,0
10192,2
10193,2
10194,2
10195,2
10196,2
10197,2
10198,2
10199,2
10200,2
10201,2
10202,0
10203,2
10204,2
10205,2
10206,2
10207,2
10208,2
10209,2
10210,2
10211,2
10212,2
10213,2
10214,2
10215,2
10216,2
10217,2
10218,2
10219,10
10220,2
10221,2
10222,2
10223,2
10224,2
10225,2
10226,2
10227,24
10228,2
10229,2
10230,2
10231,2
10232,2
10233,2
10234,2
10235,2
10236,2
10237,2
10238,2
10239,2
10240,2
10241,0
10242,0
10243,7
10244,7
10245,4
10246,1
10247,1
10248,1
10249,0
10250,0
10251,17
10252,17
10253,17
10254,17
10255,21
10256,21
10257,21
10258,21
10259,21
10260,4
10261,2
10262,7
10263,7
10264,5
10265,1
10266,25
10267,6
10268,2
10269,2
10270,17
10271,17
10272,20
10273,4
10274,4
10275,6
10276,24
10277,18
10278,24
10279,20
10280,9
10281,21
10282,21
10283,1
10284,21
10285,7
10286,21
10287,23
10288,7
10289,7
10290,16
10291,16
10292,16
10293,25
10294,25
10295,25
10296,25
10297,2
10298,4
10299,7
10300,21
10301,25
10302,2
10303,2
10304,2
10305,25
10306,2
10307,2
10308,2
10309,2
10310,2
10311,2
10312,2
10313,7
10314,21
10315,1
10316,1
10317,1
10318,1
10319,24
10320,24
10321,14
10322,3
10323,3
10324,24
10325,3
10326,24
10327,1
10328,21
10329,2
10330,2
10331,3
10332,7
10333,0
10334,3
10335,0
10336,21
10337,9
10338,4
10339,21
10340,2
10341,2
10342,2
10343,2
10344,2
10345,2
10346,2
10347,2
10348,2
10349,2
10350,2
10351,2
10352,2
10353,2
10354,2
10355,2
10356,9
10357,2
10358,2
10359,17
10360,2
10361,2
10362,16
10363,0
10364,2
10365,2
10366,2
10367,2
10368,2
10369,2
10370,2
10371,2
10372,15
10373,2
10374,2
10375,2
10376,2
10377,2
10378,2
10379,2
10380,2
10381,2
10382,2
10383,2
10384,2
10385,16
10386,1
10387,16
10388,8
10389,9
10390,9
10391,9
10392,24
10393,21
10394,2
10395,2
10396,2
10397,2
10398,2
10399,2
10400,2
10401,2
10402,14
10403,9
10404,14
10405,24
10406,24
10407,24
10408,24
10409,2
10410,2
10411,2
10412,25
10413,2
10414,7
10415,7
10416,7
10417,9
10418,23
10419,23
10420,4
10421,23
10422,23
10423,23
10424,4
10425,16
10426,16
10427,16
10428,16
10429,16
10430,16
10431,16
10432,16
10433,16
10434,16
10435,2
10436,16
10437,7
10438,9
10439,4
10440,4
10441,7
10442,7
10443,9
10444,9
10445,1
10446,23
10447,23
10448,4
10449,21
10450,1
10451,1
10452,1
10453,3
10454,4
10455,4
10456,4
10457,9
10458,0
10459,0
10460,0
10461,1
10462,1
10463,1
10464,7
10465,7
10466,7
10467,9
10468,9
10469,9
10470,2
10471,3
10472,0
10473,6
10474,6
10475,6
10476,6
10477,7
10478,14
10479,9
10480,7
10481,7
10482,7
10483,6
10484,17
10485,3
10486,10
10487,10
10488,10
10489,10
10490,4
10491,4
10492,14
10493,6
10494,9
10495,9
10496,9
10497,9
10498,7
10499,7
10500,7
10501,7
10502,24
10503,24
10504,24
10505,7
10506,7
10507,7
10508,7
10509,2
10510,2
10511,2
10512,2
10513,3
10514,6
10515,10
10516,16
10517,4
10518,4
10519,4
10520,4
10521,4
10522,4
10523,4
10524,14
10525,21
10526,21
10527,21
10528,7
10529,25
10530,25
10531,25
10532,0
10533,7
10534,24
10535,1
10536,1
10537,7
10538,7
10539,7
10540,17
10541,4
10542,4
10543,4
10544,9
10545,9
10546,14
10547,14
10548,16
10549,16
10550,16
10551,2
10552,2
10553,24
10554,24
10555,2
10556,25
10557,25
10558,2
10559,5
10560,4
10561,0
10562,0
10563,0
10564,0
10565,0
10566,0
10567,0
10568,0
10569,0
10570,0
10571,0
10572,16
10573,0
10574,0
10575,16
10576,16
10577,0
10578,0
10579,7
10580,7
10581,10
10582,10
10583,10
10584,10
10585,1
10586,1
10587,1
10588,2
10589,1
10590,9
10591,9
10592,9
10593,4
10594,0
10595,25
10596,7
10597,4
10598,9
10599,9
10600,2
10601,2
10602,16
10603,16
10604,10
10605,2
10606,2
10607,2
10608,2
10609,24
10610,24
10611,24
10612,24
10613,24
10614,24
10615,14
10616,14
10617,3
10618,6
10619,6
10620,7
10621,7
10622,7
10623,7
10624,7
10625,25
10626,2
10627,2
10628,21
10629,2
10630,2
10631,2
10632,2
10633,2
10634,2
10635,2
10636,2
10637,7
10638,23
10639,13
10640,13
10641,6
10642,6
10643,4
10644,1
10645,6
10646,4
10647,9
10648,4
10649,4
10650,4
10651,4
10652,4
10653,25
10654,21
10655,21
10656,25
10657,4
10658,9
10659,9
10660,6
10661,1
10662,2
10663,0
10664,4
10665,9
10666,7
10667,7
10668,1
10669,1
10670,17
10671,16
10672,16
10673,21
10674,24
10675,13
10676,13
10677,13
10678,7
10679,21
10680,21
10681,21
10682,1
10683,1
10684,10
10685,1
10686,7
10687,1
10688,1
10689,25
10690,1
10691,1
10692,1
10693,2
10694,2
10695,24
10696,21
10697,21
10698,18
10699,18
10700,18
10701,18
10702,18
10703,18
10704,18
10705,18
10706,18
10707,18
10708,18
10709,18
10710,18
10711,18
10712,17
10713,10
10714,10
10715,17
10716,9
10717,9
10718,9
10719,9
10720,9
10721,9
10722,9
10723,0
10724,21
10725,2
10726,2
10727,2
10728,14
10729,14
10730,21
10731,21
10732,1
10733,1
10734,17
10735,17
10736,4
10737,21
10738,24
10739,24
10740,14
10741,2
10742,21
10743,21
10744,21
10745,21
10746,21
10747,16
10748,16
10749,3
10750,3
10751,3
10752,3
10753,3
10754,3
10755,3
10756,3
10757,3
10758,3
10759,3
10760,7
10761,4
10762,24
10763,3
10764,3
10765,3
10766,24
10767,1
10768,7
10769,6
10770,23
10771,23
10772,23
10773,23
10774,14
10775,21
10776,25
10777,25
10778,25
10779,25
10780,21
10781,2
10782,22
10783,22
10784,7
10785,7
10786,7
10787,7
10788,7
10789,7
10790,7
10791,7
10792,7
10793,2
10794,2
10795,2
10796,2
10797,2
10798,2
10799,1
10800,6
10801,6
10802,6
10803,16
10804,16
10805,18
10806,18
10807,18
10808,18
10809,18
10810,18
10811,18
10812,18
10813,7
10814,7
10815,19
10816,24
10817,4
10818,25
10819,25
10820,25
10821,25
10822,25
10823,23
10824,23
10825,23
10826,23
10827,7
10828,23
10829,23
10830,24
10831,7
10832,7
10833,4
10834,25
10835,21
10836,17
10837,7
10838,7
10839,3
10840,3
10841,7
10842,0
10843,0
10844,1
10845,1
10846,1
10847,1
10848,4
10849,4
10850,4
10851,14
10852,14
10853,14
10854,14
10855,7
10856,7
10857,4
10858,7
10859,7
10860,25
10861,14
10862,4
10863,18
10864,7
10865,21
10866,21
10867,21
10868,4
10869,7
10870,7
10871,7
10872,7
10873,4
10874,17
10875,16
10876,16
10877,7
10878,7
10879,7
10880,0
10881,0
10882,11
10883,11
10884,17
10885,17
10886,16
10887,1
10888,16
10889,7
10890,17
10891,14
10892,9
10893,21
10894,20
10895,20
10896,20
10897,20
10898,2
10899,2
10900,9
10901,2
10902,24
10903,2
10904,2
10905,25
10906,25
10907,25
10908,19
10909,19
10910,21
10911,21
10912,21
10913,4
10914,4
10915,4
10916,5
10917,5
10918,5
10919,5
10920,5
10921,2
10922,14
10923,25
10924,24
10925,24
10926,24
10927,0
10928,0
10929,0
10930,0
10931,1
10932,25
10933,19
10934,21
10935,25
10936,25
10937,7
10938,4
10939,4
10940,4
10941,24
10942,24
10943,24
10944,24
10945,24
10946,21
10947,9
10948,14
10949,14
10950,14
10951,14
10952,9
10953,1
10954,1
10955,19
10956,19
10957,25
10958,4
10959,9
10960,9
10961,9
10962,9
10963,24
10964,25
10965,25
10966,3
10967,11
10968,24
10969,1
10970,3
10971,7
10972,7
10973,4
10974,18
10975,7
10976,25
10977,25
10978,0
10979,7
10980,1
10981,1
10982,21
10983,7
10984,23
10985,21
10986,21
10987,2
10988,4
10989,24
10990,5
10991,17
10992,2
10993,24
10994,16
10995,16
10996,16
10997,16
10998,1
10999,21
11000,25
11001,1
11002,1
11003,4
11004,9
11005,9
11006,9
11007,1
11008,1
11009,2
11010,2
11011,2
11012,20
11013,20
11014,20
11015,20
11016,20
11017,25
11018,7
11019,24
11020,1
11021,1
11022,7
11023,3
11024,1
11025,24
11026,2
11027,2
11028,11
11029,11
11030,11
11031,7
11032,21
11033,21
11034,21
11035,7
11036,1
11037,1
11038,2
11039,21
11040,25
11041,25
11042,9
11043,9
11044,7
11045,5
11046,3
11047,25
11048,25
11049,25
11050,25
11051,25
11052,25
11053,9
11054,5
11055,2
11056,6
11057,25
11058,25
11059,25
11060,25
11061,11
11062,11
11063,14
11064,10
11065,10
11066,10
11067,17
11068,25
11069,25
11070,25
11071,25
11072,25
11073,0
11074,1
11075,1
11076,7
11077,0
11078,3
11079,3
11080,0
11081,0
11082,25
11083,24
11084,1
11085,24
11086,18
11087,17
11088,17
11089,25
11090,5
11091,5
11092,21
11093,21
11094,5
11095,21
11096,1
11097,21
11098,21
11099,21
11100,18
11101,18
11102,21
11103,21
11104,21
11105,21
11106,1
11107,1
11108,2
11109,25
11110,25
11111,25
11112,7
11113,11
11114,11
11115,9
11116,25
11117,25
11118,25
11119,25
11120,25
11121,4
11122,2
11123,17
11124,18
11125,7
11126,7
11127,4
11128,1
11129,1
11130,20
11131,20
11132,20
11133,24
11134,16
11135,6
11136,25
11137,1
11138,17
11139,17
11140,0
11141,2
11142,20
11143,23
11144,23
11145,17
11146,21
11147,21
11148,24
11149,16
11150,7
11151,7
11152,7
11153,7
11154,7
11155,7
11156,7
11157,1
11158,1
11159,1
11160,25
11161,25
11162,23
11163,1
11164,19
11165,19
11166,19
11167,6
11168,6
11169,25
11170,25
11171,25
11172,4
11173,7
11174,0
11175,0
11176,0
11177,0
11178,0
11179,0
11180,25
11181,7
11182,7
11183,7
11184,2
11185,14
11186,7
11187,0
11188,4
11189,4
11190,7
11191,25
11192,1
11193,7
11194,7
11195,25
11196,7
11197,16
11198,16
11199,10
11200,10
11201,10
11202,1
11203,4
11204,17
11205,2
11206,2
11207,4
11208,25
11209,25
11210,25
11211,14
11212,1
11213,15
11214,9
11215,23
11216,7
11217,21
11218,7
11219,11
11220,1
11221,15
11222,15
11223,18
11224,5
11225,5
11226,3
11227,7
11228,24
11229,24
11230,3
11231,7
11232,7
11233,0
11234,0
11235,14
11236,1
11237,25
11238,2
11239,7
11240,6
11241,6
11242,6
11243,1
11244,4
11245,1
11246,6
11247,22
11248,22
11249,24
11250,5
11251,25
11252,20
11253,20
11254,4
11255,1
11256,18
11257,1
11258,2
11259,1
11260,25
11261,10
11262,9
11263,24
11264,24
11265,21
11266,21
11267,25
11268,0
11269,9
11270,14
11271,15
11272,24
11273,15
11274,24
11275,7
11276,20
11277,24
11278,2
11279,24
11280,0
11281,3
11282,17
11283,17
11284,17
11285,9
11286,14
11287,14
11288,7
11289,21
11290,9
11291,6
11292,25
11293,10
11294,18
11295,16
11296,16
11297,16
11298,5
11299,1
11300,1
11301,7
11302,2
11303,1
11304,2
11305,18
11306,7
11307,7
11308,16
11309,16
11310,2
11311,7
11312,21
11313,5
11314,24
11315,7
11316,14
11317,17
11318,21
11319,0
11320,5
11321,5
11322,25
11323,25
11324,7
11325,19
11326,19
11327,8
11328,2
11329,2
11330,6
11331,1
11332,24
11333,17
11334,14
11335,0
11336,7
11337,7
11338,2
11339,21
11340,25
11341,9
