node,community
0,15
1,15
2,15
3,15
4,20
5,15
6,5
7,20
8,15
9,5
10,15
11,15
12,15
13,15
14,15
15,15
16,15
17,15
18,15
19,15
20,15
21,15
22,15
23,15
24,15
25,15
26,15
27,15
28,15
29,15
30,15
31,15
32,15
33,15
34,15
35,15
36,15
37,15
38,15
39,15
40,15
41,15
42,15
43,15
44,15
45,15
46,15
47,15
48,15
49,15
50,15
51,15
52,15
53,15
54,15
55,4
56,15
57,8
58,8
59,15
60,15
61,15
62,15
63,15
64,15
65,15
66,15
67,15
68,15
69,15
70,15
71,15
72,15
73,15
74,15
75,22
76,15
77,15
78,15
79,15
80,15
81,15
82,15
83,15
84,15
85,15
86,15
87,15
88,15
89,15
90,15
91,15
92,15
93,15
94,5
95,5
96,5
97,15
98,15
99,15
100,0
101,23
102,23
103,15
104,15
105,15
106,22
107,15
108,5
109,5
110,15
111,5
112,15
113,5
114,15
115,15
116,15
117,5
118,5
119,22
120,15
121,15
122,15
123,22
124,5
125,15
126,5
127,15
128,5
129,5
130,15
131,15
132,15
133,15
134,15
135,15
136,15
137,15
138,15
139,15
140,15
141,15
142,15
143,15
144,15
145,15
146,5
147,15
148,15
149,5
150,15
151,15
152,15
153,22
154,15
155,0
156,15
157,15
158,15
159,15
160,15
161,15
162,15
163,5
164,15
165,15
166,15
167,15
168,15
169,15
170,15
171,15
172,15
173,15
174,15
175,20
176,15
177,24
178,15
179,22
180,4
181,22
182,22
183,15
184,22
185,23
186,15
187,15
188,15
189,15
190,15
191,15
192,15
193,22
194,22
195,15
196,22
197,15
198,15
199,15
200,15
201,23
202,23
203,15
204,15
205,22
206,15
207,15
208,15
209,23
210,15
211,15
212,22
213,15
214,20
215,15
216,15
217,24
218,15
219,15
220,24
221,15
222,15
223,22
224,22
225,15
226,15
227,15
228,15
229,20
230,15
231,15
232,15
233,15
234,15
235,15
236,16
237,15
238,15
239,15
240,15
241,15
242,15
243,8
244,8
245,15
246,15
247,8
248,5
249,15
250,15
251,15
252,15
253,15
254,15
255,8
256,15
257,8
258,5
259,5
260,8
261,15
262,8
263,15
264,15
265,15
266,15
267,15
268,15
269,15
270,15
271,15
272,15
273,15
274,15
275,20
276,15
277,15
278,15
279,15
280,15
281,15
282,15
283,15
284,15
285,4
286,15
287,15
288,15
289,15
290,15
291,8
292,8
293,8
294,8
295,8
296,8
297,8
298,8
299,8
300,8
301,8
302,8
303,8
304,8
305,8
306,8
307,8
308,8
309,8
310,8
311,8
312,8
313,8
314,8
315,8
316,8
317,8
318,8
319,8
320,8
321,8
322,8
323,8
324,0
325,8
326,8
327,8
328,19
329,8
330,8
331,8
332,8
333,8
334,8
335,8
336,8
337,8
338,5
339,5
340,5
341,5
342,5
343,5
344,5
345,5
346,5
347,5
348,5
349,4
350,5
351,5
352,5
353,5
354,5
355,5
356,5
357,5
358,5
359,5
360,5
361,5
362,5
363,5
364,5
365,5
366,5
367,7
368,5
369,5
370,5
371,5
372,5
373,5
374,5
375,5
376,5
377,5
378,5
379,4
380,4
381,5
382,7
383,5
384,5
385,5
386,5
387,5
388,5
389,5
390,5
391,5
392,4
393,5
394,8
395,8
396,15
397,15
398,5
399,8
400,8
401,8
402,8
403,8
404,15
405,8
406,15
407,15
408,15
409,15
410,15
411,15
412,15
413,15
414,15
415,15
416,15
417,15
418,15
419,15
420,15
421,15
422,5
423,15
424,15
425,15
426,15
427,5
428,15
429,4
430,22
431,15
432,15
433,15
434,15
435,5
436,15
437,15
438,15
439,15
440,4
441,4
442,4
443,4
444,4
445,5
446,4
447,15
448,5
449,4
450,15
451,4
452,15
453,15
454,15
455,4
456,22
457,0
458,5
459,15
460,15
461,15
462,15
463,5
464,22
465,5
466,20
467,15
468,5
469,5
470,5
471,5
472,5
473,5
474,5
475,5
476,5
477,5
478,5
479,5
480,8
481,0
482,8
483,0
484,0
485,0
486,8
487,19
488,19
489,22
490,15
491,4
492,22
493,15
494,5
495,5
496,5
497,15
498,15
499,1
500,15
501,15
502,15
503,7
504,15
505,15
506,4
507,4
508,22
509,4
510,4
511,4
512,4
513,4
514,4
515,15
516,15
517,4
518,4
519,15
520,22
521,22
522,22
523,15
524,15
525,7
526,15
527,15
528,15
529,15
530,15
531,15
532,15
533,15
534,15
535,15
536,15
537,5
538,4
539,15
540,15
541,15
542,15
543,15
544,8
545,15
546,8
547,15
548,15
549,15
550,15
551,15
552,15
553,15
554,15
555,15
556,15
557,4
558,15
559,15
560,19
561,5
562,5
563,5
564,5
565,5
566,5
567,5
568,5
569,0
570,0
571,0
572,19
573,5
574,8
575,5
576,5
577,5
578,5
579,5
580,15
581,15
582,15
583,15
584,15
585,15
586,15
587,15
588,15
589,20
590,5
591,15
592,15
593,15
594,15
595,4
596,4
597,4
598,4
599,5
600,4
601,15
602,4
603,4
604,4
605,4
606,4
607,4
608,22
609,4
610,4
611,4
612,4
613,4
614,4
615,4
616,4
617,4
618,4
619,4
620,4
621,20
622,4
623,4
624,4
625,4
626,4
627,4
628,4
629,4
630,4
631,4
632,4
633,4
634,4
635,4
636,4
637,4
638,22
639,22
640,22
641,4
642,4
643,4
644,5
645,5
646,4
647,4
648,5
649,5
650,4
651,4
652,4
653,22
654,4
655,15
656,4
657,15
658,15
659,15
660,15
661,15
662,22
663,4
664,4
665,4
666,4
667,5
668,4
669,4
670,4
671,4
672,4
673,4
674,4
675,22
676,4
677,4
678,22
679,23
680,24
681,24
682,15
683,15
684,19
685,15
686,11
687,15
688,8
689,15
690,15
691,15
692,4
693,15
694,15
695,15
696,5
697,15
698,15
699,20
700,5
701,15
702,15
703,15
704,15
705,15
706,15
707,22
708,15
709,15
710,15
711,15
712,15
713,22
714,15
715,15
716,15
717,0
718,15
719,4
720,15
721,22
722,4
723,4
724,15
725,22
726,15
727,15
728,15
729,15
730,2
731,15
732,4
733,15
734,4
735,22
736,4
737,22
738,22
739,22
740,22
741,22
742,22
743,15
744,15
745,8
746,5
747,8
748,15
749,5
750,5
751,8
752,15
753,15
754,8
755,5
756,15
757,11
758,15
759,11
760,8
761,8
762,19
763,8
764,8
765,8
766,11
767,11
768,8
769,8
770,8
771,8
772,8
773,8
774,8
775,0
776,8
777,8
778,8
779,8
780,0
781,8
782,8
783,8
784,5
785,5
786,5
787,23
788,5
789,5
790,5
791,5
792,5
793,5
794,5
795,5
796,5
797,19
798,5
799,5
800,5
801,5
802,5
803,5
804,5
805,5
806,5
807,5
808,5
809,8
810,8
811,8
812,8
813,8
814,8
815,15
816,15
817,11
818,8
819,11
820,8
821,8
822,5
823,15
824,8
825,15
826,15
827,15
828,15
829,15
830,15
831,8
832,11
833,8
834,8
835,8
836,5
837,8
838,11
839,5
840,15
841,7
842,15
843,15
844,20
845,15
846,15
847,15
848,15
849,20
850,15
851,15
852,15
853,15
854,5
855,15
856,15
857,15
858,15
859,15
860,7
861,7
862,7
863,7
864,7
865,7
866,7
867,7
868,7
869,7
870,7
871,20
872,15
873,15
874,15
875,15
876,20
877,20
878,15
879,15
880,5
881,15
882,15
883,15
884,5
885,15
886,15
887,15
888,15
889,22
890,15
891,15
892,4
893,22
894,5
895,22
896,22
897,15
898,22
899,15
900,15
901,15
902,4
903,15
904,20
905,5
906,5
907,5
908,5
909,5
910,5
911,5
912,15
913,5
914,15
915,15
916,15
917,7
918,5
919,5
920,5
921,5
922,5
923,5
924,19
925,5
926,5
927,19
928,5
929,5
930,5
931,5
932,5
933,5
934,5
935,5
936,5
937,19
938,5
939,5
940,0
941,5
942,5
943,5
944,5
945,5
946,5
947,5
948,5
949,5
950,5
951,5
952,5
953,5
954,8
955,5
956,5
957,5
958,5
959,19
960,5
961,5
962,5
963,5
964,23
965,5
966,5
967,5
968,5
969,5
970,20
971,19
972,19
973,5
974,15
975,7
976,5
977,19
978,19
979,5
980,5
981,20
982,19
983,20
984,15
985,5
986,5
987,15
988,22
989,11
990,19
991,5
992,19
993,19
994,22
995,15
996,15
997,15
998,15
999,15
1000,15
1001,0
1002,15
1003,15
1004,15
1005,15
1006,15
1007,5
1008,15
1009,15
1010,22
1011,13
1012,5
1013,19
1014,5
1015,7
1016,15
1017,5
1018,5
1019,5
1020,5
1021,5
1022,5
1023,5
1024,5
1025,5
1026,5
1027,5
1028,5
1029,5
1030,5
1031,5
1032,5
1033,5
1034,5
1035,5
1036,5
1037,5
1038,19
1039,5
1040,5
1041,5
1042,5
1043,5
1044,5
1045,5
1046,5
1047,5
1048,9
1049,5
1050,5
1051,19
1052,5
1053,23
1054,23
1055,23
1056,23
1057,21
1058,23
1059,23
1060,23
1061,23
1062,23
1063,23
1064,23
1065,23
1066,23
1067,23
1068,23
1069,23
1070,23
1071,23
1072,23
1073,23
1074,19
1075,8
1076,23
1077,23
1078,21
1079,8
1080,8
1081,0
1082,23
1083,8
1084,13
1085,23
1086,23
1087,23
1088,19
1089,1
1090,23
1091,23
1092,23
1093,23
1094,23
1095,23
1096,23
1097,23
1098,23
1099,23
1100,23
1101,23
1102,23
1103,23
1104,23
1105,23
1106,1
1107,23
1108,21
1109,19
1110,23
1111,5
1112,8
1113,8
1114,23
1115,23
1116,23
1117,23
1118,23
1119,23
1120,23
1121,23
1122,23
1123,23
1124,23
1125,23
1126,23
1127,23
1128,19
1129,19
1130,23
1131,23
1132,23
1133,23
1134,23
1135,23
1136,23
1137,23
1138,23
1139,23
1140,23
1141,23
1142,23
1143,23
1144,23
1145,23
1146,23
1147,23
1148,23
1149,23
1150,23
1151,23
1152,23
1153,23
1154,19
1155,5
1156,23
1157,23
1158,23
1159,23
1160,23
1161,23
1162,23
1163,23
1164,23
1165,23
1166,23
1167,23
1168,23
1169,23
1170,23
1171,23
1172,23
1173,8
1174,19
1175,23
1176,23
1177,5
1178,19
1179,23
1180,8
1181,23
1182,23
1183,23
1184,23
1185,23
1186,23
1187,23
1188,23
1189,23
1190,23
1191,23
1192,23
1193,23
1194,23
1195,23
1196,23
1197,19
1198,23
1199,23
1200,0
1201,5
1202,5
1203,5
1204,5
1205,5
1206,19
1207,5
1208,5
1209,5
1210,5
1211,5
1212,0
1213,5
1214,5
1215,5
1216,5
1217,5
1218,5
1219,5
1220,5
1221,5
1222,5
1223,5
1224,5
1225,5
1226,5
1227,5
1228,5
1229,5
1230,5
1231,5
1232,19
1233,5
1234,5
1235,5
1236,5
1237,5
1238,5
1239,5
1240,19
1241,5
1242,5
1243,5
1244,5
1245,5
1246,5
1247,5
1248,5
1249,5
1250,5
1251,5
1252,5
1253,5
1254,11
1255,5
1256,5
1257,11
1258,5
1259,5
1260,5
1261,5
1262,5
1263,19
1264,19
1265,5
1266,19
1267,19
1268,5
1269,5
1270,5
1271,5
1272,5
1273,5
1274,5
1275,5
1276,5
1277,19
1278,5
1279,5
1280,5
1281,5
1282,5
1283,5
1284,5
1285,5
1286,5
1287,5
1288,5
1289,5
1290,5
1291,5
1292,5
1293,5
1294,5
1295,5
1296,5
1297,5
1298,5
1299,5
1300,5
1301,5
1302,5
1303,5
1304,5
1305,5
1306,5
1307,19
1308,5
1309,5
1310,5
1311,5
1312,5
1313,5
1314,5
1315,5
1316,5
1317,5
1318,5
1319,5
1320,5
1321,5
1322,5
1323,9
1324,5
1325,5
1326,5
1327,7
1328,19
1329,19
1330,5
1331,12
1332,5
1333,5
1334,20
1335,19
1336,5
1337,5
1338,5
1339,5
1340,5
1341,9
1342,5
1343,21
1344,5
1345,5
1346,5
1347,9
1348,5
1349,5
1350,5
1351,5
1352,19
1353,5
1354,5
1355,7
1356,7
1357,5
1358,5
1359,19
1360,5
1361,5
1362,5
1363,5
1364,15
1365,15
1366,19
1367,15
1368,5
1369,5
1370,5
1371,5
1372,5
1373,5
1374,15
1375,5
1376,5
1377,5
1378,5
1379,5
1380,5
1381,5
1382,5
1383,5
1384,5
1385,5
1386,5
1387,5
1388,5
1389,5
1390,5
1391,5
1392,5
1393,5
1394,5
1395,5
1396,5
1397,5
1398,5
1399,5
1400,5
1401,5
1402,5
1403,5
1404,5
1405,5
1406,5
1407,5
1408,5
1409,5
1410,5
1411,5
1412,5
1413,5
1414,5
1415,5
1416,7
1417,5
1418,5
1419,5
1420,5
1421,5
1422,5
1423,5
1424,5
1425,5
1426,5
1427,5
1428,5
1429,5
1430,7
1431,7
1432,5
1433,5
1434,5
1435,5
1436,5
1437,5
1438,5
1439,5
1440,5
1441,5
1442,5
1443,5
1444,5
1445,5
1446,5
1447,5
1448,5
1449,5
1450,5
1451,5
1452,5
1453,5
1454,5
1455,5
1456,5
1457,5
1458,5
1459,5
1460,5
1461,5
1462,5
1463,5
1464,5
1465,5
1466,5
1467,5
1468,5
1469,5
1470,5
1471,5
1472,5
1473,5
1474,5
1475,5
1476,5
1477,19
1478,19
1479,19
1480,19
1481,19
1482,5
1483,19
1484,19
1485,19
1486,0
1487,5
1488,19
1489,19
1490,19
1491,19
1492,0
1493,19
1494,19
1495,19
1496,19
1497,19
1498,5
1499,19
1500,19
1501,19
1502,8
1503,0
1504,19
1505,19
1506,19
1507,19
1508,19
1509,19
1510,19
1511,19
1512,19
1513,19
1514,19
1515,19
1516,19
1517,19
1518,19
1519,0
1520,19
1521,5
1522,5
1523,19
1524,19
1525,19
1526,19
1527,8
1528,19
1529,19
1530,19
1531,19
1532,19
1533,19
1534,19
1535,19
1536,19
1537,19
1538,1
1539,5
1540,19
1541,19
1542,19
1543,19
1544,5
1545,0
1546,7
1547,19
1548,19
1549,19
1550,19
1551,19
1552,19
1553,5
1554,19
1555,19
1556,19
1557,19
1558,19
1559,19
1560,5
1561,19
1562,5
1563,19
1564,19
1565,19
1566,16
1567,19
1568,19
1569,2
1570,19
1571,19
1572,19
1573,19
1574,0
1575,0
1576,0
1577,19
1578,0
1579,19
1580,19
1581,19
1582,0
1583,19
1584,19
1585,19
1586,0
1587,5
1588,19
1589,19
1590,19
1591,5
1592,1
1593,1
1594,19
1595,19
1596,19
1597,19
1598,19
1599,19
1600,19
1601,19
1602,5
1603,19
1604,5
1605,8
1606,19
1607,5
1608,19
1609,5
1610,19
1611,19
1612,19
1613,19
1614,5
1615,19
1616,5
1617,5
1618,5
1619,5
1620,5
1621,5
1622,5
1623,5
1624,5
1625,5
1626,5
1627,5
1628,5
1629,5
1630,8
1631,8
1632,5
1633,5
1634,5
1635,5
1636,5
1637,5
1638,5
1639,5
1640,5
1641,5
1642,5
1643,5
1644,5
1645,4
1646,5
1647,8
1648,5
1649,5
1650,5
1651,5
1652,8
1653,5
1654,5
1655,5
1656,5
1657,8
1658,5
1659,5
1660,8
1661,5
1662,5
1663,5
1664,5
1665,5
1666,5
1667,5
1668,5
1669,5
1670,5
1671,5
1672,5
1673,5
1674,5
1675,5
1676,5
1677,5
1678,5
1679,5
1680,5
1681,5
1682,5
1683,5
1684,5
1685,5
1686,5
1687,5
1688,5
1689,5
1690,5
1691,7
1692,19
1693,5
1694,5
1695,5
1696,5
1697,5
1698,5
1699,5
1700,5
1701,4
1702,5
1703,5
1704,5
1705,5
1706,5
1707,5
1708,5
1709,5
1710,5
1711,5
1712,7
1713,7
1714,7
1715,5
1716,5
1717,5
1718,5
1719,5
1720,5
1721,5
1722,5
1723,5
1724,4
1725,5
1726,7
1727,4
1728,5
1729,20
1730,0
1731,5
1732,7
1733,4
1734,5
1735,5
1736,15
1737,7
1738,5
1739,5
1740,5
1741,7
1742,7
1743,4
1744,5
1745,5
1746,11
1747,4
1748,7
1749,5
1750,5
1751,5
1752,5
1753,5
1754,5
1755,5
1756,0
1757,7
1758,5
1759,5
1760,5
1761,5
1762,5
1763,5
1764,5
1765,5
1766,5
1767,9
1768,5
1769,5
1770,5
1771,5
1772,5
1773,5
1774,5
1775,19
1776,0
1777,0
1778,0
1779,19
1780,5
1781,5
1782,5
1783,5
1784,19
1785,5
1786,7
1787,5
1788,5
1789,5
1790,8
1791,5
1792,5
1793,5
1794,5
1795,5
1796,5
1797,5
1798,5
1799,5
1800,5
1801,5
1802,0
1803,19
1804,19
1805,19
1806,19
1807,0
1808,0
1809,19
1810,19
1811,19
1812,1
1813,19
1814,5
1815,15
1816,5
1817,5
1818,5
1819,5
1820,0
1821,0
1822,5
1823,5
1824,5
1825,0
1826,5
1827,5
1828,19
1829,5
1830,0
1831,5
1832,7
1833,0
1834,5
1835,5
1836,5
1837,0
1838,0
1839,5
1840,19
1841,19
1842,19
1843,19
1844,19
1845,5
1846,5
1847,7
1848,19
1849,5
1850,5
1851,5
1852,0
1853,5
1854,19
1855,19
1856,5
1857,8
1858,15
1859,5
1860,5
1861,18
1862,5
1863,18
1864,5
1865,5
1866,5
1867,5
1868,5
1869,5
1870,5
1871,5
1872,5
1873,5
1874,5
1875,5
1876,5
1877,5
1878,5
1879,5
1880,0
1881,5
1882,5
1883,5
1884,5
1885,5
1886,5
1887,5
1888,5
1889,5
1890,11
1891,5
1892,5
1893,5
1894,5
1895,19
1896,5
1897,19
1898,5
1899,5
1900,5
1901,5
1902,19
1903,19
1904,5
1905,19
1906,22
1907,5
1908,19
1909,5
1910,5
1911,5
1912,5
1913,5
1914,19
1915,5
1916,5
1917,5
1918,5
1919,5
1920,5
1921,5
1922,5
1923,5
1924,1
1925,5
1926,5
1927,5
1928,5
1929,5
1930,5
1931,5
1932,5
1933,5
1934,5
1935,5
1936,5
1937,5
1938,5
1939,5
1940,5
1941,5
1942,5
1943,5
1944,5
1945,5
1946,5
1947,5
1948,5
1949,5
1950,5
1951,5
1952,5
1953,5
1954,22
1955,5
1956,5
1957,18
1958,5
1959,5
1960,22
1961,5
1962,18
1963,18
1964,18
1965,11
1966,11
1967,11
1968,11
1969,5
1970,22
1971,18
1972,19
1973,5
1974,5
1975,5
1976,5
1977,5
1978,22
1979,5
1980,5
1981,22
1982,16
1983,22
1984,22
1985,5
1986,7
1987,5
1988,5
1989,5
1990,5
1991,5
1992,5
1993,5
1994,5
1995,5
1996,5
1997,5
1998,5
1999,5
2000,5
2001,19
2002,19
2003,5
2004,5
2005,5
2006,5
2007,5
2008,19
2009,19
2010,5
2011,5
2012,5
2013,5
2014,5
2015,5
2016,0
2017,0
2018,18
2019,5
2020,18
2021,22
2022,5
2023,5
2024,22
2025,8
2026,5
2027,5
2028,5
2029,5
2030,5
2031,5
2032,5
2033,7
2034,5
2035,5
2036,5
2037,5
2038,5
2039,5
2040,23
2041,5
2042,5
2043,7
2044,7
2045,7
2046,7
2047,0
2048,18
2049,5
2050,5
2051,5
2052,5
2053,5
2054,5
2055,19
2056,8
2057,1
2058,19
2059,19
2060,19
2061,0
2062,19
2063,8
2064,5
2065,5
2066,1
2067,1
2068,1
2069,19
2070,0
2071,1
2072,0
2073,0
2074,19
2075,0
2076,0
2077,0
2078,0
2079,0
2080,19
2081,0
2082,5
2083,0
2084,19
2085,19
2086,1
2087,19
2088,0
2089,19
2090,19
2091,0
2092,19
2093,5
2094,5
2095,19
2096,19
2097,19
2098,19
2099,19
2100,19
2101,19
2102,19
2103,19
2104,19
2105,19
2106,19
2107,19
2108,19
2109,19
2110,19
2111,19
2112,19
2113,19
2114,19
2115,19
2116,19
2117,19
2118,19
2119,19
2120,19
2121,19
2122,19
2123,19
2124,19
2125,19
2126,19
2127,19
2128,19
2129,19
2130,21
2131,19
2132,19
2133,19
2134,19
2135,19
2136,19
2137,1
2138,19
2139,19
2140,0
2141,19
2142,19
2143,19
2144,19
2145,19
2146,19
2147,19
2148,19
2149,19
2150,19
2151,19
2152,19
2153,19
2154,19
2155,19
2156,19
2157,21
2158,19
2159,19
2160,19
2161,19
2162,19
2163,21
2164,21
2165,19
2166,21
2167,21
2168,23
2169,19
2170,19
2171,19
2172,0
2173,19
2174,19
2175,19
2176,19
2177,19
2178,19
2179,21
2180,9
2181,19
2182,19
2183,21
2184,19
2185,19
2186,19
2187,19
2188,19
2189,19
2190,19
2191,5
2192,5
2193,5
2194,5
2195,5
2196,5
2197,5
2198,5
2199,5
2200,5
2201,5
2202,5
2203,5
2204,5
2205,5
2206,5
2207,5
2208,5
2209,5
2210,5
2211,5
2212,5
2213,5
2214,5
2215,5
2216,5
2217,5
2218,5
2219,5
2220,5
2221,5
2222,5
2223,5
2224,5
2225,5
2226,5
2227,22
2228,22
2229,5
2230,5
2231,22
2232,5
2233,5
2234,5
2235,5
2236,5
2237,5
2238,5
2239,22
2240,22
2241,22
2242,22
2243,5
2244,22
2245,22
2246,22
2247,22
2248,5
2249,22
2250,22
2251,22
2252,18
2253,22
2254,22
2255,22
2256,22
2257,22
2258,22
2259,22
2260,16
2261,22
2262,22
2263,22
2264,16
2265,22
2266,22
2267,22
2268,16
2269,22
2270,22
2271,22
2272,5
2273,5
2274,5
2275,5
2276,5
2277,5
2278,5
2279,5
2280,5
2281,5
2282,5
2283,5
2284,5
2285,19
2286,5
2287,5
2288,5
2289,5
2290,5
2291,5
2292,5
2293,5
2294,5
2295,5
2296,5
2297,5
2298,5
2299,5
2300,5
2301,5
2302,5
2303,5
2304,5
2305,7
2306,5
2307,5
2308,5
2309,5
2310,5
2311,5
2312,5
2313,5
2314,5
2315,5
2316,7
2317,5
2318,5
2319,5
2320,5
2321,5
2322,20
2323,4
2324,19
2325,19
2326,19
2327,19
2328,19
2329,19
2330,19
2331,19
2332,19
2333,19
2334,19
2335,19
2336,19
2337,21
2338,19
2339,5
2340,19
2341,19
2342,19
2343,19
2344,19
2345,19
2346,19
2347,19
2348,19
2349,19
2350,19
2351,21
2352,19
2353,19
2354,19
2355,19
2356,19
2357,21
2358,19
2359,21
2360,19
2361,19
2362,19
2363,21
2364,19
2365,19
2366,19
2367,19
2368,19
2369,19
2370,19
2371,19
2372,19
2373,19
2374,19
2375,19
2376,19
2377,19
2378,0
2379,19
2380,19
2381,19
2382,19
2383,19
2384,19
2385,19
2386,19
2387,19
2388,19
2389,19
2390,19
2391,19
2392,19
2393,19
2394,19
2395,19
2396,5
2397,19
2398,19
2399,5
2400,19
2401,19
2402,19
2403,19
2404,19
2405,19
2406,19
2407,19
2408,19
2409,19
2410,5
2411,19
2412,5
2413,19
2414,19
2415,19
2416,19
2417,19
2418,19
2419,19
2420,19
2421,5
2422,19
2423,0
2424,19
2425,19
2426,23
2427,19
2428,19
2429,19
2430,19
2431,19
2432,19
2433,8
2434,19
2435,19
2436,21
2437,19
2438,19
2439,19
2440,19
2441,19
2442,19
2443,19
2444,19
2445,19
2446,19
2447,19
2448,19
2449,19
2450,19
2451,19
2452,19
2453,19
2454,19
2455,19
2456,19
2457,19
2458,19
2459,19
2460,19
2461,19
2462,19
2463,19
2464,19
2465,19
2466,19
2467,19
2468,19
2469,19
2470,19
2471,19
2472,19
2473,15
2474,19
2475,19
2476,19
2477,19
2478,19
2479,19
2480,1
2481,19
2482,19
2483,1
2484,21
2485,21
2486,19
2487,19
2488,19
2489,21
2490,21
2491,21
2492,19
2493,19
2494,19
2495,19
2496,19
2497,19
2498,19
2499,19
2500,19
2501,19
2502,19
2503,19
2504,5
2505,9
2506,19
2507,0
2508,19
2509,19
2510,19
2511,19
2512,19
2513,19
2514,19
2515,19
2516,19
2517,19
2518,19
2519,21
2520,19
2521,19
2522,19
2523,19
2524,19
2525,19
2526,19
2527,18
2528,16
2529,18
2530,18
2531,5
2532,4
2533,18
2534,22
2535,5
2536,5
2537,5
2538,5
2539,5
2540,5
2541,5
2542,5
2543,5
2544,5
2545,5
2546,5
2547,5
2548,5
2549,5
2550,5
2551,5
2552,5
2553,5
2554,5
2555,5
2556,5
2557,7
2558,5
2559,4
2560,5
2561,15
2562,5
2563,5
2564,5
2565,5
2566,7
2567,5
2568,5
2569,5
2570,5
2571,7
2572,5
2573,5
2574,4
2575,7
2576,5
2577,7
2578,5
2579,5
2580,4
2581,5
2582,5
2583,5
2584,5
2585,5
2586,5
2587,5
2588,5
2589,19
2590,8
2591,19
2592,19
2593,19
2594,19
2595,19
2596,19
2597,19
2598,19
2599,0
2600,19
2601,19
2602,0
2603,19
2604,19
2605,19
2606,19
2607,19
2608,19
2609,19
2610,8
2611,19
2612,19
2613,23
2614,19
2615,19
2616,19
2617,1
2618,19
2619,19
2620,19
2621,19
2622,19
2623,19
2624,19
2625,19
2626,19
2627,1
2628,19
2629,1
2630,0
2631,19
2632,19
2633,19
2634,19
2635,19
2636,19
2637,19
2638,19
2639,19
2640,19
2641,19
2642,19
2643,19
2644,19
2645,18
2646,19
2647,19
2648,19
2649,19
2650,19
2651,19
2652,19
2653,19
2654,19
2655,8
2656,19
2657,19
2658,19
2659,19
2660,19
2661,19
2662,19
2663,19
2664,19
2665,19
2666,19
2667,19
2668,19
2669,19
2670,19
2671,19
2672,19
2673,19
2674,19
2675,0
2676,19
2677,19
2678,19
2679,19
2680,19
2681,19
2682,1
2683,19
2684,19
2685,8
2686,19
2687,19
2688,19
2689,19
2690,19
2691,19
2692,19
2693,19
2694,0
2695,19
2696,8
2697,19
2698,19
2699,19
2700,0
2701,19
2702,19
2703,19
2704,19
2705,19
2706,0
2707,19
2708,21
2709,19
2710,21
2711,19
2712,19
2713,19
2714,19
2715,19
2716,19
2717,19
2718,19
2719,19
2720,19
2721,19
2722,19
2723,19
2724,19
2725,19
2726,19
2727,19
2728,19
2729,19
2730,23
2731,19
2732,19
2733,19
2734,19
2735,19
2736,19
2737,19
2738,19
2739,19
2740,19
2741,19
2742,19
2743,23
2744,19
2745,19
2746,19
2747,19
2748,19
2749,19
2750,19
2751,0
2752,19
2753,19
2754,19
2755,19
2756,19
2757,19
2758,19
2759,19
2760,19
2761,19
2762,19
2763,19
2764,19
2765,19
2766,0
2767,0
2768,0
2769,19
2770,19
2771,19
2772,19
2773,19
2774,0
2775,19
2776,19
2777,19
2778,19
2779,0
2780,5
2781,0
2782,0
2783,5
2784,22
2785,5
2786,5
2787,18
2788,0
2789,5
2790,1
2791,11
2792,11
2793,11
2794,11
2795,11
2796,11
2797,18
2798,11
2799,11
2800,18
2801,18
2802,18
2803,5
2804,18
2805,5
2806,8
2807,5
2808,18
2809,22
2810,16
2811,5
2812,5
2813,8
2814,5
2815,7
2816,5
2817,5
2818,5
2819,1
2820,5
2821,5
2822,5
2823,5
2824,5
2825,5
2826,5
2827,5
2828,5
2829,5
2830,5
2831,5
2832,8
2833,19
2834,19
2835,19
2836,19
2837,5
2838,5
2839,5
2840,7
2841,19
2842,11
2843,5
2844,5
2845,7
2846,5
2847,22
2848,22
2849,22
2850,22
2851,5
2852,5
2853,5
2854,5
2855,5
2856,5
2857,5
2858,22
2859,5
2860,22
2861,11
2862,11
2863,22
2864,22
2865,22
2866,22
2867,22
2868,5
2869,11
2870,22
2871,7
2872,5
2873,22
2874,16
2875,8
2876,22
2877,0
2878,5
2879,5
2880,4
2881,4
2882,5
2883,5
2884,5
2885,5
2886,4
2887,5
2888,5
2889,5
2890,5
2891,5
2892,4
2893,5
2894,5
2895,5
2896,18
2897,18
2898,22
2899,18
2900,5
2901,5
2902,5
2903,22
2904,5
2905,15
2906,5
2907,5
2908,22
2909,22
2910,4
2911,11
2912,5
2913,7
2914,5
2915,15
2916,20
2917,5
2918,5
2919,15
2920,5
2921,15
2922,15
2923,11
2924,15
2925,5
2926,11
2927,5
2928,5
2929,5
2930,11
2931,0
2932,5
2933,5
2934,5
2935,0
2936,18
2937,5
2938,23
2939,23
2940,23
2941,23
2942,23
2943,23
2944,23
2945,23
2946,19
2947,23
2948,23
2949,23
2950,23
2951,23
2952,23
2953,23
2954,23
2955,23
2956,21
2957,23
2958,23
2959,23
2960,23
2961,23
2962,23
2963,23
2964,23
2965,23
2966,23
2967,23
2968,23
2969,23
2970,23
2971,23
2972,23
2973,23
2974,23
2975,23
2976,23
2977,23
2978,23
2979,23
2980,23
2981,23
2982,23
2983,23
2984,23
2985,23
2986,23
2987,23
2988,23
2989,23
2990,23
2991,23
2992,23
2993,23
2994,23
2995,23
2996,23
2997,23
2998,23
2999,23
3000,23
3001,23
3002,23
3003,23
3004,23
3005,23
3006,23
3007,23
3008,23
3009,23
3010,23
3011,23
3012,23
3013,23
3014,23
3015,23
3016,23
3017,23
3018,23
3019,23
3020,23
3021,23
3022,23
3023,23
3024,23
3025,23
3026,23
3027,23
3028,23
3029,23
3030,23
3031,23
3032,23
3033,23
3034,23
3035,23
3036,23
3037,23
3038,23
3039,23
3040,7
3041,7
3042,7
3043,7
3044,7
3045,7
3046,7
3047,7
3048,7
3049,7
3050,7
3051,7
3052,7
3053,7
3054,7
3055,7
3056,7
3057,7
3058,7
3059,7
3060,7
3061,7
3062,7
3063,7
3064,7
3065,7
3066,7
3067,7
3068,7
3069,7
3070,15
3071,7
3072,7
3073,22
3074,5
3075,5
3076,8
3077,8
3078,8
3079,5
3080,5
3081,5
3082,5
3083,5
3084,5
3085,5
3086,5
3087,5
3088,5
3089,22
3090,19
3091,5
3092,5
3093,5
3094,5
3095,5
3096,0
3097,19
3098,19
3099,1
3100,7
3101,5
3102,5
3103,1
3104,23
3105,23
3106,23
3107,23
3108,23
3109,8
3110,23
3111,23
3112,18
3113,18
3114,7
3115,5
3116,5
3117,19
3118,18
3119,19
3120,11
3121,7
3122,7
3123,7
3124,5
3125,7
3126,11
3127,7
3128,7
3129,7
3130,11
3131,0
3132,0
3133,0
3134,22
3135,0
3136,0
3137,0
3138,7
3139,8
3140,23
3141,11
3142,11
3143,8
3144,11
3145,5
3146,18
3147,22
3148,18
3149,18
3150,18
3151,18
3152,18
3153,18
3154,18
3155,18
3156,18
3157,18
3158,18
3159,18
3160,18
3161,18
3162,18
3163,22
3164,7
3165,18
3166,8
3167,19
3168,8
3169,1
3170,16
3171,18
3172,5
3173,5
3174,22
3175,5
3176,22
3177,22
3178,5
3179,5
3180,5
3181,5
3182,5
3183,3
3184,5
3185,5
3186,5
3187,5
3188,5
3189,1
3190,5
3191,5
3192,5
3193,5
3194,5
3195,5
3196,7
3197,7
3198,5
3199,8
3200,8
3201,15
3202,8
3203,19
3204,22
3205,11
3206,19
3207,1
3208,1
3209,1
3210,19
3211,0
3212,0
3213,19
3214,19
3215,19
3216,21
3217,19
3218,5
3219,0
3220,19
3221,0
3222,0
3223,19
3224,0
3225,0
3226,21
3227,21
3228,23
3229,0
3230,0
3231,0
3232,19
3233,8
3234,8
3235,8
3236,8
3237,5
3238,8
3239,1
3240,1
3241,1
3242,1
3243,1
3244,0
3245,0
3246,1
3247,1
3248,1
3249,1
3250,1
3251,1
3252,1
3253,1
3254,1
3255,1
3256,1
3257,1
3258,1
3259,1
3260,1
3261,1
3262,13
3263,1
3264,1
3265,1
3266,1
3267,1
3268,1
3269,1
3270,1
3271,1
3272,16
3273,19
3274,19
3275,21
3276,19
3277,19
3278,21
3279,19
3280,0
3281,0
3282,0
3283,8
3284,18
3285,18
3286,8
3287,0
3288,18
3289,0
3290,0
3291,22
3292,0
3293,0
3294,0
3295,0
3296,0
3297,0
3298,0
3299,0
3300,7
3301,22
3302,0
3303,7
3304,0
3305,0
3306,0
3307,0
3308,0
3309,0
3310,0
3311,0
3312,0
3313,0
3314,1
3315,1
3316,5
3317,5
3318,8
3319,8
3320,2
3321,8
3322,8
3323,8
3324,21
3325,21
3326,0
3327,0
3328,0
3329,0
3330,0
3331,0
3332,0
3333,0
3334,0
3335,8
3336,8
3337,8
3338,8
3339,8
3340,8
3341,8
3342,21
3343,8
3344,8
3345,19
3346,0
3347,19
3348,0
3349,19
3350,0
3351,19
3352,5
3353,5
3354,0
3355,19
3356,0
3357,0
3358,0
3359,0
3360,0
3361,0
3362,0
3363,0
3364,0
3365,0
3366,0
3367,0
3368,0
3369,0
3370,0
3371,0
3372,0
3373,0
3374,0
3375,0
3376,0
3377,0
3378,0
3379,0
3380,0
3381,0
3382,0
3383,0
3384,0
3385,0
3386,0
3387,0
3388,0
3389,0
3390,0
3391,0
3392,0
3393,0
3394,0
3395,0
3396,0
3397,0
3398,0
3399,0
3400,21
3401,0
3402,0
3403,0
3404,0
3405,0
3406,0
3407,0
3408,0
3409,0
3410,21
3411,19
3412,19
3413,23
3414,21
3415,19
3416,1
3417,0
3418,8
3419,0
3420,0
3421,0
3422,0
3423,0
3424,0
3425,0
3426,2
3427,0
3428,8
3429,0
3430,2
3431,0
3432,0
3433,0
3434,8
3435,0
3436,0
3437,0
3438,0
3439,19
3440,19
3441,19
3442,0
3443,23
3444,0
3445,0
3446,0
3447,5
3448,8
3449,0
3450,0
3451,8
3452,0
3453,8
3454,0
3455,21
3456,0
3457,0
3458,0
3459,0
3460,0
3461,0
3462,15
3463,0
3464,19
3465,1
3466,1
3467,23
3468,23
3469,21
3470,1
3471,1
3472,1
3473,21
3474,1
3475,19
3476,1
3477,1
3478,1
3479,1
3480,19
3481,1
3482,1
3483,1
3484,21
3485,23
3486,1
3487,1
3488,5
3489,0
3490,19
3491,9
3492,0
3493,16
3494,0
3495,0
3496,0
3497,0
3498,0
3499,0
3500,0
3501,0
3502,0
3503,0
3504,19
3505,0
3506,19
3507,8
3508,15
3509,19
3510,19
3511,5
3512,5
3513,21
3514,21
3515,23
3516,21
3517,21
3518,23
3519,23
3520,23
3521,23
3522,23
3523,23
3524,23
3525,23
3526,23
3527,23
3528,23
3529,23
3530,23
3531,23
3532,23
3533,23
3534,23
3535,23
3536,23
3537,23
3538,23
3539,23
3540,23
3541,23
3542,23
3543,23
3544,21
3545,21
3546,21
3547,23
3548,23
3549,23
3550,19
3551,21
3552,23
3553,23
3554,23
3555,23
3556,23
3557,8
3558,21
3559,23
3560,15
3561,23
3562,22
3563,23
3564,23
3565,23
3566,5
3567,22
3568,22
3569,22
3570,22
3571,22
3572,22
3573,22
3574,22
3575,22
3576,22
3577,22
3578,22
3579,15
3580,22
3581,22
3582,22
3583,22
3584,22
3585,21
3586,15
3587,5
3588,15
3589,15
3590,5
3591,5
3592,5
3593,5
3594,5
3595,20
3596,5
3597,5
3598,5
3599,5
3600,5
3601,5
3602,5
3603,5
3604,5
3605,23
3606,23
3607,23
3608,23
3609,23
3610,23
3611,21
3612,23
3613,23
3614,23
3615,2
3616,23
3617,23
3618,23
3619,23
3620,23
3621,5
3622,19
3623,15
3624,23
3625,19
3626,23
3627,23
3628,23
3629,23
3630,23
3631,23
3632,23
3633,23
3634,23
3635,23
3636,1
3637,23
3638,23
3639,23
3640,23
3641,19
3642,23
3643,23
3644,23
3645,23
3646,23
3647,23
3648,23
3649,23
3650,23
3651,23
3652,23
3653,23
3654,23
3655,23
3656,23
3657,23
3658,23
3659,23
3660,23
3661,19
3662,19
3663,19
3664,19
3665,19
3666,19
3667,19
3668,19
3669,8
3670,19
3671,19
3672,0
3673,19
3674,19
3675,19
3676,19
3677,19
3678,23
3679,23
3680,23
3681,23
3682,23
3683,0
3684,19
3685,5
3686,7
3687,7
3688,7
3689,7
3690,7
3691,7
3692,7
3693,7
3694,7
3695,7
3696,7
3697,7
3698,7
3699,7
3700,7
3701,7
3702,4
3703,7
3704,7
3705,7
3706,4
3707,7
3708,4
3709,8
3710,5
3711,0
3712,5
3713,5
3714,5
3715,15
3716,5
3717,5
3718,5
3719,15
3720,5
3721,15
3722,5
3723,5
3724,5
3725,5
3726,7
3727,5
3728,5
3729,0
3730,19
3731,19
3732,21
3733,19
3734,19
3735,19
3736,23
3737,19
3738,19
3739,19
3740,19
3741,19
3742,19
3743,7
3744,15
3745,7
3746,8
3747,5
3748,5
3749,5
3750,20
3751,5
3752,22
3753,5
3754,5
3755,5
3756,5
3757,5
3758,5
3759,5
3760,5
3761,5
3762,5
3763,5
3764,5
3765,5
3766,5
3767,5
3768,5
3769,5
3770,5
3771,5
3772,5
3773,0
3774,15
3775,5
3776,5
3777,0
3778,0
3779,0
3780,5
3781,19
3782,19
3783,19
3784,0
3785,0
3786,0
3787,16
3788,19
3789,5
3790,5
3791,5
3792,5
3793,16
3794,20
3795,1
3796,5
3797,5
3798,12
3799,5
3800,5
3801,5
3802,5
3803,5
3804,5
3805,5
3806,5
3807,5
3808,5
3809,21
3810,15
3811,5
3812,5
3813,5
3814,5
3815,5
3816,22
3817,22
3818,22
3819,22
3820,22
3821,0
3822,0
3823,0
3824,20
3825,18
3826,18
3827,22
3828,18
3829,5
3830,5
3831,5
3832,5
3833,5
3834,5
3835,7
3836,19
3837,8
3838,8
3839,23
3840,8
3841,18
3842,20
3843,15
3844,22
3845,11
3846,11
3847,18
3848,11
3849,11
3850,11
3851,22
3852,22
3853,22
3854,22
3855,22
3856,11
3857,18
3858,18
3859,22
3860,22
3861,22
3862,22
3863,22
3864,11
3865,22
3866,22
3867,18
3868,11
3869,11
3870,22
3871,22
3872,22
3873,22
3874,22
3875,22
3876,22
3877,22
3878,8
3879,8
3880,8
3881,8
3882,8
3883,8
3884,8
3885,8
3886,8
3887,8
3888,19
3889,8
3890,8
3891,8
3892,19
3893,8
3894,8
3895,19
3896,19
3897,8
3898,8
3899,18
3900,9
3901,8
3902,8
3903,18
3904,16
3905,8
3906,19
3907,18
3908,19
3909,19
3910,8
3911,8
3912,19
3913,8
3914,8
3915,18
3916,8
3917,16
3918,9
3919,19
3920,8
3921,8
3922,8
3923,18
3924,18
3925,19
3926,7
3927,19
3928,8
3929,16
3930,19
3931,19
3932,8
3933,19
3934,8
3935,8
3936,8
3937,8
3938,8
3939,8
3940,8
3941,15
3942,8
3943,8
3944,8
3945,15
3946,0
3947,8
3948,8
3949,8
3950,8
3951,8
3952,19
3953,8
3954,18
3955,8
3956,8
3957,8
3958,18
3959,8
3960,8
3961,8
3962,8
3963,8
3964,8
3965,8
3966,8
3967,8
3968,8
3969,8
3970,8
3971,8
3972,8
3973,8
3974,8
3975,8
3976,8
3977,8
3978,8
3979,19
3980,8
3981,19
3982,19
3983,18
3984,19
3985,23
3986,23
3987,19
3988,19
3989,23
3990,23
3991,19
3992,19
3993,19
3994,19
3995,19
3996,19
3997,19
3998,9
3999,16
4000,19
4001,16
4002,18
4003,18
4004,8
4005,9
4006,8
4007,16
4008,16
4009,18
4010,8
4011,19
4012,19
4013,19
4014,19
4015,8
4016,19
4017,19
4018,19
4019,19
4020,0
4021,19
4022,19
4023,19
4024,19
4025,19
4026,19
4027,21
4028,19
4029,0
4030,8
4031,8
4032,11
4033,11
4034,8
4035,8
4036,8
4037,8
4038,8
4039,8
4040,8
4041,8
4042,8
4043,8
4044,8
4045,8
4046,8
4047,8
4048,8
4049,8
4050,8
4051,8
4052,11
4053,8
4054,8
4055,8
4056,8
4057,8
4058,8
4059,8
4060,8
4061,8
4062,19
4063,19
4064,19
4065,19
4066,19
4067,19
4068,19
4069,23
4070,19
4071,19
4072,19
4073,19
4074,0
4075,19
4076,19
4077,19
4078,19
4079,19
4080,23
4081,19
4082,19
4083,19
4084,8
4085,19
4086,19
4087,8
4088,19
4089,19
4090,8
4091,8
4092,19
4093,18
4094,7
4095,19
4096,19
4097,19
4098,19
4099,18
4100,19
4101,19
4102,19
4103,8
4104,19
4105,19
4106,19
4107,19
4108,19
4109,19
4110,8
4111,8
4112,8
4113,8
4114,8
4115,8
4116,8
4117,8
4118,8
4119,8
4120,8
4121,8
4122,8
4123,8
4124,8
4125,8
4126,8
4127,11
4128,8
4129,8
4130,8
4131,18
4132,19
4133,8
4134,9
4135,8
4136,8
4137,8
4138,8
4139,18
4140,8
4141,8
4142,8
4143,8
4144,8
4145,8
4146,8
4147,8
4148,8
4149,19
4150,19
4151,19
4152,18
4153,18
4154,18
4155,8
4156,19
4157,19
4158,19
4159,19
4160,19
4161,18
4162,8
4163,18
4164,18
4165,11
4166,0
4167,19
4168,8
4169,18
4170,19
4171,18
4172,18
4173,19
4174,8
4175,8
4176,19
4177,19
4178,18
4179,0
4180,18
4181,18
4182,8
4183,18
4184,8
4185,9
4186,7
4187,8
4188,18
4189,18
4190,18
4191,8
4192,8
4193,8
4194,18
4195,18
4196,8
4197,8
4198,11
4199,8
4200,18
4201,8
4202,8
4203,7
4204,18
4205,16
4206,8
4207,8
4208,18
4209,8
4210,7
4211,19
4212,8
4213,18
4214,8
4215,16
4216,11
4217,18
4218,8
4219,18
4220,11
4221,11
4222,8
4223,11
4224,11
4225,19
4226,11
4227,18
4228,18
4229,18
4230,18
4231,18
4232,18
4233,18
4234,18
4235,18
4236,18
4237,19
4238,18
4239,18
4240,16
4241,16
4242,18
4243,7
4244,8
4245,19
4246,8
4247,18
4248,18
4249,16
4250,16
4251,16
4252,18
4253,16
4254,16
4255,18
4256,16
4257,0
4258,16
4259,16
4260,8
4261,9
4262,16
4263,8
4264,16
4265,16
4266,16
4267,16
4268,18
4269,16
4270,1
4271,8
4272,16
4273,9
4274,16
4275,18
4276,16
4277,7
4278,16
4279,16
4280,19
4281,16
4282,5
4283,18
4284,18
4285,18
4286,8
4287,18
4288,18
4289,18
4290,18
4291,8
4292,18
4293,8
4294,16
4295,18
4296,11
4297,11
4298,19
4299,15
4300,19
4301,19
4302,18
4303,18
4304,22
4305,18
4306,18
4307,16
4308,21
4309,7
4310,18
4311,18
4312,16
4313,18
4314,16
4315,8
4316,16
4317,16
4318,16
4319,7
4320,16
4321,18
4322,22
4323,16
4324,7
4325,18
4326,11
4327,7
4328,18
4329,18
4330,18
4331,16
4332,18
4333,18
4334,18
4335,18
4336,18
4337,18
4338,18
4339,18
4340,18
4341,18
4342,18
4343,7
4344,7
4345,19
4346,7
4347,19
4348,19
4349,8
4350,16
4351,16
4352,16
4353,16
4354,16
4355,16
4356,16
4357,16
4358,16
4359,16
4360,0
4361,19
4362,8
4363,8
4364,8
4365,19
4366,23
4367,8
4368,8
4369,8
4370,8
4371,8
4372,8
4373,0
4374,0
4375,8
4376,8
4377,19
4378,8
4379,8
4380,11
4381,8
4382,9
4383,8
4384,8
4385,8
4386,8
4387,8
4388,8
4389,8
4390,8
4391,19
4392,8
4393,8
4394,8
4395,1
4396,8
4397,0
4398,8
4399,8
4400,8
4401,8
4402,18
4403,18
4404,18
4405,18
4406,18
4407,8
4408,8
4409,8
4410,8
4411,8
4412,8
4413,8
4414,8
4415,8
4416,18
4417,18
4418,18
4419,18
4420,18
4421,18
4422,8
4423,18
4424,8
4425,8
4426,8
4427,8
4428,11
4429,8
4430,8
4431,11
4432,11
4433,8
4434,8
4435,8
4436,8
4437,8
4438,8
4439,8
4440,8
4441,8
4442,8
4443,8
4444,8
4445,8
4446,8
4447,8
4448,8
4449,8
4450,8
4451,8
4452,8
4453,8
4454,19
4455,8
4456,8
4457,8
4458,8
4459,8
4460,19
4461,11
4462,11
4463,8
4464,8
4465,8
4466,8
4467,8
4468,8
4469,8
4470,11
4471,11
4472,8
4473,8
4474,8
4475,11
4476,8
4477,8
4478,8
4479,8
4480,0
4481,0
4482,8
4483,8
4484,8
4485,7
4486,8
4487,19
4488,8
4489,8
4490,8
4491,8
4492,0
4493,0
4494,8
4495,0
4496,8
4497,8
4498,0
4499,11
4500,15
4501,8
4502,8
4503,8
4504,19
4505,8
4506,0
4507,19
4508,19
4509,19
4510,19
4511,22
4512,19
4513,19
4514,23
4515,23
4516,19
4517,19
4518,19
4519,23
4520,19
4521,19
4522,19
4523,23
4524,23
4525,23
4526,23
4527,23
4528,23
4529,23
4530,19
4531,19
4532,23
4533,23
4534,19
4535,23
4536,19
4537,19
4538,19
4539,19
4540,19
4541,19
4542,8
4543,0
4544,0
4545,0
4546,9
4547,4
4548,19
4549,0
4550,0
4551,0
4552,0
4553,7
4554,16
4555,7
4556,0
4557,0
4558,1
4559,16
4560,16
4561,16
4562,19
4563,16
4564,8
4565,19
4566,19
4567,22
4568,16
4569,0
4570,0
4571,16
4572,16
4573,16
4574,22
4575,22
4576,16
4577,7
4578,16
4579,16
4580,16
4581,16
4582,22
4583,7
4584,19
4585,19
4586,0
4587,22
4588,16
4589,16
4590,16
4591,22
4592,16
4593,22
4594,16
4595,16
4596,18
4597,22
4598,22
4599,16
4600,16
4601,22
4602,22
4603,16
4604,16
4605,16
4606,7
4607,16
4608,16
4609,22
4610,18
4611,22
4612,16
4613,22
4614,16
4615,22
4616,16
4617,16
4618,7
4619,16
4620,16
4621,16
4622,16
4623,16
4624,16
4625,18
4626,16
4627,16
4628,0
4629,0
4630,0
4631,0
4632,0
4633,0
4634,0
4635,18
4636,18
4637,0
4638,18
4639,18
4640,0
4641,18
4642,18
4643,18
4644,0
4645,1
4646,19
4647,18
4648,19
4649,0
4650,0
4651,18
4652,18
4653,18
4654,18
4655,11
4656,18
4657,18
4658,0
4659,0
4660,0
4661,0
4662,0
4663,0
4664,0
4665,0
4666,0
4667,0
4668,0
4669,0
4670,0
4671,0
4672,0
4673,0
4674,19
4675,0
4676,0
4677,0
4678,11
4679,0
4680,0
4681,0
4682,0
4683,0
4684,19
4685,19
4686,0
4687,0
4688,0
4689,0
4690,8
4691,19
4692,19
4693,19
4694,19
4695,19
4696,23
4697,19
4698,0
4699,19
4700,19
4701,19
4702,0
4703,19
4704,19
4705,19
4706,19
4707,19
4708,0
4709,19
4710,21
4711,0
4712,23
4713,23
4714,0
4715,0
4716,0
4717,0
4718,0
4719,0
4720,0
4721,0
4722,0
4723,0
4724,0
4725,0
4726,0
4727,0
4728,0
4729,19
4730,19
4731,19
4732,19
4733,19
4734,19
4735,19
4736,1
4737,19
4738,19
4739,0
4740,0
4741,0
4742,0
4743,8
4744,0
4745,8
4746,8
4747,8
4748,8
4749,8
4750,0
4751,8
4752,21
4753,0
4754,21
4755,0
4756,18
4757,0
4758,23
4759,23
4760,23
4761,8
4762,0
4763,0
4764,0
4765,0
4766,1
4767,0
4768,9
4769,9
4770,21
4771,0
4772,0
4773,0
4774,0
4775,0
4776,8
4777,8
4778,8
4779,8
4780,0
4781,8
4782,21
4783,8
4784,8
4785,8
4786,8
4787,8
4788,8
4789,8
4790,8
4791,8
4792,8
4793,8
4794,8
4795,8
4796,8
4797,8
4798,8
4799,7
4800,8
4801,0
4802,16
4803,16
4804,16
4805,16
4806,16
4807,16
4808,7
4809,16
4810,16
4811,16
4812,16
4813,7
4814,7
4815,7
4816,18
4817,16
4818,16
4819,16
4820,22
4821,16
4822,16
4823,7
4824,7
4825,18
4826,16
4827,16
4828,16
4829,22
4830,22
4831,22
4832,16
4833,16
4834,16
4835,16
4836,16
4837,22
4838,16
4839,22
4840,16
4841,22
4842,22
4843,22
4844,16
4845,16
4846,16
4847,16
4848,22
4849,16
4850,0
4851,16
4852,22
4853,20
4854,16
4855,16
4856,16
4857,16
4858,16
4859,22
4860,0
4861,0
4862,0
4863,0
4864,0
4865,0
4866,0
4867,8
4868,0
4869,0
4870,2
4871,2
4872,11
4873,0
4874,0
4875,0
4876,0
4877,0
4878,19
4879,11
4880,0
4881,19
4882,19
4883,19
4884,11
4885,11
4886,19
4887,1
4888,0
4889,11
4890,19
4891,18
4892,0
4893,19
4894,0
4895,19
4896,0
4897,2
4898,8
4899,23
4900,8
4901,8
4902,8
4903,8
4904,8
4905,8
4906,8
4907,8
4908,8
4909,22
4910,8
4911,8
4912,8
4913,11
4914,11
4915,11
4916,8
4917,8
4918,8
4919,8
4920,8
4921,11
4922,23
4923,19
4924,19
4925,21
4926,19
4927,19
4928,19
4929,8
4930,0
4931,11
4932,8
4933,8
4934,8
4935,22
4936,8
4937,0
4938,0
4939,8
4940,0
4941,0
4942,0
4943,0
4944,0
4945,22
4946,0
4947,0
4948,0
4949,22
4950,11
4951,11
4952,11
4953,11
4954,8
4955,19
4956,11
4957,19
4958,11
4959,19
4960,19
4961,19
4962,19
4963,19
4964,19
4965,19
4966,19
4967,19
4968,19
4969,19
4970,19
4971,19
4972,19
4973,19
4974,19
4975,0
4976,19
4977,19
4978,19
4979,19
4980,19
4981,19
4982,19
4983,19
4984,11
4985,19
4986,19
4987,19
4988,11
4989,0
4990,18
4991,1
4992,21
4993,8
4994,8
4995,11
4996,8
4997,19
4998,8
4999,19
5000,19
5001,0
5002,0
5003,8
5004,0
5005,8
5006,19
5007,11
5008,0
5009,0
5010,19
5011,1
5012,1
5013,1
5014,15
5015,1
5016,1
5017,21
5018,0
5019,0
5020,9
5021,8
5022,8
5023,2
5024,19
5025,19
5026,19
5027,19
5028,19
5029,19
5030,19
5031,19
5032,19
5033,19
5034,19
5035,19
5036,19
5037,8
5038,11
5039,11
5040,11
5041,11
5042,0
5043,11
5044,8
5045,8
5046,19
5047,19
5048,19
5049,19
5050,19
5051,0
5052,19
5053,19
5054,19
5055,19
5056,19
5057,19
5058,19
5059,19
5060,19
5061,19
5062,19
5063,21
5064,21
5065,21
5066,19
5067,21
5068,21
5069,21
5070,21
5071,21
5072,21
5073,21
5074,21
5075,21
5076,21
5077,21
5078,16
5079,21
5080,19
5081,19
5082,19
5083,11
5084,21
5085,19
5086,19
5087,19
5088,5
5089,19
5090,19
5091,19
5092,19
5093,19
5094,19
5095,19
5096,19
5097,19
5098,19
5099,19
5100,19
5101,8
5102,19
5103,19
5104,19
5105,19
5106,23
5107,19
5108,19
5109,19
5110,19
5111,19
5112,1
5113,1
5114,19
5115,19
5116,19
5117,19
5118,19
5119,19
5120,19
5121,19
5122,19
5123,19
5124,19
5125,9
5126,19
5127,19
5128,23
5129,23
5130,19
5131,19
5132,19
5133,16
5134,23
5135,19
5136,19
5137,19
5138,19
5139,21
5140,19
5141,11
5142,11
5143,11
5144,11
5145,11
5146,8
5147,8
5148,8
5149,8
5150,11
5151,19
5152,7
5153,0
5154,0
5155,1
5156,8
5157,8
5158,8
5159,8
5160,19
5161,19
5162,0
5163,19
5164,19
5165,19
5166,19
5167,19
5168,19
5169,19
5170,19
5171,8
5172,8
5173,8
5174,11
5175,11
5176,11
5177,11
5178,8
5179,8
5180,8
5181,8
5182,8
5183,8
5184,8
5185,18
5186,18
5187,15
5188,8
5189,8
5190,8
5191,0
5192,19
5193,19
5194,19
5195,19
5196,1
5197,19
5198,19
5199,19
5200,19
5201,19
5202,0
5203,0
5204,0
5205,0
5206,7
5207,7
5208,7
5209,22
5210,7
5211,16
5212,7
5213,7
5214,7
5215,7
5216,22
5217,7
5218,7
5219,7
5220,7
5221,7
5222,7
5223,7
5224,11
5225,11
5226,11
5227,11
5228,11
5229,11
5230,11
5231,8
5232,11
5233,11
5234,11
5235,11
5236,11
5237,11
5238,11
5239,11
5240,11
5241,8
5242,8
5243,8
5244,21
5245,2
5246,2
5247,2
5248,2
5249,2
5250,2
5251,2
5252,2
5253,2
5254,2
5255,2
5256,2
5257,2
5258,2
5259,2
5260,2
5261,2
5262,2
5263,21
5264,2
5265,2
5266,2
5267,2
5268,2
5269,2
5270,2
5271,2
5272,2
5273,2
5274,2
5275,2
5276,2
5277,2
5278,0
5279,2
5280,2
5281,2
5282,2
5283,2
5284,2
5285,2
5286,2
5287,2
5288,8
5289,19
5290,8
5291,8
5292,8
5293,8
5294,8
5295,8
5296,8
5297,8
5298,8
5299,8
5300,8
5301,8
5302,7
5303,0
5304,16
5305,16
5306,16
5307,7
5308,7
5309,7
5310,22
5311,22
5312,16
5313,22
5314,7
5315,7
5316,16
5317,18
5318,16
5319,16
5320,7
5321,22
5322,22
5323,7
5324,7
5325,22
5326,16
5327,16
5328,16
5329,16
5330,22
5331,16
5332,7
5333,16
5334,22
5335,22
5336,16
5337,16
5338,16
5339,16
5340,16
5341,16
5342,7
5343,1
5344,16
5345,22
5346,16
5347,16
5348,16
5349,18
5350,7
5351,16
5352,16
5353,16
5354,21
5355,0
5356,7
5357,18
5358,8
5359,8
5360,8
5361,8
5362,5
5363,8
5364,8
5365,8
5366,8
5367,18
5368,8
5369,7
5370,4
5371,5
5372,16
5373,18
5374,16
5375,0
5376,18
5377,7
5378,7
5379,16
5380,0
5381,16
5382,16
5383,16
5384,7
5385,16
5386,16
5387,16
5388,16
5389,22
5390,7
5391,16
5392,16
5393,22
5394,16
5395,16
5396,8
5397,8
5398,8
5399,8
5400,8
5401,8
5402,0
5403,18
5404,0
5405,8
5406,8
5407,8
5408,19
5409,18
5410,18
5411,8
5412,18
5413,8
5414,18
5415,18
5416,18
5417,8
5418,18
5419,18
5420,18
5421,18
5422,18
5423,18
5424,18
5425,8
5426,16
5427,8
5428,8
5429,8
5430,0
5431,8
5432,8
5433,8
5434,8
5435,8
5436,8
5437,8
5438,11
5439,11
5440,8
5441,11
5442,11
5443,11
5444,11
5445,11
5446,11
5447,11
5448,11
5449,11
5450,11
5451,11
5452,11
5453,11
5454,11
5455,11
5456,11
5457,11
5458,11
5459,11
5460,11
5461,11
5462,8
5463,11
5464,11
5465,16
5466,16
5467,22
5468,16
5469,18
5470,18
5471,16
5472,18
5473,18
5474,18
5475,18
5476,5
5477,13
5478,19
5479,23
5480,22
5481,18
5482,16
5483,22
5484,16
5485,16
5486,16
5487,22
5488,18
5489,16
5490,16
5491,22
5492,0
5493,18
5494,18
5495,18
5496,18
5497,5
5498,18
5499,8
5500,8
5501,8
5502,18
5503,18
5504,18
5505,8
5506,18
5507,18
5508,0
5509,0
5510,0
5511,0
5512,0
5513,0
5514,0
5515,23
5516,8
5517,8
5518,8
5519,8
5520,8
5521,8
5522,8
5523,8
5524,8
5525,8
5526,8
5527,8
5528,8
5529,8
5530,8
5531,8
5532,8
5533,8
5534,8
5535,8
5536,7
5537,19
5538,19
5539,22
5540,22
5541,8
5542,8
5543,8
5544,8
5545,8
5546,0
5547,0
5548,8
5549,0
5550,8
5551,2
5552,0
5553,19
5554,8
5555,18
5556,18
5557,18
5558,18
5559,18
5560,7
5561,18
5562,18
5563,18
5564,18
5565,18
5566,18
5567,18
5568,18
5569,18
5570,18
5571,22
5572,18
5573,7
5574,16
5575,16
5576,16
5577,16
5578,16
5579,16
5580,16
5581,16
5582,16
5583,18
5584,16
5585,16
5586,16
5587,16
5588,16
5589,16
5590,16
5591,16
5592,16
5593,16
5594,16
5595,8
5596,8
5597,0
5598,0
5599,11
5600,18
5601,18
5602,18
5603,18
5604,18
5605,19
5606,0
5607,0
5608,0
5609,0
5610,0
5611,0
5612,0
5613,0
5614,0
5615,19
5616,0
5617,0
5618,0
5619,0
5620,0
5621,8
5622,23
5623,7
5624,18
5625,0
5626,8
5627,8
5628,8
5629,8
5630,8
5631,8
5632,8
5633,8
5634,8
5635,8
5636,8
5637,8
5638,0
5639,8
5640,8
5641,8
5642,8
5643,8
5644,8
5645,8
5646,8
5647,8
5648,8
5649,8
5650,8
5651,8
5652,8
5653,8
5654,8
5655,8
5656,11
5657,11
5658,18
5659,18
5660,18
5661,18
5662,18
5663,11
5664,18
5665,18
5666,18
5667,8
5668,8
5669,21
5670,18
5671,18
5672,18
5673,18
5674,7
5675,7
5676,7
5677,7
5678,7
5679,7
5680,18
5681,18
5682,18
5683,18
5684,18
5685,18
5686,0
5687,13
5688,0
5689,7
5690,0
5691,0
5692,0
5693,0
5694,0
5695,0
5696,0
5697,8
5698,19
5699,11
5700,8
5701,0
5702,19
5703,19
5704,19
5705,19
5706,19
5707,15
5708,11
5709,8
5710,11
5711,15
5712,19
5713,19
5714,18
5715,18
5716,18
5717,18
5718,18
5719,18
5720,18
5721,18
5722,18
5723,18
5724,8
5725,8
5726,19
5727,8
5728,8
5729,8
5730,8
5731,15
5732,8
5733,8
5734,8
5735,8
5736,8
5737,8
5738,23
5739,19
5740,0
5741,19
5742,19
5743,19
5744,19
5745,19
5746,19
5747,19
5748,19
5749,19
5750,0
5751,19
5752,19
5753,19
5754,19
5755,19
5756,4
5757,22
5758,22
5759,0
5760,9
5761,18
5762,18
5763,18
5764,18
5765,18
5766,20
5767,20
5768,18
5769,18
5770,18
5771,15
5772,18
5773,22
5774,22
5775,22
5776,22
5777,22
5778,23
5779,22
5780,22
5781,18
5782,18
5783,18
5784,18
5785,18
5786,21
5787,16
5788,21
5789,18
5790,18
5791,18
5792,18
5793,18
5794,16
5795,18
5796,18
5797,18
5798,18
5799,18
5800,18
5801,18
5802,16
5803,16
5804,22
5805,22
5806,16
5807,16
5808,16
5809,16
5810,16
5811,22
5812,18
5813,18
5814,16
5815,16
5816,16
5817,7
5818,16
5819,16
5820,16
5821,16
5822,16
5823,16
5824,16
5825,16
5826,16
5827,16
5828,11
5829,11
5830,11
5831,16
5832,16
5833,16
5834,16
5835,16
5836,16
5837,16
5838,7
5839,7
5840,23
5841,5
5842,16
5843,16
5844,18
5845,22
5846,22
5847,22
5848,22
5849,22
5850,22
5851,22
5852,22
5853,16
5854,22
5855,16
5856,7
5857,7
5858,7
5859,7
5860,11
5861,11
5862,7
5863,7
5864,7
5865,16
5866,7
5867,16
5868,18
5869,16
5870,18
5871,18
5872,18
5873,22
5874,11
5875,18
5876,18
5877,18
5878,18
5879,19
5880,16
5881,16
5882,16
5883,16
5884,4
5885,16
5886,19
5887,19
5888,19
5889,19
5890,19
5891,19
5892,16
5893,16
5894,16
5895,16
5896,16
5897,16
5898,16
5899,16
5900,16
5901,16
5902,16
5903,16
5904,16
5905,16
5906,16
5907,16
5908,16
5909,16
5910,16
5911,16
5912,16
5913,16
5914,16
5915,16
5916,16
5917,16
5918,16
5919,16
5920,22
5921,16
5922,16
5923,16
5924,13
5925,16
5926,16
5927,16
5928,16
5929,16
5930,16
5931,16
5932,16
5933,13
5934,13
5935,13
5936,16
5937,16
5938,16
5939,16
5940,16
5941,16
5942,16
5943,16
5944,16
5945,16
5946,16
5947,16
5948,15
5949,16
5950,16
5951,16
5952,16
5953,16
5954,16
5955,16
5956,16
5957,16
5958,16
5959,16
5960,16
5961,16
5962,16
5963,16
5964,16
5965,16
5966,16
5967,16
5968,16
5969,16
5970,16
5971,16
5972,16
5973,13
5974,16
5975,16
5976,16
5977,16
5978,16
5979,16
5980,16
5981,23
5982,16
5983,16
5984,16
5985,16
5986,16
5987,16
5988,16
5989,16
5990,16
5991,16
5992,16
5993,16
5994,16
5995,16
5996,16
5997,16
5998,16
5999,16
6000,16
6001,16
6002,16
6003,16
6004,16
6005,16
6006,19
6007,19
6008,19
6009,19
6010,19
6011,11
6012,11
6013,19
6014,19
6015,8
6016,8
6017,1
6018,8
6019,8
6020,8
6021,8
6022,0
6023,0
6024,0
6025,0
6026,0
6027,8
6028,0
6029,0
6030,0
6031,8
6032,0
6033,0
6034,15
6035,4
6036,0
6037,5
6038,5
6039,5
6040,0
6041,0
6042,0
6043,0
6044,0
6045,0
6046,0
6047,0
6048,19
6049,21
6050,19
6051,8
6052,8
6053,8
6054,0
6055,9
6056,15
6057,0
6058,0
6059,20
6060,0
6061,0
6062,8
6063,19
6064,19
6065,19
6066,19
6067,19
6068,19
6069,0
6070,0
6071,0
6072,0
6073,19
6074,19
6075,19
6076,19
6077,5
6078,2
6079,0
6080,0
6081,15
6082,15
6083,8
6084,8
6085,11
6086,11
6087,8
6088,11
6089,15
6090,11
6091,15
6092,11
6093,15
6094,15
6095,15
6096,15
6097,15
6098,11
6099,21
6100,0
6101,0
6102,0
6103,0
6104,0
6105,0
6106,1
6107,19
6108,19
6109,19
6110,23
6111,8
6112,19
6113,0
6114,19
6115,21
6116,23
6117,0
6118,5
6119,5
6120,11
6121,22
6122,15
6123,22
6124,22
6125,22
6126,22
6127,22
6128,22
6129,7
6130,7
6131,0
6132,21
6133,8
6134,19
6135,11
6136,21
6137,0
6138,0
6139,0
6140,0
6141,8
6142,8
6143,18
6144,18
6145,18
6146,22
6147,18
6148,18
6149,8
6150,8
6151,8
6152,8
6153,8
6154,8
6155,8
6156,8
6157,8
6158,8
6159,8
6160,11
6161,11
6162,11
6163,11
6164,11
6165,11
6166,8
6167,8
6168,19
6169,19
6170,19
6171,1
6172,23
6173,16
6174,1
6175,19
6176,19
6177,19
6178,19
6179,19
6180,0
6181,19
6182,19
6183,19
6184,19
6185,19
6186,19
6187,19
6188,9
6189,19
6190,19
6191,19
6192,19
6193,19
6194,19
6195,19
6196,19
6197,23
6198,19
6199,19
6200,19
6201,19
6202,19
6203,19
6204,19
6205,19
6206,19
6207,19
6208,19
6209,19
6210,19
6211,19
6212,19
6213,7
6214,19
6215,19
6216,15
6217,19
6218,19
6219,19
6220,19
6221,9
6222,19
6223,19
6224,23
6225,23
6226,23
6227,13
6228,23
6229,19
6230,19
6231,19
6232,19
6233,19
6234,21
6235,19
6236,19
6237,1
6238,19
6239,19
6240,19
6241,2
6242,19
6243,19
6244,19
6245,19
6246,19
6247,19
6248,19
6249,1
6250,23
6251,19
6252,19
6253,19
6254,19
6255,19
6256,23
6257,9
6258,21
6259,23
6260,19
6261,19
6262,19
6263,19
6264,19
6265,11
6266,9
6267,23
6268,19
6269,0
6270,23
6271,8
6272,23
6273,23
6274,23
6275,23
6276,23
6277,23
6278,23
6279,23
6280,23
6281,23
6282,23
6283,23
6284,23
6285,23
6286,23
6287,23
6288,23
6289,23
6290,23
6291,23
6292,19
6293,23
6294,23
6295,23
6296,23
6297,23
6298,21
6299,23
6300,23
6301,23
6302,23
6303,21
6304,23
6305,23
6306,21
6307,19
6308,19
6309,19
6310,19
6311,19
6312,19
6313,19
6314,19
6315,21
6316,21
6317,19
6318,21
6319,19
6320,19
6321,19
6322,23
6323,23
6324,23
6325,23
6326,23
6327,23
6328,23
6329,23
6330,23
6331,23
6332,23
6333,23
6334,23
6335,19
6336,23
6337,23
6338,19
6339,21
6340,19
6341,23
6342,19
6343,19
6344,9
6345,19
6346,19
6347,0
6348,19
6349,19
6350,19
6351,19
6352,19
6353,19
6354,19
6355,22
6356,22
6357,22
6358,22
6359,22
6360,22
6361,22
6362,22
6363,22
6364,22
6365,22
6366,22
6367,23
6368,19
6369,21
6370,8
6371,9
6372,8
6373,19
6374,19
6375,19
6376,19
6377,19
6378,19
6379,21
6380,19
6381,19
6382,19
6383,19
6384,23
6385,19
6386,19
6387,19
6388,19
6389,0
6390,19
6391,21
6392,23
6393,23
6394,19
6395,19
6396,19
6397,19
6398,8
6399,19
6400,19
6401,8
6402,23
6403,19
6404,23
6405,11
6406,19
6407,23
6408,23
6409,23
6410,23
6411,23
6412,23
6413,23
6414,23
6415,23
6416,23
6417,23
6418,23
6419,23
6420,11
6421,11
6422,8
6423,8
6424,8
6425,8
6426,8
6427,19
6428,19
6429,23
6430,19
6431,19
6432,19
6433,19
6434,19
6435,19
6436,19
6437,19
6438,19
6439,19
6440,19
6441,19
6442,19
6443,19
6444,19
6445,19
6446,19
6447,19
6448,19
6449,19
6450,19
6451,19
6452,5
6453,19
6454,19
6455,8
6456,1
6457,7
6458,0
6459,0
6460,0
6461,11
6462,11
6463,11
6464,11
6465,11
6466,11
6467,11
6468,11
6469,11
6470,23
6471,15
6472,23
6473,23
6474,23
6475,23
6476,23
6477,15
6478,15
6479,15
6480,15
6481,15
6482,15
6483,15
6484,15
6485,15
6486,15
6487,15
6488,15
6489,15
6490,15
6491,15
6492,15
6493,15
6494,15
6495,15
6496,15
6497,15
6498,15
6499,15
6500,15
6501,15
6502,15
6503,15
6504,15
6505,15
6506,15
6507,15
6508,15
6509,15
6510,23
6511,15
6512,15
6513,15
6514,15
6515,15
6516,15
6517,15
6518,15
6519,15
6520,15
6521,15
6522,15
6523,15
6524,15
6525,15
6526,15
6527,15
6528,15
6529,15
6530,15
6531,15
6532,15
6533,15
6534,15
6535,15
6536,15
6537,15
6538,15
6539,15
6540,15
6541,15
6542,15
6543,15
6544,15
6545,15
6546,15
6547,15
6548,15
6549,15
6550,15
6551,15
6552,15
6553,23
6554,15
6555,15
6556,15
6557,20
6558,15
6559,15
6560,15
6561,23
6562,23
6563,23
6564,15
6565,15
6566,15
6567,15
6568,15
6569,15
6570,15
6571,15
6572,15
6573,15
6574,15
6575,15
6576,15
6577,0
6578,0
6579,0
6580,0
6581,21
6582,19
6583,1
6584,1
6585,1
6586,1
6587,1
6588,1
6589,1
6590,1
6591,0
6592,1
6593,1
6594,1
6595,1
6596,1
6597,1
6598,21
6599,21
6600,21
6601,21
6602,19
6603,21
6604,21
6605,21
6606,21
6607,21
6608,21
6609,21
6610,21
6611,21
6612,0
6613,0
6614,8
6615,23
6616,23
6617,23
6618,21
6619,23
6620,23
6621,21
6622,0
6623,21
6624,21
6625,19
6626,8
6627,8
6628,0
6629,0
6630,11
6631,21
6632,21
6633,9
6634,21
6635,21
6636,21
6637,21
6638,21
6639,19
6640,21
6641,21
6642,21
6643,21
6644,21
6645,21
6646,21
6647,21
6648,21
6649,21
6650,21
6651,21
6652,21
6653,21
6654,21
6655,21
6656,21
6657,19
6658,21
6659,21
6660,21
6661,21
6662,21
6663,21
6664,21
6665,21
6666,19
6667,19
6668,19
6669,21
6670,19
6671,19
6672,19
6673,19
6674,19
6675,23
6676,23
6677,23
6678,21
6679,21
6680,21
6681,21
6682,21
6683,0
6684,19
6685,21
6686,21
6687,21
6688,21
6689,21
6690,21
6691,21
6692,21
6693,21
6694,21
6695,21
6696,21
6697,21
6698,19
6699,21
6700,21
6701,21
6702,21
6703,21
6704,21
6705,21
6706,13
6707,13
6708,13
6709,13
6710,13
6711,13
6712,13
6713,13
6714,13
6715,13
6716,13
6717,13
6718,13
6719,13
6720,13
6721,13
6722,13
6723,13
6724,13
6725,13
6726,13
6727,13
6728,13
6729,13
6730,13
6731,13
6732,13
6733,13
6734,13
6735,13
6736,13
6737,13
6738,13
6739,13
6740,16
6741,13
6742,13
6743,13
6744,13
6745,13
6746,13
6747,13
6748,13
6749,13
6750,23
6751,13
6752,13
6753,13
6754,13
6755,13
6756,23
6757,13
6758,23
6759,13
6760,23
6761,13
6762,23
6763,23
6764,23
6765,23
6766,23
6767,23
6768,13
6769,13
6770,13
6771,13
6772,13
6773,23
6774,23
6775,23
6776,23
6777,13
6778,23
6779,23
6780,15
6781,15
6782,15
6783,15
6784,11
6785,11
6786,11
6787,8
6788,8
6789,8
6790,8
6791,8
6792,8
6793,16
6794,8
6795,8
6796,8
6797,11
6798,11
6799,11
6800,11
6801,11
6802,11
6803,11
6804,11
6805,11
6806,11
6807,11
6808,11
6809,11
6810,11
6811,11
6812,11
6813,11
6814,11
6815,11
6816,11
6817,11
6818,11
6819,11
6820,11
6821,11
6822,11
6823,22
6824,22
6825,18
6826,22
6827,0
6828,22
6829,22
6830,22
6831,11
6832,7
6833,8
6834,11
6835,11
6836,11
6837,11
6838,15
6839,11
6840,11
6841,11
6842,7
6843,22
6844,15
6845,11
6846,11
6847,7
6848,11
6849,11
6850,11
6851,11
6852,25
6853,22
6854,11
6855,18
6856,11
6857,18
6858,15
6859,15
6860,19
6861,15
6862,0
6863,19
6864,19
6865,18
6866,18
6867,19
6868,8
6869,19
6870,19
6871,15
6872,11
6873,7
6874,7
6875,7
6876,15
6877,15
6878,19
6879,19
6880,19
6881,19
6882,19
6883,18
6884,15
6885,15
6886,23
6887,18
6888,11
6889,11
6890,11
6891,11
6892,11
6893,19
6894,19
6895,0
6896,0
6897,2
6898,1
6899,19
6900,8
6901,8
6902,19
6903,19
6904,8
6905,8
6906,8
6907,19
6908,19
6909,7
6910,22
6911,11
6912,18
6913,18
6914,18
6915,18
6916,16
6917,18
6918,8
6919,8
6920,8
6921,16
6922,8
6923,16
6924,16
6925,8
6926,8
6927,9
6928,22
6929,22
6930,22
6931,22
6932,5
6933,22
6934,22
6935,22
6936,22
6937,22
6938,22
6939,22
6940,22
6941,22
6942,22
6943,22
6944,22
6945,22
6946,22
6947,22
6948,22
6949,22
6950,22
6951,22
6952,22
6953,22
6954,22
6955,22
6956,22
6957,22
6958,22
6959,11
6960,11
6961,16
6962,11
6963,21
6964,23
6965,23
6966,21
6967,21
6968,21
6969,23
6970,23
6971,21
6972,21
6973,21
6974,23
6975,23
6976,19
6977,23
6978,23
6979,23
6980,23
6981,23
6982,23
6983,23
6984,23
6985,23
6986,23
6987,23
6988,23
6989,23
6990,23
6991,23
6992,21
6993,21
6994,21
6995,23
6996,23
6997,23
6998,23
6999,23
7000,23
7001,23
7002,23
7003,23
7004,23
7005,23
7006,2
7007,19
7008,19
7009,23
7010,23
7011,23
7012,23
7013,23
7014,23
7015,23
7016,23
7017,23
7018,23
7019,23
7020,6
7021,23
7022,23
7023,23
7024,23
7025,23
7026,23
7027,19
7028,19
7029,19
7030,19
7031,19
7032,21
7033,21
7034,21
7035,21
7036,21
7037,21
7038,21
7039,21
7040,21
7041,21
7042,21
7043,21
7044,21
7045,21
7046,21
7047,21
7048,21
7049,21
7050,21
7051,21
7052,21
7053,21
7054,21
7055,21
7056,21
7057,21
7058,21
7059,21
7060,21
7061,21
7062,21
7063,21
7064,21
7065,21
7066,21
7067,21
7068,21
7069,21
7070,21
7071,21
7072,21
7073,21
7074,21
7075,21
7076,21
7077,21
7078,21
7079,21
7080,21
7081,19
7082,19
7083,19
7084,19
7085,21
7086,19
7087,21
7088,19
7089,19
7090,19
7091,19
7092,21
7093,19
7094,1
7095,1
7096,19
7097,2
7098,19
7099,23
7100,23
7101,21
7102,23
7103,23
7104,23
7105,23
7106,19
7107,19
7108,19
7109,19
7110,23
7111,21
7112,21
7113,21
7114,23
7115,19
7116,21
7117,21
7118,23
7119,23
7120,21
7121,23
7122,21
7123,21
7124,21
7125,19
7126,19
7127,21
7128,21
7129,21
7130,21
7131,21
7132,21
7133,21
7134,21
7135,21
7136,21
7137,21
7138,21
7139,21
7140,21
7141,21
7142,21
7143,21
7144,21
7145,21
7146,21
7147,21
7148,21
7149,21
7150,21
7151,21
7152,21
7153,21
7154,21
7155,21
7156,21
7157,21
7158,21
7159,21
7160,18
7161,18
7162,16
7163,19
7164,9
7165,19
7166,19
7167,23
7168,0
7169,19
7170,5
7171,1
7172,21
7173,0
7174,19
7175,0
7176,21
7177,19
7178,1
7179,19
7180,1
7181,23
7182,1
7183,1
7184,5
7185,1
7186,5
7187,19
7188,1
7189,1
7190,21
7191,23
7192,23
7193,23
7194,21
7195,23
7196,23
7197,23
7198,11
7199,23
7200,21
7201,23
7202,25
7203,21
7204,23
7205,25
7206,23
7207,23
7208,21
7209,23
7210,21
7211,1
7212,0
7213,0
7214,0
7215,19
7216,19
7217,19
7218,19
7219,19
7220,19
7221,0
7222,0
7223,0
7224,0
7225,0
7226,8
7227,16
7228,16
7229,18
7230,19
7231,19
7232,19
7233,19
7234,19
7235,19
7236,19
7237,19
7238,19
7239,5
7240,0
7241,0
7242,0
7243,0
7244,0
7245,0
7246,0
7247,0
7248,19
7249,19
7250,19
7251,0
7252,0
7253,21
7254,19
7255,19
7256,19
7257,21
7258,19
7259,19
7260,21
7261,21
7262,21
7263,21
7264,21
7265,19
7266,19
7267,19
7268,19
7269,23
7270,21
7271,23
7272,19
7273,23
7274,23
7275,23
7276,19
7277,19
7278,19
7279,21
7280,21
7281,21
7282,21
7283,3
7284,21
7285,21
7286,21
7287,21
7288,21
7289,21
7290,21
7291,21
7292,21
7293,21
7294,21
7295,21
7296,1
7297,1
7298,1
7299,21
7300,21
7301,21
7302,21
7303,21
7304,19
7305,19
7306,19
7307,19
7308,19
7309,19
7310,21
7311,21
7312,21
7313,21
7314,21
7315,21
7316,21
7317,21
7318,21
7319,21
7320,21
7321,21
7322,21
7323,21
7324,21
7325,7
7326,19
7327,4
7328,19
7329,0
7330,16
7331,18
7332,8
7333,18
7334,16
7335,16
7336,16
7337,16
7338,16
7339,19
7340,19
7341,22
7342,19
7343,21
7344,21
7345,21
7346,21
7347,21
7348,21
7349,21
7350,21
7351,21
7352,21
7353,21
7354,21
7355,19
7356,21
7357,19
7358,19
7359,19
7360,19
7361,19
7362,21
7363,21
7364,21
7365,21
7366,21
7367,21
7368,21
7369,21
7370,21
7371,21
7372,21
7373,21
7374,19
7375,19
7376,1
7377,21
7378,21
7379,23
7380,19
7381,19
7382,21
7383,23
7384,5
7385,5
7386,23
7387,1
7388,1
7389,19
7390,1
7391,21
7392,1
7393,23
7394,23
7395,23
7396,21
7397,16
7398,16
7399,23
7400,23
7401,16
7402,23
7403,23
7404,9
7405,9
7406,16
7407,16
7408,9
7409,2
7410,9
7411,9
7412,16
7413,9
7414,9
7415,21
7416,21
7417,23
7418,23
7419,24
7420,23
7421,23
7422,23
7423,23
7424,23
7425,23
7426,23
7427,23
7428,23
7429,23
7430,23
7431,23
7432,23
7433,23
7434,23
7435,23
7436,23
7437,23
7438,23
7439,23
7440,23
7441,23
7442,23
7443,23
7444,23
7445,23
7446,23
7447,23
7448,19
7449,21
7450,21
7451,25
7452,21
7453,21
7454,21
7455,23
7456,2
7457,23
7458,21
7459,25
7460,21
7461,8
7462,8
7463,19
7464,25
7465,23
7466,23
7467,15
7468,1
7469,1
7470,1
7471,1
7472,1
7473,2
7474,7
7475,7
7476,7
7477,7
7478,7
7479,7
7480,7
7481,7
7482,7
7483,7
7484,22
7485,4
7486,14
7487,22
7488,16
7489,7
7490,7
7491,7
7492,7
7493,21
7494,21
7495,21
7496,21
7497,21
7498,21
7499,21
7500,21
7501,21
7502,21
7503,21
7504,21
7505,21
7506,21
7507,21
7508,21
7509,15
7510,21
7511,21
7512,21
7513,21
7514,21
7515,21
7516,21
7517,21
7518,21
7519,25
7520,21
7521,21
7522,21
7523,21
7524,21
7525,21
7526,21
7527,21
7528,21
7529,21
7530,21
7531,21
7532,21
7533,21
7534,21
7535,21
7536,21
7537,21
7538,21
7539,21
7540,21
7541,21
7542,21
7543,21
7544,21
7545,19
7546,21
7547,19
7548,21
7549,21
7550,21
7551,21
7552,21
7553,21
7554,21
7555,21
7556,21
7557,5
7558,19
7559,1
7560,22
7561,21
7562,21
7563,21
7564,19
7565,21
7566,21
7567,21
7568,21
7569,21
7570,21
7571,21
7572,21
7573,21
7574,21
7575,21
7576,21
7577,21
7578,21
7579,21
7580,21
7581,21
7582,21
7583,21
7584,21
7585,21
7586,11
7587,21
7588,21
7589,21
7590,21
7591,21
7592,21
7593,21
7594,21
7595,21
7596,21
7597,21
7598,21
7599,21
7600,21
7601,21
7602,21
7603,21
7604,23
7605,21
7606,21
7607,21
7608,21
7609,21
7610,21
7611,21
7612,21
7613,21
7614,21
7615,21
7616,21
7617,21
7618,21
7619,23
7620,23
7621,22
7622,21
7623,21
7624,21
7625,21
7626,23
7627,23
7628,21
7629,21
7630,22
7631,21
7632,21
7633,21
7634,21
7635,21
7636,2
7637,2
7638,21
7639,2
7640,21
7641,21
7642,21
7643,21
7644,16
7645,16
7646,16
7647,16
7648,16
7649,16
7650,9
7651,16
7652,16
7653,16
7654,16
7655,16
7656,16
7657,21
7658,16
7659,19
7660,16
7661,16
7662,21
7663,21
7664,21
7665,13
7666,18
7667,16
7668,21
7669,21
7670,21
7671,19
7672,19
7673,7
7674,21
7675,21
7676,21
7677,19
7678,21
7679,21
7680,21
7681,21
7682,1
7683,15
7684,15
7685,21
7686,21
7687,21
7688,21
7689,21
7690,21
7691,21
7692,21
7693,21
7694,21
7695,21
7696,21
7697,21
7698,25
7699,25
7700,25
7701,21
7702,16
7703,16
7704,16
7705,21
7706,21
7707,7
7708,5
7709,7
7710,7
7711,7
7712,5
7713,7
7714,7
7715,7
7716,7
7717,5
7718,19
7719,23
7720,9
7721,21
7722,2
7723,21
7724,21
7725,21
7726,21
7727,21
7728,21
7729,21
7730,21
7731,21
7732,21
7733,21
7734,21
7735,0
7736,21
7737,21
7738,19
7739,19
7740,21
7741,21
7742,21
7743,21
7744,21
7745,3
7746,3
7747,3
7748,3
7749,3
7750,3
7751,3
7752,3
7753,3
7754,3
7755,21
7756,21
7757,3
7758,3
7759,3
7760,3
7761,21
7762,21
7763,21
7764,21
7765,3
7766,3
7767,3
7768,3
7769,3
7770,3
7771,3
7772,3
7773,3
7774,21
7775,3
7776,3
7777,21
7778,21
7779,21
7780,21
7781,19
7782,19
7783,5
7784,19
7785,19
7786,5
7787,1
7788,19
7789,8
7790,19
7791,19
7792,19
7793,19
7794,19
7795,19
7796,19
7797,19
7798,19
7799,19
7800,19
7801,19
7802,19
7803,19
7804,19
7805,19
7806,19
7807,19
7808,16
7809,15
7810,7
7811,16
7812,16
7813,16
7814,7
7815,16
7816,7
7817,15
7818,15
7819,15
7820,23
7821,7
7822,15
7823,15
7824,7
7825,23
7826,23
7827,15
7828,15
7829,16
7830,15
7831,16
7832,16
7833,16
7834,16
7835,7
7836,7
7837,7
7838,7
7839,7
7840,7
7841,15
7842,7
7843,7
7844,7
7845,7
7846,16
7847,7
7848,7
7849,7
7850,16
7851,7
7852,16
7853,16
7854,16
7855,16
7856,16
7857,16
7858,16
7859,16
7860,16
7861,16
7862,16
7863,16
7864,16
7865,23
7866,23
7867,7
7868,16
7869,7
7870,7
7871,7
7872,7
7873,7
7874,7
7875,7
7876,7
7877,7
7878,7
7879,7
7880,7
7881,7
7882,7
7883,7
7884,7
7885,7
7886,7
7887,7
7888,7
7889,7
7890,7
7891,7
7892,7
7893,7
7894,7
7895,7
7896,7
7897,7
7898,7
7899,15
7900,7
7901,7
7902,7
7903,7
7904,7
7905,7
7906,7
7907,7
7908,7
7909,7
7910,7
7911,7
7912,7
7913,16
7914,7
7915,7
7916,7
7917,7
7918,7
7919,7
7920,7
7921,7
7922,7
7923,7
7924,7
7925,7
7926,7
7927,7
7928,7
7929,7
7930,7
7931,7
7932,7
7933,5
7934,7
7935,7
7936,7
7937,22
7938,16
7939,7
7940,7
7941,7
7942,7
7943,7
7944,7
7945,7
7946,7
7947,7
7948,7
7949,7
7950,7
7951,7
7952,7
7953,7
7954,7
7955,7
7956,7
7957,7
7958,7
7959,7
7960,7
7961,7
7962,7
7963,7
7964,7
7965,22
7966,7
7967,7
7968,7
7969,7
7970,7
7971,7
7972,20
7973,20
7974,20
7975,7
7976,7
7977,7
7978,7
7979,7
7980,7
7981,7
7982,7
7983,7
7984,22
7985,7
7986,15
7987,15
7988,15
7989,15
7990,15
7991,15
7992,16
7993,16
7994,16
7995,23
7996,23
7997,23
7998,23
7999,23
8000,23
8001,23
8002,16
8003,16
8004,16
8005,23
8006,16
8007,16
8008,7
8009,7
8010,23
8011,23
8012,16
8013,23
8014,23
8015,23
8016,23
8017,23
8018,23
8019,23
8020,5
8021,16
8022,16
8023,16
8024,16
8025,16
8026,16
8027,16
8028,16
8029,16
8030,16
8031,16
8032,16
8033,16
8034,7
8035,7
8036,16
8037,16
8038,7
8039,16
8040,16
8041,16
8042,16
8043,16
8044,16
8045,7
8046,16
8047,16
8048,16
8049,16
8050,16
8051,16
8052,16
8053,16
8054,16
8055,16
8056,16
8057,16
8058,16
8059,16
8060,16
8061,16
8062,22
8063,16
8064,7
8065,16
8066,16
8067,16
8068,16
8069,16
8070,16
8071,16
8072,16
8073,16
8074,16
8075,23
8076,15
8077,15
8078,15
8079,23
8080,23
8081,23
8082,23
8083,23
8084,23
8085,23
8086,23
8087,23
8088,23
8089,23
8090,23
8091,23
8092,23
8093,23
8094,23
8095,16
8096,16
8097,7
8098,7
8099,7
8100,23
8101,23
8102,23
8103,23
8104,23
8105,23
8106,21
8107,5
8108,21
8109,21
8110,21
8111,21
8112,21
8113,21
8114,21
8115,21
8116,21
8117,21
8118,21
8119,5
8120,5
8121,5
8122,5
8123,21
8124,21
8125,21
8126,21
8127,23
8128,23
8129,23
8130,23
8131,23
8132,23
8133,23
8134,23
8135,23
8136,23
8137,23
8138,23
8139,23
8140,23
8141,23
8142,23
8143,16
8144,23
8145,23
8146,19
8147,19
8148,19
8149,1
8150,19
8151,4
8152,9
8153,19
8154,0
8155,23
8156,23
8157,23
8158,23
8159,23
8160,23
8161,23
8162,23
8163,15
8164,23
8165,23
8166,23
8167,23
8168,23
8169,23
8170,21
8171,21
8172,21
8173,21
8174,21
8175,23
8176,16
8177,16
8178,16
8179,1
8180,21
8181,13
8182,13
8183,13
8184,23
8185,13
8186,13
8187,23
8188,13
8189,23
8190,13
8191,13
8192,23
8193,13
8194,23
8195,23
8196,23
8197,23
8198,23
8199,13
8200,13
8201,13
8202,13
8203,16
8204,13
8205,13
8206,13
8207,13
8208,13
8209,13
8210,13
8211,13
8212,15
8213,15
8214,13
8215,13
8216,23
8217,23
8218,23
8219,13
8220,23
8221,23
8222,24
8223,24
8224,23
8225,23
8226,23
8227,23
8228,23
8229,23
8230,23
8231,13
8232,13
8233,13
8234,13
8235,23
8236,23
8237,23
8238,23
8239,23
8240,15
8241,23
8242,23
8243,13
8244,13
8245,22
8246,23
8247,23
8248,23
8249,23
8250,11
8251,23
8252,23
8253,23
8254,23
8255,23
8256,15
8257,16
8258,13
8259,13
8260,15
8261,23
8262,23
8263,20
8264,23
8265,23
8266,8
8267,23
8268,23
8269,23
8270,23
8271,0
8272,8
8273,8
8274,8
8275,0
8276,0
8277,8
8278,8
8279,8
8280,0
8281,8
8282,23
8283,4
8284,19
8285,1
8286,19
8287,1
8288,21
8289,1
8290,7
8291,19
8292,5
8293,23
8294,19
8295,8
8296,8
8297,8
8298,21
8299,1
8300,21
8301,21
8302,8
8303,8
8304,15
8305,23
8306,23
8307,23
8308,22
8309,16
8310,23
8311,23
8312,23
8313,23
8314,23
8315,23
8316,8
8317,8
8318,2
8319,2
8320,2
8321,21
8322,21
8323,21
8324,5
8325,9
8326,9
8327,9
8328,19
8329,0
8330,19
8331,19
8332,19
8333,19
8334,9
8335,19
8336,19
8337,9
8338,19
8339,0
8340,0
8341,0
8342,0
8343,21
8344,0
8345,5
8346,5
8347,5
8348,5
8349,5
8350,5
8351,5
8352,5
8353,5
8354,19
8355,19
8356,18
8357,18
8358,19
8359,5
8360,19
8361,5
8362,19
8363,9
8364,19
8365,19
8366,19
8367,19
8368,15
8369,19
8370,19
8371,21
8372,5
8373,5
8374,7
8375,19
8376,19
8377,19
8378,16
8379,16
8380,22
8381,15
8382,22
8383,23
8384,23
8385,23
8386,23
8387,23
8388,23
8389,23
8390,23
8391,19
8392,23
8393,0
8394,22
8395,19
8396,19
8397,19
8398,22
8399,9
8400,22
8401,23
8402,18
8403,22
8404,22
8405,21
8406,23
8407,23
8408,1
8409,23
8410,19
8411,8
8412,8
8413,8
8414,8
8415,19
8416,16
8417,9
8418,19
8419,22
8420,16
8421,22
8422,22
8423,22
8424,22
8425,22
8426,22
8427,22
8428,22
8429,16
8430,22
8431,22
8432,22
8433,22
8434,5
8435,22
8436,22
8437,5
8438,5
8439,5
8440,5
8441,5
8442,5
8443,5
8444,5
8445,5
8446,5
8447,5
8448,4
8449,5
8450,5
8451,5
8452,5
8453,5
8454,5
8455,16
8456,16
8457,16
8458,16
8459,16
8460,16
8461,16
8462,16
8463,22
8464,22
8465,22
8466,22
8467,22
8468,22
8469,22
8470,22
8471,22
8472,22
8473,22
8474,20
8475,19
8476,5
8477,22
8478,5
8479,5
8480,5
8481,5
8482,19
8483,8
8484,19
8485,19
8486,4
8487,5
8488,5
8489,5
8490,1
8491,8
8492,8
8493,1
8494,8
8495,7
8496,7
8497,7
8498,7
8499,7
8500,19
8501,19
8502,19
8503,15
8504,19
8505,19
8506,19
8507,16
8508,16
8509,19
8510,16
8511,9
8512,21
8513,7
8514,8
8515,4
8516,4
8517,11
8518,5
8519,5
8520,5
8521,5
8522,5
8523,21
8524,19
8525,19
8526,19
8527,19
8528,8
8529,8
8530,8
8531,8
8532,5
8533,5
8534,5
8535,0
8536,0
8537,5
8538,5
8539,5
8540,15
8541,15
8542,15
8543,15
8544,15
8545,15
8546,15
8547,15
8548,22
8549,22
8550,16
8551,22
8552,22
8553,22
8554,22
8555,22
8556,22
8557,22
8558,22
8559,22
8560,22
8561,22
8562,22
8563,22
8564,22
8565,22
8566,22
8567,22
8568,22
8569,22
8570,22
8571,19
8572,4
8573,5
8574,4
8575,20
8576,7
8577,7
8578,4
8579,4
8580,4
8581,5
8582,22
8583,22
8584,22
8585,22
8586,22
8587,16
8588,22
8589,22
8590,22
8591,22
8592,7
8593,22
8594,22
8595,22
8596,15
8597,15
8598,15
8599,20
8600,20
8601,15
8602,20
8603,15
8604,15
8605,15
8606,15
8607,15
8608,15
8609,15
8610,15
8611,5
8612,5
8613,4
8614,4
8615,5
8616,4
8617,5
8618,16
8619,16
8620,16
8621,16
8622,16
8623,16
8624,5
8625,16
8626,5
8627,9
8628,5
8629,8
8630,8
8631,8
8632,7
8633,8
8634,0
8635,0
8636,15
8637,15
8638,20
8639,15
8640,15
8641,15
8642,20
8643,20
8644,20
8645,15
8646,20
8647,20
8648,20
8649,20
8650,20
8651,15
8652,20
8653,20
8654,20
8655,20
8656,20
8657,20
8658,20
8659,20
8660,20
8661,20
8662,20
8663,20
8664,20
8665,20
8666,20
8667,20
8668,20
8669,20
8670,20
8671,20
8672,20
8673,20
8674,20
8675,22
8676,20
8677,20
8678,20
8679,20
8680,20
8681,20
8682,20
8683,20
8684,20
8685,16
8686,20
8687,20
8688,20
8689,20
8690,22
8691,22
8692,22
8693,22
8694,22
8695,22
8696,22
8697,22
8698,22
8699,22
8700,22
8701,22
8702,22
8703,22
8704,22
8705,22
8706,22
8707,22
8708,22
8709,22
8710,22
8711,22
8712,22
8713,22
8714,22
8715,22
8716,22
8717,22
8718,22
8719,22
8720,22
8721,22
8722,22
8723,22
8724,22
8725,22
8726,22
8727,22
8728,22
8729,22
8730,22
8731,22
8732,22
8733,22
8734,5
8735,22
8736,22
8737,22
8738,22
8739,22
8740,22
8741,22
8742,22
8743,22
8744,22
8745,22
8746,22
8747,22
8748,22
8749,22
8750,22
8751,22
8752,22
8753,22
8754,22
8755,22
8756,22
8757,22
8758,22
8759,22
8760,22
8761,22
8762,22
8763,7
8764,22
8765,22
8766,22
8767,22
8768,22
8769,22
8770,22
8771,22
8772,22
8773,22
8774,22
8775,22
8776,22
8777,23
8778,23
8779,23
8780,23
8781,23
8782,23
8783,15
8784,23
8785,23
8786,15
8787,15
8788,15
8789,15
8790,15
8791,15
8792,24
8793,15
8794,23
8795,15
8796,7
8797,16
8798,16
8799,15
8800,15
8801,15
8802,15
8803,16
8804,15
8805,15
8806,15
8807,15
8808,15
8809,15
8810,24
8811,24
8812,24
8813,24
8814,24
8815,24
8816,15
8817,15
8818,15
8819,15
8820,23
8821,15
8822,15
8823,15
8824,15
8825,15
8826,15
8827,23
8828,23
8829,23
8830,15
8831,7
8832,7
8833,16
8834,23
8835,23
8836,23
8837,16
8838,16
8839,23
8840,23
8841,23
8842,5
8843,4
8844,5
8845,5
8846,5
8847,5
8848,5
8849,5
8850,4
8851,5
8852,19
8853,19
8854,19
8855,5
8856,5
8857,5
8858,16
8859,16
8860,16
8861,16
8862,16
8863,16
8864,16
8865,16
8866,16
8867,16
8868,22
8869,16
8870,16
8871,16
8872,16
8873,16
8874,16
8875,16
8876,22
8877,16
8878,16
8879,7
8880,16
8881,22
8882,16
8883,16
8884,16
8885,16
8886,16
8887,16
8888,16
8889,23
8890,23
8891,21
8892,0
8893,7
8894,2
8895,1
8896,16
8897,21
8898,21
8899,15
8900,15
8901,23
8902,23
8903,23
8904,23
8905,23
8906,19
8907,22
8908,23
8909,23
8910,23
8911,23
8912,23
8913,23
8914,23
8915,23
8916,23
8917,23
8918,19
8919,19
8920,19
8921,19
8922,21
8923,23
8924,23
8925,15
8926,15
8927,15
8928,15
8929,16
8930,15
8931,13
8932,13
8933,13
8934,13
8935,13
8936,15
8937,15
8938,15
8939,15
8940,15
8941,15
8942,23
8943,23
8944,22
8945,16
8946,22
8947,8
8948,7
8949,8
8950,8
8951,23
8952,23
8953,16
8954,18
8955,16
8956,16
8957,16
8958,16
8959,16
8960,16
8961,16
8962,16
8963,16
8964,22
8965,22
8966,13
8967,13
8968,15
8969,15
8970,15
8971,15
8972,15
8973,15
8974,15
8975,15
8976,15
8977,15
8978,15
8979,15
8980,15
8981,15
8982,15
8983,13
8984,13
8985,13
8986,13
8987,15
8988,13
8989,13
8990,23
8991,7
8992,7
8993,5
8994,5
8995,8
8996,8
8997,8
8998,8
8999,8
9000,8
9001,8
9002,18
9003,18
9004,18
9005,18
9006,7
9007,18
9008,18
9009,8
9010,8
9011,8
9012,7
9013,7
9014,16
9015,22
9016,7
9017,7
9018,7
9019,16
9020,21
9021,8
9022,8
9023,18
9024,20
9025,22
9026,20
9027,20
9028,20
9029,20
9030,20
9031,0
9032,21
9033,18
9034,18
9035,16
9036,16
9037,16
9038,16
9039,16
9040,19
9041,15
9042,25
9043,25
9044,25
9045,25
9046,25
9047,25
9048,15
9049,25
9050,25
9051,25
9052,25
9053,16
9054,16
9055,16
9056,5
9057,16
9058,16
9059,16
9060,16
9061,16
9062,16
9063,16
9064,16
9065,22
9066,16
9067,16
9068,16
9069,16
9070,16
9071,16
9072,22
9073,16
9074,16
9075,16
9076,16
9077,16
9078,16
9079,16
9080,16
9081,16
9082,16
9083,16
9084,16
9085,16
9086,16
9087,16
9088,16
9089,16
9090,16
9091,16
9092,16
9093,16
9094,16
9095,16
9096,16
9097,16
9098,16
9099,16
9100,16
9101,16
9102,16
9103,16
9104,16
9105,16
9106,16
9107,16
9108,16
9109,16
9110,16
9111,16
9112,16
9113,16
9114,16
9115,16
9116,16
9117,16
9118,16
9119,16
9120,16
9121,16
9122,16
9123,18
9124,16
9125,18
9126,18
9127,16
9128,16
9129,16
9130,16
9131,16
9132,16
9133,16
9134,16
9135,16
9136,16
9137,16
9138,16
9139,22
9140,16
9141,16
9142,16
9143,16
9144,7
9145,16
9146,16
9147,16
9148,18
9149,16
9150,16
9151,16
9152,16
9153,20
9154,16
9155,16
9156,16
9157,16
9158,16
9159,22
9160,16
9161,16
9162,16
9163,16
9164,8
9165,16
9166,16
9167,16
9168,16
9169,16
9170,16
9171,16
9172,16
9173,16
9174,16
9175,22
9176,8
9177,8
9178,7
9179,7
9180,7
9181,7
9182,7
9183,7
9184,7
9185,7
9186,7
9187,7
9188,7
9189,7
9190,7
9191,7
9192,7
9193,7
9194,7
9195,16
9196,13
9197,13
9198,16
9199,7
9200,13
9201,7
9202,22
9203,7
9204,7
9205,7
9206,7
9207,7
9208,7
9209,7
9210,7
9211,7
9212,7
9213,7
9214,7
9215,7
9216,22
9217,22
9218,7
9219,8
9220,8
9221,22
9222,8
9223,8
9224,8
9225,8
9226,8
9227,5
9228,5
9229,7
9230,7
9231,22
9232,16
9233,16
9234,16
9235,22
9236,16
9237,22
9238,7
9239,7
9240,7
9241,7
9242,7
9243,7
9244,8
9245,8
9246,11
9247,18
9248,8
9249,20
9250,20
9251,7
9252,18
9253,22
9254,5
9255,0
9256,5
9257,5
9258,5
9259,5
9260,5
9261,5
9262,5
9263,5
9264,5
9265,5
9266,5
9267,5
9268,20
9269,5
9270,5
9271,15
9272,11
9273,11
9274,11
9275,20
9276,20
9277,20
9278,20
9279,20
9280,20
9281,5
9282,5
9283,5
9284,5
9285,5
9286,15
9287,22
9288,22
9289,22
9290,16
9291,22
9292,22
9293,15
9294,22
9295,5
9296,4
9297,10
9298,5
9299,20
9300,5
9301,5
9302,20
9303,22
9304,5
9305,5
9306,18
9307,18
9308,18
9309,5
9310,5
9311,19
9312,23
9313,23
9314,23
9315,23
9316,23
9317,23
9318,23
9319,23
9320,23
9321,23
9322,23
9323,23
9324,23
9325,23
9326,23
9327,23
9328,23
9329,23
9330,23
9331,23
9332,23
9333,23
9334,23
9335,23
9336,23
9337,23
9338,23
9339,23
9340,23
9341,23
9342,23
9343,22
9344,22
9345,22
9346,22
9347,22
9348,15
9349,22
9350,16
9351,16
9352,16
9353,5
9354,22
9355,22
9356,22
9357,22
9358,8
9359,8
9360,22
9361,22
9362,22
9363,22
9364,22
9365,22
9366,22
9367,22
9368,22
9369,22
9370,22
9371,22
9372,22
9373,22
9374,25
9375,22
9376,22
9377,22
9378,22
9379,22
9380,22
9381,22
9382,22
9383,22
9384,22
9385,22
9386,16
9387,22
9388,22
9389,22
9390,22
9391,22
9392,16
9393,22
9394,22
9395,22
9396,22
9397,22
9398,22
9399,22
9400,22
9401,22
9402,22
9403,22
9404,22
9405,5
9406,22
9407,16
9408,22
9409,22
9410,22
9411,22
9412,22
9413,22
9414,22
9415,22
9416,22
9417,22
9418,22
9419,22
9420,16
9421,16
9422,8
9423,23
9424,23
9425,23
9426,23
9427,23
9428,23
9429,23
9430,23
9431,23
9432,23
9433,8
9434,8
9435,23
9436,23
9437,21
9438,23
9439,23
9440,23
9441,23
9442,23
9443,23
9444,23
9445,23
9446,23
9447,23
9448,23
9449,23
9450,23
9451,23
9452,23
9453,23
9454,23
9455,23
9456,23
9457,15
9458,23
9459,23
9460,20
9461,23
9462,15
9463,23
9464,23
9465,23
9466,23
9467,23
9468,23
9469,23
9470,23
9471,23
9472,23
9473,23
9474,23
9475,23
9476,16
9477,16
9478,16
9479,16
9480,16
9481,16
9482,23
9483,23
9484,23
9485,23
9486,23
9487,23
9488,21
9489,21
9490,21
9491,23
9492,15
9493,15
9494,15
9495,15
9496,15
9497,15
9498,15
9499,15
9500,15
9501,15
9502,15
9503,15
9504,15
9505,15
9506,15
9507,15
9508,15
9509,15
9510,15
9511,15
9512,15
9513,15
9514,15
9515,15
9516,15
9517,22
9518,15
9519,15
9520,15
9521,15
9522,15
9523,15
9524,15
9525,15
9526,22
9527,15
9528,22
9529,15
9530,15
9531,15
9532,7
9533,15
9534,22
9535,15
9536,15
9537,15
9538,15
9539,22
9540,4
9541,15
9542,20
9543,15
9544,15
9545,15
9546,15
9547,22
9548,22
9549,22
9550,15
9551,15
9552,15
9553,15
9554,15
9555,20
9556,15
9557,15
9558,15
9559,23
9560,23
9561,23
9562,15
9563,7
9564,7
9565,15
9566,15
9567,15
9568,15
9569,15
9570,21
9571,24
9572,24
9573,24
9574,24
9575,24
9576,24
9577,20
9578,20
9579,20
9580,20
9581,20
9582,20
9583,20
9584,20
9585,5
9586,20
9587,20
9588,20
9589,20
9590,20
9591,20
9592,20
9593,20
9594,15
9595,7
9596,20
9597,20
9598,5
9599,20
9600,23
9601,22
9602,22
9603,0
9604,7
9605,16
9606,16
9607,16
9608,16
9609,16
9610,16
9611,22
9612,22
9613,22
9614,22
9615,18
9616,16
9617,16
9618,16
9619,16
9620,16
9621,16
9622,16
9623,16
9624,16
9625,22
9626,22
9627,22
9628,22
9629,22
9630,22
9631,22
9632,22
9633,22
9634,22
9635,16
9636,15
9637,22
9638,22
9639,22
9640,22
9641,22
9642,22
9643,16
9644,9
9645,22
9646,22
9647,22
9648,22
9649,22
9650,4
9651,22
9652,22
9653,22
9654,22
9655,22
9656,22
9657,15
9658,22
9659,22
9660,22
9661,22
9662,15
9663,22
9664,22
9665,22
9666,22
9667,22
9668,22
9669,22
9670,22
9671,22
9672,22
9673,15
9674,15
9675,15
9676,22
9677,22
9678,22
9679,22
9680,4
9681,22
9682,22
9683,22
9684,22
9685,22
9686,22
9687,22
9688,21
9689,23
9690,21
9691,5
9692,7
9693,24
9694,24
9695,4
9696,4
9697,4
9698,4
9699,7
9700,7
9701,7
9702,7
9703,20
9704,7
9705,7
9706,24
9707,15
9708,15
9709,15
9710,13
9711,7
9712,7
9713,7
9714,4
9715,4
9716,7
9717,20
9718,7
9719,5
9720,5
9721,5
9722,15
9723,20
9724,20
9725,20
9726,20
9727,20
9728,20
9729,20
9730,20
9731,20
9732,7
9733,20
9734,15
9735,0
9736,19
9737,15
9738,15
9739,23
9740,15
9741,15
9742,15
9743,15
9744,23
9745,23
9746,20
9747,20
9748,20
9749,20
9750,20
9751,20
9752,20
9753,20
9754,20
9755,20
9756,20
9757,20
9758,20
9759,20
9760,20
9761,20
9762,20
9763,20
9764,21
9765,24
9766,8
9767,22
9768,22
9769,22
9770,22
9771,22
9772,22
9773,15
9774,15
9775,15
9776,9
9777,9
9778,9
9779,9
9780,9
9781,9
9782,9
9783,9
9784,9
9785,9
9786,19
9787,23
9788,9
9789,2
9790,9
9791,9
9792,9
9793,9
9794,9
9795,19
9796,19
9797,19
9798,19
9799,19
9800,16
9801,16
9802,16
9803,16
9804,16
9805,16
9806,16
9807,9
9808,9
9809,9
9810,9
9811,9
9812,9
9813,15
9814,9
9815,9
9816,9
9817,2
9818,9
9819,9
9820,9
9821,9
9822,9
9823,9
9824,23
9825,9
9826,9
9827,19
9828,9
9829,9
9830,9
9831,9
9832,9
9833,9
9834,9
9835,9
9836,19
9837,19
9838,19
9839,23
9840,19
9841,9
9842,9
9843,9
9844,9
9845,9
9846,5
9847,9
9848,9
9849,5
9850,9
9851,9
9852,9
9853,9
9854,4
9855,4
9856,4
9857,5
9858,4
9859,22
9860,5
9861,5
9862,5
9863,15
9864,4
9865,4
9866,5
9867,4
9868,4
9869,7
9870,5
9871,7
9872,23
9873,22
9874,22
9875,22
9876,22
9877,22
9878,22
9879,22
9880,22
9881,22
9882,22
9883,22
9884,22
9885,22
9886,22
9887,22
9888,22
9889,22
9890,22
9891,19
9892,23
9893,19
9894,19
9895,19
9896,2
9897,23
9898,23
9899,9
9900,23
9901,23
9902,23
9903,23
9904,23
9905,23
9906,23
9907,23
9908,23
9909,23
9910,19
9911,23
9912,23
9913,23
9914,23
9915,23
9916,9
9917,23
9918,23
9919,19
9920,8
9921,8
9922,8
9923,8
9924,8
9925,8
9926,22
9927,0
9928,8
9929,8
9930,15
9931,8
9932,8
9933,8
9934,18
9935,8
9936,8
9937,19
9938,19
9939,19
9940,7
9941,7
9942,19
9943,19
9944,19
9945,22
9946,16
9947,19
9948,8
9949,8
9950,8
9951,8
9952,7
9953,7
9954,7
9955,7
9956,7
9957,7
9958,7
9959,0
9960,0
9961,0
9962,7
9963,7
9964,8
9965,8
9966,8
9967,19
9968,18
9969,16
9970,16
9971,15
9972,5
9973,5
9974,5
9975,5
9976,5
9977,16
9978,16
9979,16
9980,3
9981,15
9982,4
9983,5
9984,23
9985,23
9986,23
9987,23
9988,22
9989,22
9990,22
9991,22
9992,4
9993,22
9994,22
9995,4
9996,22
9997,22
9998,22
9999,22
10000,22
10001,10
10002,10
10003,10
10004,10
10005,10
10006,20
10007,8
10008,7
10009,7
10010,7
10011,7
10012,7
10013,7
10014,7
10015,7
10016,7
10017,7
10018,19
10019,5
10020,15
10021,15
10022,15
10023,15
10024,15
10025,15
10026,15
10027,15
10028,15
10029,15
10030,15
10031,15
10032,5
10033,15
10034,5
10035,15
10036,15
10037,15
10038,15
10039,15
10040,15
10041,15
10042,15
10043,5
10044,15
10045,5
10046,5
10047,20
10048,20
10049,20
10050,5
10051,5
10052,22
10053,22
10054,5
10055,1
10056,2
10057,2
10058,2
10059,21
10060,22
10061,20
10062,20
10063,20
10064,20
10065,0
10066,15
10067,15
10068,20
10069,23
10070,23
10071,23
10072,15
10073,15
10074,15
10075,15
10076,15
10077,4
10078,4
10079,4
10080,22
10081,4
10082,4
10083,4
10084,5
10085,4
10086,5
10087,4
10088,20
10089,22
10090,22
10091,22
10092,22
10093,22
10094,22
10095,22
10096,22
10097,22
10098,22
10099,22
10100,22
10101,22
10102,22
10103,22
10104,22
10105,22
10106,22
10107,22
10108,22
10109,22
10110,22
10111,22
10112,22
10113,22
10114,22
10115,22
10116,22
10117,22
10118,22
10119,22
10120,22
10121,22
10122,22
10123,22
10124,22
10125,22
10126,22
10127,22
10128,22
10129,22
10130,7
10131,22
10132,22
10133,22
10134,22
10135,22
10136,22
10137,22
10138,22
10139,22
10140,22
10141,22
10142,22
10143,22
10144,22
10145,22
10146,22
10147,5
10148,22
10149,22
10150,22
10151,22
10152,22
10153,22
10154,22
10155,22
10156,22
10157,22
10158,22
10159,21
10160,19
10161,15
10162,19
10163,22
10164,15
10165,22
10166,13
10167,13
10168,13
10169,13
10170,13
10171,13
10172,13
10173,13
10174,13
10175,13
10176,13
10177,13
10178,13
10179,13
10180,13
10181,15
10182,13
10183,13
10184,13
10185,13
10186,13
10187,13
10188,13
10189,13
10190,13
10191,13
10192,13
10193,13
10194,13
10195,13
10196,13
10197,13
10198,13
10199,13
10200,13
10201,13
10202,13
10203,13
10204,13
10205,13
10206,13
10207,13
10208,13
10209,13
10210,13
10211,7
10212,16
10213,16
10214,21
10215,16
10216,16
10217,16
10218,18
10219,18
10220,4
10221,20
10222,20
10223,20
10224,20
10225,20
10226,20
10227,22
10228,8
10229,11
10230,8
10231,16
10232,22
10233,22
10234,22
10235,22
10236,22
10237,22
10238,22
10239,22
10240,22
10241,22
10242,6
10243,6
10244,6
10245,6
10246,6
10247,20
10248,13
10249,13
10250,16
10251,13
10252,13
10253,13
10254,22
10255,11
10256,11
10257,13
10258,13
10259,16
10260,22
10261,16
10262,11
10263,18
10264,18
10265,11
10266,18
10267,18
10268,18
10269,18
10270,23
10271,8
10272,18
10273,7
10274,7
10275,8
10276,8
10277,11
10278,7
10279,16
10280,16
10281,16
10282,16
10283,16
10284,16
10285,16
10286,16
10287,23
10288,16
10289,16
10290,16
10291,16
10292,16
10293,13
10294,13
10295,13
10296,13
10297,13
10298,22
10299,22
10300,22
10301,22
10302,22
10303,22
10304,22
10305,22
10306,22
10307,22
10308,22
10309,22
10310,22
10311,22
10312,22
10313,22
10314,22
10315,22
10316,22
10317,22
10318,22
10319,22
10320,22
10321,22
10322,22
10323,22
10324,22
10325,22
10326,22
10327,22
10328,22
10329,22
10330,16
10331,22
10332,23
10333,0
10334,21
10335,21
10336,21
10337,21
10338,15
10339,15
10340,21
10341,21
10342,21
10343,21
10344,21
10345,21
10346,21
10347,21
10348,21
10349,21
10350,21
10351,21
10352,21
10353,21
10354,21
10355,23
10356,23
10357,21
10358,21
10359,15
10360,23
10361,8
10362,23
10363,21
10364,21
10365,23
10366,23
10367,23
10368,23
10369,23
10370,23
10371,23
10372,21
10373,16
10374,16
10375,2
10376,2
10377,2
10378,2
10379,2
10380,19
10381,2
10382,23
10383,23
10384,23
10385,21
10386,23
10387,21
10388,19
10389,23
10390,20
10391,5
10392,5
10393,5
10394,5
10395,21
10396,21
10397,5
10398,21
10399,22
10400,5
10401,5
10402,5
10403,5
10404,5
10405,5
10406,5
10407,2
10408,22
10409,22
10410,22
10411,5
10412,22
10413,22
10414,22
10415,22
10416,20
10417,20
10418,22
10419,22
10420,22
10421,22
10422,22
10423,22
10424,5
10425,22
10426,22
10427,22
10428,22
10429,22
10430,15
10431,22
10432,23
10433,5
10434,5
10435,5
10436,5
10437,5
10438,16
10439,18
10440,13
10441,15
10442,0
10443,0
10444,5
10445,0
10446,23
10447,0
10448,0
10449,0
10450,0
10451,0
10452,0
10453,0
10454,0
10455,25
10456,5
10457,8
10458,8
10459,8
10460,5
10461,20
10462,20
10463,5
10464,15
10465,15
10466,15
10467,15
10468,15
10469,15
10470,15
10471,15
10472,4
10473,7
10474,15
10475,15
10476,15
10477,15
10478,15
10479,5
10480,5
10481,5
10482,5
10483,22
10484,8
10485,8
10486,8
10487,18
10488,15
10489,15
10490,19
10491,19
10492,22
10493,22
10494,22
10495,22
10496,22
10497,22
10498,22
10499,18
10500,22
10501,22
10502,22
10503,22
10504,22
10505,22
10506,22
10507,22
10508,22
10509,22
10510,22
10511,22
10512,22
10513,22
10514,22
10515,22
10516,22
10517,22
10518,22
10519,22
10520,22
10521,22
10522,22
10523,22
10524,16
10525,22
10526,22
10527,16
10528,16
10529,22
10530,22
10531,22
10532,22
10533,22
10534,22
10535,22
10536,15
10537,16
10538,16
10539,16
10540,16
10541,16
10542,15
10543,16
10544,13
10545,13
10546,13
10547,13
10548,15
10549,15
10550,22
10551,22
10552,8
10553,8
10554,22
10555,22
10556,16
10557,22
10558,22
10559,22
10560,22
10561,22
10562,22
10563,22
10564,22
10565,22
10566,22
10567,22
10568,22
10569,0
10570,16
10571,16
10572,22
10573,7
10574,7
10575,7
10576,13
10577,13
10578,16
10579,5
10580,16
10581,16
10582,7
10583,7
10584,7
10585,7
10586,20
10587,20
10588,7
10589,7
10590,7
10591,18
10592,16
10593,16
10594,13
10595,13
10596,13
10597,13
10598,16
10599,16
10600,20
10601,16
10602,21
10603,16
10604,22
10605,16
10606,22
10607,22
10608,22
10609,22
10610,16
10611,15
10612,15
10613,11
10614,13
10615,13
10616,13
10617,13
10618,13
10619,13
10620,13
10621,13
10622,20
10623,20
10624,20
10625,20
10626,20
10627,20
10628,20
10629,5
10630,1
10631,1
10632,5
10633,8
10634,15
10635,4
10636,4
10637,4
10638,0
10639,20
10640,20
10641,20
10642,20
10643,20
10644,20
10645,23
10646,23
10647,23
10648,20
10649,20
10650,20
10651,22
10652,22
10653,20
10654,23
10655,23
10656,23
10657,23
10658,7
10659,23
10660,23
10661,23
10662,23
10663,1
10664,1
10665,1
10666,1
10667,21
10668,21
10669,5
10670,2
10671,2
10672,2
10673,2
10674,2
10675,2
10676,2
10677,2
10678,2
10679,2
10680,20
10681,20
10682,20
10683,20
10684,20
10685,22
10686,17
10687,20
10688,19
10689,11
10690,23
10691,11
10692,23
10693,23
10694,23
10695,23
10696,23
10697,23
10698,23
10699,23
10700,7
10701,7
10702,7
10703,7
10704,7
10705,7
10706,9
10707,9
10708,9
10709,9
10710,9
10711,9
10712,9
10713,22
10714,7
10715,8
10716,8
10717,2
10718,23
10719,8
10720,0
10721,0
10722,0
10723,0
10724,5
10725,21
10726,19
10727,0
10728,0
10729,0
10730,23
10731,23
10732,22
10733,4
10734,2
10735,8
10736,8
10737,8
10738,1
10739,1
10740,19
10741,19
10742,15
10743,8
10744,21
10745,21
10746,21
10747,21
10748,21
10749,21
10750,21
10751,21
10752,21
10753,21
10754,21
10755,23
10756,21
10757,21
10758,19
10759,5
10760,23
10761,8
10762,19
10763,8
10764,21
10765,21
10766,5
10767,5
10768,19
10769,21
10770,21
10771,21
10772,21
10773,21
10774,21
10775,21
10776,21
10777,21
10778,21
10779,21
10780,21
10781,21
10782,21
10783,21
10784,21
10785,21
10786,21
10787,21
10788,21
10789,21
10790,21
10791,21
10792,21
10793,21
10794,21
10795,21
10796,21
10797,21
10798,21
10799,21
10800,21
10801,21
10802,21
10803,21
10804,21
10805,21
10806,21
10807,21
10808,21
10809,2
10810,21
10811,21
10812,21
10813,21
10814,21
10815,21
10816,21
10817,21
10818,21
10819,21
10820,21
10821,21
10822,21
10823,21
10824,21
10825,21
10826,1
10827,21
10828,21
10829,21
10830,21
10831,21
10832,21
10833,18
10834,21
10835,21
10836,21
10837,21
10838,21
10839,21
10840,21
10841,21
10842,21
10843,21
10844,21
10845,21
10846,21
10847,25
10848,25
10849,8
10850,15
10851,22
10852,21
10853,11
10854,23
10855,23
10856,19
10857,23
10858,23
10859,23
10860,23
10861,23
10862,1
10863,8
10864,15
10865,15
10866,15
10867,16
10868,8
10869,15
10870,21
10871,21
10872,19
10873,19
10874,12
10875,8
10876,8
10877,7
10878,24
10879,11
10880,12
10881,20
10882,4
10883,15
10884,11
10885,23
10886,22
10887,23
10888,23
10889,23
10890,20
10891,23
10892,0
10893,0
10894,0
10895,16
10896,16
10897,16
10898,16
10899,21
10900,5
10901,15
10902,23
10903,11
10904,11
10905,23
10906,16
10907,0
10908,0
10909,0
10910,16
10911,21
10912,21
10913,21
10914,21
10915,21
10916,21
10917,21
10918,15
10919,23
10920,11
10921,11
10922,11
10923,11
10924,22
10925,22
10926,0
10927,0
10928,16
10929,0
10930,8
10931,23
10932,1
10933,0
10934,15
10935,23
10936,23
10937,23
10938,4
10939,4
10940,4
10941,4
10942,5
10943,21
10944,21
10945,21
10946,21
10947,21
10948,21
10949,21
10950,21
10951,21
10952,21
10953,21
10954,21
10955,21
10956,21
10957,21
10958,21
10959,21
10960,21
10961,19
10962,21
10963,21
10964,16
10965,23
10966,21
10967,21
10968,21
10969,21
10970,21
10971,21
10972,21
10973,21
10974,5
10975,21
10976,21
10977,21
10978,21
10979,21
10980,21
10981,21
10982,21
10983,21
10984,21
10985,21
10986,21
10987,2
10988,19
10989,2
10990,13
10991,22
10992,22
10993,22
10994,22
10995,22
10996,23
10997,21
10998,21
10999,21
11000,21
11001,21
11002,21
11003,21
11004,21
11005,22
11006,22
11007,22
11008,22
11009,19
11010,22
11011,18
11012,18
11013,21
11014,21
11015,21
11016,16
11017,21
11018,20
11019,20
11020,20
11021,4
11022,20
11023,20
11024,20
11025,20
11026,16
11027,16
11028,16
11029,16
11030,16
11031,16
11032,16
11033,16
11034,16
11035,16
11036,21
11037,16
11038,15
11039,3
11040,4
11041,20
11042,20
11043,15
11044,15
11045,15
11046,7
11047,7
11048,11
11049,20
11050,20
11051,5
11052,23
11053,23
11054,23
11055,15
11056,8
11057,8
11058,8
11059,16
11060,5
11061,5
11062,5
11063,22
11064,23
11065,23
11066,8
11067,8
11068,8
11069,23
11070,23
11071,23
11072,23
11073,15
11074,15
11075,15
11076,4
11077,4
11078,4
11079,23
11080,22
11081,22
11082,0
11083,0
11084,25
11085,7
11086,7
11087,7
11088,15
11089,20
11090,22
11091,4
11092,15
11093,15
11094,15
11095,7
11096,19
11097,9
11098,1
11099,1
11100,1
11101,1
11102,5
11103,5
11104,22
11105,4
11106,4
11107,4
11108,4
11109,15
11110,15
11111,15
11112,15
11113,15
11114,15
11115,22
11116,22
11117,22
11118,16
11119,15
11120,15
11121,15
11122,15
11123,21
11124,21
11125,21
11126,21
11127,7
11128,7
11129,1
11130,2
11131,15
11132,5
11133,5
11134,5
11135,5
11136,5
11137,5
11138,5
11139,16
11140,23
11141,23
11142,23
11143,15
11144,16
11145,16
11146,16
11147,23
11148,15
11149,8
11150,19
11151,23
11152,15
11153,15
11154,19
11155,5
11156,17
11157,17
11158,17
11159,17
11160,17
11161,17
11162,17
11163,5
11164,5
11165,4
11166,22
11167,22
11168,22
11169,16
11170,16
11171,22
11172,22
11173,0
11174,16
11175,16
11176,16
11177,15
11178,15
11179,23
11180,23
11181,23
11182,23
11183,23
11184,23
11185,23
11186,23
11187,23
11188,23
11189,9
11190,23
11191,23
11192,9
11193,9
11194,15
11195,15
11196,1
11197,1
11198,1
11199,1
11200,19
11201,19
11202,19
11203,8
11204,23
11205,23
11206,23
11207,4
11208,22
11209,22
11210,5
11211,23
11212,23
11213,15
11214,7
11215,5
11216,22
11217,22
11218,21
11219,21
11220,16
11221,16
11222,1
11223,21
11224,21
11225,21
11226,21
11227,18
11228,22
11229,22
11230,22
11231,22
11232,16
11233,22
11234,0
11235,7
11236,7
11237,15
11238,15
11239,15
11240,15
11241,15
11242,16
11243,21
11244,21
11245,23
11246,21
11247,21
11248,21
11249,21
11250,21
11251,21
11252,15
11253,20
11254,8
11255,8
11256,7
11257,7
11258,5
11259,23
11260,7
11261,5
11262,15
11263,5
11264,5
11265,5
11266,5
11267,5
11268,16
11269,23
11270,23
11271,16
11272,5
11273,15
11274,15
11275,7
11276,23
11277,21
11278,23
11279,5
11280,22
11281,15
11282,15
11283,11
11284,11
11285,22
11286,21
11287,9
11288,23
11289,23
11290,22
11291,15
11292,23
11293,23
11294,23
11295,8
11296,8
11297,1
11298,8
11299,15
11300,19
11301,8
11302,8
11303,8
11304,8
11305,8
11306,21
11307,21
11308,16
11309,21
11310,24
11311,24
11312,24
11313,24
11314,24
11315,24
11316,24
11317,24
11318,24
11319,24
11320,24
11321,24
11322,24
11323,24
11324,19
11325,1
11326,1
11327,19
11328,22
11329,22
11330,22
11331,22
11332,22
11333,23
11334,23
11335,21
11336,3
11337,3
11338,22
11339,22
11340,23
11341,23
11342,11
11343,11
11344,19
11345,2
11346,5
11347,23
11348,22
11349,22
11350,0
11351,23
11352,16
11353,16
11354,23
11355,23
11356,0
11357,18
11358,0
11359,0
11360,0
11361,0
11362,0
11363,0
11364,0
11365,0
11366,0
11367,0
11368,15
11369,19
11370,9
11371,9
11372,5
11373,16
11374,7
11375,0
11376,0
11377,0
11378,16
11379,20
11380,7
11381,20
11382,20
11383,20
11384,20
11385,20
11386,20
11387,22
11388,23
11389,23
11390,23
11391,0
11392,0
11393,11
11394,11
11395,16
11396,16
11397,16
11398,16
11399,23
11400,21
11401,20
11402,20
11403,15
11404,15
11405,15
11406,15
11407,24
11408,15
11409,15
11410,15
11411,23
11412,21
11413,21
11414,21
11415,21
11416,21
11417,21
11418,11
11419,7
11420,7
11421,7
11422,24
11423,24
11424,24
11425,24
11426,24
11427,24
11428,15
11429,15
11430,14
11431,22
11432,5
11433,16
11434,16
11435,16
11436,16
11437,16
11438,20
11439,20
11440,20
11441,20
11442,15
11443,7
11444,20
11445,5
11446,15
11447,15
11448,15
11449,16
11450,19
11451,15
11452,15
11453,0
11454,11
11455,23
11456,23
11457,11
11458,11
11459,11
11460,11
11461,19
11462,5
11463,5
11464,19
11465,22
11466,16
11467,22
11468,22
11469,22
11470,20
11471,20
11472,5
11473,15
11474,15
11475,11
11476,22
11477,5
11478,24
11479,15
11480,8
11481,8
11482,8
11483,15
11484,15
11485,15
11486,15
11487,15
11488,5
11489,19
11490,4
11491,2
11492,2
11493,15
11494,15
11495,15
11496,25
11497,25
11498,13
11499,13
11500,19
11501,19
11502,23
11503,9
11504,8
11505,9
11506,15
11507,19
11508,22
11509,22
11510,12
11511,12
11512,12
11513,12
11514,21
11515,21
11516,22
11517,0
11518,0
11519,16
11520,16
11521,16
11522,14
11523,14
11524,5
11525,5
11526,16
11527,16
11528,16
11529,21
11530,22
11531,13
11532,11
11533,11
11534,11
11535,2
11536,2
11537,8
11538,16
11539,14
11540,23
11541,23
11542,23
11543,15
11544,5
11545,5
11546,5
11547,22
11548,22
11549,22
11550,23
11551,22
11552,22
11553,22
11554,22
11555,22
11556,22
11557,0
11558,15
11559,14
11560,14
11561,9
11562,5
11563,22
11564,22
11565,22
11566,4
11567,22
11568,8
11569,8
11570,8
11571,13
11572,22
11573,19
11574,5
11575,15
11576,15
11577,5
11578,15
11579,15
11580,16
11581,16
11582,23
11583,15
11584,8
11585,8
11586,23
11587,15
11588,20
11589,23
11590,23
11591,21
11592,15
11593,18
11594,0
11595,22
11596,9
11597,9
11598,9
11599,9
11600,19
11601,16
11602,8
11603,8
11604,5
11605,4
11606,4
11607,4
11608,8
11609,8
11610,16
11611,21
11612,21
11613,21
11614,12
11615,12
11616,12
11617,12
11618,12
11619,16
11620,23
11621,22
11622,0
11623,0
11624,15
11625,8
11626,16
11627,21
11628,21
11629,13
11630,13
11631,13
11632,20
11633,23
11634,23
11635,23
11636,15
11637,8
11638,8
11639,21
11640,23
11641,16
11642,16
11643,4
11644,4
11645,15
11646,18
11647,16
11648,16
11649,16
11650,16
11651,16
11652,16
11653,22
11654,18
11655,21
11656,7
11657,16
11658,16
11659,16
11660,16
11661,13
11662,13
11663,22
11664,8
11665,8
11666,8
11667,16
11668,16
11669,16
11670,16
11671,16
11672,23
11673,8
11674,8
11675,23
11676,23
11677,0
11678,0
11679,2
11680,2
11681,16
11682,11
11683,11
11684,16
11685,24
11686,19
11687,19
11688,16
11689,18
11690,18
11691,21
11692,21
11693,18
11694,23
11695,11
11696,23
11697,23
11698,23
11699,24
11700,24
11701,24
11702,24
11703,23
11704,23
11705,22
11706,8
11707,8
11708,3
11709,15
11710,16
11711,16
11712,15
11713,13
11714,13
11715,22
11716,16
11717,16
11718,16
11719,16
11720,16
11721,5
11722,21
11723,21
11724,24
11725,15
11726,15
11727,5
11728,8
11729,8
11730,12
11731,12
11732,12
11733,16
11734,9
11735,7
11736,16
11737,1
11738,8
11739,22
11740,19
11741,21
11742,12
11743,20
11744,20
11745,19
11746,0
11747,23
11748,16
11749,16
11750,15
11751,15
11752,20
11753,20
11754,20
11755,20
11756,20
11757,8
11758,8
11759,8
11760,16
11761,15
11762,15
11763,20
11764,18
11765,14
11766,14
11767,14
11768,7
11769,7
11770,16
11771,16
11772,16
11773,5
11774,15
11775,2
11776,2
11777,2
11778,2
11779,2
11780,2
11781,15
11782,15
11783,15
11784,5
11785,5
11786,15
11787,15
11788,21
11789,22
11790,5
11791,23
11792,2
11793,2
11794,8
11795,16
11796,8
11797,13
11798,15
11799,15
11800,15
11801,15
11802,16
11803,16
11804,8
11805,8
11806,8
11807,19
11808,5
11809,19
11810,21
11811,21
11812,5
11813,16
11814,16
11815,16
11816,22
11817,19
11818,5
11819,4
11820,20
11821,15
11822,23
11823,15
11824,13
11825,8
11826,5
11827,5
11828,24
11829,18
11830,22
11831,0
11832,15
11833,22
11834,22
11835,0
11836,15
11837,23
11838,23
11839,22
11840,8
11841,22
11842,21
11843,15
11844,19
11845,11
11846,11
11847,11
11848,8
11849,5
11850,11
11851,7
11852,20
11853,20
11854,16
11855,21
11856,13
11857,12
11858,12
11859,5
11860,8
11861,24
11862,8
11863,21
11864,8
11865,16
11866,8
11867,15
11868,22
11869,22
11870,23
11871,23
11872,16
11873,23
11874,17
11875,22
11876,22
11877,5
11878,22
11879,5
11880,22
11881,20
11882,12
11883,22
11884,21
11885,5
11886,23
11887,0
11888,19
11889,19
11890,19
11891,22
11892,22
11893,22
11894,15
11895,23
11896,22
11897,7
11898,15
11899,8
11900,24
11901,2
11902,9
11903,9
11904,18
11905,16
11906,1
11907,16
11908,21
11909,24
11910,15
11911,15
11912,8
11913,9
11914,9
11915,21
11916,24
11917,23
11918,18
11919,22
11920,15
11921,15
11922,1
11923,23
11924,19
11925,16
11926,16
11927,15
11928,15
11929,14
11930,14
11931,13
11932,19
11933,19
11934,15
11935,8
11936,22
11937,22
11938,19
11939,16
11940,23
11941,15
11942,15
11943,19
11944,23
11945,16
11946,22
