node,community
0,9
1,9
2,9
3,9
4,9
5,9
6,23
7,9
8,9
9,23
10,9
11,9
12,9
13,9
14,9
15,9
16,9
17,9
18,9
19,9
20,9
21,9
22,9
23,9
24,9
25,9
26,9
27,9
28,9
29,9
30,9
31,9
32,9
33,9
34,9
35,9
36,9
37,9
38,9
39,9
40,9
41,9
42,9
43,9
44,9
45,9
46,9
47,9
48,9
49,9
50,9
51,9
52,9
53,9
54,10
55,9
56,17
57,17
58,9
59,9
60,9
61,9
62,9
63,9
64,9
65,9
66,9
67,9
68,9
69,9
70,9
71,9
72,9
73,9
74,9
75,9
76,9
77,9
78,9
79,9
80,9
81,23
82,23
83,23
84,9
85,9
86,9
87,5
88,21
89,9
90,9
91,1
92,21
93,23
94,23
95,9
96,23
97,23
98,23
99,9
100,9
101,9
102,23
103,23
104,10
105,9
106,9
107,9
108,23
109,8
110,23
111,9
112,23
113,23
114,9
115,9
116,9
117,10
118,9
119,9
120,9
121,9
122,9
123,9
124,9
125,9
126,9
127,9
128,9
129,9
130,9
131,9
132,9
133,9
134,9
135,9
136,9
137,8
138,5
139,9
140,9
141,9
142,9
143,9
144,9
145,9
146,9
147,9
148,9
149,9
150,9
151,9
152,9
153,9
154,9
155,9
156,9
157,9
158,9
159,15
160,9
161,10
162,10
163,10
164,10
165,9
166,1
167,21
168,9
169,9
170,9
171,9
172,9
173,9
174,9
175,1
176,1
177,9
178,1
179,9
180,9
181,9
182,9
183,21
184,21
185,9
186,9
187,1
188,9
189,15
190,8
191,21
192,9
193,9
194,10
195,9
196,9
197,9
198,9
199,15
200,15
201,9
202,15
203,9
204,9
205,1
206,1
207,9
208,9
209,9
210,8
211,9
212,9
213,9
214,9
215,9
216,9
217,9
218,22
219,9
220,9
221,9
222,9
223,9
224,9
225,9
226,9
227,9
228,9
229,9
230,9
231,5
232,17
233,9
234,17
235,17
236,17
237,1
238,1
239,23
240,23
241,9
242,9
243,9
244,9
245,9
246,9
247,9
248,9
249,17
250,9
251,17
252,23
253,23
254,5
255,9
256,17
257,9
258,9
259,9
260,9
261,9
262,9
263,9
264,9
265,9
266,9
267,9
268,9
269,9
270,9
271,9
272,9
273,9
274,9
275,9
276,9
277,9
278,10
279,9
280,9
281,9
282,9
283,9
284,17
285,17
286,17
287,18
288,17
289,17
290,17
291,17
292,17
293,17
294,17
295,17
296,17
297,17
298,17
299,17
300,17
301,17
302,17
303,17
304,17
305,17
306,17
307,17
308,17
309,17
310,17
311,17
312,17
313,17
314,17
315,17
316,17
317,5
318,17
319,17
320,17
321,20
322,17
323,17
324,17
325,17
326,17
327,17
328,17
329,17
330,17
331,23
332,23
333,23
334,23
335,23
336,23
337,23
338,23
339,23
340,23
341,23
342,10
343,23
344,23
345,23
346,23
347,23
348,23
349,23
350,23
351,23
352,23
353,23
354,23
355,23
356,23
357,23
358,23
359,22
360,23
361,23
362,23
363,23
364,23
365,23
366,23
367,23
368,23
369,23
370,23
371,10
372,10
373,23
374,23
375,23
376,23
377,23
378,23
379,23
380,9
381,23
382,23
383,23
384,10
385,23
386,5
387,5
388,9
389,9
390,23
391,17
392,17
393,17
394,17
395,17
396,9
397,9
398,9
399,9
400,9
401,9
402,9
403,9
404,23
405,9
406,9
407,9
408,9
409,9
410,9
411,9
412,9
413,9
414,9
415,5
416,9
417,9
418,9
419,9
420,9
421,10
422,1
423,9
424,9
425,9
426,9
427,23
428,9
429,9
430,9
431,9
432,10
433,10
434,10
435,10
436,10
437,9
438,10
439,9
440,9
441,10
442,9
443,10
444,9
445,9
446,9
447,10
448,1
449,23
450,23
451,9
452,9
453,9
454,23
455,1
456,9
457,9
458,9
459,23
460,23
461,23
462,9
463,23
464,9
465,9
466,9
467,9
468,23
469,9
470,9
471,17
472,5
473,5
474,5
475,5
476,5
477,17
478,5
479,20
480,1
481,9
482,10
483,10
484,9
485,23
486,9
487,9
488,9
489,4
490,9
491,9
492,9
493,22
494,9
495,9
496,10
497,10
498,10
499,10
500,10
501,10
502,10
503,10
504,9
505,9
506,10
507,10
508,9
509,1
510,1
511,1
512,9
513,9
514,22
515,9
516,9
517,9
518,9
519,9
520,9
521,9
522,9
523,9
524,9
525,9
526,23
527,10
528,9
529,9
530,9
531,9
532,9
533,17
534,9
535,17
536,9
537,9
538,9
539,9
540,9
541,9
542,23
543,9
544,9
545,10
546,9
547,9
548,5
549,23
550,23
551,23
552,23
553,23
554,23
555,23
556,23
557,20
558,5
559,20
560,23
561,17
562,23
563,5
564,23
565,23
566,23
567,23
568,9
569,9
570,9
571,9
572,9
573,9
574,9
575,9
576,1
577,22
578,9
579,9
580,9
581,9
582,10
583,10
584,10
585,10
586,23
587,10
588,10
589,10
590,10
591,10
592,10
593,10
594,1
595,10
596,10
597,10
598,10
599,10
600,10
601,10
602,10
603,10
604,10
605,10
606,10
607,10
608,10
609,10
610,10
611,10
612,10
613,10
614,10
615,10
616,10
617,10
618,10
619,10
620,10
621,10
622,10
623,10
624,10
625,10
626,10
627,10
628,10
629,10
630,10
631,23
632,23
633,10
634,10
635,9
636,23
637,10
638,10
639,10
640,1
641,10
642,9
643,10
644,9
645,9
646,9
647,9
648,10
649,10
650,10
651,10
652,23
653,10
654,10
655,10
656,10
657,10
658,10
659,10
660,1
661,10
662,10
663,1
664,21
665,15
666,15
667,9
668,20
669,9
670,13
671,9
672,17
673,9
674,9
675,9
676,10
677,9
678,9
679,9
680,23
681,9
682,9
683,9
684,23
685,9
686,9
687,9
688,9
689,9
690,9
691,1
692,10
693,9
694,9
695,9
696,1
697,9
698,9
699,9
700,5
701,9
702,10
703,9
704,1
705,10
706,10
707,9
708,10
709,9
710,9
711,9
712,9
713,19
714,9
715,10
716,10
717,10
718,10
719,22
720,1
721,1
722,1
723,1
724,1
725,10
726,10
727,10
728,17
729,23
730,17
731,9
732,23
733,23
734,17
735,9
736,9
737,17
738,23
739,9
740,22
741,9
742,22
743,17
744,17
745,20
746,17
747,17
748,17
749,13
750,13
751,17
752,17
753,17
754,17
755,17
756,17
757,17
758,5
759,17
760,17
761,17
762,17
763,17
764,17
765,17
766,17
767,23
768,23
769,23
770,21
771,23
772,23
773,23
774,23
775,23
776,23
777,23
778,23
779,23
780,20
781,23
782,23
783,23
784,23
785,23
786,23
787,23
788,23
789,23
790,23
791,23
792,17
793,17
794,17
795,17
796,17
797,17
798,9
799,9
800,13
801,17
802,13
803,17
804,17
805,13
806,9
807,17
808,9
809,9
810,9
811,10
812,9
813,9
814,17
815,17
816,17
817,17
818,17
819,23
820,17
821,13
822,23
823,10
824,22
825,9
826,9
827,9
828,9
829,9
830,9
831,9
832,9
833,9
834,9
835,23
836,9
837,9
838,9
839,9
840,9
841,22
842,10
843,10
844,22
845,22
846,22
847,22
848,22
849,22
850,22
851,22
852,9
853,9
854,9
855,9
856,9
857,9
858,9
859,9
860,9
861,23
862,9
863,9
864,9
865,23
866,9
867,9
868,10
869,9
870,1
871,10
872,10
873,10
874,10
875,23
876,10
877,1
878,10
879,10
880,10
881,10
882,10
883,10
884,9
885,9
886,23
887,23
888,23
889,23
890,23
891,23
892,23
893,9
894,23
895,1
896,9
897,9
898,22
899,23
900,23
901,23
902,23
903,23
904,23
905,20
906,23
907,23
908,20
909,23
910,23
911,23
912,23
913,23
914,23
915,23
916,23
917,23
918,20
919,23
920,23
921,23
922,23
923,23
924,23
925,23
926,23
927,23
928,23
929,23
930,23
931,23
932,23
933,23
934,17
935,23
936,23
937,23
938,23
939,20
940,23
941,23
942,23
943,23
944,21
945,23
946,23
947,23
948,23
949,20
950,9
951,20
952,20
953,23
954,9
955,22
956,23
957,20
958,20
959,23
960,23
961,9
962,20
963,9
964,23
965,23
966,23
967,9
968,1
969,1
970,20
971,23
972,20
973,20
974,10
975,9
976,9
977,9
978,9
979,9
980,9
981,5
982,9
983,9
984,9
985,9
986,9
987,9
988,9
989,8
990,23
991,20
992,1
993,9
994,23
995,23
996,23
997,23
998,23
999,23
1000,23
1001,23
1002,23
1003,23
1004,23
1005,23
1006,23
1007,23
1008,23
1009,23
1010,20
1011,23
1012,23
1013,20
1014,23
1015,23
1016,23
1017,23
1018,23
1019,23
1020,23
1021,23
1022,23
1023,19
1024,23
1025,23
1026,20
1027,23
1028,21
1029,21
1030,21
1031,21
1032,0
1033,21
1034,21
1035,21
1036,21
1037,21
1038,21
1039,21
1040,21
1041,21
1042,21
1043,21
1044,21
1045,21
1046,21
1047,21
1048,21
1049,5
1050,17
1051,21
1052,21
1053,0
1054,17
1055,17
1056,5
1057,21
1058,17
1059,8
1060,21
1061,21
1062,21
1063,20
1064,4
1065,21
1066,21
1067,21
1068,21
1069,21
1070,21
1071,21
1072,21
1073,21
1074,21
1075,21
1076,21
1077,21
1078,21
1079,21
1080,21
1081,21
1082,0
1083,20
1084,4
1085,21
1086,23
1087,17
1088,17
1089,21
1090,21
1091,21
1092,21
1093,21
1094,21
1095,21
1096,21
1097,21
1098,21
1099,21
1100,21
1101,21
1102,20
1103,20
1104,21
1105,21
1106,21
1107,21
1108,21
1109,21
1110,21
1111,21
1112,21
1113,21
1114,21
1115,21
1116,21
1117,21
1118,21
1119,21
1120,21
1121,21
1122,21
1123,21
1124,20
1125,23
1126,21
1127,21
1128,21
1129,21
1130,21
1131,21
1132,21
1133,21
1134,21
1135,21
1136,21
1137,21
1138,21
1139,21
1140,21
1141,21
1142,21
1143,17
1144,20
1145,21
1146,21
1147,23
1148,20
1149,21
1150,17
1151,21
1152,21
1153,21
1154,21
1155,21
1156,21
1157,21
1158,21
1159,21
1160,21
1161,21
1162,21
1163,21
1164,21
1165,21
1166,21
1167,20
1168,21
1169,21
1170,20
1171,23
1172,23
1173,23
1174,23
1175,23
1176,20
1177,23
1178,23
1179,23
1180,23
1181,23
1182,5
1183,23
1184,23
1185,23
1186,23
1187,23
1188,23
1189,23
1190,23
1191,23
1192,23
1193,23
1194,23
1195,23
1196,23
1197,23
1198,23
1199,23
1200,20
1201,23
1202,23
1203,23
1204,23
1205,23
1206,23
1207,23
1208,23
1209,23
1210,23
1211,5
1212,23
1213,23
1214,23
1215,23
1216,23
1217,23
1218,23
1219,5
1220,13
1221,23
1222,13
1223,23
1224,23
1225,23
1226,23
1227,23
1228,20
1229,20
1230,23
1231,23
1232,20
1233,23
1234,23
1235,23
1236,23
1237,23
1238,23
1239,23
1240,23
1241,23
1242,20
1243,23
1244,23
1245,23
1246,23
1247,23
1248,23
1249,23
1250,23
1251,23
1252,23
1253,23
1254,23
1255,23
1256,23
1257,23
1258,23
1259,23
1260,23
1261,23
1262,23
1263,23
1264,23
1265,23
1266,23
1267,23
1268,23
1269,23
1270,23
1271,20
1272,20
1273,23
1274,23
1275,23
1276,23
1277,23
1278,23
1279,23
1280,23
1281,23
1282,23
1283,23
1284,23
1285,23
1286,23
1287,23
1288,19
1289,23
1290,23
1291,23
1292,22
1293,23
1294,20
1295,23
1296,23
1297,23
1298,23
1299,1
1300,5
1301,23
1302,23
1303,23
1304,23
1305,23
1306,19
1307,23
1308,0
1309,23
1310,23
1311,23
1312,19
1313,23
1314,23
1315,23
1316,23
1317,23
1318,23
1319,23
1320,22
1321,22
1322,23
1323,23
1324,20
1325,23
1326,23
1327,23
1328,23
1329,9
1330,9
1331,20
1332,9
1333,23
1334,23
1335,23
1336,23
1337,23
1338,23
1339,9
1340,20
1341,23
1342,23
1343,23
1344,23
1345,23
1346,23
1347,23
1348,23
1349,23
1350,23
1351,23
1352,23
1353,23
1354,23
1355,23
1356,23
1357,23
1358,23
1359,23
1360,23
1361,23
1362,23
1363,23
1364,23
1365,23
1366,23
1367,23
1368,23
1369,23
1370,23
1371,23
1372,23
1373,23
1374,23
1375,23
1376,23
1377,23
1378,23
1379,23
1380,22
1381,23
1382,23
1383,23
1384,23
1385,23
1386,23
1387,23
1388,23
1389,23
1390,23
1391,23
1392,23
1393,23
1394,22
1395,23
1396,23
1397,23
1398,23
1399,23
1400,23
1401,23
1402,23
1403,23
1404,23
1405,23
1406,23
1407,23
1408,23
1409,23
1410,23
1411,23
1412,23
1413,23
1414,23
1415,23
1416,23
1417,23
1418,23
1419,23
1420,22
1421,23
1422,23
1423,23
1424,23
1425,23
1426,23
1427,23
1428,23
1429,23
1430,23
1431,23
1432,23
1433,23
1434,23
1435,23
1436,23
1437,23
1438,23
1439,20
1440,20
1441,20
1442,20
1443,20
1444,23
1445,20
1446,20
1447,5
1448,5
1449,23
1450,23
1451,5
1452,23
1453,17
1454,20
1455,20
1456,20
1457,20
1458,20
1459,23
1460,20
1461,20
1462,20
1463,20
1464,5
1465,20
1466,20
1467,20
1468,20
1469,20
1470,20
1471,20
1472,20
1473,20
1474,20
1475,23
1476,20
1477,20
1478,20
1479,20
1480,20
1481,20
1482,23
1483,20
1484,20
1485,20
1486,20
1487,20
1488,18
1489,20
1490,20
1491,20
1492,20
1493,23
1494,20
1495,20
1496,20
1497,20
1498,23
1499,20
1500,4
1501,23
1502,23
1503,20
1504,20
1505,20
1506,5
1507,5
1508,22
1509,20
1510,20
1511,5
1512,20
1513,20
1514,20
1515,23
1516,20
1517,20
1518,20
1519,20
1520,20
1521,20
1522,5
1523,20
1524,5
1525,20
1526,20
1527,20
1528,22
1529,20
1530,20
1531,19
1532,23
1533,23
1534,23
1535,23
1536,23
1537,5
1538,20
1539,20
1540,20
1541,20
1542,20
1543,20
1544,20
1545,20
1546,20
1547,20
1548,5
1549,23
1550,20
1551,20
1552,20
1553,23
1554,20
1555,20
1556,20
1557,20
1558,20
1559,20
1560,20
1561,20
1562,23
1563,20
1564,20
1565,20
1566,20
1567,23
1568,20
1569,23
1570,20
1571,20
1572,20
1573,20
1574,23
1575,20
1576,23
1577,23
1578,23
1579,23
1580,23
1581,23
1582,23
1583,23
1584,23
1585,23
1586,23
1587,23
1588,23
1589,23
1590,23
1591,23
1592,23
1593,23
1594,23
1595,23
1596,23
1597,23
1598,23
1599,23
1600,23
1601,23
1602,23
1603,23
1604,23
1605,23
1606,23
1607,23
1608,23
1609,23
1610,23
1611,23
1612,23
1613,23
1614,23
1615,23
1616,23
1617,23
1618,23
1619,17
1620,23
1621,23
1622,23
1623,23
1624,23
1625,23
1626,23
1627,23
1628,23
1629,23
1630,23
1631,23
1632,23
1633,23
1634,23
1635,23
1636,23
1637,23
1638,23
1639,23
1640,23
1641,23
1642,23
1643,23
1644,23
1645,23
1646,23
1647,23
1648,23
1649,23
1650,22
1651,20
1652,23
1653,23
1654,23
1655,23
1656,23
1657,23
1658,23
1659,23
1660,1
1661,23
1662,23
1663,23
1664,23
1665,23
1666,23
1667,23
1668,23
1669,23
1670,23
1671,22
1672,22
1673,22
1674,23
1675,23
1676,23
1677,23
1678,23
1679,23
1680,23
1681,23
1682,1
1683,23
1684,22
1685,10
1686,23
1687,9
1688,23
1689,23
1690,23
1691,10
1692,23
1693,23
1694,9
1695,22
1696,23
1697,23
1698,23
1699,22
1700,22
1701,10
1702,23
1703,23
1704,13
1705,23
1706,22
1707,23
1708,23
1709,23
1710,23
1711,23
1712,23
1713,23
1714,20
1715,22
1716,23
1717,23
1718,23
1719,23
1720,23
1721,23
1722,23
1723,23
1724,23
1725,19
1726,23
1727,23
1728,23
1729,23
1730,23
1731,23
1732,23
1733,5
1734,23
1735,20
1736,23
1737,23
1738,23
1739,5
1740,17
1741,23
1742,20
1743,5
1744,19
1745,5
1746,23
1747,23
1748,23
1749,23
1750,23
1751,23
1752,23
1753,23
1754,23
1755,23
1756,23
1757,23
1758,23
1759,23
1760,5
1761,20
1762,20
1763,20
1764,20
1765,20
1766,20
1767,20
1768,20
1769,20
1770,4
1771,20
1772,23
1773,10
1774,19
1775,23
1776,23
1777,23
1778,5
1779,5
1780,23
1781,23
1782,23
1783,23
1784,23
1785,20
1786,23
1787,20
1788,23
1789,22
1790,23
1791,23
1792,23
1793,23
1794,13
1795,5
1796,23
1797,20
1798,20
1799,20
1800,20
1801,20
1802,23
1803,23
1804,22
1805,23
1806,23
1807,23
1808,20
1809,5
1810,23
1811,20
1812,23
1813,23
1814,17
1815,9
1816,5
1817,23
1818,18
1819,23
1820,23
1821,23
1822,23
1823,23
1824,23
1825,23
1826,23
1827,23
1828,1
1829,23
1830,23
1831,23
1832,23
1833,23
1834,23
1835,23
1836,5
1837,23
1838,23
1839,23
1840,23
1841,23
1842,23
1843,23
1844,23
1845,23
1846,13
1847,23
1848,23
1849,23
1850,23
1851,20
1852,23
1853,20
1854,23
1855,23
1856,23
1857,20
1858,5
1859,23
1860,20
1861,23
1862,23
1863,20
1864,23
1865,23
1866,23
1867,23
1868,23
1869,20
1870,23
1871,23
1872,23
1873,23
1874,23
1875,23
1876,23
1877,23
1878,23
1879,4
1880,23
1881,23
1882,23
1883,23
1884,23
1885,23
1886,23
1887,23
1888,23
1889,23
1890,23
1891,23
1892,23
1893,23
1894,23
1895,23
1896,23
1897,23
1898,23
1899,23
1900,23
1901,23
1902,23
1903,23
1904,23
1905,23
1906,23
1907,23
1908,1
1909,23
1910,23
1911,18
1912,23
1913,23
1914,1
1915,23
1916,18
1917,18
1918,18
1919,13
1920,13
1921,1
1922,1
1923,1
1924,20
1925,13
1926,13
1927,23
1928,23
1929,23
1930,23
1931,23
1932,23
1933,1
1934,1
1935,22
1936,1
1937,1
1938,23
1939,22
1940,23
1941,1
1942,23
1943,22
1944,23
1945,23
1946,23
1947,23
1948,23
1949,23
1950,23
1951,23
1952,23
1953,20
1954,20
1955,23
1956,23
1957,23
1958,23
1959,23
1960,20
1961,5
1962,23
1963,23
1964,23
1965,23
1966,23
1967,23
1968,20
1969,20
1970,1
1971,23
1972,18
1973,1
1974,23
1975,1
1976,23
1977,23
1978,1
1979,23
1980,23
1981,23
1982,23
1983,23
1984,23
1985,22
1986,1
1987,23
1988,23
1989,23
1990,23
1991,23
1992,21
1993,23
1994,22
1995,22
1996,22
1997,22
1998,23
1999,18
2000,23
2001,23
2002,23
2003,23
2004,23
2005,23
2006,20
2007,20
2008,5
2009,20
2010,5
2011,5
2012,5
2013,4
2014,17
2015,23
2016,17
2017,5
2018,4
2019,4
2020,20
2021,5
2022,4
2023,5
2024,5
2025,20
2026,5
2027,5
2028,5
2029,5
2030,5
2031,20
2032,5
2033,5
2034,5
2035,20
2036,20
2037,4
2038,5
2039,5
2040,20
2041,5
2042,5
2043,20
2044,23
2045,23
2046,20
2047,20
2048,20
2049,20
2050,20
2051,20
2052,20
2053,20
2054,20
2055,20
2056,20
2057,20
2058,20
2059,20
2060,20
2061,20
2062,20
2063,20
2064,20
2065,20
2066,20
2067,20
2068,20
2069,20
2070,20
2071,20
2072,20
2073,20
2074,20
2075,20
2076,20
2077,20
2078,20
2079,0
2080,20
2081,0
2082,20
2083,20
2084,20
2085,20
2086,20
2087,4
2088,20
2089,20
2090,5
2091,20
2092,20
2093,20
2094,20
2095,20
2096,20
2097,20
2098,20
2099,20
2100,20
2101,20
2102,20
2103,20
2104,20
2105,20
2106,0
2107,20
2108,20
2109,20
2110,20
2111,20
2112,0
2113,0
2114,20
2115,0
2116,0
2117,21
2118,20
2119,20
2120,20
2121,5
2122,20
2123,20
2124,20
2125,20
2126,20
2127,0
2128,19
2129,20
2130,20
2131,0
2132,20
2133,20
2134,20
2135,20
2136,20
2137,20
2138,20
2139,23
2140,23
2141,23
2142,23
2143,23
2144,23
2145,23
2146,23
2147,23
2148,23
2149,23
2150,23
2151,23
2152,23
2153,23
2154,23
2155,23
2156,23
2157,23
2158,23
2159,23
2160,23
2161,23
2162,23
2163,23
2164,23
2165,23
2166,23
2167,23
2168,23
2169,23
2170,23
2171,23
2172,23
2173,23
2174,23
2175,5
2176,1
2177,23
2178,23
2179,23
2180,23
2181,23
2182,23
2183,23
2184,23
2185,23
2186,23
2187,5
2188,1
2189,5
2190,1
2191,23
2192,1
2193,1
2194,1
2195,1
2196,23
2197,1
2198,1
2199,1
2200,18
2201,1
2202,1
2203,1
2204,1
2205,1
2206,1
2207,1
2208,2
2209,1
2210,1
2211,1
2212,2
2213,1
2214,1
2215,1
2216,1
2217,1
2218,1
2219,1
2220,23
2221,23
2222,23
2223,23
2224,23
2225,23
2226,23
2227,23
2228,23
2229,23
2230,23
2231,23
2232,23
2233,20
2234,23
2235,23
2236,23
2237,23
2238,23
2239,23
2240,23
2241,23
2242,23
2243,23
2244,23
2245,23
2246,23
2247,23
2248,23
2249,23
2250,23
2251,23
2252,23
2253,23
2254,23
2255,23
2256,23
2257,23
2258,23
2259,23
2260,23
2261,23
2262,23
2263,22
2264,23
2265,23
2266,23
2267,23
2268,23
2269,1
2270,10
2271,20
2272,20
2273,20
2274,20
2275,20
2276,20
2277,20
2278,20
2279,20
2280,20
2281,20
2282,0
2283,0
2284,20
2285,23
2286,20
2287,20
2288,20
2289,20
2290,20
2291,20
2292,20
2293,20
2294,20
2295,20
2296,20
2297,5
2298,20
2299,20
2300,20
2301,20
2302,0
2303,20
2304,0
2305,20
2306,20
2307,20
2308,0
2309,20
2310,5
2311,20
2312,20
2313,20
2314,20
2315,20
2316,20
2317,20
2318,20
2319,20
2320,20
2321,20
2322,20
2323,5
2324,20
2325,20
2326,20
2327,20
2328,20
2329,20
2330,20
2331,20
2332,20
2333,20
2334,20
2335,20
2336,20
2337,20
2338,20
2339,20
2340,5
2341,20
2342,20
2343,23
2344,20
2345,20
2346,20
2347,20
2348,20
2349,5
2350,20
2351,20
2352,20
2353,5
2354,5
2355,5
2356,20
2357,20
2358,5
2359,20
2360,20
2361,20
2362,19
2363,20
2364,5
2365,5
2366,20
2367,5
2368,20
2369,20
2370,20
2371,20
2372,20
2373,20
2374,20
2375,20
2376,20
2377,20
2378,20
2379,20
2380,0
2381,0
2382,20
2383,20
2384,20
2385,0
2386,20
2387,20
2388,20
2389,20
2390,20
2391,20
2392,0
2393,20
2394,20
2395,20
2396,20
2397,0
2398,0
2399,0
2400,20
2401,0
2402,0
2403,20
2404,20
2405,0
2406,0
2407,20
2408,20
2409,0
2410,0
2411,0
2412,20
2413,0
2414,20
2415,20
2416,9
2417,20
2418,20
2419,20
2420,20
2421,23
2422,20
2423,20
2424,0
2425,20
2426,4
2427,0
2428,20
2429,20
2430,0
2431,0
2432,0
2433,0
2434,20
2435,20
2436,20
2437,20
2438,20
2439,20
2440,20
2441,20
2442,20
2443,20
2444,20
2445,23
2446,19
2447,5
2448,5
2449,5
2450,20
2451,5
2452,20
2453,5
2454,21
2455,5
2456,0
2457,20
2458,5
2459,5
2460,0
2461,5
2462,5
2463,5
2464,5
2465,5
2466,5
2467,5
2468,18
2469,18
2470,18
2471,23
2472,23
2473,10
2474,18
2475,18
2476,23
2477,23
2478,23
2479,23
2480,23
2481,23
2482,23
2483,23
2484,23
2485,23
2486,23
2487,23
2488,23
2489,23
2490,23
2491,23
2492,23
2493,23
2494,23
2495,23
2496,23
2497,23
2498,22
2499,23
2500,1
2501,22
2502,23
2503,23
2504,23
2505,23
2506,22
2507,23
2508,23
2509,23
2510,23
2511,22
2512,23
2513,23
2514,10
2515,22
2516,23
2517,23
2518,23
2519,23
2520,10
2521,23
2522,23
2523,23
2524,23
2525,23
2526,23
2527,23
2528,23
2529,20
2530,20
2531,20
2532,20
2533,20
2534,20
2535,20
2536,20
2537,20
2538,20
2539,20
2540,20
2541,5
2542,20
2543,20
2544,20
2545,20
2546,20
2547,20
2548,20
2549,20
2550,20
2551,20
2552,21
2553,20
2554,20
2555,20
2556,4
2557,20
2558,20
2559,20
2560,20
2561,20
2562,20
2563,20
2564,20
2565,4
2566,20
2567,4
2568,20
2569,20
2570,20
2571,20
2572,20
2573,20
2574,20
2575,20
2576,20
2577,20
2578,20
2579,20
2580,20
2581,20
2582,20
2583,20
2584,20
2585,20
2586,20
2587,20
2588,20
2589,20
2590,20
2591,20
2592,20
2593,20
2594,20
2595,20
2596,20
2597,20
2598,20
2599,20
2600,20
2601,20
2602,20
2603,20
2604,20
2605,20
2606,20
2607,20
2608,20
2609,20
2610,20
2611,20
2612,20
2613,20
2614,19
2615,20
2616,20
2617,4
2618,20
2619,20
2620,20
2621,20
2622,20
2623,20
2624,20
2625,20
2626,20
2627,20
2628,20
2629,20
2630,20
2631,13
2632,20
2633,20
2634,20
2635,20
2636,20
2637,20
2638,20
2639,20
2640,20
2641,5
2642,20
2643,0
2644,20
2645,0
2646,20
2647,20
2648,20
2649,20
2650,20
2651,20
2652,20
2653,20
2654,20
2655,20
2656,5
2657,20
2658,20
2659,20
2660,20
2661,20
2662,20
2663,20
2664,20
2665,21
2666,20
2667,20
2668,20
2669,20
2670,20
2671,20
2672,20
2673,20
2674,20
2675,20
2676,20
2677,20
2678,21
2679,20
2680,20
2681,20
2682,20
2683,20
2684,20
2685,20
2686,20
2687,20
2688,20
2689,20
2690,20
2691,20
2692,20
2693,20
2694,20
2695,20
2696,20
2697,20
2698,20
2699,20
2700,20
2701,20
2702,20
2703,20
2704,20
2705,20
2706,20
2707,20
2708,20
2709,20
2710,20
2711,20
2712,20
2713,20
2714,5
2715,5
2716,5
2717,5
2718,23
2719,5
2720,23
2721,23
2722,18
2723,23
2724,23
2725,4
2726,13
2727,13
2728,13
2729,13
2730,13
2731,13
2732,13
2733,13
2734,13
2735,18
2736,18
2737,18
2738,23
2739,18
2740,23
2741,17
2742,23
2743,18
2744,1
2745,18
2746,23
2747,23
2748,23
2749,22
2750,23
2751,23
2752,23
2753,4
2754,23
2755,23
2756,23
2757,23
2758,23
2759,23
2760,23
2761,23
2762,23
2763,23
2764,23
2765,23
2766,17
2767,20
2768,20
2769,20
2770,20
2771,23
2772,23
2773,23
2774,23
2775,20
2776,13
2777,23
2778,23
2779,22
2780,23
2781,1
2782,1
2783,1
2784,1
2785,23
2786,3
2787,1
2788,1
2789,23
2790,23
2791,23
2792,1
2793,1
2794,1
2795,13
2796,1
2797,1
2798,1
2799,1
2800,1
2801,13
2802,13
2803,1
2804,22
2805,1
2806,1
2807,23
2808,17
2809,1
2810,5
2811,23
2812,23
2813,10
2814,10
2815,23
2816,23
2817,23
2818,23
2819,10
2820,23
2821,23
2822,23
2823,23
2824,23
2825,10
2826,23
2827,23
2828,18
2829,18
2830,1
2831,18
2832,1
2833,23
2834,1
2835,23
2836,23
2837,9
2838,23
2839,23
2840,1
2841,1
2842,23
2843,1
2844,22
2845,23
2846,9
2847,9
2848,1
2849,23
2850,17
2851,23
2852,9
2853,9
2854,1
2855,9
2856,1
2857,20
2858,1
2859,23
2860,23
2861,13
2862,5
2863,13
2864,1
2865,23
2866,5
2867,1
2868,23
2869,21
2870,21
2871,21
2872,21
2873,21
2874,21
2875,21
2876,21
2877,20
2878,21
2879,21
2880,21
2881,21
2882,21
2883,21
2884,21
2885,21
2886,21
2887,0
2888,21
2889,21
2890,21
2891,21
2892,21
2893,21
2894,21
2895,21
2896,21
2897,21
2898,21
2899,21
2900,21
2901,21
2902,21
2903,21
2904,21
2905,21
2906,21
2907,21
2908,21
2909,21
2910,21
2911,21
2912,21
2913,21
2914,21
2915,21
2916,21
2917,21
2918,21
2919,21
2920,21
2921,21
2922,21
2923,21
2924,21
2925,21
2926,21
2927,21
2928,21
2929,21
2930,21
2931,21
2932,21
2933,21
2934,21
2935,21
2936,21
2937,21
2938,21
2939,21
2940,21
2941,21
2942,21
2943,21
2944,21
2945,21
2946,21
2947,21
2948,21
2949,21
2950,21
2951,21
2952,21
2953,21
2954,21
2955,21
2956,21
2957,21
2958,21
2959,21
2960,21
2961,21
2962,21
2963,21
2964,21
2965,21
2966,21
2967,21
2968,21
2969,21
2970,21
2971,22
2972,22
2973,22
2974,22
2975,22
2976,22
2977,22
2978,22
2979,22
2980,22
2981,22
2982,22
2983,22
2984,22
2985,22
2986,22
2987,22
2988,22
2989,22
2990,22
2991,22
2992,22
2993,22
2994,22
2995,22
2996,22
2997,22
2998,22
2999,22
3000,22
3001,22
3002,22
3003,1
3004,23
3005,23
3006,17
3007,17
3008,17
3009,23
3010,23
3011,23
3012,23
3013,23
3014,23
3015,23
3016,23
3017,23
3018,1
3019,20
3020,1
3021,23
3022,23
3023,23
3024,23
3025,20
3026,20
3027,20
3028,4
3029,23
3030,23
3031,23
3032,4
3033,21
3034,21
3035,21
3036,21
3037,21
3038,21
3039,0
3040,21
3041,18
3042,18
3043,22
3044,23
3045,23
3046,20
3047,18
3048,23
3049,23
3050,22
3051,22
3052,22
3053,23
3054,22
3055,22
3056,22
3057,22
3058,22
3059,13
3060,22
3061,20
3062,5
3063,1
3064,20
3065,20
3066,5
3067,22
3068,17
3069,9
3070,17
3071,21
3072,23
3073,23
3074,18
3075,1
3076,18
3077,18
3078,18
3079,18
3080,18
3081,18
3082,18
3083,18
3084,18
3085,18
3086,18
3087,18
3088,18
3089,18
3090,18
3091,18
3092,22
3093,18
3094,17
3095,20
3096,17
3097,20
3098,22
3099,18
3100,23
3101,23
3102,1
3103,23
3104,1
3105,1
3106,23
3107,23
3108,23
3109,23
3110,6
3111,23
3112,23
3113,23
3114,23
3115,23
3116,4
3117,23
3118,23
3119,23
3120,23
3121,9
3122,23
3123,22
3124,22
3125,23
3126,17
3127,17
3128,9
3129,17
3130,20
3131,1
3132,13
3133,20
3134,4
3135,4
3136,5
3137,5
3138,18
3139,23
3140,5
3141,5
3142,5
3143,5
3144,5
3145,5
3146,20
3147,5
3148,5
3149,5
3150,5
3151,5
3152,0
3153,0
3154,21
3155,5
3156,5
3157,5
3158,20
3159,17
3160,17
3161,17
3162,17
3163,23
3164,18
3165,4
3166,4
3167,4
3168,4
3169,4
3170,5
3171,5
3172,4
3173,4
3174,4
3175,4
3176,4
3177,4
3178,4
3179,4
3180,4
3181,4
3182,4
3183,4
3184,4
3185,4
3186,4
3187,4
3188,8
3189,4
3190,4
3191,4
3192,4
3193,4
3194,4
3195,4
3196,4
3197,4
3198,4
3199,21
3200,20
3201,0
3202,20
3203,20
3204,0
3205,20
3206,5
3207,5
3208,17
3209,18
3210,18
3211,5
3212,18
3213,5
3214,17
3215,5
3216,5
3217,5
3218,5
3219,5
3220,5
3221,5
3222,5
3223,5
3224,22
3225,5
3226,10
3227,1
3228,5
3229,22
3230,5
3231,5
3232,5
3233,5
3234,5
3235,5
3236,5
3237,5
3238,5
3239,17
3240,4
3241,4
3242,5
3243,5
3244,18
3245,18
3246,19
3247,18
3248,18
3249,18
3250,0
3251,0
3252,5
3253,5
3254,5
3255,5
3256,5
3257,5
3258,5
3259,5
3260,20
3261,17
3262,5
3263,17
3264,17
3265,17
3266,17
3267,17
3268,0
3269,17
3270,17
3271,20
3272,5
3273,20
3274,5
3275,20
3276,20
3277,5
3278,23
3279,23
3280,20
3281,20
3282,5
3283,5
3284,5
3285,5
3286,5
3287,5
3288,5
3289,5
3290,5
3291,5
3292,5
3293,5
3294,5
3295,5
3296,5
3297,5
3298,5
3299,5
3300,5
3301,5
3302,5
3303,5
3304,5
3305,5
3306,5
3307,5
3308,5
3309,5
3310,5
3311,5
3312,5
3313,5
3314,5
3315,5
3316,5
3317,5
3318,5
3319,5
3320,5
3321,5
3322,5
3323,0
3324,5
3325,5
3326,5
3327,5
3328,20
3329,5
3330,5
3331,5
3332,0
3333,0
3334,20
3335,21
3336,0
3337,20
3338,4
3339,5
3340,17
3341,5
3342,5
3343,20
3344,5
3345,5
3346,5
3347,19
3348,5
3349,17
3350,5
3351,19
3352,5
3353,5
3354,5
3355,20
3356,5
3357,5
3358,5
3359,5
3360,20
3361,0
3362,20
3363,5
3364,21
3365,5
3366,5
3367,5
3368,5
3369,17
3370,5
3371,5
3372,17
3373,5
3374,17
3375,5
3376,0
3377,22
3378,20
3379,5
3380,22
3381,5
3382,5
3383,9
3384,20
3385,4
3386,4
3387,21
3388,21
3389,0
3390,4
3391,4
3392,4
3393,4
3394,19
3395,4
3396,4
3397,4
3398,4
3399,20
3400,4
3401,4
3402,4
3403,0
3404,21
3405,4
3406,4
3407,23
3408,20
3409,5
3410,19
3411,17
3412,22
3413,17
3414,20
3415,18
3416,5
3417,5
3418,5
3419,5
3420,20
3421,20
3422,20
3423,20
3424,20
3425,17
3426,9
3427,5
3428,17
3429,23
3430,23
3431,0
3432,0
3433,21
3434,0
3435,0
3436,21
3437,21
3438,21
3439,21
3440,21
3441,21
3442,21
3443,21
3444,21
3445,21
3446,21
3447,21
3448,21
3449,21
3450,21
3451,21
3452,21
3453,21
3454,21
3455,21
3456,21
3457,21
3458,21
3459,21
3460,21
3461,21
3462,0
3463,0
3464,0
3465,21
3466,21
3467,21
3468,20
3469,21
3470,21
3471,21
3472,21
3473,21
3474,21
3475,17
3476,0
3477,21
3478,9
3479,21
3480,1
3481,21
3482,21
3483,21
3484,23
3485,1
3486,1
3487,1
3488,1
3489,1
3490,1
3491,1
3492,1
3493,1
3494,1
3495,1
3496,1
3497,9
3498,1
3499,1
3500,1
3501,1
3502,5
3503,9
3504,23
3505,9
3506,23
3507,23
3508,5
3509,5
3510,5
3511,1
3512,5
3513,5
3514,23
3515,5
3516,5
3517,5
3518,5
3519,23
3520,21
3521,21
3522,21
3523,21
3524,21
3525,21
3526,0
3527,21
3528,21
3529,21
3530,19
3531,21
3532,21
3533,21
3534,21
3535,21
3536,23
3537,20
3538,8
3539,21
3540,20
3541,0
3542,21
3543,21
3544,21
3545,21
3546,21
3547,21
3548,21
3549,21
3550,21
3551,4
3552,21
3553,21
3554,21
3555,21
3556,20
3557,21
3558,21
3559,21
3560,21
3561,21
3562,21
3563,21
3564,21
3565,21
3566,21
3567,21
3568,21
3569,21
3570,21
3571,21
3572,21
3573,21
3574,21
3575,21
3576,20
3577,20
3578,20
3579,20
3580,20
3581,20
3582,20
3583,20
3584,20
3585,20
3586,20
3587,13
3588,20
3589,20
3590,20
3591,20
3592,21
3593,21
3594,21
3595,21
3596,21
3597,20
3598,20
3599,22
3600,22
3601,22
3602,22
3603,22
3604,22
3605,22
3606,22
3607,22
3608,22
3609,22
3610,22
3611,22
3612,22
3613,22
3614,22
3615,1
3616,22
3617,22
3618,22
3619,1
3620,22
3621,22
3622,17
3623,23
3624,5
3625,23
3626,23
3627,23
3628,23
3629,23
3630,23
3631,23
3632,23
3633,23
3634,23
3635,23
3636,23
3637,23
3638,23
3639,23
3640,23
3641,20
3642,20
3643,20
3644,0
3645,20
3646,20
3647,21
3648,20
3649,20
3650,20
3651,20
3652,20
3653,20
3654,22
3655,9
3656,23
3657,17
3658,23
3659,23
3660,23
3661,9
3662,23
3663,1
3664,23
3665,23
3666,23
3667,23
3668,23
3669,23
3670,23
3671,23
3672,23
3673,5
3674,23
3675,23
3676,23
3677,23
3678,23
3679,23
3680,23
3681,23
3682,23
3683,23
3684,20
3685,9
3686,23
3687,23
3688,20
3689,20
3690,20
3691,23
3692,20
3693,20
3694,20
3695,20
3696,5
3697,13
3698,22
3699,20
3700,23
3701,23
3702,23
3703,1
3704,22
3705,9
3706,4
3707,5
3708,5
3709,5
3710,5
3711,5
3712,5
3713,5
3714,0
3715,9
3716,5
3717,5
3718,23
3719,23
3720,23
3721,10
3722,10
3723,10
3724,10
3725,10
3726,5
3727,5
3728,5
3729,9
3730,18
3731,18
3732,1
3733,23
3734,1
3735,1
3736,1
3737,1
3738,23
3739,22
3740,20
3741,17
3742,17
3743,21
3744,17
3745,18
3746,9
3747,9
3748,1
3749,1
3750,1
3751,18
3752,13
3753,13
3754,13
3755,1
3756,1
3757,1
3758,1
3759,1
3760,13
3761,18
3762,18
3763,1
3764,1
3765,13
3766,1
3767,1
3768,13
3769,1
3770,1
3771,18
3772,13
3773,13
3774,1
3775,1
3776,1
3777,1
3778,1
3779,1
3780,1
3781,1
3782,17
3783,18
3784,17
3785,17
3786,18
3787,17
3788,17
3789,17
3790,17
3791,20
3792,20
3793,17
3794,18
3795,18
3796,20
3797,17
3798,17
3799,20
3800,20
3801,17
3802,17
3803,18
3804,19
3805,17
3806,17
3807,18
3808,19
3809,20
3810,20
3811,18
3812,0
3813,20
3814,20
3815,18
3816,20
3817,18
3818,18
3819,18
3820,20
3821,19
3822,20
3823,17
3824,17
3825,17
3826,18
3827,18
3828,20
3829,22
3830,20
3831,17
3832,2
3833,20
3834,20
3835,17
3836,17
3837,17
3838,20
3839,17
3840,17
3841,17
3842,17
3843,17
3844,9
3845,17
3846,17
3847,17
3848,9
3849,17
3850,17
3851,17
3852,17
3853,17
3854,4
3855,20
3856,17
3857,18
3858,17
3859,17
3860,17
3861,18
3862,17
3863,17
3864,17
3865,17
3866,20
3867,17
3868,17
3869,17
3870,17
3871,17
3872,17
3873,20
3874,17
3875,17
3876,17
3877,17
3878,17
3879,17
3880,5
3881,17
3882,20
3883,20
3884,20
3885,20
3886,4
3887,20
3888,21
3889,21
3890,20
3891,20
3892,21
3893,21
3894,20
3895,20
3896,20
3897,20
3898,20
3899,20
3900,20
3901,19
3902,22
3903,20
3904,22
3905,18
3906,18
3907,17
3908,19
3909,17
3910,18
3911,18
3912,18
3913,18
3914,20
3915,20
3916,20
3917,20
3918,20
3919,20
3920,20
3921,20
3922,20
3923,5
3924,20
3925,20
3926,20
3927,18
3928,20
3929,5
3930,17
3931,17
3932,13
3933,13
3934,17
3935,17
3936,17
3937,17
3938,17
3939,17
3940,17
3941,17
3942,17
3943,17
3944,17
3945,17
3946,17
3947,17
3948,17
3949,17
3950,17
3951,17
3952,13
3953,17
3954,17
3955,17
3956,17
3957,17
3958,17
3959,17
3960,17
3961,17
3962,20
3963,20
3964,20
3965,5
3966,20
3967,20
3968,21
3969,20
3970,20
3971,20
3972,20
3973,20
3974,20
3975,20
3976,20
3977,20
3978,20
3979,20
3980,20
3981,20
3982,20
3983,17
3984,20
3985,20
3986,17
3987,20
3988,20
3989,17
3990,17
3991,20
3992,18
3993,19
3994,20
3995,20
3996,20
3997,20
3998,18
3999,20
4000,20
4001,20
4002,17
4003,20
4004,20
4005,20
4006,20
4007,20
4008,20
4009,17
4010,17
4011,17
4012,17
4013,17
4014,17
4015,17
4016,17
4017,17
4018,17
4019,17
4020,17
4021,17
4022,17
4023,17
4024,17
4025,13
4026,17
4027,17
4028,17
4029,22
4030,20
4031,17
4032,19
4033,17
4034,17
4035,17
4036,17
4037,22
4038,17
4039,17
4040,17
4041,17
4042,17
4043,17
4044,17
4045,17
4046,20
4047,20
4048,20
4049,18
4050,18
4051,18
4052,20
4053,20
4054,20
4055,20
4056,20
4057,20
4058,18
4059,17
4060,18
4061,18
4062,13
4063,20
4064,20
4065,17
4066,18
4067,20
4068,18
4069,18
4070,20
4071,17
4072,18
4073,20
4074,20
4075,17
4076,17
4077,17
4078,17
4079,17
4080,18
4081,17
4082,19
4083,22
4084,17
4085,18
4086,18
4087,22
4088,17
4089,18
4090,18
4091,18
4092,17
4093,17
4094,17
4095,18
4096,17
4097,17
4098,18
4099,18
4100,18
4101,17
4102,17
4103,18
4104,17
4105,22
4106,20
4107,17
4108,18
4109,17
4110,18
4111,13
4112,18
4113,18
4114,13
4115,13
4116,13
4117,17
4118,13
4119,13
4120,20
4121,13
4122,18
4123,18
4124,18
4125,18
4126,18
4127,18
4128,18
4129,18
4130,18
4131,18
4132,18
4133,18
4134,18
4135,18
4136,18
4137,22
4138,20
4139,20
4140,18
4141,18
4142,18
4143,20
4144,18
4145,18
4146,18
4147,17
4148,18
4149,18
4150,18
4151,18
4152,17
4153,18
4154,18
4155,22
4156,18
4157,17
4158,20
4159,13
4160,20
4161,9
4162,20
4163,20
4164,18
4165,22
4166,18
4167,1
4168,18
4169,18
4170,18
4171,0
4172,22
4173,18
4174,18
4175,22
4176,18
4177,22
4178,17
4179,22
4180,22
4181,18
4182,22
4183,18
4184,18
4185,1
4186,22
4187,22
4188,18
4189,13
4190,22
4191,18
4192,18
4193,18
4194,18
4195,18
4196,18
4197,18
4198,18
4199,18
4200,18
4201,18
4202,18
4203,18
4204,18
4205,18
4206,22
4207,22
4208,20
4209,22
4210,20
4211,20
4212,20
4213,2
4214,2
4215,2
4216,2
4217,2
4218,2
4219,2
4220,2
4221,2
4222,20
4223,20
4224,17
4225,17
4226,17
4227,20
4228,17
4229,17
4230,13
4231,17
4232,17
4233,17
4234,17
4235,5
4236,5
4237,17
4238,1
4239,20
4240,17
4241,17
4242,13
4243,17
4244,19
4245,17
4246,17
4247,17
4248,17
4249,17
4250,17
4251,17
4252,4
4253,20
4254,17
4255,17
4256,4
4257,4
4258,4
4259,5
4260,17
4261,4
4262,4
4263,4
4264,18
4265,18
4266,18
4267,18
4268,18
4269,17
4270,17
4271,17
4272,17
4273,17
4274,17
4275,17
4276,17
4277,18
4278,18
4279,18
4280,18
4281,18
4282,18
4283,17
4284,17
4285,17
4286,17
4287,17
4288,17
4289,13
4290,17
4291,17
4292,13
4293,13
4294,17
4295,17
4296,17
4297,17
4298,17
4299,17
4300,17
4301,17
4302,17
4303,17
4304,17
4305,17
4306,17
4307,17
4308,17
4309,17
4310,17
4311,17
4312,17
4313,17
4314,17
4315,17
4316,17
4317,17
4318,17
4319,18
4320,20
4321,13
4322,13
4323,17
4324,17
4325,20
4326,17
4327,17
4328,17
4329,17
4330,13
4331,13
4332,13
4333,17
4334,17
4335,13
4336,17
4337,17
4338,17
4339,17
4340,5
4341,5
4342,17
4343,17
4344,18
4345,22
4346,20
4347,20
4348,13
4349,17
4350,17
4351,17
4352,17
4353,5
4354,22
4355,17
4356,17
4357,5
4358,5
4359,13
4360,20
4361,17
4362,17
4363,17
4364,20
4365,18
4366,20
4367,20
4368,20
4369,20
4370,20
4371,20
4372,20
4373,20
4374,21
4375,21
4376,20
4377,20
4378,22
4379,21
4380,20
4381,20
4382,20
4383,21
4384,21
4385,21
4386,21
4387,21
4388,21
4389,21
4390,20
4391,19
4392,21
4393,20
4394,20
4395,20
4396,20
4397,20
4398,20
4399,20
4400,20
4401,5
4402,17
4403,5
4404,5
4405,5
4406,19
4407,20
4408,5
4409,17
4410,17
4411,17
4412,22
4413,22
4414,22
4415,22
4416,20
4417,20
4418,4
4419,22
4420,22
4421,2
4422,20
4423,1
4424,20
4425,20
4426,1
4427,22
4428,20
4429,22
4430,22
4431,22
4432,1
4433,1
4434,22
4435,22
4436,22
4437,22
4438,22
4439,22
4440,1
4441,22
4442,20
4443,20
4444,5
4445,1
4446,22
4447,2
4448,22
4449,1
4450,22
4451,1
4452,22
4453,22
4454,22
4455,1
4456,1
4457,1
4458,2
4459,1
4460,1
4461,22
4462,22
4463,22
4464,22
4465,22
4466,18
4467,1
4468,22
4469,10
4470,20
4471,22
4472,1
4473,22
4474,1
4475,22
4476,22
4477,22
4478,22
4479,22
4480,22
4481,1
4482,22
4483,22
4484,22
4485,22
4486,17
4487,17
4488,17
4489,17
4490,17
4491,17
4492,20
4493,18
4494,18
4495,18
4496,18
4497,18
4498,20
4499,18
4500,18
4501,20
4502,4
4503,20
4504,18
4505,20
4506,5
4507,17
4508,18
4509,20
4510,18
4511,18
4512,5
4513,5
4514,5
4515,5
4516,20
4517,20
4518,20
4519,20
4520,20
4521,20
4522,20
4523,20
4524,5
4525,20
4526,5
4527,20
4528,20
4529,20
4530,20
4531,13
4532,20
4533,20
4534,13
4535,20
4536,5
4537,20
4538,20
4539,20
4540,20
4541,20
4542,20
4543,17
4544,20
4545,20
4546,20
4547,20
4548,20
4549,21
4550,20
4551,13
4552,20
4553,20
4554,20
4555,20
4556,20
4557,20
4558,20
4559,20
4560,20
4561,20
4562,20
4563,0
4564,5
4565,21
4566,21
4567,5
4568,5
4569,5
4570,5
4571,5
4572,5
4573,5
4574,5
4575,5
4576,5
4577,5
4578,5
4579,5
4580,5
4581,5
4582,20
4583,20
4584,20
4585,20
4586,20
4587,20
4588,20
4589,4
4590,20
4591,20
4592,17
4593,17
4594,17
4595,17
4596,17
4597,17
4598,17
4599,17
4600,17
4601,17
4602,17
4603,17
4604,17
4605,17
4606,0
4607,0
4608,17
4609,18
4610,17
4611,21
4612,21
4613,21
4614,17
4615,0
4616,5
4617,5
4618,5
4619,5
4620,4
4621,19
4622,19
4623,0
4624,5
4625,5
4626,5
4627,5
4628,5
4629,17
4630,17
4631,17
4632,17
4633,17
4634,17
4635,0
4636,17
4637,17
4638,17
4639,17
4640,17
4641,17
4642,17
4643,17
4644,17
4645,17
4646,17
4647,17
4648,17
4649,5
4650,5
4651,17
4652,17
4653,18
4654,17
4655,22
4656,22
4657,22
4658,22
4659,22
4660,5
4661,22
4662,19
4663,22
4664,22
4665,22
4666,22
4667,1
4668,22
4669,22
4670,22
4671,1
4672,22
4673,22
4674,22
4675,22
4676,22
4677,22
4678,2
4679,22
4680,22
4681,22
4682,22
4683,1
4684,1
4685,1
4686,2
4687,22
4688,22
4689,22
4690,22
4691,1
4692,22
4693,1
4694,22
4695,1
4696,1
4697,1
4698,22
4699,22
4700,22
4701,22
4702,5
4703,22
4704,1
4705,9
4706,22
4707,22
4708,22
4709,22
4710,1
4711,1
4712,20
4713,5
4714,17
4715,18
4716,20
4717,20
4718,5
4719,18
4720,5
4721,5
4722,19
4723,19
4724,13
4725,5
4726,20
4727,5
4728,20
4729,20
4730,13
4731,13
4732,20
4733,20
4734,20
4735,13
4736,13
4737,20
4738,20
4739,13
4740,20
4741,18
4742,20
4743,20
4744,13
4745,20
4746,20
4747,19
4748,17
4749,21
4750,17
4751,17
4752,17
4753,17
4754,17
4755,5
4756,17
4757,17
4758,17
4759,1
4760,17
4761,17
4762,17
4763,13
4764,13
4765,17
4766,17
4767,17
4768,17
4769,17
4770,13
4771,21
4772,20
4773,20
4774,0
4775,20
4776,20
4777,20
4778,17
4779,20
4780,20
4781,1
4782,9
4783,13
4784,20
4785,20
4786,20
4787,20
4788,20
4789,20
4790,20
4791,20
4792,20
4793,20
4794,20
4795,20
4796,20
4797,20
4798,20
4799,20
4800,20
4801,20
4802,20
4803,5
4804,20
4805,20
4806,20
4807,19
4808,13
4809,20
4810,20
4811,20
4812,20
4813,5
4814,18
4815,20
4816,0
4817,20
4818,20
4819,13
4820,20
4821,20
4822,18
4823,20
4824,20
4825,5
4826,5
4827,17
4828,5
4829,17
4830,20
4831,13
4832,5
4833,5
4834,20
4835,5
4836,4
4837,4
4838,4
4839,9
4840,4
4841,4
4842,0
4843,13
4844,9
4845,19
4846,17
4847,4
4848,19
4849,20
4850,20
4851,20
4852,20
4853,20
4854,20
4855,20
4856,20
4857,20
4858,20
4859,20
4860,20
4861,20
4862,17
4863,13
4864,13
4865,13
4866,13
4867,20
4868,13
4869,17
4870,17
4871,20
4872,20
4873,20
4874,20
4875,20
4876,5
4877,20
4878,13
4879,20
4880,20
4881,20
4882,20
4883,20
4884,20
4885,20
4886,20
4887,20
4888,0
4889,0
4890,0
4891,13
4892,0
4893,0
4894,0
4895,0
4896,0
4897,0
4898,0
4899,0
4900,0
4901,0
4902,0
4903,22
4904,0
4905,20
4906,20
4907,20
4908,13
4909,0
4910,20
4911,20
4912,20
4913,20
4914,0
4915,20
4916,20
4917,20
4918,0
4919,20
4920,20
4921,20
4922,20
4923,20
4924,20
4925,20
4926,20
4927,20
4928,20
4929,20
4930,20
4931,21
4932,20
4933,5
4934,5
4935,20
4936,20
4937,4
4938,4
4939,20
4940,20
4941,20
4942,20
4943,20
4944,20
4945,20
4946,20
4947,20
4948,20
4949,20
4950,19
4951,20
4952,20
4953,21
4954,21
4955,20
4956,20
4957,20
4958,19
4959,21
4960,20
4961,20
4962,20
4963,20
4964,0
4965,20
4966,13
4967,13
4968,13
4969,13
4970,13
4971,17
4972,17
4973,17
4974,17
4975,13
4976,20
4977,19
4978,5
4979,5
4980,4
4981,17
4982,17
4983,13
4984,17
4985,20
4986,20
4987,20
4988,20
4989,20
4990,20
4991,20
4992,20
4993,20
4994,20
4995,20
4996,18
4997,18
4998,18
4999,13
5000,13
5001,13
5002,13
5003,17
5004,17
5005,17
5006,17
5007,17
5008,22
5009,9
5010,17
5011,17
5012,17
5013,5
5014,20
5015,20
5016,20
5017,20
5018,20
5019,20
5020,20
5021,20
5022,20
5023,5
5024,5
5025,5
5026,5
5027,22
5028,22
5029,22
5030,1
5031,22
5032,22
5033,22
5034,22
5035,22
5036,22
5037,1
5038,22
5039,22
5040,22
5041,22
5042,22
5043,22
5044,22
5045,13
5046,13
5047,13
5048,13
5049,13
5050,13
5051,13
5052,17
5053,13
5054,13
5055,13
5056,13
5057,13
5058,13
5059,13
5060,13
5061,13
5062,17
5063,17
5064,17
5065,0
5066,19
5067,19
5068,19
5069,19
5070,19
5071,19
5072,19
5073,19
5074,19
5075,19
5076,19
5077,19
5078,19
5079,19
5080,19
5081,19
5082,19
5083,19
5084,0
5085,19
5086,19
5087,19
5088,19
5089,19
5090,19
5091,19
5092,19
5093,19
5094,19
5095,19
5096,19
5097,19
5098,19
5099,5
5100,19
5101,19
5102,19
5103,19
5104,19
5105,19
5106,19
5107,19
5108,19
5109,17
5110,20
5111,5
5112,5
5113,17
5114,17
5115,17
5116,17
5117,17
5118,17
5119,17
5120,17
5121,17
5122,17
5123,17
5124,17
5125,22
5126,22
5127,22
5128,20
5129,5
5130,2
5131,1
5132,1
5133,22
5134,22
5135,22
5136,22
5137,18
5138,22
5139,22
5140,1
5141,1
5142,22
5143,22
5144,22
5145,1
5146,22
5147,22
5148,22
5149,22
5150,1
5151,22
5152,22
5153,22
5154,1
5155,1
5156,19
5157,22
5158,2
5159,22
5160,19
5161,22
5162,4
5163,22
5164,1
5165,2
5166,22
5167,22
5168,18
5169,22
5170,19
5171,22
5172,22
5173,22
5174,19
5175,22
5176,0
5177,22
5178,20
5179,22
5180,22
5181,17
5182,17
5183,17
5184,17
5185,23
5186,17
5187,17
5188,17
5189,17
5190,17
5191,22
5192,10
5193,23
5194,22
5195,18
5196,22
5197,22
5198,17
5199,22
5200,22
5201,2
5202,22
5203,2
5204,22
5205,2
5206,22
5207,22
5208,17
5209,22
5210,1
5211,22
5212,2
5213,22
5214,1
5215,22
5216,22
5217,17
5218,17
5219,17
5220,17
5221,17
5222,17
5223,17
5224,5
5225,5
5226,18
5227,20
5228,18
5229,17
5230,20
5231,18
5232,18
5233,18
5234,18
5235,17
5236,18
5237,18
5238,18
5239,17
5240,18
5241,18
5242,18
5243,18
5244,18
5245,18
5246,18
5247,17
5248,22
5249,17
5250,17
5251,17
5252,5
5253,17
5254,17
5255,17
5256,17
5257,17
5258,17
5259,17
5260,13
5261,13
5262,17
5263,13
5264,13
5265,13
5266,13
5267,13
5268,13
5269,13
5270,13
5271,13
5272,13
5273,13
5274,13
5275,13
5276,13
5277,13
5278,13
5279,13
5280,13
5281,13
5282,13
5283,17
5284,13
5285,13
5286,23
5287,23
5288,23
5289,17
5290,17
5291,17
5292,17
5293,17
5294,17
5295,23
5296,17
5297,20
5298,17
5299,17
5300,17
5301,17
5302,17
5303,17
5304,17
5305,17
5306,17
5307,22
5308,20
5309,20
5310,1
5311,1
5312,17
5313,17
5314,17
5315,5
5316,5
5317,17
5318,5
5319,17
5320,19
5321,20
5322,20
5323,5
5324,18
5325,18
5326,18
5327,18
5328,22
5329,18
5330,18
5331,18
5332,18
5333,22
5334,18
5335,18
5336,18
5337,18
5338,1
5339,1
5340,18
5341,22
5342,22
5343,22
5344,22
5345,22
5346,22
5347,22
5348,22
5349,18
5350,2
5351,22
5352,22
5353,22
5354,0
5355,2
5356,2
5357,22
5358,22
5359,22
5360,2
5361,23
5362,17
5363,5
5364,5
5365,13
5366,17
5367,17
5368,17
5369,17
5370,17
5371,17
5372,20
5373,20
5374,20
5375,20
5376,20
5377,20
5378,20
5379,20
5380,20
5381,20
5382,20
5383,20
5384,1
5385,5
5386,5
5387,5
5388,5
5389,5
5390,17
5391,18
5392,22
5393,18
5394,17
5395,17
5396,2
5397,17
5398,17
5399,17
5400,17
5401,17
5402,17
5403,17
5404,17
5405,17
5406,17
5407,5
5408,17
5409,17
5410,17
5411,17
5412,17
5413,17
5414,17
5415,17
5416,17
5417,17
5418,17
5419,17
5420,17
5421,17
5422,17
5423,13
5424,13
5425,18
5426,18
5427,18
5428,18
5429,18
5430,13
5431,18
5432,18
5433,18
5434,17
5435,17
5436,0
5437,18
5438,18
5439,18
5440,22
5441,22
5442,22
5443,22
5444,22
5445,22
5446,22
5447,18
5448,18
5449,18
5450,22
5451,18
5452,18
5453,18
5454,18
5455,5
5456,22
5457,8
5458,2
5459,18
5460,18
5461,18
5462,1
5463,5
5464,1
5465,1
5466,17
5467,17
5468,17
5469,18
5470,18
5471,18
5472,17
5473,18
5474,17
5475,20
5476,20
5477,20
5478,19
5479,20
5480,20
5481,20
5482,20
5483,20
5484,20
5485,20
5486,20
5487,20
5488,13
5489,17
5490,20
5491,20
5492,20
5493,20
5494,20
5495,9
5496,13
5497,17
5498,13
5499,13
5500,9
5501,20
5502,20
5503,5
5504,18
5505,18
5506,18
5507,18
5508,18
5509,18
5510,18
5511,23
5512,8
5513,18
5514,18
5515,18
5516,18
5517,18
5518,17
5519,17
5520,20
5521,17
5522,17
5523,17
5524,18
5525,17
5526,17
5527,17
5528,17
5529,22
5530,17
5531,5
5532,21
5533,20
5534,20
5535,20
5536,20
5537,20
5538,20
5539,20
5540,20
5541,20
5542,20
5543,5
5544,5
5545,20
5546,20
5547,20
5548,20
5549,20
5550,20
5551,19
5552,18
5553,18
5554,18
5555,18
5556,18
5557,3
5558,9
5559,18
5560,18
5561,18
5562,9
5563,18
5564,22
5565,22
5566,1
5567,2
5568,1
5569,1
5570,1
5571,1
5572,1
5573,21
5574,1
5575,1
5576,18
5577,18
5578,18
5579,18
5580,18
5581,18
5582,0
5583,19
5584,20
5585,18
5586,18
5587,18
5588,18
5589,18
5590,18
5591,18
5592,18
5593,18
5594,18
5595,18
5596,18
5597,18
5598,22
5599,1
5600,1
5601,22
5602,22
5603,22
5604,22
5605,22
5606,22
5607,1
5608,18
5609,22
5610,2
5611,22
5612,22
5613,22
5614,22
5615,18
5616,22
5617,22
5618,22
5619,22
5620,22
5621,22
5622,22
5623,13
5624,13
5625,13
5626,22
5627,2
5628,22
5629,22
5630,22
5631,18
5632,18
5633,18
5634,22
5635,22
5636,21
5637,3
5638,18
5639,18
5640,18
5641,1
5642,1
5643,1
5644,1
5645,1
5646,1
5647,22
5648,1
5649,19
5650,22
5651,22
5652,22
5653,22
5654,18
5655,13
5656,13
5657,22
5658,22
5659,22
5660,22
5661,22
5662,22
5663,22
5664,18
5665,1
5666,18
5667,18
5668,18
5669,2
5670,1
5671,1
5672,18
5673,18
5674,18
5675,18
5676,20
5677,18
5678,18
5679,2
5680,22
5681,18
5682,20
5683,20
5684,20
5685,20
5686,20
5687,20
5688,2
5689,2
5690,2
5691,2
5692,2
5693,2
5694,2
5695,2
5696,22
5697,2
5698,2
5699,2
5700,2
5701,2
5702,2
5703,2
5704,2
5705,2
5706,2
5707,2
5708,2
5709,2
5710,2
5711,2
5712,2
5713,2
5714,1
5715,2
5716,2
5717,2
5718,19
5719,2
5720,8
5721,2
5722,2
5723,2
5724,2
5725,2
5726,2
5727,2
5728,2
5729,8
5730,8
5731,8
5732,2
5733,2
5734,2
5735,2
5736,2
5737,2
5738,2
5739,2
5740,2
5741,2
5742,2
5743,2
5744,2
5745,2
5746,2
5747,2
5748,2
5749,2
5750,2
5751,2
5752,2
5753,2
5754,2
5755,2
5756,2
5757,19
5758,2
5759,2
5760,2
5761,2
5762,2
5763,2
5764,2
5765,2
5766,2
5767,2
5768,2
5769,8
5770,2
5771,2
5772,2
5773,2
5774,2
5775,2
5776,2
5777,21
5778,2
5779,2
5780,2
5781,2
5782,2
5783,22
5784,22
5785,2
5786,2
5787,2
5788,22
5789,2
5790,2
5791,2
5792,2
5793,2
5794,2
5795,2
5796,2
5797,2
5798,2
5799,22
5800,17
5801,17
5802,4
5803,17
5804,17
5805,17
5806,17
5807,5
5808,5
5809,5
5810,5
5811,5
5812,5
5813,5
5814,5
5815,5
5816,17
5817,5
5818,5
5819,9
5820,10
5821,5
5822,23
5823,23
5824,23
5825,5
5826,5
5827,5
5828,5
5829,5
5830,5
5831,5
5832,5
5833,20
5834,0
5835,20
5836,20
5837,17
5838,17
5839,17
5840,5
5841,19
5842,9
5843,5
5844,5
5845,9
5846,5
5847,5
5848,17
5849,20
5850,5
5851,20
5852,20
5853,20
5854,20
5855,5
5856,5
5857,5
5858,5
5859,20
5860,20
5861,20
5862,20
5863,23
5864,23
5865,5
5866,5
5867,9
5868,22
5869,17
5870,5
5871,9
5872,13
5873,13
5874,13
5875,9
5876,9
5877,13
5878,9
5879,9
5880,9
5881,9
5882,9
5883,13
5884,0
5885,5
5886,5
5887,5
5888,5
5889,5
5890,5
5891,4
5892,20
5893,20
5894,20
5895,21
5896,17
5897,20
5898,20
5899,0
5900,21
5901,5
5902,5
5903,23
5904,23
5905,23
5906,13
5907,1
5908,8
5909,1
5910,1
5911,1
5912,1
5913,1
5914,5
5915,22
5916,5
5917,1
5918,5
5919,1
5920,5
5921,0
5922,20
5923,20
5924,13
5925,5
5926,0
5927,5
5928,5
5929,5
5930,13
5931,17
5932,17
5933,18
5934,18
5935,18
5936,1
5937,18
5938,1
5939,17
5940,17
5941,17
5942,17
5943,17
5944,17
5945,17
5946,17
5947,17
5948,17
5949,17
5950,13
5951,13
5952,13
5953,13
5954,13
5955,17
5956,17
5957,20
5958,20
5959,20
5960,4
5961,20
5962,19
5963,4
5964,20
5965,20
5966,20
5967,20
5968,20
5969,20
5970,20
5971,20
5972,20
5973,20
5974,20
5975,20
5976,20
5977,20
5978,19
5979,20
5980,20
5981,20
5982,20
5983,20
5984,20
5985,20
5986,20
5987,21
5988,20
5989,20
5990,20
5991,20
5992,20
5993,20
5994,20
5995,20
5996,20
5997,5
5998,20
5999,20
6000,20
6001,20
6002,20
6003,19
6004,20
6005,20
6006,9
6007,20
6008,20
6009,20
6010,0
6011,20
6012,19
6013,20
6014,0
6015,21
6016,21
6017,0
6018,7
6019,21
6020,20
6021,20
6022,20
6023,20
6024,0
6025,20
6026,4
6027,20
6028,20
6029,20
6030,19
6031,20
6032,20
6033,20
6034,20
6035,20
6036,20
6037,20
6038,4
6039,21
6040,20
6041,20
6042,20
6043,20
6044,20
6045,21
6046,20
6047,0
6048,21
6049,4
6050,20
6051,20
6052,20
6053,23
6054,13
6055,19
6056,21
6057,20
6058,21
6059,21
6060,17
6061,21
6062,21
6063,21
6064,21
6065,21
6066,21
6067,21
6068,21
6069,21
6070,21
6071,21
6072,21
6073,21
6074,21
6075,21
6076,21
6077,20
6078,20
6079,21
6080,21
6081,21
6082,21
6083,21
6084,21
6085,21
6086,21
6087,21
6088,21
6089,0
6090,21
6091,21
6092,0
6093,20
6094,20
6095,20
6096,20
6097,20
6098,19
6099,20
6100,20
6101,0
6102,0
6103,20
6104,0
6105,20
6106,20
6107,20
6108,20
6109,20
6110,21
6111,21
6112,21
6113,21
6114,21
6115,21
6116,20
6117,20
6118,20
6119,20
6120,20
6121,20
6122,20
6123,21
6124,20
6125,0
6126,20
6127,21
6128,20
6129,20
6130,5
6131,20
6132,20
6133,20
6134,20
6135,20
6136,5
6137,5
6138,5
6139,5
6140,5
6141,1
6142,1
6143,1
6144,1
6145,1
6146,1
6147,1
6148,1
6149,1
6150,1
6151,1
6152,21
6153,20
6154,0
6155,17
6156,19
6157,17
6158,20
6159,20
6160,20
6161,20
6162,20
6163,20
6164,0
6165,20
6166,20
6167,20
6168,20
6169,21
6170,20
6171,20
6172,20
6173,20
6174,20
6175,20
6176,0
6177,21
6178,21
6179,20
6180,20
6181,20
6182,20
6183,20
6184,18
6185,20
6186,20
6187,17
6188,21
6189,17
6190,21
6191,13
6192,20
6193,21
6194,21
6195,21
6196,21
6197,21
6198,21
6199,21
6200,21
6201,21
6202,21
6203,21
6204,21
6205,13
6206,13
6207,18
6208,18
6209,17
6210,17
6211,17
6212,20
6213,20
6214,21
6215,20
6216,20
6217,20
6218,20
6219,20
6220,20
6221,20
6222,20
6223,20
6224,20
6225,20
6226,5
6227,5
6228,5
6229,5
6230,5
6231,20
6232,20
6233,20
6234,5
6235,20
6236,20
6237,20
6238,20
6239,20
6240,20
6241,20
6242,19
6243,13
6244,13
6245,13
6246,13
6247,13
6248,13
6249,13
6250,13
6251,13
6252,13
6253,22
6254,21
6255,9
6256,21
6257,21
6258,21
6259,21
6260,21
6261,9
6262,9
6263,9
6264,9
6265,9
6266,9
6267,9
6268,9
6269,9
6270,9
6271,9
6272,9
6273,9
6274,9
6275,9
6276,9
6277,9
6278,9
6279,9
6280,9
6281,9
6282,9
6283,9
6284,9
6285,9
6286,8
6287,8
6288,9
6289,22
6290,8
6291,21
6292,9
6293,9
6294,9
6295,15
6296,9
6297,9
6298,9
6299,9
6300,9
6301,9
6302,9
6303,9
6304,8
6305,8
6306,8
6307,8
6308,8
6309,8
6310,8
6311,8
6312,8
6313,8
6314,8
6315,8
6316,9
6317,9
6318,9
6319,9
6320,9
6321,9
6322,9
6323,9
6324,9
6325,9
6326,8
6327,8
6328,9
6329,9
6330,9
6331,9
6332,9
6333,9
6334,21
6335,9
6336,9
6337,9
6338,9
6339,9
6340,9
6341,9
6342,21
6343,21
6344,21
6345,9
6346,9
6347,9
6348,9
6349,9
6350,9
6351,9
6352,9
6353,9
6354,9
6355,9
6356,9
6357,5
6358,5
6359,5
6360,5
6361,0
6362,20
6363,4
6364,4
6365,4
6366,4
6367,4
6368,4
6369,4
6370,4
6371,4
6372,4
6373,4
6374,4
6375,4
6376,0
6377,0
6378,0
6379,0
6380,0
6381,0
6382,0
6383,0
6384,0
6385,0
6386,0
6387,0
6388,0
6389,0
6390,5
6391,5
6392,17
6393,21
6394,21
6395,21
6396,0
6397,21
6398,21
6399,0
6400,5
6401,0
6402,0
6403,20
6404,5
6405,5
6406,5
6407,5
6408,21
6409,0
6410,0
6411,5
6412,0
6413,0
6414,0
6415,0
6416,0
6417,20
6418,0
6419,0
6420,0
6421,0
6422,0
6423,0
6424,0
6425,0
6426,0
6427,0
6428,0
6429,0
6430,0
6431,0
6432,0
6433,0
6434,0
6435,0
6436,0
6437,0
6438,0
6439,0
6440,0
6441,0
6442,0
6443,0
6444,20
6445,20
6446,20
6447,0
6448,0
6449,20
6450,20
6451,0
6452,20
6453,21
6454,21
6455,21
6456,0
6457,0
6458,0
6459,0
6460,0
6461,5
6462,5
6463,0
6464,0
6465,0
6466,0
6467,0
6468,0
6469,0
6470,0
6471,0
6472,0
6473,0
6474,0
6475,0
6476,0
6477,0
6478,0
6479,0
6480,0
6481,0
6482,8
6483,8
6484,8
6485,8
6486,8
6487,8
6488,8
6489,8
6490,8
6491,8
6492,8
6493,8
6494,8
6495,8
6496,8
6497,8
6498,8
6499,8
6500,8
6501,8
6502,8
6503,8
6504,8
6505,8
6506,8
6507,8
6508,8
6509,8
6510,8
6511,8
6512,8
6513,8
6514,8
6515,8
6516,19
6517,8
6518,8
6519,8
6520,8
6521,8
6522,8
6523,8
6524,8
6525,21
6526,8
6527,8
6528,8
6529,8
6530,8
6531,8
6532,8
6533,8
6534,8
6535,21
6536,8
6537,21
6538,21
6539,21
6540,21
6541,21
6542,21
6543,8
6544,8
6545,8
6546,8
6547,8
6548,8
6549,8
6550,8
6551,8
6552,21
6553,21
6554,9
6555,9
6556,9
6557,9
6558,13
6559,13
6560,13
6561,17
6562,17
6563,17
6564,17
6565,17
6566,17
6567,19
6568,17
6569,17
6570,17
6571,13
6572,13
6573,13
6574,13
6575,13
6576,13
6577,13
6578,13
6579,13
6580,13
6581,13
6582,13
6583,13
6584,13
6585,13
6586,13
6587,18
6588,13
6589,18
6590,13
6591,17
6592,13
6593,13
6594,13
6595,13
6596,13
6597,1
6598,1
6599,18
6600,5
6601,5
6602,1
6603,1
6604,13
6605,22
6606,17
6607,13
6608,13
6609,13
6610,13
6611,23
6612,13
6613,13
6614,13
6615,13
6616,22
6617,1
6618,23
6619,13
6620,13
6621,13
6622,9
6623,9
6624,20
6625,9
6626,20
6627,20
6628,20
6629,22
6630,18
6631,18
6632,12
6633,20
6634,17
6635,20
6636,20
6637,9
6638,13
6639,22
6640,22
6641,22
6642,9
6643,9
6644,20
6645,20
6646,20
6647,20
6648,20
6649,18
6650,18
6651,18
6652,9
6653,18
6654,18
6655,13
6656,13
6657,13
6658,13
6659,13
6660,20
6661,20
6662,5
6663,5
6664,23
6665,4
6666,5
6667,17
6668,17
6669,20
6670,0
6671,17
6672,17
6673,17
6674,20
6675,1
6676,1
6677,13
6678,1
6679,18
6680,18
6681,1
6682,1
6683,18
6684,17
6685,17
6686,17
6687,1
6688,1
6689,1
6690,1
6691,1
6692,1
6693,1
6694,1
6695,1
6696,1
6697,1
6698,1
6699,1
6700,1
6701,1
6702,1
6703,1
6704,1
6705,1
6706,1
6707,1
6708,1
6709,1
6710,1
6711,1
6712,1
6713,1
6714,1
6715,1
6716,1
6717,1
6718,13
6719,13
6720,22
6721,13
6722,13
6723,13
6724,13
6725,0
6726,21
6727,21
6728,0
6729,0
6730,0
6731,21
6732,21
6733,0
6734,0
6735,0
6736,21
6737,21
6738,21
6739,21
6740,21
6741,21
6742,21
6743,21
6744,21
6745,21
6746,21
6747,21
6748,21
6749,21
6750,21
6751,0
6752,0
6753,0
6754,21
6755,21
6756,21
6757,21
6758,21
6759,21
6760,21
6761,21
6762,21
6763,21
6764,19
6765,19
6766,20
6767,20
6768,21
6769,21
6770,21
6771,21
6772,21
6773,21
6774,21
6775,21
6776,21
6777,21
6778,1
6779,21
6780,21
6781,21
6782,21
6783,21
6784,21
6785,20
6786,20
6787,20
6788,20
6789,20
6790,0
6791,0
6792,0
6793,0
6794,0
6795,0
6796,0
6797,0
6798,5
6799,0
6800,0
6801,0
6802,0
6803,0
6804,0
6805,0
6806,0
6807,0
6808,0
6809,0
6810,0
6811,0
6812,0
6813,0
6814,0
6815,0
6816,0
6817,0
6818,0
6819,0
6820,0
6821,0
6822,0
6823,0
6824,0
6825,0
6826,0
6827,0
6828,0
6829,0
6830,0
6831,0
6832,0
6833,0
6834,0
6835,0
6836,0
6837,0
6838,20
6839,20
6840,20
6841,20
6842,0
6843,20
6844,0
6845,20
6846,20
6847,20
6848,20
6849,0
6850,21
6851,4
6852,4
6853,20
6854,19
6855,20
6856,19
6857,21
6858,0
6859,21
6860,21
6861,21
6862,21
6863,20
6864,21
6865,20
6866,0
6867,21
6868,0
6869,0
6870,21
6871,21
6872,20
6873,0
6874,0
6875,21
6876,21
6877,0
6878,21
6879,0
6880,0
6881,0
6882,20
6883,20
6884,0
6885,0
6886,0
6887,0
6888,0
6889,0
6890,0
6891,0
6892,0
6893,0
6894,0
6895,0
6896,0
6897,0
6898,0
6899,0
6900,0
6901,0
6902,0
6903,0
6904,0
6905,0
6906,0
6907,0
6908,0
6909,0
6910,0
6911,0
6912,0
6913,0
6914,0
6915,22
6916,22
6917,22
6918,22
6919,20
6920,19
6921,20
6922,20
6923,19
6924,5
6925,19
6926,23
6927,4
6928,0
6929,5
6930,20
6931,4
6932,0
6933,20
6934,4
6935,20
6936,4
6937,21
6938,4
6939,4
6940,23
6941,23
6942,20
6943,4
6944,4
6945,4
6946,21
6947,0
6948,21
6949,0
6950,21
6951,21
6952,21
6953,21
6954,21
6955,0
6956,21
6957,12
6958,0
6959,21
6960,12
6961,21
6962,21
6963,0
6964,21
6965,0
6966,4
6967,5
6968,5
6969,5
6970,5
6971,5
6972,20
6973,20
6974,5
6975,20
6976,5
6977,5
6978,5
6979,5
6980,5
6981,5
6982,5
6983,5
6984,19
6985,19
6986,5
6987,20
6988,5
6989,5
6990,5
6991,20
6992,20
6993,20
6994,20
6995,20
6996,23
6997,5
6998,5
6999,5
7000,5
7001,5
7002,5
7003,5
7004,5
7005,5
7006,17
7007,5
7008,5
7009,5
7010,5
7011,5
7012,20
7013,0
7014,20
7015,20
7016,0
7017,0
7018,0
7019,0
7020,0
7021,0
7022,0
7023,0
7024,0
7025,20
7026,20
7027,20
7028,20
7029,21
7030,21
7031,19
7032,21
7033,21
7034,21
7035,20
7036,20
7037,20
7038,0
7039,0
7040,0
7041,0
7042,0
7043,0
7044,0
7045,0
7046,0
7047,0
7048,0
7049,0
7050,0
7051,0
7052,0
7053,0
7054,4
7055,4
7056,4
7057,0
7058,0
7059,0
7060,0
7061,0
7062,20
7063,20
7064,20
7065,20
7066,20
7067,20
7068,0
7069,0
7070,0
7071,0
7072,0
7073,0
7074,0
7075,0
7076,0
7077,0
7078,0
7079,0
7080,0
7081,0
7082,0
7083,22
7084,17
7085,10
7086,20
7087,20
7088,22
7089,22
7090,22
7091,22
7092,22
7093,2
7094,22
7095,22
7096,22
7097,20
7098,20
7099,1
7100,20
7101,0
7102,0
7103,0
7104,0
7105,0
7106,0
7107,0
7108,0
7109,0
7110,0
7111,0
7112,0
7113,0
7114,0
7115,0
7116,0
7117,0
7118,20
7119,20
7120,0
7121,0
7122,0
7123,0
7124,0
7125,0
7126,0
7127,0
7128,0
7129,0
7130,0
7131,0
7132,20
7133,20
7134,4
7135,0
7136,0
7137,21
7138,20
7139,20
7140,0
7141,21
7142,2
7143,23
7144,20
7145,20
7146,20
7147,20
7148,4
7149,0
7150,4
7151,21
7152,21
7153,21
7154,0
7155,19
7156,19
7157,21
7158,0
7159,0
7160,0
7161,21
7162,19
7163,19
7164,19
7165,19
7166,19
7167,19
7168,5
7169,5
7170,19
7171,19
7172,19
7173,0
7174,0
7175,21
7176,21
7177,15
7178,21
7179,21
7180,21
7181,21
7182,21
7183,21
7184,21
7185,21
7186,21
7187,21
7188,21
7189,21
7190,21
7191,21
7192,21
7193,21
7194,21
7195,21
7196,21
7197,21
7198,21
7199,19
7200,21
7201,21
7202,21
7203,21
7204,21
7205,21
7206,0
7207,0
7208,0
7209,12
7210,0
7211,0
7212,0
7213,21
7214,19
7215,21
7216,0
7217,12
7218,0
7219,17
7220,17
7221,20
7222,12
7223,21
7224,21
7225,8
7226,4
7227,4
7228,4
7229,4
7230,20
7231,19
7232,22
7233,22
7234,22
7235,22
7236,22
7237,22
7238,22
7239,22
7240,22
7241,22
7242,10
7243,10
7244,16
7245,1
7246,2
7247,22
7248,22
7249,22
7250,22
7251,0
7252,0
7253,0
7254,0
7255,0
7256,0
7257,0
7258,0
7259,0
7260,0
7261,0
7262,0
7263,0
7264,22
7265,0
7266,0
7267,9
7268,0
7269,0
7270,0
7271,0
7272,0
7273,0
7274,0
7275,0
7276,0
7277,12
7278,0
7279,0
7280,19
7281,0
7282,0
7283,0
7284,0
7285,0
7286,0
7287,0
7288,0
7289,0
7290,0
7291,0
7292,0
7293,0
7294,0
7295,0
7296,0
7297,0
7298,0
7299,0
7300,0
7301,0
7302,20
7303,0
7304,20
7305,0
7306,0
7307,0
7308,0
7309,0
7310,0
7311,0
7312,0
7313,0
7314,5
7315,20
7316,4
7317,18
7318,0
7319,0
7320,0
7321,20
7322,0
7323,0
7324,0
7325,0
7326,0
7327,0
7328,5
7329,5
7330,5
7331,5
7332,0
7333,0
7334,0
7335,0
7336,0
7337,0
7338,0
7339,0
7340,0
7341,0
7342,0
7343,0
7344,0
7345,21
7346,0
7347,0
7348,0
7349,0
7350,0
7351,0
7352,0
7353,0
7354,0
7355,0
7356,0
7357,0
7358,0
7359,0
7360,21
7361,21
7362,10
7363,0
7364,0
7365,0
7366,21
7367,0
7368,0
7369,0
7370,0
7371,0
7372,0
7373,0
7374,0
7375,0
7376,1
7377,0
7378,0
7379,0
7380,0
7381,0
7382,0
7383,0
7384,0
7385,0
7386,19
7387,22
7388,19
7389,19
7390,19
7391,0
7392,19
7393,19
7394,19
7395,19
7396,19
7397,19
7398,19
7399,19
7400,21
7401,0
7402,19
7403,20
7404,19
7405,19
7406,0
7407,0
7408,0
7409,8
7410,18
7411,2
7412,0
7413,0
7414,0
7415,20
7416,20
7417,22
7418,0
7419,0
7420,0
7421,19
7422,0
7423,5
7424,5
7425,0
7426,0
7427,20
7428,9
7429,9
7430,19
7431,0
7432,19
7433,0
7434,0
7435,0
7436,0
7437,0
7438,0
7439,0
7440,0
7441,0
7442,0
7443,0
7444,5
7445,5
7446,12
7447,12
7448,12
7449,0
7450,22
7451,2
7452,0
7453,0
7454,0
7455,0
7456,0
7457,22
7458,23
7459,23
7460,22
7461,23
7462,3
7463,22
7464,22
7465,22
7466,22
7467,3
7468,0
7469,0
7470,19
7471,19
7472,0
7473,23
7474,21
7475,21
7476,0
7477,0
7478,0
7479,0
7480,0
7481,0
7482,0
7483,0
7484,0
7485,0
7486,0
7487,5
7488,0
7489,0
7490,20
7491,20
7492,0
7493,0
7494,0
7495,0
7496,0
7497,6
7498,6
7499,6
7500,6
7501,6
7502,6
7503,6
7504,6
7505,6
7506,6
7507,0
7508,0
7509,6
7510,6
7511,6
7512,6
7513,0
7514,0
7515,0
7516,0
7517,5
7518,5
7519,23
7520,20
7521,20
7522,20
7523,4
7524,0
7525,20
7526,0
7527,20
7528,20
7529,23
7530,20
7531,20
7532,20
7533,20
7534,5
7535,20
7536,20
7537,20
7538,20
7539,20
7540,20
7541,20
7542,20
7543,20
7544,20
7545,2
7546,2
7547,22
7548,2
7549,2
7550,2
7551,22
7552,2
7553,22
7554,2
7555,2
7556,9
7557,21
7558,22
7559,2
7560,2
7561,22
7562,21
7563,21
7564,2
7565,2
7566,2
7567,2
7568,2
7569,22
7570,22
7571,22
7572,22
7573,22
7574,22
7575,22
7576,22
7577,22
7578,22
7579,22
7580,22
7581,22
7582,2
7583,22
7584,22
7585,22
7586,2
7587,22
7588,2
7589,2
7590,2
7591,2
7592,2
7593,2
7594,2
7595,2
7596,2
7597,2
7598,2
7599,2
7600,21
7601,21
7602,22
7603,22
7604,22
7605,22
7606,22
7607,22
7608,22
7609,22
7610,22
7611,22
7612,22
7613,22
7614,22
7615,22
7616,22
7617,22
7618,22
7619,22
7620,22
7621,22
7622,22
7623,22
7624,22
7625,22
7626,22
7627,22
7628,22
7629,8
7630,22
7631,22
7632,22
7633,22
7634,22
7635,22
7636,22
7637,22
7638,22
7639,22
7640,22
7641,22
7642,2
7643,22
7644,22
7645,19
7646,22
7647,22
7648,22
7649,22
7650,22
7651,22
7652,22
7653,22
7654,22
7655,22
7656,22
7657,22
7658,22
7659,22
7660,22
7661,23
7662,22
7663,22
7664,22
7665,1
7666,22
7667,2
7668,22
7669,22
7670,22
7671,22
7672,22
7673,22
7674,22
7675,22
7676,22
7677,22
7678,22
7679,22
7680,22
7681,22
7682,22
7683,22
7684,22
7685,22
7686,22
7687,22
7688,22
7689,22
7690,22
7691,22
7692,22
7693,22
7694,1
7695,22
7696,22
7697,22
7698,22
7699,22
7700,22
7701,9
7702,9
7703,9
7704,22
7705,22
7706,22
7707,22
7708,22
7709,22
7710,22
7711,22
7712,9
7713,9
7714,9
7715,9
7716,10
7717,2
7718,2
7719,2
7720,2
7721,21
7722,21
7723,21
7724,21
7725,21
7726,21
7727,21
7728,2
7729,2
7730,2
7731,2
7732,21
7733,2
7734,2
7735,22
7736,22
7737,21
7738,21
7739,2
7740,21
7741,21
7742,21
7743,21
7744,21
7745,21
7746,21
7747,23
7748,22
7749,22
7750,2
7751,22
7752,22
7753,2
7754,22
7755,2
7756,22
7757,22
7758,22
7759,22
7760,2
7761,22
7762,22
7763,22
7764,22
7765,22
7766,22
7767,2
7768,22
7769,22
7770,22
7771,22
7772,22
7773,22
7774,22
7775,22
7776,22
7777,22
7778,22
7779,22
7780,22
7781,22
7782,22
7783,22
7784,2
7785,2
7786,2
7787,22
7788,1
7789,2
7790,22
7791,22
7792,22
7793,22
7794,22
7795,1
7796,22
7797,22
7798,2
7799,22
7800,22
7801,21
7802,9
7803,9
7804,2
7805,9
7806,21
7807,21
7808,21
7809,21
7810,21
7811,21
7812,21
7813,21
7814,21
7815,21
7816,21
7817,21
7818,21
7819,21
7820,21
7821,21
7822,2
7823,2
7824,22
7825,18
7826,1
7827,1
7828,21
7829,21
7830,21
7831,21
7832,21
7833,21
7834,0
7835,21
7836,0
7837,21
7838,21
7839,0
7840,0
7841,0
7842,0
7843,0
7844,0
7845,0
7846,0
7847,21
7848,21
7849,21
7850,21
7851,0
7852,21
7853,0
7854,0
7855,19
7856,19
7857,19
7858,4
7859,20
7860,4
7861,19
7862,20
7863,5
7864,21
7865,21
7866,21
7867,21
7868,21
7869,21
7870,21
7871,21
7872,21
7873,21
7874,21
7875,21
7876,21
7877,21
7878,21
7879,21
7880,21
7881,2
7882,21
7883,21
7884,21
7885,21
7886,21
7887,21
7888,21
7889,21
7890,9
7891,21
7892,21
7893,21
7894,21
7895,21
7896,21
7897,0
7898,0
7899,0
7900,0
7901,0
7902,21
7903,2
7904,2
7905,2
7906,8
7907,8
7908,8
7909,21
7910,8
7911,8
7912,21
7913,8
7914,21
7915,8
7916,8
7917,21
7918,8
7919,21
7920,21
7921,21
7922,21
7923,21
7924,8
7925,8
7926,8
7927,8
7928,2
7929,8
7930,8
7931,8
7932,8
7933,8
7934,8
7935,8
7936,8
7937,8
7938,8
7939,8
7940,8
7941,21
7942,21
7943,21
7944,8
7945,21
7946,21
7947,9
7948,9
7949,21
7950,21
7951,21
7952,21
7953,21
7954,21
7955,21
7956,8
7957,8
7958,8
7959,8
7960,21
7961,21
7962,21
7963,21
7964,21
7965,9
7966,21
7967,21
7968,8
7969,8
7970,1
7971,21
7972,21
7973,21
7974,21
7975,13
7976,21
7977,21
7978,21
7979,21
7980,21
7981,9
7982,22
7983,8
7984,8
7985,9
7986,21
7987,21
7988,9
7989,21
7990,21
7991,17
7992,21
7993,21
7994,21
7995,21
7996,5
7997,20
7998,4
7999,5
8000,5
8001,17
8002,17
8003,17
8004,5
8005,17
8006,21
8007,4
8008,4
8009,20
8010,17
8011,23
8012,21
8013,20
8014,0
8015,0
8016,0
8017,17
8018,17
8019,17
8020,0
8021,4
8022,0
8023,0
8024,17
8025,17
8026,21
8027,21
8028,21
8029,21
8030,1
8031,2
8032,21
8033,21
8034,21
8035,21
8036,21
8037,21
8038,19
8039,19
8040,19
8041,0
8042,0
8043,5
8044,5
8045,19
8046,19
8047,19
8048,20
8049,20
8050,20
8051,20
8052,20
8053,20
8054,19
8055,20
8056,20
8057,19
8058,20
8059,20
8060,20
8061,20
8062,20
8063,19
8064,9
8065,5
8066,5
8067,5
8068,5
8069,5
8070,5
8071,5
8072,5
8073,5
8074,20
8075,20
8076,18
8077,18
8078,21
8079,20
8080,21
8081,20
8082,19
8083,20
8084,20
8085,20
8086,19
8087,20
8088,20
8089,20
8090,20
8091,5
8092,5
8093,20
8094,23
8095,1
8096,2
8097,1
8098,21
8099,21
8100,21
8101,21
8102,20
8103,21
8104,5
8105,4
8106,1
8107,20
8108,20
8109,20
8110,1
8111,19
8112,5
8113,21
8114,18
8115,5
8116,5
8117,0
8118,0
8119,20
8120,21
8121,4
8122,21
8123,5
8124,17
8125,17
8126,17
8127,20
8128,22
8129,19
8130,20
8131,1
8132,2
8133,1
8134,1
8135,1
8136,1
8137,1
8138,1
8139,1
8140,1
8141,2
8142,1
8143,1
8144,1
8145,1
8146,1
8147,1
8148,1
8149,23
8150,23
8151,23
8152,23
8153,23
8154,23
8155,23
8156,23
8157,23
8158,23
8159,10
8160,23
8161,23
8162,23
8163,23
8164,23
8165,23
8166,2
8167,2
8168,1
8169,1
8170,2
8171,2
8172,2
8173,1
8174,1
8175,1
8176,1
8177,1
8178,1
8179,1
8180,1
8181,1
8182,1
8183,10
8184,1
8185,9
8186,20
8187,1
8188,1
8189,1
8190,23
8191,23
8192,23
8193,23
8194,0
8195,17
8196,10
8197,23
8198,23
8199,23
8200,4
8201,17
8202,17
8203,17
8204,17
8205,22
8206,22
8207,22
8208,17
8209,22
8210,20
8211,20
8212,20
8213,20
8214,20
8215,9
8216,20
8217,20
8218,20
8219,19
8220,19
8221,20
8222,19
8223,19
8224,0
8225,22
8226,17
8227,21
8228,23
8229,23
8230,10
8231,10
8232,1
8233,5
8234,23
8235,23
8236,5
8237,23
8238,0
8239,20
8240,20
8241,20
8242,20
8243,17
8244,17
8245,20
8246,17
8247,5
8248,5
8249,5
8250,17
8251,17
8252,5
8253,5
8254,23
8255,10
8256,10
8257,10
8258,10
8259,9
8260,10
8261,10
8262,1
8263,1
8264,2
8265,1
8266,1
8267,1
8268,1
8269,1
8270,1
8271,1
8272,1
8273,1
8274,1
8275,1
8276,1
8277,1
8278,1
8279,1
8280,1
8281,1
8282,1
8283,1
8284,10
8285,20
8286,10
8287,23
8288,22
8289,9
8290,22
8291,22
8292,22
8293,22
8294,22
8295,23
8296,1
8297,1
8298,1
8299,1
8300,1
8301,22
8302,1
8303,1
8304,1
8305,1
8306,22
8307,1
8308,1
8309,1
8310,9
8311,9
8312,9
8313,9
8314,9
8315,9
8316,9
8317,9
8318,9
8319,9
8320,9
8321,9
8322,9
8323,23
8324,23
8325,10
8326,10
8327,23
8328,10
8329,23
8330,2
8331,2
8332,2
8333,2
8334,2
8335,2
8336,23
8337,1
8338,23
8339,19
8340,23
8341,18
8342,18
8343,20
8344,17
8345,17
8346,20
8347,20
8348,9
8349,9
8350,9
8351,9
8352,9
8353,9
8354,9
8355,9
8356,9
8357,9
8358,9
8359,9
8360,9
8361,9
8362,9
8363,9
8364,9
8365,9
8366,9
8367,9
8368,9
8369,9
8370,9
8371,9
8372,9
8373,9
8374,9
8375,9
8376,9
8377,9
8378,9
8379,9
8380,9
8381,1
8382,9
8383,9
8384,9
8385,9
8386,9
8387,9
8388,9
8389,9
8390,9
8391,22
8392,9
8393,9
8394,9
8395,9
8396,9
8397,9
8398,1
8399,1
8400,1
8401,1
8402,1
8403,1
8404,1
8405,1
8406,1
8407,1
8408,1
8409,1
8410,1
8411,1
8412,1
8413,1
8414,1
8415,1
8416,8
8417,1
8418,1
8419,1
8420,1
8421,1
8422,1
8423,1
8424,1
8425,1
8426,1
8427,1
8428,1
8429,1
8430,1
8431,1
8432,1
8433,1
8434,1
8435,1
8436,1
8437,1
8438,1
8439,1
8440,5
8441,1
8442,1
8443,1
8444,10
8445,10
8446,1
8447,1
8448,1
8449,1
8450,1
8451,1
8452,1
8453,1
8454,1
8455,1
8456,1
8457,1
8458,1
8459,1
8460,1
8461,1
8462,1
8463,1
8464,1
8465,1
8466,1
8467,1
8468,22
8469,1
8470,10
8471,1
8472,1
8473,1
8474,1
8475,1
8476,1
8477,1
8478,1
8479,1
8480,1
8481,1
8482,21
8483,21
8484,21
8485,21
8486,21
8487,21
8488,9
8489,21
8490,21
8491,9
8492,9
8493,9
8494,9
8495,2
8496,2
8497,15
8498,9
8499,18
8500,2
8501,9
8502,2
8503,2
8504,9
8505,2
8506,2
8507,2
8508,2
8509,2
8510,2
8511,2
8512,2
8513,2
8514,2
8515,15
8516,15
8517,15
8518,15
8519,15
8520,15
8521,9
8522,9
8523,9
8524,9
8525,18
8526,2
8527,2
8528,2
8529,2
8530,2
8531,2
8532,21
8533,21
8534,21
8535,9
8536,22
8537,22
8538,20
8539,2
8540,21
8541,21
8542,2
8543,2
8544,21
8545,21
8546,21
8547,23
8548,23
8549,23
8550,23
8551,23
8552,23
8553,23
8554,23
8555,10
8556,23
8557,20
8558,20
8559,20
8560,23
8561,23
8562,23
8563,2
8564,2
8565,2
8566,2
8567,2
8568,2
8569,2
8570,2
8571,2
8572,2
8573,1
8574,2
8575,2
8576,2
8577,2
8578,2
8579,2
8580,2
8581,2
8582,2
8583,2
8584,2
8585,22
8586,2
8587,1
8588,22
8589,2
8590,2
8591,2
8592,2
8593,2
8594,2
8595,21
8596,21
8597,4
8598,0
8599,19
8600,4
8601,22
8602,0
8603,0
8604,0
8605,9
8606,9
8607,21
8608,21
8609,21
8610,21
8611,17
8612,1
8613,21
8614,21
8615,21
8616,21
8617,21
8618,21
8619,21
8620,21
8621,21
8622,21
8623,20
8624,20
8625,20
8626,20
8627,0
8628,21
8629,21
8630,2
8631,2
8632,2
8633,2
8634,2
8635,9
8636,7
8637,7
8638,7
8639,7
8640,2
8641,2
8642,2
8643,2
8644,2
8645,9
8646,21
8647,21
8648,1
8649,2
8650,1
8651,22
8652,22
8653,2
8654,2
8655,21
8656,21
8657,22
8658,18
8659,2
8660,22
8661,22
8662,22
8663,22
8664,22
8665,22
8666,22
8667,22
8668,1
8669,1
8670,7
8671,7
8672,2
8673,2
8674,9
8675,9
8676,2
8677,2
8678,2
8679,2
8680,2
8681,2
8682,9
8683,9
8684,9
8685,9
8686,9
8687,7
8688,7
8689,9
8690,7
8691,21
8692,22
8693,22
8694,23
8695,23
8696,17
8697,17
8698,18
8699,22
8700,18
8701,17
8702,17
8703,17
8704,22
8705,22
8706,18
8707,18
8708,18
8709,18
8710,22
8711,22
8712,5
8713,18
8714,17
8715,17
8716,17
8717,22
8718,22
8719,22
8720,22
8721,22
8722,22
8723,18
8724,0
8725,17
8726,17
8727,18
8728,9
8729,10
8730,9
8731,9
8732,9
8733,9
8734,9
8735,19
8736,17
8737,17
8738,22
8739,22
8740,2
8741,2
8742,20
8743,20
8744,12
8745,12
8746,12
8747,12
8748,12
8749,12
8750,9
8751,12
8752,12
8753,12
8754,12
8755,22
8756,2
8757,2
8758,2
8759,2
8760,2
8761,2
8762,2
8763,2
8764,2
8765,22
8766,1
8767,22
8768,22
8769,22
8770,22
8771,22
8772,22
8773,22
8774,22
8775,22
8776,22
8777,2
8778,22
8779,22
8780,18
8781,22
8782,22
8783,22
8784,22
8785,2
8786,22
8787,2
8788,22
8789,2
8790,2
8791,2
8792,2
8793,2
8794,2
8795,22
8796,22
8797,22
8798,22
8799,2
8800,22
8801,22
8802,22
8803,22
8804,22
8805,22
8806,22
8807,22
8808,22
8809,22
8810,22
8811,22
8812,18
8813,22
8814,22
8815,22
8816,22
8817,22
8818,22
8819,22
8820,2
8821,18
8822,18
8823,18
8824,2
8825,18
8826,18
8827,2
8828,2
8829,2
8830,2
8831,2
8832,2
8833,2
8834,2
8835,2
8836,2
8837,2
8838,1
8839,2
8840,2
8841,2
8842,22
8843,22
8844,2
8845,2
8846,18
8847,22
8848,22
8849,22
8850,2
8851,9
8852,22
8853,22
8854,22
8855,2
8856,22
8857,22
8858,22
8859,2
8860,2
8861,2
8862,22
8863,22
8864,22
8865,22
8866,22
8867,22
8868,2
8869,2
8870,2
8871,2
8872,2
8873,22
8874,1
8875,18
8876,17
8877,22
8878,22
8879,22
8880,22
8881,22
8882,22
8883,22
8884,22
8885,22
8886,22
8887,22
8888,22
8889,22
8890,22
8891,22
8892,22
8893,19
8894,8
8895,8
8896,19
8897,22
8898,2
8899,22
8900,22
8901,22
8902,22
8903,22
8904,22
8905,22
8906,22
8907,22
8908,22
8909,22
8910,19
8911,17
8912,17
8913,1
8914,17
8915,17
8916,17
8917,17
8918,17
8919,23
8920,23
8921,22
8922,22
8923,18
8924,22
8925,22
8926,17
8927,17
8928,13
8929,18
8930,17
8931,9
8932,9
8933,22
8934,23
8935,23
8936,22
8937,23
8938,23
8939,23
8940,23
8941,3
8942,23
8943,23
8944,23
8945,23
8946,3
8947,3
8948,3
8949,3
8950,3
8951,9
8952,13
8953,13
8954,13
8955,9
8956,9
8957,9
8958,9
8959,9
8960,9
8961,1
8962,1
8963,10
8964,2
8965,1
8966,1
8967,8
8968,10
8969,1
8970,22
8971,1
8972,23
8973,10
8974,23
8975,23
8976,9
8977,23
8978,23
8979,9
8980,1
8981,23
8982,23
8983,18
8984,18
8985,18
8986,23
8987,23
8988,20
8989,21
8990,21
8991,21
8992,21
8993,21
8994,21
8995,21
8996,21
8997,21
8998,21
8999,21
9000,21
9001,21
9002,21
9003,21
9004,21
9005,21
9006,21
9007,21
9008,21
9009,21
9010,21
9011,21
9012,21
9013,21
9014,21
9015,21
9016,21
9017,21
9018,21
9019,21
9020,1
9021,1
9022,1
9023,1
9024,1
9025,1
9026,1
9027,8
9028,1
9029,22
9030,22
9031,22
9032,1
9033,1
9034,1
9035,1
9036,1
9037,1
9038,17
9039,17
9040,1
9041,1
9042,1
9043,1
9044,1
9045,1
9046,1
9047,1
9048,1
9049,1
9050,22
9051,22
9052,1
9053,1
9054,12
9055,17
9056,1
9057,1
9058,1
9059,1
9060,1
9061,1
9062,1
9063,1
9064,1
9065,1
9066,1
9067,22
9068,1
9069,1
9070,1
9071,1
9072,1
9073,2
9074,1
9075,1
9076,1
9077,10
9078,10
9079,10
9080,1
9081,1
9082,1
9083,1
9084,1
9085,1
9086,1
9087,23
9088,1
9089,22
9090,1
9091,1
9092,1
9093,1
9094,1
9095,1
9096,1
9097,1
9098,1
9099,1
9100,1
9101,2
9102,2
9103,21
9104,21
9105,21
9106,21
9107,21
9108,21
9109,21
9110,21
9111,21
9112,21
9113,21
9114,15
9115,17
9116,21
9117,21
9118,21
9119,21
9120,21
9121,21
9122,21
9123,21
9124,21
9125,21
9126,21
9127,21
9128,21
9129,21
9130,21
9131,21
9132,21
9133,21
9134,21
9135,21
9136,21
9137,2
9138,21
9139,21
9140,9
9141,21
9142,8
9143,21
9144,21
9145,8
9146,21
9147,21
9148,21
9149,21
9150,18
9151,21
9152,21
9153,21
9154,21
9155,21
9156,22
9157,2
9158,2
9159,2
9160,2
9161,2
9162,2
9163,2
9164,22
9165,2
9166,2
9167,2
9168,1
9169,21
9170,21
9171,21
9172,21
9173,21
9174,21
9175,0
9176,0
9177,0
9178,21
9179,9
9180,9
9181,9
9182,9
9183,9
9184,9
9185,9
9186,9
9187,9
9188,9
9189,9
9190,9
9191,9
9192,9
9193,9
9194,9
9195,9
9196,8
9197,8
9198,8
9199,8
9200,8
9201,9
9202,8
9203,8
9204,1
9205,8
9206,8
9207,8
9208,8
9209,8
9210,8
9211,8
9212,10
9213,8
9214,1
9215,8
9216,8
9217,8
9218,22
9219,9
9220,1
9221,9
9222,9
9223,10
9224,9
9225,10
9226,9
9227,9
9228,9
9229,9
9230,9
9231,9
9232,9
9233,10
9234,10
9235,9
9236,9
9237,9
9238,9
9239,9
9240,9
9241,8
9242,9
9243,9
9244,10
9245,9
9246,21
9247,21
9248,21
9249,2
9250,22
9251,22
9252,8
9253,8
9254,8
9255,8
9256,8
9257,21
9258,15
9259,15
9260,15
9261,15
9262,15
9263,15
9264,9
9265,9
9266,9
9267,9
9268,9
9269,9
9270,9
9271,3
9272,9
9273,9
9274,9
9275,9
9276,9
9277,9
9278,9
9279,9
9280,9
9281,22
9282,9
9283,9
9284,9
9285,9
9286,19
9287,18
9288,18
9289,22
9290,1
9291,1
9292,18
9293,20
9294,22
9295,2
9296,2
9297,2
9298,2
9299,2
9300,2
9301,22
9302,1
9303,1
9304,1
9305,1
9306,22
9307,2
9308,2
9309,2
9310,2
9311,2
9312,19
9313,2
9314,2
9315,2
9316,2
9317,1
9318,1
9319,1
9320,1
9321,10
9322,10
9323,10
9324,10
9325,10
9326,1
9327,2
9328,9
9329,1
9330,1
9331,1
9332,1
9333,1
9334,1
9335,22
9336,19
9337,1
9338,1
9339,1
9340,1
9341,1
9342,1
9343,1
9344,1
9345,1
9346,1
9347,15
9348,21
9349,15
9350,22
9351,22
9352,15
9353,15
9354,10
9355,10
9356,10
9357,10
9358,22
9359,22
9360,22
9361,22
9362,9
9363,22
9364,22
9365,15
9366,10
9367,10
9368,10
9369,8
9370,22
9371,22
9372,22
9373,10
9374,10
9375,22
9376,9
9377,22
9378,1
9379,1
9380,1
9381,3
9382,3
9383,3
9384,3
9385,3
9386,3
9387,3
9388,3
9389,3
9390,9
9391,9
9392,9
9393,5
9394,9
9395,9
9396,8
9397,21
9398,9
9399,9
9400,9
9401,9
9402,21
9403,21
9404,9
9405,9
9406,9
9407,9
9408,9
9409,9
9410,9
9411,9
9412,9
9413,9
9414,9
9415,9
9416,9
9417,9
9418,9
9419,9
9420,9
9421,9
9422,15
9423,15
9424,17
9425,10
9426,8
9427,8
9428,8
9429,8
9430,8
9431,1
9432,10
9433,10
9434,10
9435,10
9436,10
9437,10
9438,10
9439,10
9440,10
9441,10
9442,10
9443,8
9444,9
9445,9
9446,19
9447,19
9448,19
9449,19
9450,19
9451,19
9452,19
9453,19
9454,19
9455,19
9456,19
9457,21
9458,19
9459,19
9460,19
9461,5
9462,19
9463,19
9464,19
9465,19
9466,19
9467,19
9468,19
9469,19
9470,19
9471,19
9472,19
9473,19
9474,19
9475,19
9476,19
9477,19
9478,19
9479,19
9480,19
9481,19
9482,19
9483,19
9484,9
9485,19
9486,19
9487,19
9488,19
9489,19
9490,19
9491,19
9492,19
9493,19
9494,19
9495,19
9496,21
9497,19
9498,19
9499,19
9500,19
9501,19
9502,19
9503,19
9504,19
9505,19
9506,19
9507,19
9508,19
9509,19
9510,19
9511,19
9512,19
9513,19
9514,19
9515,19
9516,19
9517,19
9518,19
9519,23
9520,19
9521,19
9522,23
9523,19
9524,19
9525,19
9526,19
9527,10
9528,10
9529,10
9530,23
9531,23
9532,10
9533,10
9534,23
9535,23
9536,9
9537,10
9538,10
9539,23
9540,23
9541,23
9542,22
9543,23
9544,23
9545,1
9546,1
9547,1
9548,1
9549,1
9550,1
9551,1
9552,1
9553,1
9554,1
9555,1
9556,1
9557,1
9558,1
9559,1
9560,1
9561,1
9562,20
9563,21
9564,20
9565,20
9566,20
9567,19
9568,21
9569,21
9570,19
9571,21
9572,21
9573,21
9574,21
9575,21
9576,21
9577,21
9578,21
9579,21
9580,21
9581,21
9582,21
9583,21
9584,21
9585,21
9586,21
9587,19
9588,21
9589,20
9590,17
9591,17
9592,17
9593,17
9594,17
9595,17
9596,1
9597,17
9598,17
9599,17
9600,17
9601,17
9602,17
9603,17
9604,20
9605,22
9606,22
9607,20
9608,20
9609,20
9610,1
9611,2
9612,17
9613,17
9614,17
9615,17
9616,22
9617,22
9618,22
9619,22
9620,22
9621,22
9622,22
9623,5
9624,5
9625,5
9626,22
9627,22
9628,22
9629,17
9630,17
9631,17
9632,20
9633,19
9634,22
9635,22
9636,22
9637,9
9638,5
9639,5
9640,5
9641,23
9642,23
9643,1
9644,2
9645,6
9646,6
9647,6
9648,6
9649,6
9650,6
9651,6
9652,6
9653,6
9654,6
9655,22
9656,10
9657,23
9658,21
9659,21
9660,21
9661,21
9662,10
9663,1
9664,1
9665,1
9666,10
9667,1
9668,1
9669,1
9670,1
9671,1
9672,1
9673,1
9674,1
9675,23
9676,23
9677,23
9678,23
9679,23
9680,9
9681,20
9682,23
9683,22
9684,22
9685,23
9686,8
9687,23
9688,22
9689,22
9690,23
9691,13
9692,9
9693,9
9694,9
9695,9
9696,9
9697,9
9698,9
9699,9
9700,9
9701,9
9702,9
9703,9
9704,23
9705,20
9706,23
9707,9
9708,9
9709,9
9710,9
9711,9
9712,9
9713,9
9714,9
9715,9
9716,9
9717,17
9718,17
9719,1
9720,1
9721,9
9722,23
9723,23
9724,1
9725,1
9726,23
9727,4
9728,19
9729,19
9730,19
9731,0
9732,5
9733,9
9734,9
9735,9
9736,9
9737,5
9738,8
9739,9
9740,3
9741,21
9742,21
9743,21
9744,15
9745,15
9746,15
9747,10
9748,10
9749,10
9750,10
9751,10
9752,10
9753,10
9754,23
9755,10
9756,23
9757,10
9758,1
9759,9
9760,10
9761,1
9762,10
9763,10
9764,10
9765,1
9766,1
9767,1
9768,1
9769,1
9770,1
9771,1
9772,1
9773,1
9774,1
9775,1
9776,1
9777,1
9778,1
9779,1
9780,22
9781,1
9782,1
9783,1
9784,1
9785,1
9786,1
9787,1
9788,1
9789,1
9790,1
9791,1
9792,1
9793,1
9794,1
9795,1
9796,1
9797,1
9798,1
9799,1
9800,1
9801,1
9802,1
9803,22
9804,1
9805,22
9806,1
9807,1
9808,1
9809,1
9810,1
9811,1
9812,1
9813,1
9814,1
9815,1
9816,1
9817,1
9818,1
9819,2
9820,1
9821,1
9822,1
9823,23
9824,23
9825,1
9826,1
9827,1
9828,1
9829,1
9830,1
9831,1
9832,1
9833,1
9834,1
9835,1
9836,0
9837,10
9838,20
9839,1
9840,9
9841,1
9842,7
9843,7
9844,7
9845,7
9846,7
9847,7
9848,7
9849,7
9850,7
9851,7
9852,7
9853,7
9854,7
9855,7
9856,9
9857,7
9858,7
9859,7
9860,7
9861,7
9862,7
9863,7
9864,7
9865,7
9866,7
9867,7
9868,7
9869,7
9870,7
9871,7
9872,7
9873,7
9874,7
9875,7
9876,7
9877,7
9878,7
9879,7
9880,7
9881,7
9882,7
9883,7
9884,22
9885,2
9886,2
9887,0
9888,2
9889,2
9890,2
9891,18
9892,18
9893,9
9894,9
9895,9
9896,9
9897,9
9898,13
9899,1
9900,17
9901,20
9902,22
9903,1
9904,1
9905,1
9906,1
9907,22
9908,1
9909,1
9910,1
9911,1
9912,1
9913,1
9914,1
9915,1
9916,1
9917,1
9918,1
9919,9
9920,2
9921,7
9922,2
9923,7
9924,7
9925,7
9926,1
9927,10
9928,1
9929,1
9930,7
9931,7
9932,2
9933,1
9934,2
9935,2
9936,18
9937,18
9938,18
9939,18
9940,13
9941,18
9942,18
9943,18
9944,18
9945,18
9946,17
9947,18
9948,19
9949,19
9950,17
9951,17
9952,18
9953,13
9954,19
9955,19
9956,19
9957,19
9958,19
9959,19
9960,19
9961,19
9962,19
9963,21
9964,19
9965,19
9966,19
9967,19
9968,19
9969,8
9970,8
9971,8
9972,8
9973,8
9974,1
9975,1
9976,1
9977,1
9978,1
9979,1
9980,1
9981,1
9982,1
9983,1
9984,1
9985,1
9986,1
9987,1
9988,1
9989,1
9990,1
9991,1
9992,1
9993,1
9994,1
9995,1
9996,1
9997,1
9998,1
9999,1
10000,1
10001,1
10002,1
10003,1
10004,1
10005,1
10006,1
10007,22
10008,1
10009,17
10010,5
10011,0
10012,0
10013,0
10014,9
10015,9
10016,0
10017,0
10018,15
10019,15
10020,21
10021,0
10022,0
10023,0
10024,17
10025,15
10026,15
10027,15
10028,15
10029,15
10030,3
10031,21
10032,21
10033,15
10034,9
10035,21
10036,15
10037,21
10038,21
10039,21
10040,21
10041,21
10042,21
10043,21
10044,21
10045,21
10046,21
10047,19
10048,19
10049,19
10050,19
10051,19
10052,19
10053,19
10054,20
10055,19
10056,21
10057,21
10058,21
10059,0
10060,19
10061,0
10062,20
10063,21
10064,9
10065,0
10066,0
10067,0
10068,1
10069,0
10070,1
10071,23
10072,23
10073,23
10074,23
10075,23
10076,23
10077,19
10078,1
10079,1
10080,1
10081,1
10082,1
10083,1
10084,1
10085,1
10086,9
10087,9
10088,1
10089,1
10090,1
10091,1
10092,1
10093,1
10094,1
10095,1
10096,1
10097,1
10098,1
10099,1
10100,1
10101,1
10102,9
10103,1
10104,1
10105,23
10106,23
10107,23
10108,23
10109,23
10110,2
10111,22
10112,2
10113,22
10114,7
10115,9
10116,22
10117,22
10118,20
10119,5
10120,23
10121,5
10122,21
10123,5
10124,5
10125,5
10126,5
10127,5
10128,5
10129,5
10130,10
10131,10
10132,13
10133,12
10134,9
10135,9
10136,8
10137,8
10138,8
10139,8
10140,23
10141,9
10142,9
10143,10
10144,22
10145,9
10146,9
10147,9
10148,9
10149,9
10150,1
10151,23
10152,9
10153,1
10154,1
10155,1
10156,17
10157,17
10158,17
10159,18
10160,9
10161,9
10162,20
10163,20
10164,1
10165,1
10166,10
10167,10
10168,10
10169,10
10170,10
10171,10
10172,10
10173,10
10174,10
10175,10
10176,10
10177,10
10178,10
10179,10
10180,10
10181,10
10182,10
10183,10
10184,18
10185,1
10186,1
10187,1
10188,1
10189,10
10190,10
10191,10
10192,10
10193,10
10194,10
10195,10
10196,10
10197,10
10198,10
10199,10
10200,10
10201,1
10202,1
10203,1
10204,1
10205,1
10206,1
10207,1
10208,1
10209,22
10210,1
10211,1
10212,2
10213,2
10214,1
10215,1
10216,1
10217,9
10218,10
10219,9
10220,2
10221,2
10222,1
10223,2
10224,2
10225,2
10226,22
10227,7
10228,7
10229,7
10230,9
10231,9
10232,9
10233,1
10234,1
10235,1
10236,1
10237,1
10238,17
10239,17
10240,1
10241,1
10242,22
10243,1
10244,22
10245,22
10246,1
10247,1
10248,1
10249,1
10250,1
10251,1
10252,1
10253,1
10254,1
10255,5
10256,2
10257,2
10258,22
10259,22
10260,22
10261,22
10262,21
10263,7
10264,7
10265,2
10266,23
10267,2
10268,22
10269,22
10270,22
10271,22
10272,9
10273,9
10274,22
10275,22
10276,22
10277,18
10278,2
10279,2
10280,7
10281,7
10282,7
10283,7
10284,22
10285,2
10286,9
10287,0
10288,0
10289,0
10290,1
10291,22
10292,9
10293,9
10294,9
10295,9
10296,13
10297,7
10298,7
10299,7
10300,7
10301,7
10302,7
10303,7
10304,9
10305,9
10306,9
10307,9
10308,9
10309,9
10310,9
10311,23
10312,4
10313,17
10314,23
10315,21
10316,17
10317,9
10318,10
10319,10
10320,10
10321,5
10322,9
10323,9
10324,9
10325,9
10326,9
10327,9
10328,1
10329,1
10330,1
10331,9
10332,9
10333,9
10334,1
10335,1
10336,9
10337,21
10338,1
10339,21
10340,21
10341,21
10342,21
10343,4
10344,4
10345,4
10346,4
10347,0
10348,0
10349,23
10350,19
10351,19
10352,19
10353,19
10354,19
10355,9
10356,9
10357,9
10358,9
10359,9
10360,1
10361,9
10362,20
10363,13
10364,21
10365,13
10366,21
10367,21
10368,21
10369,21
10370,21
10371,21
10372,21
10373,22
10374,22
10375,22
10376,22
10377,22
10378,22
10379,19
10380,19
10381,19
10382,19
10383,19
10384,19
10385,19
10386,1
10387,22
10388,17
10389,17
10390,19
10391,21
10392,17
10393,5
10394,5
10395,9
10396,0
10397,20
10398,5
10399,5
10400,5
10401,21
10402,21
10403,1
10404,10
10405,19
10406,2
10407,2
10408,2
10409,4
10410,4
10411,0
10412,20
10413,20
10414,5
10415,0
10416,0
10417,0
10418,0
10419,0
10420,0
10421,0
10422,0
10423,0
10424,0
10425,0
10426,0
10427,0
10428,0
10429,20
10430,23
10431,21
10432,17
10433,20
10434,17
10435,0
10436,0
10437,23
10438,23
10439,0
10440,0
10441,0
10442,0
10443,0
10444,0
10445,0
10446,0
10447,0
10448,0
10449,0
10450,0
10451,0
10452,0
10453,0
10454,0
10455,0
10456,0
10457,0
10458,0
10459,0
10460,0
10461,0
10462,0
10463,0
10464,0
10465,0
10466,0
10467,0
10468,0
10469,0
10470,0
10471,0
10472,0
10473,0
10474,0
10475,0
10476,0
10477,0
10478,0
10479,0
10480,19
10481,0
10482,0
10483,0
10484,0
10485,0
10486,0
10487,0
10488,0
10489,0
10490,0
10491,0
10492,0
10493,0
10494,0
10495,0
10496,0
10497,4
10498,0
10499,0
10500,0
10501,0
10502,0
10503,0
10504,18
10505,0
10506,0
10507,0
10508,0
10509,0
10510,0
10511,0
10512,0
10513,0
10514,0
10515,0
10516,0
10517,0
10518,12
10519,12
10520,9
10521,9
10522,23
10523,17
10524,17
10525,17
10526,21
10527,21
10528,20
10529,20
10530,20
10531,20
10532,21
10533,21
10534,21
10535,21
10536,21
10537,4
10538,0
10539,8
10540,8
10541,22
10542,17
10543,2
10544,0
10545,0
10546,20
10547,20
10548,1
10549,23
10550,23
10551,22
10552,15
10553,1
10554,1
10555,9
10556,10
10557,13
10558,21
10559,21
10560,21
10561,21
10562,21
10563,9
10564,18
10565,19
10566,19
10567,5
10568,22
10569,22
10570,22
10571,22
10572,0
10573,23
10574,9
10575,21
10576,13
10577,13
10578,0
10579,21
10580,2
10581,5
10582,5
10583,5
10584,2
10585,0
10586,0
10587,0
10588,0
10589,0
10590,0
10591,0
10592,9
10593,21
10594,13
10595,13
10596,13
10597,13
10598,1
10599,1
10600,1
10601,5
10602,5
10603,22
10604,5
10605,9
10606,17
10607,21
10608,0
10609,5
10610,9
10611,21
10612,5
10613,19
10614,21
10615,10
10616,23
10617,21
10618,0
10619,0
10620,0
10621,0
10622,0
10623,0
10624,0
10625,0
10626,0
10627,0
10628,0
10629,0
10630,0
10631,0
10632,0
10633,0
10634,0
10635,19
10636,0
10637,0
10638,19
10639,21
10640,0
10641,0
10642,0
10643,0
10644,0
10645,0
10646,0
10647,0
10648,5
10649,0
10650,0
10651,0
10652,0
10653,0
10654,0
10655,0
10656,0
10657,0
10658,0
10659,0
10660,0
10661,19
10662,20
10663,19
10664,8
10665,1
10666,10
10667,10
10668,1
10669,1
10670,21
10671,0
10672,0
10673,0
10674,0
10675,0
10676,0
10677,0
10678,0
10679,1
10680,10
10681,1
10682,1
10683,20
10684,18
10685,18
10686,18
10687,0
10688,0
10689,0
10690,22
10691,0
10692,9
10693,9
10694,9
10695,10
10696,9
10697,9
10698,3
10699,9
10700,9
10701,9
10702,3
10703,19
10704,19
10705,19
10706,19
10707,19
10708,19
10709,19
10710,19
10711,19
10712,19
10713,0
10714,19
10715,9
10716,6
10717,10
10718,9
10719,9
10720,9
10721,9
10722,22
10723,22
10724,13
10725,9
10726,9
10727,3
10728,21
10729,17
10730,17
10731,17
10732,19
10733,23
10734,23
10735,23
10736,10
10737,21
10738,21
10739,21
10740,17
10741,17
10742,17
10743,21
10744,21
10745,21
10746,21
10747,9
10748,9
10749,9
10750,10
10751,10
10752,10
10753,21
10754,1
10755,1
10756,20
10757,5
10758,12
10759,22
10760,22
10761,22
10762,22
10763,9
10764,1
10765,10
10766,9
10767,9
10768,9
10769,22
10770,20
10771,19
10772,4
10773,4
10774,4
10775,4
10776,23
10777,23
10778,1
10779,10
10780,10
10781,10
10782,10
10783,9
10784,9
10785,9
10786,9
10787,9
10788,1
10789,1
10790,1
10791,9
10792,9
10793,9
10794,9
10795,0
10796,0
10797,0
10798,0
10799,22
10800,22
10801,4
10802,19
10803,23
10804,23
10805,23
10806,23
10807,23
10808,23
10809,23
10810,2
10811,21
10812,21
10813,21
10814,9
10815,2
10816,2
10817,2
10818,21
10819,9
10820,23
10821,20
10822,20
10823,21
10824,20
10825,20
10826,20
10827,23
10828,23
10829,23
10830,10
10831,10
10832,1
10833,1
10834,19
10835,19
10836,19
10837,0
10838,0
10839,1
10840,1
10841,5
10842,2
10843,0
10844,22
10845,23
10846,23
10847,21
10848,21
10849,21
10850,21
10851,21
10852,21
10853,21
10854,21
10855,21
10856,21
10857,21
10858,19
10859,21
10860,21
10861,19
10862,19
10863,19
10864,19
10865,9
10866,9
10867,4
10868,4
10869,4
10870,4
10871,14
10872,14
10873,14
10874,0
10875,17
10876,11
10877,11
10878,11
10879,10
10880,10
10881,10
10882,23
10883,21
10884,9
10885,23
10886,1
10887,1
10888,0
10889,0
10890,19
10891,19
10892,4
10893,0
10894,0
10895,0
10896,0
10897,18
10898,1
10899,1
10900,1
10901,1
10902,2
10903,1
10904,5
10905,22
10906,22
10907,8
10908,8
10909,8
10910,8
10911,8
10912,22
10913,0
10914,0
10915,21
10916,0
10917,0
10918,0
10919,0
10920,0
10921,0
10922,8
10923,9
10924,23
10925,23
10926,22
10927,22
10928,23
10929,21
10930,22
10931,23
10932,9
10933,23
10934,23
10935,23
10936,23
10937,23
10938,2
10939,21
10940,21
10941,2
10942,23
10943,9
10944,9
10945,22
10946,21
10947,0
10948,19
10949,23
10950,10
10951,9
10952,9
10953,13
10954,13
10955,10
10956,19
10957,19
10958,19
10959,21
10960,1
10961,17
10962,17
10963,17
10964,9
10965,21
10966,21
10967,21
10968,17
10969,17
10970,4
10971,17
10972,9
10973,20
10974,17
10975,17
10976,17
10977,17
10978,17
10979,0
10980,0
10981,22
10982,21
10983,15
10984,15
10985,15
10986,15
10987,15
10988,15
10989,15
10990,15
10991,15
10992,15
10993,15
10994,15
10995,15
10996,15
10997,20
10998,4
10999,4
11000,20
11001,10
11002,10
11003,10
11004,10
11005,10
11006,21
11007,21
11008,0
11009,6
11010,6
11011,18
11012,18
11013,21
11014,21
11015,13
11016,13
11017,20
11018,19
11019,23
11020,21
11021,1
11022,1
11023,5
11024,21
11025,19
11026,19
11027,21
11028,21
11029,5
11030,5
11031,5
11032,5
11033,5
11034,5
11035,5
11036,5
11037,5
11038,13
11039,13
11040,9
11041,3
11042,22
11043,5
11044,5
11045,5
11046,22
11047,18
11048,9
11049,22
11050,9
11051,9
11052,9
11053,10
11054,18
11055,21
11056,21
11057,21
11058,13
11059,13
11060,2
11061,2
11062,2
11063,2
11064,0
11065,0
11066,3
11067,3
11068,9
11069,9
11070,9
11071,9
11072,9
11073,9
11074,9
11075,9
11076,21
11077,0
11078,0
11079,0
11080,0
11081,0
11082,0
11083,13
11084,22
11085,22
11086,22
11087,19
11088,19
11089,15
11090,15
11091,15
11092,15
11093,21
11094,15
11095,9
11096,9
11097,16
11098,1
11099,23
11100,2
11101,2
11102,2
11103,2
11104,2
11105,9
11106,9
11107,9
11108,9
11109,9
11110,9
11111,9
11112,23
11113,9
11114,9
11115,23
11116,2
11117,21
11118,5
11119,9
11120,9
11121,13
11122,13
11123,21
11124,21
11125,13
11126,13
11127,13
11128,13
11129,1
11130,1
11131,23
11132,1
11133,1
11134,1
11135,1
11136,9
11137,9
11138,23
11139,9
11140,9
11141,2
11142,1
11143,23
11144,15
11145,9
11146,21
11147,21
11148,21
11149,23
11150,9
11151,9
11152,9
11153,9
11154,23
11155,23
11156,19
11157,19
11158,9
11159,9
11160,9
11161,12
11162,12
11163,7
11164,7
11165,20
11166,20
11167,19
11168,19
11169,19
11170,9
11171,19
11172,1
11173,10
11174,21
11175,1
11176,1
11177,1
11178,1
11179,0
11180,0
11181,1
11182,5
11183,5
11184,2
11185,2
11186,2
11187,16
11188,16
11189,21
11190,5
11191,5
11192,3
11193,3
11194,3
11195,18
11196,18
11197,18
11198,0
11199,1
11200,8
11201,13
11202,13
11203,13
11204,19
11205,19
11206,19
11207,19
11208,17
11209,22
11210,16
11211,21
11212,8
11213,8
11214,9
11215,9
11216,9
11217,9
11218,1
11219,1
11220,1
11221,1
11222,1
11223,21
11224,10
11225,1
11226,1
11227,1
11228,1
11229,1
11230,5
11231,18
11232,18
11233,16
11234,16
11235,1
11236,3
11237,10
11238,10
11239,10
11240,10
11241,1
11242,17
11243,17
11244,5
11245,7
11246,1
11247,20
11248,5
11249,23
11250,23
11251,23
11252,15
11253,9
11254,22
11255,22
11256,21
11257,9
11258,17
11259,17
11260,21
11261,9
11262,9
11263,21
11264,21
11265,0
11266,9
11267,18
11268,20
11269,5
11270,1
11271,19
11272,19
11273,19
11274,19
11275,20
11276,21
11277,2
11278,17
11279,17
11280,23
11281,10
11282,10
11283,10
11284,17
11285,17
11286,2
11287,0
11288,0
11289,0
11290,1
11291,1
11292,1
11293,1
11294,1
11295,2
11296,18
11297,1
11298,5
11299,5
11300,8
11301,5
11302,17
11303,22
11304,0
11305,0
11306,7
11307,7
11308,7
11309,9
11310,21
11311,21
11312,21
11313,9
11314,17
11315,17
11316,0
11317,21
11318,2
11319,2
11320,10
11321,10
11322,9
11323,18
11324,22
11325,22
11326,22
11327,22
11328,22
11329,22
11330,10
11331,18
11332,0
11333,22
11334,2
11335,2
11336,2
11337,2
11338,7
11339,7
11340,1
11341,4
11342,4
11343,4
11344,20
11345,22
11346,22
11347,22
11348,22
11349,22
11350,21
11351,17
11352,17
11353,8
11354,21
11355,5
11356,5
11357,19
11358,19
11359,2
11360,13
11361,13
11362,22
11363,15
11364,20
11365,20
11366,2
11367,18
11368,18
11369,0
11370,0
11371,18
11372,21
11373,13
11374,21
11375,21
11376,21
11377,15
11378,15
11379,15
11380,15
11381,21
11382,21
11383,1
11384,17
11385,17
11386,6
11387,2
11388,2
11389,2
11390,9
11391,7
11392,7
11393,10
11394,22
11395,22
11396,22
11397,22
11398,22
11399,23
11400,0
11401,0
11402,15
11403,9
11404,9
11405,23
11406,19
11407,19
11408,1
11409,1
11410,1
11411,2
11412,19
11413,22
11414,2
11415,4
11416,17
11417,22
11418,20
11419,0
11420,1
11421,9
11422,9
11423,20
11424,5
11425,21
11426,22
11427,19
11428,9
11429,9
11430,9
11431,9
11432,9
11433,9
11434,9
11435,17
11436,17
11437,17
11438,2
11439,2
11440,9
11441,9
11442,9
11443,18
11444,16
11445,16
11446,16
11447,22
11448,22
11449,2
11450,2
11451,2
11452,23
11453,9
11454,19
11455,19
11456,19
11457,19
11458,19
11459,19
11460,9
11461,9
11462,9
11463,0
11464,1
11465,9
11466,21
11467,19
11468,19
11469,9
11470,22
11471,17
11472,9
11473,9
11474,2
11475,9
11476,19
11477,19
11478,4
11479,4
11480,4
11481,20
11482,23
11483,20
11484,0
11485,0
11486,23
11487,2
11488,2
11489,2
11490,1
11491,19
11492,5
11493,10
11494,9
11495,9
11496,21
11497,9
11498,7
11499,17
11500,5
11501,5
11502,15
11503,18
11504,18
11505,5
11506,9
11507,1
11508,1
11509,20
11510,9
11511,9
11512,19
11513,19
11514,1
11515,17
11516,2
11517,0
11518,9
11519,22
11520,22
11521,22
11522,17
11523,23
11524,13
11525,22
11526,3
11527,3
11528,2
11529,19
11530,8
11531,1
11532,1
11533,23
11534,17
11535,21
11536,17
11537,0
11538,17
11539,2
11540,4
11541,9
11542,1
11543,1
11544,21
11545,21
11546,2
11547,21
11548,10
11549,1
11550,5
11551,1
11552,5
11553,1
11554,9
11555,1
11556,1
11557,0
11558,23
11559,21
11560,5
11561,20
11562,20
11563,20
11564,10
11565,1
11566,1
11567,9
11568,21
11569,10
11570,22
11571,2
11572,4
11573,21
11574,19
11575,19
11576,19
11577,18
11578,18
11579,18
11580,9
11581,0
11582,18
11583,0
11584,15
11585,9
11586,9
11587,19
11588,19
11589,0
11590,9
11591,21
11592,18
11593,1
11594,9
11595,1
11596,20
11597,21
11598,20
11599,18
11600,18
11601,2
11602,2
11603,9
11604,16
11605,16
11606,8
11607,0
11608,0
11609,2
11610,17
11611,1
11612,1
11613,20
11614,22
11615,21
11616,9
11617,9
11618,20
11619,21
11620,22
11621,1
