node,community
0,6
1,6
2,6
3,6
4,17
5,6
6,6
7,8
8,8
9,6
10,6
11,6
12,6
13,6
14,6
15,6
16,6
17,6
18,6
19,8
20,8
21,8
22,8
23,8
24,8
25,17
26,17
27,17
28,17
29,17
30,17
31,17
32,17
33,17
34,17
35,17
36,17
37,17
38,17
39,17
40,17
41,17
42,17
43,17
44,17
45,17
46,17
47,17
48,17
49,17
50,1
51,1
52,17
53,17
54,17
55,17
56,17
57,17
58,17
59,17
60,17
61,8
62,8
63,8
64,8
65,17
66,8
67,17
68,8
69,14
70,8
71,17
72,8
73,8
74,8
75,8
76,8
77,8
78,14
79,14
80,8
81,8
82,17
83,17
84,9
85,8
86,8
87,8
88,8
89,8
90,8
91,17
92,17
93,17
94,8
95,8
96,17
97,14
98,14
99,17
100,8
101,2
102,17
103,8
104,8
105,8
106,8
107,17
108,17
109,17
110,8
111,8
112,8
113,14
114,17
115,17
116,17
117,8
118,8
119,8
120,8
121,8
122,8
123,8
124,17
125,17
126,2
127,22
128,8
129,8
130,2
131,17
132,17
133,17
134,17
135,8
136,2
137,1
138,14
139,14
140,14
141,17
142,14
143,14
144,14
145,2
146,6
147,17
148,11
149,17
150,17
151,17
152,17
153,2
154,17
155,9
156,17
157,17
158,17
159,17
160,17
161,17
162,17
163,17
164,17
165,6
166,17
167,2
168,9
169,17
170,3
171,9
172,2
173,17
174,17
175,17
176,11
177,17
178,9
179,2
180,17
181,17
182,6
183,2
184,17
185,11
186,11
187,6
188,11
189,6
190,17
191,17
192,17
193,17
194,17
195,17
196,2
197,6
198,6
199,17
200,17
201,17
202,8
203,17
204,17
205,17
206,17
207,0
208,17
209,2
210,17
211,17
212,17
213,6
214,2
215,8
216,14
217,14
218,14
219,14
220,14
221,16
222,16
223,8
224,8
225,14
226,14
227,14
228,14
229,14
230,14
231,14
232,14
233,14
234,14
235,1
236,8
237,8
238,1
239,17
240,2
241,17
242,17
243,17
244,17
245,17
246,17
247,17
248,17
249,17
250,6
251,6
252,17
253,6
254,17
255,17
256,17
257,2
258,2
259,2
260,17
261,17
262,17
263,2
264,17
265,17
266,17
267,1
268,1
269,1
270,14
271,1
272,1
273,1
274,1
275,1
276,1
277,1
278,1
279,1
280,1
281,1
282,1
283,1
284,1
285,1
286,1
287,1
288,1
289,1
290,1
291,1
292,1
293,1
294,1
295,1
296,1
297,1
298,1
299,22
300,1
301,1
302,14
303,1
304,1
305,1
306,1
307,1
308,1
309,1
310,1
311,8
312,8
313,8
314,8
315,8
316,8
317,8
318,8
319,8
320,8
321,17
322,8
323,8
324,8
325,8
326,8
327,8
328,8
329,8
330,8
331,8
332,8
333,8
334,8
335,8
336,8
337,8
338,21
339,8
340,8
341,8
342,8
343,8
344,8
345,8
346,8
347,8
348,8
349,8
350,17
351,17
352,21
353,8
354,8
355,8
356,8
357,8
358,8
359,8
360,8
361,17
362,8
363,1
364,14
365,17
366,17
367,8
368,1
369,1
370,2
371,1
372,2
373,2
374,2
375,17
376,17
377,17
378,8
379,17
380,17
381,17
382,17
383,17
384,17
385,6
386,17
387,17
388,17
389,17
390,17
391,17
392,17
393,8
394,17
395,17
396,16
397,17
398,17
399,17
400,17
401,8
402,17
403,17
404,17
405,17
406,17
407,17
408,17
409,17
410,17
411,17
412,17
413,17
414,8
415,17
416,17
417,17
418,17
419,17
420,17
421,17
422,17
423,8
424,8
425,14
426,17
427,17
428,8
429,17
430,8
431,6
432,17
433,8
434,8
435,8
436,8
437,8
438,8
439,17
440,17
441,8
442,17
443,17
444,1
445,22
446,1
447,22
448,22
449,1
450,22
451,10
452,17
453,17
454,17
455,17
456,8
457,8
458,17
459,19
460,17
461,17
462,21
463,21
464,21
465,17
466,17
467,17
468,17
469,17
470,17
471,17
472,17
473,17
474,17
475,17
476,17
477,17
478,17
479,16
480,16
481,17
482,17
483,17
484,17
485,17
486,17
487,17
488,17
489,17
490,17
491,17
492,17
493,17
494,8
495,17
496,17
497,17
498,17
499,17
500,17
501,17
502,1
503,1
504,17
505,17
506,17
507,17
508,17
509,17
510,8
511,17
512,17
513,17
514,17
515,17
516,20
517,8
518,8
519,8
520,8
521,8
522,8
523,8
524,22
525,10
526,8
527,14
528,8
529,8
530,8
531,8
532,8
533,8
534,17
535,17
536,17
537,17
538,17
539,17
540,17
541,17
542,17
543,17
544,17
545,17
546,17
547,17
548,17
549,17
550,8
551,17
552,17
553,17
554,17
555,17
556,17
557,17
558,17
559,17
560,17
561,17
562,17
563,17
564,17
565,17
566,17
567,17
568,17
569,17
570,6
571,17
572,17
573,17
574,17
575,17
576,17
577,17
578,17
579,17
580,17
581,17
582,17
583,17
584,17
585,17
586,17
587,17
588,17
589,17
590,17
591,17
592,8
593,8
594,8
595,17
596,17
597,8
598,17
599,17
600,17
601,17
602,17
603,17
604,17
605,17
606,17
607,17
608,17
609,17
610,17
611,17
612,17
613,8
614,17
615,17
616,17
617,17
618,16
619,16
620,9
621,11
622,11
623,17
624,10
625,2
626,6
627,17
628,17
629,17
630,17
631,17
632,17
633,17
634,8
635,17
636,17
637,6
638,8
639,17
640,17
641,17
642,17
643,17
644,17
645,17
646,17
647,17
648,16
649,17
650,17
651,17
652,17
653,17
654,17
655,16
656,17
657,17
658,17
659,17
660,17
661,17
662,17
663,17
664,17
665,17
666,17
667,17
668,17
669,21
670,17
671,16
672,16
673,16
674,16
675,17
676,17
677,17
678,1
679,8
680,1
681,17
682,8
683,8
684,1
685,14
686,8
687,17
688,1
689,17
690,1
691,1
692,1
693,14
694,1
695,1
696,1
697,1
698,1
699,1
700,1
701,1
702,1
703,1
704,22
705,1
706,1
707,1
708,1
709,22
710,1
711,1
712,1
713,8
714,8
715,8
716,9
717,8
718,8
719,8
720,8
721,8
722,8
723,8
724,8
725,8
726,8
727,8
728,8
729,8
730,8
731,8
732,8
733,8
734,8
735,8
736,8
737,8
738,1
739,22
740,1
741,1
742,1
743,17
744,1
745,1
746,1
747,1
748,1
749,1
750,17
751,1
752,17
753,17
754,17
755,17
756,17
757,1
758,1
759,1
760,1
761,1
762,8
763,8
764,17
765,21
766,6
767,6
768,6
769,6
770,6
771,6
772,6
773,6
774,6
775,8
776,6
777,6
778,6
779,6
780,6
781,21
782,17
783,17
784,21
785,21
786,21
787,21
788,21
789,21
790,21
791,21
792,6
793,6
794,6
795,6
796,6
797,6
798,6
799,6
800,6
801,8
802,6
803,6
804,6
805,8
806,6
807,17
808,17
809,16
810,17
811,6
812,17
813,17
814,17
815,17
816,16
817,17
818,2
819,17
820,17
821,17
822,17
823,17
824,8
825,6
826,8
827,8
828,8
829,8
830,8
831,8
832,8
833,8
834,16
835,8
836,17
837,21
838,8
839,8
840,8
841,8
842,8
843,8
844,10
845,8
846,8
847,8
848,8
849,8
850,8
851,8
852,8
853,8
854,8
855,8
856,8
857,10
858,8
859,8
860,8
861,8
862,8
863,8
864,8
865,8
866,8
867,8
868,8
869,8
870,8
871,8
872,8
873,1
874,22
875,8
876,8
877,8
878,8
879,8
880,9
881,8
882,8
883,8
884,8
885,8
886,6
887,10
888,10
889,8
890,21
891,8
892,10
893,10
894,8
895,8
896,6
897,10
898,8
899,8
900,8
901,8
902,8
903,8
904,8
905,8
906,8
907,8
908,8
909,10
910,8
911,8
912,8
913,8
914,8
915,8
916,10
917,8
918,8
919,8
920,8
921,8
922,8
923,8
924,8
925,8
926,15
927,10
928,8
929,8
930,10
931,8
932,9
933,9
934,9
935,9
936,7
937,9
938,9
939,9
940,9
941,9
942,9
943,9
944,9
945,9
946,9
947,9
948,9
949,9
950,9
951,9
952,9
953,20
954,14
955,9
956,9
957,22
958,9
959,14
960,5
961,3
962,3
963,3
964,10
965,19
966,3
967,7
968,9
969,7
970,10
971,14
972,3
973,8
974,14
975,14
976,14
977,9
978,9
979,14
980,14
981,9
982,9
983,9
984,9
985,9
986,9
987,9
988,9
989,9
990,9
991,9
992,14
993,9
994,9
995,3
996,9
997,9
998,3
999,9
1000,9
1001,9
1002,9
1003,9
1004,9
1005,9
1006,3
1007,9
1008,8
1009,9
1010,14
1011,9
1012,9
1013,9
1014,9
1015,9
1016,14
1017,8
1018,3
1019,9
1020,9
1021,3
1022,9
1023,9
1024,9
1025,9
1026,9
1027,9
1028,9
1029,9
1030,9
1031,9
1032,9
1033,3
1034,14
1035,10
1036,9
1037,9
1038,8
1039,10
1040,14
1041,3
1042,9
1043,9
1044,9
1045,3
1046,9
1047,3
1048,9
1049,9
1050,9
1051,9
1052,3
1053,3
1054,9
1055,9
1056,14
1057,9
1058,9
1059,22
1060,8
1061,8
1062,8
1063,8
1064,14
1065,8
1066,8
1067,8
1068,8
1069,8
1070,10
1071,8
1072,8
1073,8
1074,8
1075,8
1076,8
1077,8
1078,8
1079,16
1080,8
1081,8
1082,8
1083,8
1084,8
1085,8
1086,8
1087,8
1088,8
1089,8
1090,8
1091,8
1092,8
1093,8
1094,8
1095,8
1096,8
1097,8
1098,20
1099,8
1100,8
1101,8
1102,20
1103,1
1104,8
1105,1
1106,8
1107,8
1108,1
1109,8
1110,8
1111,8
1112,8
1113,8
1114,8
1115,8
1116,8
1117,8
1118,8
1119,8
1120,8
1121,8
1122,8
1123,8
1124,8
1125,8
1126,8
1127,8
1128,8
1129,8
1130,8
1131,8
1132,8
1133,8
1134,8
1135,8
1136,8
1137,8
1138,8
1139,8
1140,8
1141,8
1142,8
1143,8
1144,8
1145,8
1146,8
1147,8
1148,8
1149,8
1150,8
1151,8
1152,8
1153,8
1154,14
1155,8
1156,8
1157,8
1158,8
1159,22
1160,8
1161,8
1162,8
1163,8
1164,8
1165,8
1166,8
1167,8
1168,8
1169,8
1170,15
1171,8
1172,8
1173,8
1174,21
1175,8
1176,14
1177,8
1178,11
1179,8
1180,8
1181,6
1182,20
1183,8
1184,8
1185,8
1186,8
1187,8
1188,15
1189,8
1190,7
1191,8
1192,8
1193,8
1194,15
1195,8
1196,8
1197,8
1198,8
1199,8
1200,8
1201,8
1202,21
1203,21
1204,8
1205,8
1206,14
1207,22
1208,8
1209,8
1210,8
1211,17
1212,17
1213,10
1214,14
1215,8
1216,8
1217,8
1218,8
1219,8
1220,8
1221,17
1222,8
1223,8
1224,8
1225,8
1226,8
1227,8
1228,8
1229,8
1230,8
1231,8
1232,8
1233,8
1234,8
1235,8
1236,8
1237,8
1238,8
1239,8
1240,8
1241,8
1242,8
1243,8
1244,8
1245,8
1246,8
1247,8
1248,8
1249,8
1250,8
1251,8
1252,8
1253,21
1254,8
1255,8
1256,8
1257,8
1258,8
1259,8
1260,8
1261,8
1262,8
1263,8
1264,8
1265,8
1266,8
1267,21
1268,8
1269,8
1270,8
1271,8
1272,8
1273,8
1274,8
1275,8
1276,8
1277,8
1278,8
1279,8
1280,8
1281,8
1282,8
1283,8
1284,8
1285,8
1286,8
1287,8
1288,8
1289,8
1290,8
1291,8
1292,8
1293,8
1294,8
1295,8
1296,8
1297,8
1298,8
1299,8
1300,8
1301,8
1302,8
1303,8
1304,8
1305,8
1306,8
1307,8
1308,8
1309,8
1310,8
1311,8
1312,8
1313,8
1314,8
1315,8
1316,8
1317,8
1318,8
1319,22
1320,8
1321,20
1322,20
1323,8
1324,8
1325,10
1326,8
1327,10
1328,14
1329,8
1330,10
1331,14
1332,14
1333,8
1334,10
1335,10
1336,10
1337,10
1338,8
1339,8
1340,8
1341,8
1342,10
1343,10
1344,8
1345,8
1346,8
1347,8
1348,10
1349,22
1350,8
1351,8
1352,8
1353,8
1354,8
1355,8
1356,14
1357,14
1358,10
1359,8
1360,8
1361,8
1362,8
1363,8
1364,10
1365,8
1366,8
1367,8
1368,8
1369,8
1370,8
1371,8
1372,8
1373,8
1374,14
1375,8
1376,1
1377,8
1378,8
1379,10
1380,20
1381,10
1382,8
1383,8
1384,10
1385,10
1386,14
1387,8
1388,8
1389,10
1390,20
1391,8
1392,8
1393,8
1394,8
1395,8
1396,0
1397,10
1398,8
1399,4
1400,8
1401,8
1402,8
1403,8
1404,8
1405,8
1406,22
1407,10
1408,10
1409,22
1410,8
1411,10
1412,10
1413,10
1414,10
1415,8
1416,10
1417,8
1418,22
1419,8
1420,10
1421,10
1422,10
1423,8
1424,10
1425,10
1426,10
1427,8
1428,14
1429,14
1430,8
1431,10
1432,8
1433,8
1434,8
1435,10
1436,8
1437,10
1438,8
1439,10
1440,8
1441,8
1442,8
1443,8
1444,8
1445,8
1446,8
1447,8
1448,8
1449,8
1450,8
1451,8
1452,8
1453,8
1454,8
1455,8
1456,8
1457,8
1458,8
1459,8
1460,8
1461,8
1462,8
1463,8
1464,8
1465,8
1466,8
1467,8
1468,16
1469,8
1470,8
1471,8
1472,8
1473,8
1474,8
1475,8
1476,8
1477,8
1478,8
1479,8
1480,8
1481,8
1482,8
1483,8
1484,8
1485,8
1486,8
1487,8
1488,8
1489,8
1490,8
1491,8
1492,8
1493,8
1494,8
1495,8
1496,8
1497,8
1498,8
1499,8
1500,8
1501,8
1502,8
1503,8
1504,8
1505,21
1506,10
1507,8
1508,8
1509,8
1510,8
1511,8
1512,8
1513,8
1514,8
1515,8
1516,17
1517,8
1518,8
1519,8
1520,8
1521,8
1522,8
1523,8
1524,8
1525,8
1526,21
1527,21
1528,8
1529,8
1530,8
1531,8
1532,8
1533,8
1534,8
1535,17
1536,8
1537,21
1538,8
1539,22
1540,8
1541,8
1542,8
1543,9
1544,21
1545,21
1546,21
1547,8
1548,17
1549,8
1550,21
1551,8
1552,8
1553,8
1554,21
1555,8
1556,8
1557,22
1558,8
1559,8
1560,8
1561,8
1562,8
1563,8
1564,8
1565,8
1566,15
1567,8
1568,8
1569,8
1570,8
1571,8
1572,8
1573,8
1574,20
1575,8
1576,10
1577,8
1578,8
1579,8
1580,8
1581,10
1582,8
1583,13
1584,20
1585,8
1586,8
1587,8
1588,8
1589,8
1590,8
1591,8
1592,8
1593,8
1594,8
1595,8
1596,8
1597,8
1598,22
1599,10
1600,10
1601,10
1602,8
1603,22
1604,10
1605,10
1606,10
1607,19
1608,14
1609,8
1610,17
1611,10
1612,8
1613,8
1614,8
1615,22
1616,22
1617,8
1618,8
1619,22
1620,8
1621,8
1622,22
1623,10
1624,8
1625,21
1626,8
1627,22
1628,8
1629,8
1630,22
1631,8
1632,10
1633,10
1634,10
1635,10
1636,8
1637,8
1638,8
1639,8
1640,8
1641,1
1642,8
1643,14
1644,8
1645,8
1646,8
1647,8
1648,14
1649,14
1650,8
1651,8
1652,13
1653,8
1654,8
1655,8
1656,8
1657,8
1658,8
1659,8
1660,8
1661,16
1662,8
1663,8
1664,8
1665,8
1666,8
1667,8
1668,8
1669,22
1670,8
1671,8
1672,8
1673,8
1674,8
1675,8
1676,8
1677,8
1678,8
1679,1
1680,8
1681,8
1682,8
1683,10
1684,8
1685,10
1686,8
1687,8
1688,8
1689,20
1690,8
1691,10
1692,16
1693,8
1694,10
1695,8
1696,8
1697,8
1698,8
1699,10
1700,8
1701,8
1702,8
1703,8
1704,8
1705,8
1706,8
1707,8
1708,8
1709,19
1710,8
1711,8
1712,8
1713,8
1714,8
1715,8
1716,8
1717,8
1718,8
1719,8
1720,8
1721,8
1722,8
1723,8
1724,8
1725,8
1726,8
1727,8
1728,8
1729,8
1730,8
1731,8
1732,8
1733,16
1734,8
1735,8
1736,16
1737,8
1738,8
1739,8
1740,13
1741,13
1742,13
1743,8
1744,1
1745,8
1746,8
1747,8
1748,8
1749,10
1750,1
1751,1
1752,8
1753,8
1754,8
1755,8
1756,0
1757,16
1758,16
1759,8
1760,8
1761,21
1762,8
1763,8
1764,8
1765,8
1766,8
1767,8
1768,8
1769,8
1770,8
1771,8
1772,8
1773,14
1774,14
1775,8
1776,8
1777,8
1778,8
1779,8
1780,10
1781,20
1782,8
1783,8
1784,8
1785,8
1786,8
1787,8
1788,22
1789,22
1790,8
1791,16
1792,8
1793,8
1794,8
1795,8
1796,6
1797,8
1798,8
1799,21
1800,16
1801,8
1802,8
1803,8
1804,8
1805,8
1806,9
1807,8
1808,21
1809,21
1810,21
1811,21
1812,8
1813,13
1814,22
1815,8
1816,8
1817,8
1818,8
1819,8
1820,10
1821,19
1822,10
1823,20
1824,20
1825,22
1826,19
1827,1
1828,22
1829,8
1830,19
1831,19
1832,19
1833,10
1834,22
1835,19
1836,22
1837,22
1838,10
1839,22
1840,22
1841,22
1842,22
1843,22
1844,10
1845,22
1846,20
1847,22
1848,10
1849,10
1850,19
1851,20
1852,22
1853,10
1854,20
1855,8
1856,10
1857,10
1858,10
1859,10
1860,16
1861,10
1862,10
1863,10
1864,10
1865,10
1866,10
1867,10
1868,10
1869,10
1870,10
1871,10
1872,10
1873,10
1874,10
1875,7
1876,10
1877,10
1878,10
1879,10
1880,10
1881,10
1882,10
1883,10
1884,10
1885,10
1886,10
1887,10
1888,10
1889,10
1890,10
1891,7
1892,10
1893,10
1894,10
1895,10
1896,10
1897,19
1898,22
1899,10
1900,10
1901,10
1902,10
1903,10
1904,10
1905,10
1906,10
1907,10
1908,10
1909,7
1910,10
1911,7
1912,7
1913,10
1914,7
1915,7
1916,9
1917,10
1918,14
1919,10
1920,10
1921,10
1922,10
1923,22
1924,10
1925,10
1926,10
1927,10
1928,7
1929,15
1930,10
1931,9
1932,7
1933,10
1934,10
1935,14
1936,10
1937,10
1938,10
1939,10
1940,10
1941,8
1942,8
1943,8
1944,8
1945,8
1946,8
1947,8
1948,8
1949,8
1950,8
1951,8
1952,8
1953,8
1954,8
1955,8
1956,8
1957,8
1958,8
1959,8
1960,8
1961,8
1962,8
1963,8
1964,8
1965,8
1966,8
1967,8
1968,8
1969,8
1970,8
1971,8
1972,8
1973,8
1974,8
1975,8
1976,16
1977,16
1978,8
1979,8
1980,16
1981,8
1982,8
1983,8
1984,8
1985,8
1986,8
1987,8
1988,16
1989,16
1990,16
1991,16
1992,16
1993,16
1994,8
1995,16
1996,16
1997,8
1998,13
1999,17
2000,16
2001,16
2002,16
2003,16
2004,16
2005,16
2006,16
2007,16
2008,0
2009,16
2010,16
2011,16
2012,0
2013,16
2014,16
2015,16
2016,0
2017,16
2018,16
2019,16
2020,8
2021,8
2022,8
2023,8
2024,8
2025,8
2026,8
2027,8
2028,8
2029,8
2030,8
2031,8
2032,10
2033,8
2034,8
2035,8
2036,8
2037,8
2038,8
2039,8
2040,8
2041,8
2042,8
2043,8
2044,8
2045,8
2046,8
2047,8
2048,8
2049,8
2050,8
2051,8
2052,8
2053,8
2054,8
2055,8
2056,8
2057,8
2058,8
2059,8
2060,8
2061,21
2062,8
2063,8
2064,8
2065,8
2066,8
2067,6
2068,17
2069,10
2070,10
2071,10
2072,10
2073,10
2074,10
2075,10
2076,10
2077,10
2078,10
2079,7
2080,7
2081,10
2082,8
2083,10
2084,10
2085,10
2086,10
2087,10
2088,10
2089,10
2090,10
2091,10
2092,10
2093,10
2094,20
2095,10
2096,10
2097,10
2098,7
2099,7
2100,10
2101,7
2102,10
2103,20
2104,10
2105,10
2106,10
2107,10
2108,10
2109,10
2110,10
2111,10
2112,14
2113,10
2114,22
2115,10
2116,10
2117,10
2118,10
2119,10
2120,10
2121,10
2122,10
2123,10
2124,10
2125,10
2126,10
2127,10
2128,14
2129,10
2130,14
2131,20
2132,10
2133,10
2134,20
2135,10
2136,10
2137,10
2138,10
2139,20
2140,20
2141,20
2142,20
2143,10
2144,10
2145,20
2146,14
2147,10
2148,10
2149,10
2150,10
2151,10
2152,20
2153,20
2154,10
2155,10
2156,10
2157,10
2158,10
2159,10
2160,10
2161,10
2162,10
2163,14
2164,10
2165,10
2166,7
2167,10
2168,10
2169,10
2170,7
2171,10
2172,10
2173,10
2174,7
2175,10
2176,10
2177,10
2178,10
2179,7
2180,7
2181,7
2182,10
2183,10
2184,7
2185,7
2186,10
2187,10
2188,7
2189,7
2190,7
2191,10
2192,7
2193,14
2194,10
2195,10
2196,10
2197,8
2198,10
2199,7
2200,10
2201,10
2202,10
2203,7
2204,7
2205,7
2206,7
2207,10
2208,10
2209,10
2210,10
2211,10
2212,10
2213,10
2214,10
2215,10
2216,10
2217,10
2218,8
2219,15
2220,20
2221,22
2222,20
2223,10
2224,20
2225,20
2226,14
2227,20
2228,10
2229,7
2230,20
2231,20
2232,7
2233,20
2234,20
2235,20
2236,20
2237,20
2238,20
2239,20
2240,13
2241,0
2242,13
2243,8
2244,8
2245,17
2246,13
2247,17
2248,8
2249,17
2250,8
2251,8
2252,8
2253,8
2254,8
2255,8
2256,8
2257,8
2258,8
2259,8
2260,8
2261,8
2262,8
2263,8
2264,8
2265,8
2266,8
2267,8
2268,8
2269,21
2270,8
2271,8
2272,17
2273,8
2274,8
2275,8
2276,8
2277,21
2278,8
2279,8
2280,8
2281,8
2282,8
2283,21
2284,8
2285,8
2286,17
2287,21
2288,8
2289,21
2290,8
2291,8
2292,8
2293,8
2294,8
2295,8
2296,8
2297,8
2298,8
2299,8
2300,8
2301,10
2302,10
2303,10
2304,14
2305,10
2306,10
2307,10
2308,10
2309,10
2310,10
2311,14
2312,10
2313,10
2314,10
2315,22
2316,22
2317,10
2318,10
2319,10
2320,10
2321,19
2322,3
2323,10
2324,10
2325,10
2326,10
2327,10
2328,10
2329,10
2330,10
2331,10
2332,19
2333,10
2334,10
2335,22
2336,10
2337,10
2338,10
2339,10
2340,10
2341,10
2342,10
2343,10
2344,19
2345,10
2346,10
2347,10
2348,10
2349,10
2350,10
2351,10
2352,10
2353,10
2354,10
2355,10
2356,10
2357,10
2358,10
2359,10
2360,10
2361,10
2362,10
2363,10
2364,10
2365,10
2366,10
2367,10
2368,14
2369,10
2370,10
2371,10
2372,10
2373,10
2374,10
2375,10
2376,10
2377,22
2378,10
2379,10
2380,10
2381,10
2382,10
2383,10
2384,19
2385,14
2386,10
2387,14
2388,10
2389,10
2390,10
2391,10
2392,10
2393,10
2394,10
2395,10
2396,10
2397,10
2398,10
2399,10
2400,10
2401,10
2402,22
2403,10
2404,10
2405,22
2406,10
2407,7
2408,7
2409,14
2410,10
2411,10
2412,10
2413,10
2414,10
2415,10
2416,10
2417,10
2418,10
2419,10
2420,10
2421,14
2422,10
2423,1
2424,10
2425,10
2426,10
2427,10
2428,10
2429,10
2430,10
2431,9
2432,10
2433,10
2434,10
2435,10
2436,10
2437,10
2438,10
2439,10
2440,10
2441,14
2442,10
2443,10
2444,10
2445,10
2446,10
2447,10
2448,10
2449,10
2450,10
2451,22
2452,10
2453,10
2454,10
2455,10
2456,10
2457,10
2458,10
2459,10
2460,10
2461,10
2462,10
2463,22
2464,22
2465,22
2466,8
2467,10
2468,10
2469,10
2470,10
2471,10
2472,10
2473,22
2474,10
2475,10
2476,22
2477,20
2478,22
2479,22
2480,8
2481,16
2482,8
2483,8
2484,13
2485,8
2486,8
2487,19
2488,1
2489,1
2490,1
2491,1
2492,1
2493,1
2494,1
2495,1
2496,1
2497,13
2498,13
2499,8
2500,13
2501,13
2502,1
2503,0
2504,14
2505,16
2506,13
2507,8
2508,8
2509,8
2510,21
2511,1
2512,8
2513,8
2514,19
2515,8
2516,8
2517,8
2518,8
2519,8
2520,8
2521,8
2522,8
2523,8
2524,8
2525,8
2526,8
2527,14
2528,14
2529,8
2530,10
2531,8
2532,8
2533,8
2534,8
2535,21
2536,10
2537,1
2538,8
2539,21
2540,8
2541,16
2542,16
2543,16
2544,16
2545,8
2546,6
2547,16
2548,16
2549,8
2550,8
2551,8
2552,16
2553,8
2554,16
2555,1
2556,16
2557,14
2558,16
2559,16
2560,16
2561,1
2562,1
2563,16
2564,21
2565,0
2566,14
2567,21
2568,8
2569,8
2570,8
2571,17
2572,17
2573,8
2574,8
2575,8
2576,8
2577,17
2578,8
2579,8
2580,8
2581,8
2582,8
2583,17
2584,8
2585,8
2586,13
2587,16
2588,13
2589,8
2590,8
2591,8
2592,9
2593,8
2594,8
2595,16
2596,16
2597,21
2598,8
2599,17
2600,6
2601,8
2602,8
2603,8
2604,8
2605,8
2606,8
2607,1
2608,14
2609,1
2610,16
2611,8
2612,8
2613,8
2614,1
2615,22
2616,1
2617,16
2618,8
2619,22
2620,16
2621,8
2622,9
2623,9
2624,9
2625,9
2626,9
2627,9
2628,9
2629,9
2630,14
2631,9
2632,9
2633,9
2634,9
2635,9
2636,9
2637,9
2638,9
2639,9
2640,7
2641,9
2642,9
2643,9
2644,9
2645,9
2646,9
2647,9
2648,9
2649,9
2650,9
2651,9
2652,9
2653,9
2654,9
2655,9
2656,9
2657,9
2658,9
2659,9
2660,9
2661,9
2662,9
2663,9
2664,9
2665,9
2666,3
2667,9
2668,9
2669,9
2670,9
2671,9
2672,9
2673,9
2674,9
2675,9
2676,9
2677,9
2678,9
2679,9
2680,9
2681,9
2682,9
2683,9
2684,9
2685,9
2686,9
2687,9
2688,9
2689,9
2690,9
2691,9
2692,9
2693,9
2694,9
2695,9
2696,9
2697,9
2698,9
2699,9
2700,9
2701,9
2702,9
2703,9
2704,9
2705,9
2706,9
2707,9
2708,9
2709,9
2710,9
2711,9
2712,9
2713,9
2714,9
2715,9
2716,9
2717,9
2718,9
2719,9
2720,9
2721,9
2722,21
2723,21
2724,21
2725,21
2726,21
2727,21
2728,21
2729,21
2730,21
2731,21
2732,21
2733,21
2734,21
2735,21
2736,21
2737,21
2738,21
2739,21
2740,21
2741,21
2742,21
2743,21
2744,21
2745,21
2746,21
2747,21
2748,21
2749,6
2750,21
2751,21
2752,16
2753,8
2754,1
2755,1
2756,1
2757,8
2758,8
2759,8
2760,8
2761,8
2762,8
2763,8
2764,8
2765,16
2766,8
2767,1
2768,8
2769,8
2770,8
2771,8
2772,8
2773,8
2774,10
2775,10
2776,19
2777,21
2778,8
2779,8
2780,19
2781,9
2782,9
2783,9
2784,9
2785,14
2786,7
2787,9
2788,13
2789,8
2790,8
2791,8
2792,14
2793,14
2794,14
2795,8
2796,21
2797,21
2798,21
2799,16
2800,21
2801,1
2802,21
2803,13
2804,21
2805,1
2806,21
2807,22
2808,22
2809,22
2810,8
2811,1
2812,1
2813,8
2814,8
2815,8
2816,13
2817,16
2818,13
2819,13
2820,13
2821,13
2822,13
2823,13
2824,13
2825,13
2826,13
2827,13
2828,13
2829,13
2830,13
2831,13
2832,1
2833,10
2834,1
2835,8
2836,21
2837,22
2838,8
2839,8
2840,16
2841,8
2842,16
2843,8
2844,8
2845,8
2846,20
2847,8
2848,8
2849,8
2850,8
2851,8
2852,19
2853,8
2854,8
2855,8
2856,0
2857,8
2858,8
2859,8
2860,21
2861,21
2862,8
2863,1
2864,1
2865,17
2866,1
2867,10
2868,16
2869,1
2870,10
2871,19
2872,19
2873,19
2874,7
2875,22
2876,8
2877,20
2878,20
2879,20
2880,20
2881,20
2882,22
2883,22
2884,22
2885,22
2886,7
2887,22
2888,22
2889,10
2890,1
2891,1
2892,1
2893,1
2894,8
2895,14
2896,19
2897,19
2898,19
2899,19
2900,19
2901,22
2902,22
2903,19
2904,19
2905,19
2906,19
2907,19
2908,19
2909,19
2910,19
2911,19
2912,19
2913,19
2914,19
2915,19
2916,19
2917,5
2918,19
2919,19
2920,19
2921,19
2922,19
2923,19
2924,19
2925,19
2926,19
2927,3
2928,10
2929,7
2930,10
2931,10
2932,7
2933,10
2934,22
2935,22
2936,22
2937,22
2938,22
2939,22
2940,22
2941,8
2942,22
2943,13
2944,22
2945,22
2946,21
2947,22
2948,16
2949,22
2950,22
2951,22
2952,22
2953,22
2954,22
2955,22
2956,22
2957,22
2958,22
2959,22
2960,22
2961,19
2962,19
2963,20
2964,20
2965,14
2966,14
2967,14
2968,14
2969,7
2970,7
2971,22
2972,22
2973,22
2974,22
2975,22
2976,4
2977,22
2978,22
2979,22
2980,22
2981,1
2982,22
2983,1
2984,1
2985,1
2986,1
2987,1
2988,1
2989,1
2990,10
2991,22
2992,10
2993,21
2994,10
2995,10
2996,10
2997,1
2998,10
2999,22
3000,22
3001,22
3002,22
3003,22
3004,22
3005,22
3006,22
3007,22
3008,22
3009,22
3010,22
3011,22
3012,22
3013,22
3014,22
3015,22
3016,22
3017,22
3018,22
3019,22
3020,22
3021,22
3022,22
3023,22
3024,22
3025,22
3026,22
3027,22
3028,22
3029,22
3030,22
3031,22
3032,22
3033,22
3034,22
3035,22
3036,22
3037,22
3038,22
3039,22
3040,22
3041,22
3042,22
3043,22
3044,7
3045,10
3046,10
3047,3
3048,7
3049,10
3050,19
3051,22
3052,14
3053,22
3054,22
3055,22
3056,22
3057,4
3058,22
3059,1
3060,22
3061,22
3062,4
3063,22
3064,22
3065,22
3066,14
3067,22
3068,22
3069,22
3070,22
3071,7
3072,10
3073,22
3074,9
3075,22
3076,8
3077,1
3078,22
3079,22
3080,1
3081,22
3082,1
3083,22
3084,7
3085,14
3086,10
3087,22
3088,14
3089,10
3090,22
3091,14
3092,19
3093,19
3094,3
3095,3
3096,7
3097,19
3098,10
3099,19
3100,19
3101,19
3102,19
3103,19
3104,19
3105,19
3106,7
3107,3
3108,19
3109,19
3110,8
3111,22
3112,20
3113,15
3114,22
3115,21
3116,22
3117,22
3118,22
3119,22
3120,22
3121,22
3122,22
3123,22
3124,22
3125,22
3126,10
3127,10
3128,14
3129,14
3130,20
3131,14
3132,9
3133,7
3134,7
3135,7
3136,7
3137,9
3138,9
3139,9
3140,9
3141,9
3142,9
3143,9
3144,9
3145,9
3146,9
3147,9
3148,9
3149,3
3150,9
3151,9
3152,9
3153,3
3154,9
3155,9
3156,9
3157,9
3158,9
3159,9
3160,3
3161,7
3162,7
3163,19
3164,9
3165,9
3166,9
3167,14
3168,9
3169,9
3170,9
3171,9
3172,9
3173,14
3174,7
3175,14
3176,2
3177,16
3178,9
3179,9
3180,9
3181,8
3182,14
3183,8
3184,16
3185,6
3186,6
3187,9
3188,9
3189,9
3190,9
3191,14
3192,9
3193,7
3194,9
3195,9
3196,4
3197,9
3198,8
3199,9
3200,9
3201,8
3202,14
3203,2
3204,14
3205,9
3206,9
3207,9
3208,9
3209,9
3210,9
3211,9
3212,9
3213,9
3214,3
3215,19
3216,9
3217,9
3218,9
3219,9
3220,14
3221,9
3222,9
3223,9
3224,9
3225,9
3226,9
3227,9
3228,9
3229,9
3230,9
3231,9
3232,9
3233,9
3234,9
3235,9
3236,3
3237,9
3238,14
3239,14
3240,14
3241,14
3242,14
3243,14
3244,10
3245,10
3246,14
3247,1
3248,14
3249,14
3250,14
3251,14
3252,9
3253,9
3254,3
3255,9
3256,9
3257,14
3258,8
3259,22
3260,8
3261,8
3262,8
3263,16
3264,21
3265,8
3266,6
3267,8
3268,6
3269,8
3270,8
3271,21
3272,21
3273,21
3274,21
3275,21
3276,21
3277,21
3278,21
3279,21
3280,21
3281,21
3282,21
3283,21
3284,17
3285,21
3286,21
3287,21
3288,17
3289,8
3290,8
3291,21
3292,22
3293,14
3294,10
3295,7
3296,10
3297,10
3298,10
3299,10
3300,10
3301,10
3302,10
3303,10
3304,21
3305,17
3306,21
3307,14
3308,8
3309,8
3310,16
3311,6
3312,16
3313,16
3314,16
3315,16
3316,16
3317,16
3318,16
3319,8
3320,8
3321,20
3322,8
3323,8
3324,8
3325,8
3326,22
3327,10
3328,8
3329,8
3330,8
3331,8
3332,8
3333,8
3334,8
3335,8
3336,8
3337,22
3338,2
3339,8
3340,8
3341,20
3342,20
3343,20
3344,20
3345,20
3346,20
3347,20
3348,7
3349,2
3350,20
3351,8
3352,8
3353,8
3354,17
3355,17
3356,17
3357,17
3358,17
3359,22
3360,22
3361,6
3362,13
3363,13
3364,16
3365,16
3366,8
3367,16
3368,16
3369,16
3370,16
3371,16
3372,8
3373,21
3374,10
3375,8
3376,8
3377,9
3378,8
3379,13
3380,8
3381,22
3382,14
3383,16
3384,1
3385,1
3386,14
3387,1
3388,1
3389,1
3390,16
3391,16
3392,16
3393,1
3394,13
3395,13
3396,16
3397,16
3398,16
3399,16
3400,16
3401,1
3402,0
3403,16
3404,13
3405,1
3406,1
3407,16
3408,16
3409,16
3410,16
3411,16
3412,16
3413,21
3414,16
3415,8
3416,14
3417,14
3418,14
3419,14
3420,14
3421,14
3422,14
3423,14
3424,1
3425,14
3426,14
3427,14
3428,14
3429,14
3430,14
3431,14
3432,14
3433,13
3434,15
3435,1
3436,1
3437,13
3438,15
3439,14
3440,14
3441,14
3442,7
3443,14
3444,14
3445,14
3446,7
3447,14
3448,14
3449,14
3450,15
3451,14
3452,14
3453,14
3454,14
3455,14
3456,13
3457,14
3458,14
3459,14
3460,14
3461,0
3462,14
3463,14
3464,14
3465,14
3466,14
3467,14
3468,14
3469,1
3470,1
3471,1
3472,1
3473,14
3474,1
3475,1
3476,1
3477,1
3478,22
3479,1
3480,1
3481,1
3482,1
3483,19
3484,14
3485,14
3486,13
3487,1
3488,1
3489,1
3490,13
3491,1
3492,1
3493,1
3494,1
3495,14
3496,14
3497,14
3498,14
3499,1
3500,14
3501,1
3502,14
3503,14
3504,1
3505,1
3506,1
3507,1
3508,1
3509,1
3510,15
3511,0
3512,14
3513,0
3514,13
3515,13
3516,14
3517,15
3518,1
3519,14
3520,14
3521,13
3522,5
3523,14
3524,14
3525,14
3526,14
3527,14
3528,14
3529,14
3530,14
3531,10
3532,14
3533,14
3534,14
3535,14
3536,14
3537,10
3538,14
3539,14
3540,14
3541,14
3542,14
3543,14
3544,14
3545,14
3546,14
3547,14
3548,14
3549,14
3550,14
3551,14
3552,1
3553,14
3554,14
3555,14
3556,14
3557,14
3558,1
3559,14
3560,14
3561,14
3562,14
3563,14
3564,14
3565,14
3566,14
3567,14
3568,10
3569,10
3570,22
3571,14
3572,10
3573,9
3574,14
3575,14
3576,14
3577,14
3578,22
3579,14
3580,14
3581,14
3582,10
3583,10
3584,14
3585,14
3586,14
3587,14
3588,14
3589,14
3590,1
3591,14
3592,14
3593,14
3594,14
3595,14
3596,13
3597,13
3598,14
3599,14
3600,14
3601,14
3602,14
3603,10
3604,14
3605,14
3606,14
3607,14
3608,1
3609,1
3610,1
3611,1
3612,1
3613,1
3614,1
3615,1
3616,1
3617,1
3618,1
3619,1
3620,1
3621,14
3622,1
3623,1
3624,1
3625,14
3626,1
3627,14
3628,15
3629,1
3630,1
3631,1
3632,1
3633,14
3634,1
3635,1
3636,1
3637,14
3638,14
3639,14
3640,14
3641,14
3642,14
3643,14
3644,10
3645,10
3646,14
3647,10
3648,14
3649,14
3650,1
3651,14
3652,14
3653,1
3654,14
3655,22
3656,14
3657,14
3658,14
3659,14
3660,14
3661,10
3662,14
3663,14
3664,21
3665,10
3666,22
3667,22
3668,1
3669,14
3670,14
3671,15
3672,1
3673,22
3674,14
3675,14
3676,14
3677,14
3678,14
3679,14
3680,13
3681,1
3682,14
3683,1
3684,14
3685,1
3686,1
3687,14
3688,14
3689,0
3690,14
3691,1
3692,1
3693,21
3694,14
3695,14
3696,14
3697,1
3698,0
3699,14
3700,14
3701,14
3702,14
3703,1
3704,14
3705,14
3706,1
3707,14
3708,14
3709,1
3710,13
3711,13
3712,13
3713,13
3714,13
3715,13
3716,13
3717,14
3718,13
3719,13
3720,14
3721,13
3722,13
3723,13
3724,14
3725,19
3726,13
3727,14
3728,14
3729,10
3730,14
3731,14
3732,13
3733,14
3734,13
3735,13
3736,13
3737,1
3738,13
3739,13
3740,13
3741,13
3742,1
3743,13
3744,14
3745,0
3746,13
3747,14
3748,14
3749,1
3750,14
3751,14
3752,14
3753,10
3754,13
3755,21
3756,13
3757,16
3758,13
3759,13
3760,13
3761,7
3762,21
3763,13
3764,13
3765,0
3766,13
3767,0
3768,1
3769,0
3770,0
3771,13
3772,21
3773,0
3774,13
3775,21
3776,0
3777,21
3778,13
3779,1
3780,0
3781,13
3782,13
3783,13
3784,13
3785,13
3786,13
3787,13
3788,13
3789,13
3790,13
3791,13
3792,14
3793,14
3794,10
3795,14
3796,10
3797,14
3798,14
3799,0
3800,0
3801,0
3802,0
3803,0
3804,0
3805,0
3806,0
3807,14
3808,14
3809,14
3810,14
3811,14
3812,14
3813,22
3814,14
3815,14
3816,14
3817,1
3818,22
3819,22
3820,1
3821,16
3822,14
3823,1
3824,1
3825,1
3826,1
3827,1
3828,15
3829,1
3830,1
3831,1
3832,1
3833,1
3834,1
3835,1
3836,1
3837,1
3838,19
3839,1
3840,1
3841,19
3842,19
3843,19
3844,10
3845,22
3846,19
3847,19
3848,19
3849,13
3850,13
3851,13
3852,13
3853,13
3854,1
3855,1
3856,1
3857,1
3858,1
3859,1
3860,1
3861,13
3862,13
3863,13
3864,13
3865,13
3866,1
3867,13
3868,1
3869,1
3870,1
3871,1
3872,1
3873,1
3874,1
3875,1
3876,1
3877,1
3878,1
3879,1
3880,1
3881,1
3882,1
3883,1
3884,1
3885,1
3886,1
3887,1
3888,1
3889,1
3890,1
3891,1
3892,1
3893,1
3894,1
3895,1
3896,13
3897,1
3898,1
3899,1
3900,1
3901,1
3902,14
3903,1
3904,1
3905,14
3906,14
3907,14
3908,1
3909,1
3910,14
3911,1
3912,14
3913,14
3914,1
3915,14
3916,14
3917,1
3918,1
3919,1
3920,22
3921,1
3922,14
3923,14
3924,21
3925,14
3926,14
3927,14
3928,14
3929,14
3930,1
3931,1
3932,1
3933,1
3934,1
3935,1
3936,22
3937,22
3938,22
3939,15
3940,14
3941,22
3942,22
3943,21
3944,21
3945,21
3946,21
3947,22
3948,10
3949,21
3950,0
3951,10
3952,16
3953,10
3954,10
3955,16
3956,22
3957,0
3958,13
3959,13
3960,0
3961,16
3962,21
3963,21
3964,21
3965,21
3966,21
3967,21
3968,21
3969,10
3970,22
3971,0
3972,0
3973,0
3974,21
3975,0
3976,21
3977,0
3978,0
3979,13
3980,16
3981,16
3982,16
3983,21
3984,21
3985,21
3986,16
3987,21
3988,13
3989,17
3990,13
3991,17
3992,22
3993,21
3994,16
3995,21
3996,0
3997,21
3998,0
3999,21
4000,13
4001,21
4002,13
4003,0
4004,21
4005,1
4006,22
4007,22
4008,1
4009,22
4010,14
4011,22
4012,22
4013,21
4014,21
4015,19
4016,10
4017,22
4018,21
4019,10
4020,22
4021,13
4022,10
4023,13
4024,22
4025,22
4026,22
4027,22
4028,22
4029,22
4030,10
4031,10
4032,10
4033,22
4034,22
4035,22
4036,1
4037,22
4038,22
4039,22
4040,22
4041,10
4042,10
4043,10
4044,22
4045,22
4046,22
4047,8
4048,10
4049,10
4050,10
4051,10
4052,10
4053,10
4054,10
4055,10
4056,3
4057,22
4058,10
4059,10
4060,10
4061,10
4062,10
4063,22
4064,10
4065,10
4066,10
4067,10
4068,22
4069,10
4070,7
4071,22
4072,9
4073,9
4074,22
4075,22
4076,22
4077,22
4078,22
4079,22
4080,22
4081,22
4082,22
4083,22
4084,22
4085,22
4086,22
4087,22
4088,22
4089,10
4090,14
4091,10
4092,14
4093,10
4094,10
4095,10
4096,19
4097,10
4098,10
4099,1
4100,1
4101,1
4102,1
4103,14
4104,1
4105,14
4106,14
4107,14
4108,14
4109,1
4110,14
4111,1
4112,7
4113,7
4114,22
4115,13
4116,22
4117,9
4118,9
4119,9
4120,1
4121,7
4122,22
4123,22
4124,22
4125,22
4126,19
4127,15
4128,15
4129,7
4130,22
4131,7
4132,22
4133,22
4134,22
4135,1
4136,14
4137,14
4138,22
4139,14
4140,14
4141,14
4142,1
4143,14
4144,14
4145,14
4146,1
4147,14
4148,14
4149,22
4150,14
4151,14
4152,14
4153,1
4154,1
4155,1
4156,22
4157,22
4158,21
4159,21
4160,0
4161,0
4162,21
4163,21
4164,21
4165,15
4166,21
4167,21
4168,16
4169,0
4170,21
4171,21
4172,16
4173,21
4174,21
4175,21
4176,21
4177,0
4178,21
4179,21
4180,16
4181,16
4182,16
4183,0
4184,0
4185,0
4186,13
4187,21
4188,16
4189,21
4190,21
4191,21
4192,21
4193,21
4194,21
4195,21
4196,0
4197,21
4198,16
4199,16
4200,22
4201,14
4202,22
4203,22
4204,14
4205,22
4206,22
4207,14
4208,22
4209,4
4210,4
4211,1
4212,8
4213,8
4214,22
4215,10
4216,10
4217,1
4218,14
4219,10
4220,10
4221,10
4222,22
4223,1
4224,10
4225,13
4226,10
4227,22
4228,22
4229,10
4230,10
4231,22
4232,14
4233,9
4234,10
4235,14
4236,1
4237,10
4238,10
4239,14
4240,10
4241,10
4242,14
4243,10
4244,14
4245,10
4246,10
4247,10
4248,10
4249,10
4250,10
4251,10
4252,14
4253,10
4254,14
4255,10
4256,14
4257,10
4258,22
4259,14
4260,1
4261,1
4262,19
4263,4
4264,14
4265,10
4266,14
4267,14
4268,14
4269,14
4270,14
4271,14
4272,10
4273,14
4274,14
4275,14
4276,14
4277,1
4278,14
4279,14
4280,14
4281,14
4282,1
4283,1
4284,1
4285,1
4286,14
4287,14
4288,1
4289,1
4290,22
4291,22
4292,22
4293,13
4294,1
4295,2
4296,1
4297,1
4298,1
4299,22
4300,10
4301,3
4302,10
4303,10
4304,10
4305,10
4306,10
4307,10
4308,10
4309,10
4310,10
4311,22
4312,22
4313,21
4314,21
4315,21
4316,21
4317,7
4318,21
4319,21
4320,21
4321,21
4322,16
4323,21
4324,21
4325,21
4326,21
4327,21
4328,21
4329,1
4330,1
4331,1
4332,1
4333,1
4334,1
4335,1
4336,1
4337,1
4338,1
4339,1
4340,1
4341,1
4342,1
4343,1
4344,1
4345,1
4346,10
4347,1
4348,1
4349,1
4350,1
4351,1
4352,1
4353,14
4354,1
4355,1
4356,1
4357,7
4358,4
4359,4
4360,4
4361,4
4362,4
4363,4
4364,4
4365,4
4366,4
4367,4
4368,4
4369,4
4370,4
4371,4
4372,4
4373,4
4374,4
4375,4
4376,7
4377,4
4378,4
4379,4
4380,4
4381,4
4382,4
4383,4
4384,4
4385,4
4386,4
4387,15
4388,4
4389,22
4390,4
4391,4
4392,4
4393,4
4394,4
4395,4
4396,4
4397,4
4398,4
4399,1
4400,10
4401,22
4402,1
4403,1
4404,1
4405,1
4406,1
4407,1
4408,1
4409,14
4410,1
4411,14
4412,14
4413,1
4414,1
4415,1
4416,1
4417,21
4418,16
4419,16
4420,21
4421,21
4422,21
4423,21
4424,21
4425,21
4426,21
4427,0
4428,21
4429,21
4430,16
4431,21
4432,13
4433,16
4434,21
4435,13
4436,16
4437,15
4438,16
4439,13
4440,0
4441,21
4442,21
4443,19
4444,21
4445,0
4446,21
4447,21
4448,13
4449,21
4450,1
4451,0
4452,21
4453,0
4454,21
4455,7
4456,21
4457,22
4458,21
4459,1
4460,13
4461,1
4462,1
4463,1
4464,1
4465,8
4466,1
4467,22
4468,22
4469,22
4470,22
4471,8
4472,21
4473,16
4474,13
4475,0
4476,7
4477,0
4478,21
4479,0
4480,0
4481,21
4482,16
4483,0
4484,0
4485,16
4486,21
4487,22
4488,8
4489,8
4490,8
4491,22
4492,8
4493,10
4494,10
4495,10
4496,8
4497,7
4498,7
4499,14
4500,10
4501,7
4502,14
4503,10
4504,14
4505,10
4506,10
4507,10
4508,10
4509,10
4510,14
4511,10
4512,10
4513,14
4514,14
4515,13
4516,13
4517,13
4518,13
4519,13
4520,13
4521,13
4522,21
4523,1
4524,0
4525,1
4526,1
4527,22
4528,1
4529,1
4530,1
4531,1
4532,10
4533,14
4534,14
4535,14
4536,14
4537,14
4538,14
4539,14
4540,14
4541,14
4542,14
4543,14
4544,8
4545,14
4546,14
4547,1
4548,1
4549,1
4550,14
4551,14
4552,1
4553,14
4554,14
4555,1
4556,1
4557,1
4558,1
4559,1
4560,1
4561,1
4562,1
4563,1
4564,1
4565,1
4566,1
4567,1
4568,1
4569,1
4570,14
4571,1
4572,1
4573,14
4574,14
4575,14
4576,8
4577,8
4578,8
4579,8
4580,8
4581,1
4582,22
4583,8
4584,8
4585,1
4586,8
4587,1
4588,1
4589,1
4590,1
4591,14
4592,14
4593,8
4594,8
4595,8
4596,10
4597,10
4598,16
4599,16
4600,14
4601,14
4602,1
4603,22
4604,22
4605,14
4606,22
4607,22
4608,22
4609,14
4610,14
4611,14
4612,14
4613,4
4614,14
4615,14
4616,14
4617,14
4618,14
4619,22
4620,13
4621,13
4622,21
4623,13
4624,13
4625,13
4626,13
4627,13
4628,13
4629,13
4630,13
4631,13
4632,13
4633,21
4634,0
4635,0
4636,0
4637,0
4638,13
4639,0
4640,0
4641,0
4642,0
4643,0
4644,0
4645,0
4646,0
4647,0
4648,0
4649,0
4650,0
4651,8
4652,8
4653,14
4654,1
4655,22
4656,22
4657,22
4658,1
4659,22
4660,22
4661,14
4662,10
4663,22
4664,22
4665,22
4666,22
4667,22
4668,22
4669,22
4670,22
4671,22
4672,10
4673,14
4674,10
4675,16
4676,22
4677,22
4678,22
4679,22
4680,22
4681,14
4682,21
4683,2
4684,21
4685,13
4686,1
4687,1
4688,1
4689,1
4690,14
4691,1
4692,1
4693,1
4694,1
4695,1
4696,1
4697,1
4698,1
4699,1
4700,1
4701,1
4702,1
4703,1
4704,1
4705,1
4706,1
4707,1
4708,1
4709,1
4710,1
4711,1
4712,1
4713,1
4714,1
4715,1
4716,1
4717,13
4718,13
4719,13
4720,13
4721,13
4722,1
4723,8
4724,13
4725,13
4726,1
4727,7
4728,1
4729,13
4730,13
4731,13
4732,0
4733,13
4734,21
4735,21
4736,13
4737,21
4738,21
4739,13
4740,13
4741,13
4742,13
4743,13
4744,13
4745,13
4746,13
4747,13
4748,13
4749,13
4750,13
4751,22
4752,21
4753,5
4754,13
4755,13
4756,13
4757,13
4758,8
4759,13
4760,1
4761,1
4762,1
4763,13
4764,13
4765,13
4766,13
4767,13
4768,15
4769,15
4770,10
4771,14
4772,13
4773,13
4774,13
4775,13
4776,13
4777,6
4778,6
4779,13
4780,13
4781,13
4782,2
4783,13
4784,0
4785,0
4786,16
4787,0
4788,16
4789,16
4790,16
4791,16
4792,16
4793,16
4794,1
4795,16
4796,16
4797,13
4798,13
4799,13
4800,13
4801,13
4802,13
4803,13
4804,13
4805,13
4806,7
4807,7
4808,7
4809,7
4810,7
4811,7
4812,1
4813,7
4814,7
4815,7
4816,22
4817,7
4818,13
4819,13
4820,13
4821,13
4822,13
4823,13
4824,13
4825,13
4826,13
4827,13
4828,13
4829,13
4830,13
4831,13
4832,0
4833,16
4834,16
4835,0
4836,0
4837,0
4838,0
4839,0
4840,16
4841,13
4842,13
4843,0
4844,0
4845,0
4846,0
4847,0
4848,0
4849,0
4850,0
4851,0
4852,0
4853,13
4854,13
4855,8
4856,5
4857,1
4858,1
4859,16
4860,0
4861,0
4862,0
4863,0
4864,13
4865,21
4866,21
4867,9
4868,6
4869,0
4870,0
4871,13
4872,16
4873,21
4874,21
4875,21
4876,16
4877,0
4878,0
4879,0
4880,21
4881,21
4882,21
4883,21
4884,13
4885,1
4886,0
4887,0
4888,21
4889,21
4890,0
4891,0
4892,0
4893,10
4894,10
4895,3
4896,10
4897,10
4898,14
4899,10
4900,10
4901,10
4902,10
4903,10
4904,10
4905,10
4906,19
4907,19
4908,10
4909,10
4910,0
4911,0
4912,0
4913,0
4914,0
4915,0
4916,0
4917,0
4918,0
4919,0
4920,0
4921,0
4922,0
4923,0
4924,0
4925,0
4926,0
4927,0
4928,0
4929,0
4930,0
4931,16
4932,0
4933,0
4934,15
4935,0
4936,5
4937,0
4938,0
4939,0
4940,0
4941,0
4942,0
4943,0
4944,0
4945,5
4946,5
4947,5
4948,0
4949,0
4950,0
4951,0
4952,0
4953,0
4954,0
4955,0
4956,0
4957,0
4958,0
4959,0
4960,2
4961,0
4962,0
4963,0
4964,0
4965,0
4966,0
4967,0
4968,0
4969,0
4970,0
4971,0
4972,0
4973,15
4974,0
4975,0
4976,0
4977,0
4978,0
4979,0
4980,0
4981,0
4982,0
4983,0
4984,0
4985,5
4986,0
4987,0
4988,0
4989,0
4990,0
4991,0
4992,0
4993,0
4994,0
4995,0
4996,0
4997,0
4998,13
4999,0
5000,0
5001,0
5002,0
5003,13
5004,0
5005,0
5006,0
5007,0
5008,0
5009,0
5010,0
5011,0
5012,14
5013,14
5014,19
5015,14
5016,14
5017,14
5018,14
5019,22
5020,22
5021,22
5022,22
5023,22
5024,1
5025,22
5026,22
5027,22
5028,1
5029,22
5030,22
5031,10
5032,22
5033,1
5034,1
5035,1
5036,17
5037,22
5038,8
5039,8
5040,8
5041,22
5042,22
5043,22
5044,22
5045,22
5046,22
5047,22
5048,22
5049,22
5050,22
5051,10
5052,7
5053,10
5054,10
5055,1
5056,1
5057,1
5058,22
5059,15
5060,10
5061,22
5062,6
5063,22
5064,22
5065,22
5066,22
5067,13
5068,22
5069,22
5070,22
5071,22
5072,10
5073,10
5074,10
5075,10
5076,10
5077,1
5078,10
5079,10
5080,10
5081,10
5082,10
5083,10
5084,10
5085,10
5086,22
5087,22
5088,22
5089,22
5090,10
5091,14
5092,14
5093,14
5094,8
5095,4
5096,8
5097,22
5098,22
5099,1
5100,1
5101,1
5102,1
5103,22
5104,8
5105,22
5106,1
5107,1
5108,1
5109,14
5110,14
5111,1
5112,14
5113,14
5114,1
5115,1
5116,14
5117,14
5118,14
5119,14
5120,1
5121,1
5122,7
5123,22
5124,22
5125,22
5126,22
5127,22
5128,10
5129,10
5130,10
5131,9
5132,1
5133,10
5134,7
5135,3
5136,22
5137,10
5138,22
5139,7
5140,7
5141,7
5142,8
5143,8
5144,1
5145,20
5146,16
5147,2
5148,16
5149,16
5150,16
5151,16
5152,21
5153,1
5154,21
5155,14
5156,1
5157,13
5158,13
5159,13
5160,13
5161,16
5162,13
5163,1
5164,1
5165,1
5166,1
5167,1
5168,1
5169,1
5170,1
5171,1
5172,1
5173,1
5174,1
5175,1
5176,1
5177,1
5178,1
5179,1
5180,14
5181,1
5182,1
5183,14
5184,14
5185,14
5186,10
5187,10
5188,10
5189,10
5190,1
5191,14
5192,14
5193,10
5194,1
5195,10
5196,10
5197,10
5198,10
5199,10
5200,10
5201,16
5202,10
5203,19
5204,15
5205,19
5206,10
5207,22
5208,10
5209,10
5210,10
5211,10
5212,22
5213,10
5214,10
5215,10
5216,10
5217,10
5218,10
5219,10
5220,10
5221,10
5222,10
5223,3
5224,15
5225,10
5226,10
5227,10
5228,10
5229,10
5230,10
5231,10
5232,10
5233,7
5234,10
5235,10
5236,10
5237,10
5238,9
5239,9
5240,9
5241,9
5242,10
5243,10
5244,10
5245,10
5246,10
5247,10
5248,10
5249,10
5250,10
5251,10
5252,10
5253,10
5254,10
5255,10
5256,10
5257,10
5258,13
5259,10
5260,14
5261,14
5262,10
5263,10
5264,10
5265,7
5266,10
5267,15
5268,10
5269,7
5270,3
5271,3
5272,3
5273,3
5274,3
5275,5
5276,3
5277,10
5278,10
5279,3
5280,3
5281,3
5282,10
5283,7
5284,10
5285,19
5286,14
5287,10
5288,3
5289,4
5290,10
5291,10
5292,10
5293,10
5294,10
5295,10
5296,10
5297,10
5298,19
5299,10
5300,10
5301,10
5302,10
5303,10
5304,3
5305,15
5306,10
5307,7
5308,3
5309,19
5310,10
5311,3
5312,10
5313,8
5314,3
5315,3
5316,3
5317,3
5318,3
5319,1
5320,15
5321,3
5322,22
5323,3
5324,3
5325,3
5326,1
5327,3
5328,3
5329,3
5330,3
5331,3
5332,3
5333,3
5334,3
5335,3
5336,3
5337,3
5338,3
5339,3
5340,3
5341,3
5342,3
5343,10
5344,10
5345,3
5346,3
5347,10
5348,9
5349,3
5350,3
5351,3
5352,3
5353,3
5354,3
5355,3
5356,7
5357,3
5358,3
5359,10
5360,10
5361,10
5362,7
5363,10
5364,10
5365,10
5366,10
5367,10
5368,10
5369,10
5370,10
5371,7
5372,7
5373,10
5374,7
5375,14
5376,14
5377,10
5378,10
5379,14
5380,10
5381,10
5382,10
5383,10
5384,3
5385,3
5386,3
5387,10
5388,10
5389,10
5390,10
5391,3
5392,3
5393,10
5394,10
5395,15
5396,10
5397,10
5398,3
5399,10
5400,7
5401,10
5402,22
5403,14
5404,10
5405,10
5406,10
5407,8
5408,22
5409,14
5410,10
5411,10
5412,10
5413,10
5414,10
5415,10
5416,14
5417,16
5418,16
5419,16
5420,16
5421,16
5422,16
5423,0
5424,16
5425,16
5426,16
5427,16
5428,16
5429,16
5430,14
5431,14
5432,14
5433,14
5434,14
5435,7
5436,1
5437,1
5438,1
5439,14
5440,14
5441,8
5442,10
5443,10
5444,10
5445,14
5446,10
5447,10
5448,10
5449,7
5450,10
5451,10
5452,10
5453,14
5454,3
5455,10
5456,14
5457,14
5458,14
5459,22
5460,10
5461,10
5462,10
5463,10
5464,7
5465,9
5466,9
5467,10
5468,10
5469,10
5470,10
5471,10
5472,14
5473,14
5474,14
5475,14
5476,1
5477,9
5478,9
5479,9
5480,9
5481,9
5482,9
5483,9
5484,9
5485,9
5486,9
5487,9
5488,9
5489,9
5490,1
5491,14
5492,1
5493,1
5494,14
5495,14
5496,14
5497,14
5498,14
5499,14
5500,14
5501,10
5502,10
5503,3
5504,10
5505,10
5506,10
5507,10
5508,10
5509,10
5510,10
5511,10
5512,10
5513,10
5514,10
5515,10
5516,10
5517,10
5518,10
5519,10
5520,10
5521,10
5522,10
5523,10
5524,10
5525,10
5526,10
5527,10
5528,10
5529,22
5530,8
5531,14
5532,14
5533,14
5534,14
5535,13
5536,1
5537,1
5538,1
5539,1
5540,1
5541,1
5542,1
5543,1
5544,1
5545,1
5546,1
5547,0
5548,9
5549,2
5550,9
5551,9
5552,9
5553,9
5554,9
5555,2
5556,2
5557,2
5558,2
5559,2
5560,2
5561,2
5562,2
5563,2
5564,2
5565,2
5566,2
5567,2
5568,2
5569,2
5570,2
5571,2
5572,2
5573,2
5574,2
5575,2
5576,2
5577,21
5578,2
5579,3
5580,2
5581,2
5582,2
5583,2
5584,11
5585,2
5586,2
5587,2
5588,2
5589,2
5590,2
5591,2
5592,2
5593,2
5594,2
5595,2
5596,2
5597,2
5598,2
5599,2
5600,2
5601,2
5602,2
5603,2
5604,2
5605,2
5606,2
5607,2
5608,2
5609,2
5610,2
5611,2
5612,2
5613,2
5614,2
5615,2
5616,2
5617,2
5618,2
5619,2
5620,3
5621,2
5622,2
5623,2
5624,6
5625,2
5626,2
5627,2
5628,9
5629,9
5630,9
5631,2
5632,2
5633,2
5634,2
5635,2
5636,2
5637,2
5638,2
5639,2
5640,2
5641,22
5642,22
5643,22
5644,22
5645,10
5646,7
5647,10
5648,19
5649,19
5650,19
5651,19
5652,19
5653,19
5654,19
5655,19
5656,22
5657,19
5658,19
5659,19
5660,19
5661,19
5662,19
5663,7
5664,7
5665,7
5666,7
5667,3
5668,10
5669,7
5670,7
5671,7
5672,7
5673,7
5674,7
5675,7
5676,7
5677,7
5678,22
5679,22
5680,20
5681,3
5682,3
5683,3
5684,7
5685,3
5686,7
5687,22
5688,7
5689,7
5690,10
5691,22
5692,22
5693,10
5694,10
5695,7
5696,7
5697,10
5698,10
5699,7
5700,7
5701,7
5702,7
5703,7
5704,10
5705,7
5706,7
5707,7
5708,7
5709,7
5710,7
5711,7
5712,7
5713,7
5714,7
5715,7
5716,7
5717,7
5718,7
5719,7
5720,7
5721,7
5722,10
5723,7
5724,7
5725,7
5726,7
5727,7
5728,7
5729,7
5730,7
5731,10
5732,10
5733,10
5734,10
5735,7
5736,10
5737,10
5738,10
5739,10
5740,10
5741,3
5742,3
5743,3
5744,7
5745,7
5746,7
5747,7
5748,7
5749,22
5750,10
5751,7
5752,7
5753,7
5754,7
5755,7
5756,7
5757,7
5758,10
5759,7
5760,10
5761,7
5762,7
5763,7
5764,7
5765,7
5766,5
5767,5
5768,5
5769,5
5770,5
5771,5
5772,5
5773,5
5774,5
5775,5
5776,5
5777,5
5778,5
5779,5
5780,5
5781,5
5782,5
5783,5
5784,5
5785,5
5786,5
5787,5
5788,5
5789,5
5790,5
5791,5
5792,5
5793,5
5794,5
5795,5
5796,5
5797,15
5798,5
5799,5
5800,5
5801,9
5802,5
5803,5
5804,5
5805,5
5806,5
5807,5
5808,5
5809,5
5810,5
5811,5
5812,5
5813,5
5814,5
5815,5
5816,5
5817,9
5818,5
5819,9
5820,9
5821,9
5822,9
5823,9
5824,9
5825,5
5826,5
5827,5
5828,5
5829,5
5830,5
5831,5
5832,5
5833,5
5834,9
5835,9
5836,17
5837,17
5838,17
5839,17
5840,22
5841,1
5842,1
5843,1
5844,1
5845,1
5846,1
5847,1
5848,1
5849,1
5850,1
5851,15
5852,1
5853,1
5854,1
5855,16
5856,16
5857,13
5858,22
5859,16
5860,16
5861,1
5862,1
5863,1
5864,1
5865,21
5866,1
5867,1
5868,1
5869,1
5870,1
5871,1
5872,1
5873,1
5874,1
5875,14
5876,1
5877,1
5878,1
5879,1
5880,1
5881,1
5882,1
5883,1
5884,1
5885,8
5886,1
5887,1
5888,1
5889,1
5890,1
5891,21
5892,16
5893,21
5894,8
5895,1
5896,13
5897,1
5898,13
5899,22
5900,14
5901,14
5902,14
5903,14
5904,22
5905,10
5906,10
5907,13
5908,13
5909,1
5910,17
5911,18
5912,10
5913,10
5914,14
5915,10
5916,14
5917,14
5918,14
5919,1
5920,1
5921,1
5922,21
5923,21
5924,14
5925,6
5926,14
5927,14
5928,14
5929,14
5930,14
5931,14
5932,1
5933,17
5934,1
5935,1
5936,1
5937,13
5938,13
5939,16
5940,1
5941,1
5942,21
5943,13
5944,13
5945,21
5946,21
5947,13
5948,1
5949,14
5950,1
5951,1
5952,1
5953,0
5954,16
5955,16
5956,16
5957,16
5958,16
5959,16
5960,16
5961,16
5962,16
5963,16
5964,16
5965,16
5966,16
5967,16
5968,16
5969,16
5970,16
5971,16
5972,16
5973,16
5974,16
5975,16
5976,16
5977,16
5978,16
5979,16
5980,16
5981,16
5982,16
5983,16
5984,1
5985,0
5986,1
5987,1
5988,1
5989,1
5990,1
5991,1
5992,1
5993,7
5994,3
5995,3
5996,7
5997,3
5998,3
5999,7
6000,3
6001,7
6002,3
6003,3
6004,10
6005,3
6006,3
6007,3
6008,3
6009,3
6010,3
6011,3
6012,3
6013,3
6014,3
6015,3
6016,3
6017,7
6018,7
6019,10
6020,3
6021,3
6022,3
6023,3
6024,3
6025,3
6026,3
6027,9
6028,3
6029,3
6030,3
6031,15
6032,17
6033,10
6034,10
6035,10
6036,3
6037,3
6038,3
6039,3
6040,3
6041,3
6042,3
6043,3
6044,3
6045,3
6046,3
6047,10
6048,10
6049,10
6050,10
6051,10
6052,7
6053,7
6054,7
6055,7
6056,7
6057,7
6058,7
6059,7
6060,7
6061,7
6062,7
6063,7
6064,7
6065,7
6066,7
6067,7
6068,7
6069,7
6070,7
6071,7
6072,2
6073,7
6074,7
6075,7
6076,7
6077,7
6078,7
6079,7
6080,7
6081,7
6082,7
6083,7
6084,10
6085,10
6086,10
6087,10
6088,7
6089,10
6090,7
6091,10
6092,10
6093,10
6094,7
6095,9
6096,19
6097,19
6098,10
6099,4
6100,10
6101,10
6102,3
6103,3
6104,3
6105,3
6106,7
6107,3
6108,3
6109,22
6110,3
6111,3
6112,10
6113,10
6114,3
6115,7
6116,7
6117,3
6118,14
6119,7
6120,7
6121,3
6122,9
6123,7
6124,3
6125,7
6126,7
6127,7
6128,10
6129,7
6130,7
6131,7
6132,7
6133,7
6134,7
6135,7
6136,7
6137,7
6138,7
6139,7
6140,7
6141,7
6142,7
6143,7
6144,7
6145,7
6146,7
6147,7
6148,7
6149,10
6150,7
6151,7
6152,7
6153,7
6154,7
6155,7
6156,7
6157,7
6158,7
6159,13
6160,0
6161,13
6162,10
6163,15
6164,10
6165,10
6166,3
6167,10
6168,10
6169,8
6170,10
6171,10
6172,10
6173,10
6174,10
6175,10
6176,10
6177,10
6178,10
6179,19
6180,10
6181,10
6182,10
6183,10
6184,22
6185,22
6186,22
6187,22
6188,22
6189,10
6190,22
6191,8
6192,22
6193,22
6194,22
6195,22
6196,22
6197,22
6198,22
6199,22
6200,22
6201,15
6202,15
6203,10
6204,22
6205,22
6206,22
6207,22
6208,22
6209,22
6210,22
6211,22
6212,22
6213,1
6214,10
6215,10
6216,10
6217,10
6218,10
6219,22
6220,1
6221,22
6222,8
6223,7
6224,8
6225,10
6226,10
6227,7
6228,7
6229,7
6230,7
6231,7
6232,7
6233,7
6234,7
6235,9
6236,10
6237,10
6238,10
6239,7
6240,9
6241,3
6242,10
6243,10
6244,3
6245,3
6246,10
6247,10
6248,10
6249,7
6250,7
6251,7
6252,7
6253,7
6254,7
6255,7
6256,7
6257,7
6258,7
6259,7
6260,7
6261,7
6262,7
6263,7
6264,7
6265,19
6266,19
6267,19
6268,7
6269,7
6270,7
6271,7
6272,7
6273,10
6274,10
6275,10
6276,10
6277,10
6278,10
6279,7
6280,14
6281,7
6282,7
6283,7
6284,7
6285,7
6286,7
6287,7
6288,7
6289,7
6290,7
6291,7
6292,7
6293,7
6294,19
6295,21
6296,14
6297,14
6298,17
6299,10
6300,14
6301,22
6302,0
6303,13
6304,13
6305,13
6306,0
6307,13
6308,13
6309,13
6310,10
6311,16
6312,10
6313,10
6314,10
6315,7
6316,7
6317,7
6318,7
6319,7
6320,7
6321,7
6322,7
6323,7
6324,7
6325,7
6326,7
6327,10
6328,7
6329,10
6330,10
6331,10
6332,10
6333,10
6334,7
6335,7
6336,7
6337,7
6338,7
6339,7
6340,7
6341,7
6342,7
6343,7
6344,7
6345,7
6346,7
6347,10
6348,10
6349,7
6350,10
6351,10
6352,10
6353,10
6354,19
6355,19
6356,19
6357,19
6358,19
6359,7
6360,7
6361,3
6362,3
6363,10
6364,10
6365,7
6366,19
6367,10
6368,19
6369,7
6370,7
6371,8
6372,8
6373,0
6374,8
6375,10
6376,19
6377,19
6378,19
6379,19
6380,3
6381,10
6382,19
6383,10
6384,19
6385,7
6386,19
6387,21
6388,21
6389,21
6390,21
6391,21
6392,21
6393,21
6394,21
6395,17
6396,21
6397,17
6398,2
6399,21
6400,7
6401,4
6402,7
6403,7
6404,7
6405,7
6406,7
6407,7
6408,7
6409,7
6410,7
6411,7
6412,7
6413,7
6414,14
6415,7
6416,7
6417,7
6418,7
6419,7
6420,7
6421,7
6422,7
6423,7
6424,7
6425,7
6426,7
6427,7
6428,7
6429,7
6430,7
6431,7
6432,7
6433,7
6434,7
6435,7
6436,7
6437,7
6438,7
6439,7
6440,7
6441,7
6442,7
6443,7
6444,7
6445,7
6446,7
6447,7
6448,7
6449,10
6450,7
6451,7
6452,7
6453,7
6454,7
6455,7
6456,7
6457,7
6458,7
6459,7
6460,7
6461,7
6462,19
6463,16
6464,7
6465,7
6466,7
6467,7
6468,10
6469,3
6470,7
6471,7
6472,7
6473,7
6474,7
6475,7
6476,7
6477,7
6478,7
6479,7
6480,7
6481,7
6482,10
6483,7
6484,7
6485,3
6486,3
6487,3
6488,17
6489,7
6490,7
6491,7
6492,7
6493,7
6494,7
6495,3
6496,3
6497,3
6498,7
6499,7
6500,7
6501,7
6502,7
6503,7
6504,7
6505,7
6506,7
6507,7
6508,7
6509,7
6510,7
6511,7
6512,7
6513,7
6514,7
6515,7
6516,7
6517,4
6518,5
6519,15
6520,15
6521,15
6522,7
6523,15
6524,15
6525,7
6526,7
6527,15
6528,0
6529,15
6530,15
6531,15
6532,15
6533,15
6534,15
6535,7
6536,15
6537,10
6538,15
6539,0
6540,7
6541,7
6542,7
6543,5
6544,13
6545,0
6546,10
6547,10
6548,21
6549,7
6550,7
6551,7
6552,10
6553,7
6554,7
6555,3
6556,7
6557,6
6558,6
6559,7
6560,4
6561,7
6562,7
6563,7
6564,7
6565,7
6566,7
6567,7
6568,7
6569,7
6570,7
6571,20
6572,20
6573,20
6574,20
6575,20
6576,20
6577,20
6578,20
6579,7
6580,7
6581,7
6582,7
6583,0
6584,0
6585,21
6586,21
6587,21
6588,8
6589,21
6590,6
6591,21
6592,21
6593,21
6594,21
6595,8
6596,6
6597,7
6598,7
6599,7
6600,10
6601,15
6602,15
6603,7
6604,7
6605,0
6606,7
6607,7
6608,4
6609,9
6610,7
6611,7
6612,7
6613,7
6614,7
6615,7
6616,7
6617,7
6618,7
6619,7
6620,7
6621,7
6622,7
6623,7
6624,7
6625,22
6626,7
6627,10
6628,10
6629,7
6630,7
6631,7
6632,7
6633,7
6634,7
6635,7
6636,7
6637,7
6638,7
6639,7
6640,7
6641,7
6642,7
6643,7
6644,7
6645,7
6646,7
6647,7
6648,10
6649,10
6650,10
6651,10
6652,10
6653,10
6654,10
6655,14
6656,10
6657,15
6658,10
6659,10
6660,10
6661,10
6662,10
6663,10
6664,10
6665,10
6666,0
6667,2
6668,21
6669,0
6670,0
6671,0
6672,21
6673,0
6674,21
6675,2
6676,2
6677,2
6678,9
6679,2
6680,2
6681,9
6682,9
6683,3
6684,2
6685,2
6686,0
6687,2
6688,2
6689,21
6690,0
6691,21
6692,21
6693,21
6694,21
6695,21
6696,21
6697,0
6698,21
6699,21
6700,21
6701,0
6702,21
6703,0
6704,0
6705,0
6706,0
6707,0
6708,0
6709,0
6710,0
6711,0
6712,0
6713,0
6714,9
6715,9
6716,21
6717,21
6718,21
6719,21
6720,21
6721,21
6722,21
6723,21
6724,21
6725,21
6726,21
6727,21
6728,21
6729,21
6730,21
6731,21
6732,21
6733,21
6734,21
6735,21
6736,21
6737,21
6738,21
6739,2
6740,21
6741,21
6742,21
6743,21
6744,21
6745,21
6746,21
6747,21
6748,21
6749,8
6750,21
6751,0
6752,16
6753,16
6754,13
6755,21
6756,21
6757,21
6758,21
6759,21
6760,21
6761,21
6762,21
6763,21
6764,21
6765,21
6766,21
6767,21
6768,21
6769,8
6770,21
6771,21
6772,21
6773,16
6774,21
6775,21
6776,21
6777,21
6778,21
6779,21
6780,21
6781,21
6782,21
6783,21
6784,21
6785,21
6786,21
6787,21
6788,21
6789,21
6790,21
6791,21
6792,21
6793,21
6794,21
6795,21
6796,21
6797,21
6798,21
6799,21
6800,21
6801,21
6802,21
6803,16
6804,21
6805,21
6806,21
6807,21
6808,21
6809,21
6810,6
6811,6
6812,6
6813,21
6814,0
6815,0
6816,2
6817,2
6818,21
6819,2
6820,2
6821,0
6822,0
6823,0
6824,9
6825,9
6826,9
6827,9
6828,9
6829,9
6830,9
6831,0
6832,0
6833,0
6834,0
6835,7
6836,8
6837,7
6838,14
6839,9
6840,7
6841,7
6842,7
6843,7
6844,7
6845,7
6846,7
6847,7
6848,7
6849,8
6850,8
6851,8
6852,8
6853,7
6854,9
6855,10
6856,10
6857,10
6858,10
6859,14
6860,7
6861,19
6862,14
6863,21
6864,14
6865,10
6866,15
6867,14
6868,22
6869,3
6870,9
6871,9
6872,9
6873,3
6874,3
6875,3
6876,3
6877,3
6878,3
6879,3
6880,3
6881,3
6882,22
6883,22
6884,1
6885,19
6886,22
6887,7
6888,22
6889,1
6890,1
6891,1
6892,22
6893,3
6894,3
6895,21
6896,19
6897,19
6898,19
6899,19
6900,19
6901,14
6902,8
6903,10
6904,7
6905,7
6906,7
6907,1
6908,1
6909,1
6910,1
6911,1
6912,7
6913,19
6914,7
6915,7
6916,4
6917,4
6918,4
6919,7
6920,7
6921,3
6922,20
6923,15
6924,15
6925,15
6926,15
6927,15
6928,15
6929,15
6930,10
6931,22
6932,10
6933,10
6934,10
6935,10
6936,15
6937,10
6938,10
6939,15
6940,10
6941,15
6942,15
6943,4
6944,15
6945,15
6946,15
6947,22
6948,22
6949,13
6950,6
6951,8
6952,8
6953,20
6954,20
6955,20
6956,20
6957,20
6958,20
6959,20
6960,14
6961,10
6962,13
6963,13
6964,10
6965,1
6966,1
6967,1
6968,10
6969,8
6970,10
6971,8
6972,10
6973,15
6974,10
6975,10
6976,10
6977,14
6978,10
6979,10
6980,10
6981,10
6982,20
6983,20
6984,20
6985,10
6986,10
6987,7
6988,14
6989,0
6990,0
6991,0
6992,0
6993,0
6994,0
6995,0
6996,0
6997,0
6998,0
6999,0
7000,0
7001,0
7002,21
7003,21
7004,0
7005,0
7006,0
7007,0
7008,21
7009,0
7010,0
7011,0
7012,0
7013,21
7014,0
7015,0
7016,0
7017,0
7018,0
7019,0
7020,0
7021,0
7022,0
7023,0
7024,0
7025,0
7026,0
7027,16
7028,0
7029,0
7030,0
7031,0
7032,0
7033,0
7034,16
7035,0
7036,0
7037,0
7038,0
7039,0
7040,16
7041,2
7042,16
7043,3
7044,10
7045,9
7046,10
7047,9
7048,9
7049,9
7050,9
7051,9
7052,9
7053,10
7054,10
7055,10
7056,16
7057,10
7058,7
7059,7
7060,7
7061,15
7062,3
7063,7
7064,7
7065,3
7066,3
7067,19
7068,3
7069,10
7070,1
7071,14
7072,10
7073,10
7074,14
7075,15
7076,10
7077,10
7078,0
7079,16
7080,16
7081,16
7082,16
7083,16
7084,16
7085,16
7086,16
7087,16
7088,0
7089,16
7090,16
7091,8
7092,16
7093,17
7094,8
7095,8
7096,8
7097,8
7098,8
7099,8
7100,8
7101,8
7102,8
7103,8
7104,8
7105,17
7106,8
7107,8
7108,8
7109,8
7110,8
7111,8
7112,0
7113,0
7114,0
7115,0
7116,0
7117,5
7118,5
7119,5
7120,0
7121,0
7122,0
7123,0
7124,16
7125,16
7126,16
7127,16
7128,16
7129,16
7130,16
7131,16
7132,16
7133,17
7134,16
7135,6
7136,10
7137,8
7138,16
7139,8
7140,8
7141,8
7142,8
7143,7
7144,7
7145,7
7146,14
7147,17
7148,8
7149,19
7150,1
7151,1
7152,1
7153,1
7154,14
7155,21
7156,1
7157,21
7158,14
7159,14
7160,14
7161,14
7162,14
7163,14
7164,17
7165,10
7166,10
7167,10
7168,3
7169,10
7170,14
7171,14
7172,14
7173,8
7174,20
7175,20
7176,8
7177,17
7178,17
7179,5
7180,20
7181,17
7182,9
7183,10
7184,10
7185,10
7186,10
7187,14
7188,14
7189,14
7190,14
7191,14
7192,8
7193,20
7194,20
7195,8
7196,20
7197,20
7198,20
7199,20
7200,1
7201,1
7202,20
7203,20
7204,8
7205,17
7206,17
7207,17
7208,17
7209,17
7210,17
7211,16
7212,16
7213,0
7214,16
7215,16
7216,16
7217,16
7218,16
7219,16
7220,16
7221,16
7222,16
7223,16
7224,16
7225,16
7226,16
7227,16
7228,16
7229,16
7230,16
7231,16
7232,17
7233,17
7234,8
7235,21
7236,6
7237,21
7238,21
7239,21
7240,21
7241,8
7242,17
7243,17
7244,17
7245,17
7246,6
7247,6
7248,17
7249,17
7250,6
7251,17
7252,17
7253,17
7254,17
7255,2
7256,8
7257,8
7258,8
7259,17
7260,17
7261,8
7262,17
7263,0
7264,16
7265,8
7266,14
7267,14
7268,14
7269,1
7270,1
7271,14
7272,22
7273,22
7274,6
7275,6
7276,6
7277,6
7278,6
7279,6
7280,6
7281,6
7282,6
7283,6
7284,6
7285,6
7286,6
7287,6
7288,6
7289,6
7290,6
7291,6
7292,6
7293,6
7294,6
7295,6
7296,6
7297,6
7298,6
7299,6
7300,6
7301,6
7302,6
7303,6
7304,6
7305,16
7306,6
7307,6
7308,6
7309,6
7310,6
7311,6
7312,6
7313,6
7314,6
7315,0
7316,6
7317,6
7318,6
7319,16
7320,6
7321,6
7322,16
7323,16
7324,16
7325,16
7326,16
7327,16
7328,16
7329,16
7330,16
7331,16
7332,16
7333,16
7334,16
7335,16
7336,16
7337,16
7338,16
7339,17
7340,16
7341,16
7342,16
7343,16
7344,16
7345,16
7346,16
7347,16
7348,16
7349,16
7350,16
7351,16
7352,16
7353,16
7354,16
7355,16
7356,16
7357,16
7358,20
7359,17
7360,16
7361,16
7362,17
7363,17
7364,16
7365,16
7366,16
7367,16
7368,16
7369,16
7370,16
7371,16
7372,16
7373,16
7374,16
7375,16
7376,16
7377,17
7378,16
7379,16
7380,16
7381,16
7382,16
7383,17
7384,16
7385,16
7386,16
7387,16
7388,16
7389,16
7390,16
7391,16
7392,16
7393,16
7394,21
7395,16
7396,3
7397,3
7398,3
7399,9
7400,3
7401,9
7402,3
7403,3
7404,3
7405,3
7406,2
7407,3
7408,2
7409,0
7410,2
7411,2
7412,3
7413,2
7414,2
7415,2
7416,2
7417,2
7418,9
7419,14
7420,5
7421,5
7422,5
7423,5
7424,5
7425,5
7426,5
7427,8
7428,8
7429,8
7430,16
7431,8
7432,8
7433,8
7434,8
7435,8
7436,8
7437,17
7438,8
7439,8
7440,10
7441,8
7442,8
7443,8
7444,8
7445,8
7446,8
7447,9
7448,9
7449,9
7450,9
7451,9
7452,22
7453,9
7454,9
7455,9
7456,9
7457,9
7458,9
7459,9
7460,9
7461,9
7462,9
7463,6
7464,9
7465,9
7466,9
7467,9
7468,9
7469,9
7470,9
7471,9
7472,9
7473,9
7474,9
7475,9
7476,9
7477,9
7478,2
7479,9
7480,9
7481,9
7482,9
7483,9
7484,9
7485,9
7486,9
7487,9
7488,9
7489,9
7490,9
7491,9
7492,9
7493,9
7494,9
7495,9
7496,1
7497,1
7498,16
7499,9
7500,9
7501,9
7502,9
7503,9
7504,3
7505,9
7506,3
7507,9
7508,9
7509,9
7510,9
7511,9
7512,9
7513,9
7514,9
7515,2
7516,2
7517,10
7518,10
7519,10
7520,10
7521,3
7522,7
7523,9
7524,9
7525,9
7526,9
7527,9
7528,9
7529,9
7530,9
7531,9
7532,2
7533,2
7534,2
7535,2
7536,2
7537,2
7538,2
7539,2
7540,2
7541,2
7542,5
7543,5
7544,5
7545,5
7546,2
7547,2
7548,2
7549,2
7550,2
7551,2
7552,2
7553,1
7554,9
7555,9
7556,9
7557,16
7558,16
7559,0
7560,16
7561,13
7562,21
7563,1
7564,1
7565,5
7566,5
7567,2
7568,2
7569,2
7570,2
7571,2
7572,2
7573,2
7574,2
7575,2
7576,2
7577,2
7578,2
7579,2
7580,2
7581,2
7582,2
7583,2
7584,2
7585,2
7586,5
7587,2
7588,2
7589,2
7590,8
7591,8
7592,2
7593,21
7594,1
7595,1
7596,1
7597,1
7598,1
7599,1
7600,1
7601,0
7602,0
7603,13
7604,13
7605,13
7606,0
7607,21
7608,21
7609,21
7610,13
7611,21
7612,21
7613,13
7614,1
7615,1
7616,13
7617,13
7618,6
7619,17
7620,6
7621,6
7622,6
7623,6
7624,6
7625,1
7626,1
7627,13
7628,10
7629,10
7630,4
7631,19
7632,21
7633,18
7634,18
7635,18
7636,18
7637,18
7638,18
7639,17
7640,18
7641,18
7642,18
7643,18
7644,0
7645,0
7646,0
7647,0
7648,0
7649,0
7650,5
7651,0
7652,0
7653,0
7654,0
7655,0
7656,0
7657,0
7658,0
7659,0
7660,0
7661,17
7662,0
7663,0
7664,0
7665,0
7666,0
7667,0
7668,0
7669,0
7670,0
7671,0
7672,0
7673,0
7674,0
7675,0
7676,0
7677,0
7678,0
7679,0
7680,0
7681,0
7682,0
7683,0
7684,21
7685,0
7686,0
7687,0
7688,0
7689,0
7690,0
7691,0
7692,0
7693,0
7694,0
7695,0
7696,0
7697,0
7698,0
7699,0
7700,5
7701,0
7702,0
7703,0
7704,0
7705,0
7706,0
7707,0
7708,0
7709,0
7710,0
7711,0
7712,0
7713,0
7714,0
7715,0
7716,0
7717,0
7718,0
7719,0
7720,0
7721,0
7722,0
7723,0
7724,0
7725,0
7726,0
7727,0
7728,0
7729,0
7730,0
7731,13
7732,13
7733,0
7734,0
7735,0
7736,0
7737,0
7738,0
7739,0
7740,0
7741,0
7742,0
7743,0
7744,0
7745,0
7746,21
7747,0
7748,0
7749,0
7750,0
7751,0
7752,0
7753,0
7754,21
7755,5
7756,5
7757,5
7758,5
7759,5
7760,5
7761,5
7762,5
7763,5
7764,5
7765,0
7766,0
7767,0
7768,13
7769,13
7770,13
7771,13
7772,13
7773,13
7774,0
7775,0
7776,6
7777,0
7778,0
7779,0
7780,0
7781,0
7782,0
7783,0
7784,0
7785,16
7786,0
7787,13
7788,0
7789,0
7790,0
7791,0
7792,0
7793,13
7794,13
7795,0
7796,0
7797,0
7798,21
7799,21
7800,21
7801,21
7802,21
7803,21
7804,21
7805,21
7806,0
7807,21
7808,21
7809,21
7810,21
7811,21
7812,5
7813,5
7814,5
7815,15
7816,5
7817,5
7818,5
7819,15
7820,1
7821,16
7822,21
7823,21
7824,21
7825,21
7826,21
7827,21
7828,21
7829,21
7830,0
7831,0
7832,0
7833,1
7834,1
7835,8
7836,8
7837,1
7838,21
7839,21
7840,14
7841,21
7842,21
7843,1
7844,1
7845,1
7846,1
7847,13
7848,1
7849,1
7850,1
7851,1
7852,13
7853,16
7854,1
7855,6
7856,6
7857,8
7858,21
7859,8
7860,8
7861,8
7862,8
7863,6
7864,16
7865,8
7866,8
7867,8
7868,6
7869,6
7870,6
7871,6
7872,6
7873,6
7874,6
7875,6
7876,6
7877,6
7878,6
7879,16
7880,17
7881,17
7882,16
7883,17
7884,17
7885,1
7886,1
7887,13
7888,8
7889,17
7890,12
7891,8
7892,8
7893,16
7894,16
7895,8
7896,16
7897,13
7898,13
7899,13
7900,8
7901,14
7902,9
7903,9
7904,9
7905,9
7906,9
7907,9
7908,9
7909,9
7910,9
7911,9
7912,9
7913,9
7914,9
7915,9
7916,9
7917,9
7918,9
7919,9
7920,9
7921,9
7922,9
7923,9
7924,9
7925,9
7926,9
7927,9
7928,9
7929,9
7930,9
7931,9
7932,3
7933,9
7934,9
7935,9
7936,16
7937,16
7938,16
7939,16
7940,16
7941,16
7942,16
7943,2
7944,16
7945,0
7946,0
7947,0
7948,16
7949,16
7950,2
7951,17
7952,16
7953,16
7954,16
7955,16
7956,1
7957,1
7958,16
7959,16
7960,16
7961,16
7962,16
7963,16
7964,16
7965,16
7966,16
7967,16
7968,14
7969,1
7970,16
7971,16
7972,16
7973,16
7974,0
7975,16
7976,16
7977,16
7978,16
7979,0
7980,16
7981,16
7982,16
7983,16
7984,16
7985,0
7986,8
7987,16
7988,16
7989,16
7990,17
7991,17
7992,17
7993,17
7994,17
7995,0
7996,16
7997,8
7998,16
7999,0
8000,16
8001,16
8002,16
8003,16
8004,16
8005,16
8006,16
8007,16
8008,16
8009,0
8010,0
8011,14
8012,9
8013,9
8014,9
8015,9
8016,9
8017,9
8018,9
8019,9
8020,9
8021,9
8022,9
8023,9
8024,9
8025,9
8026,9
8027,1
8028,9
8029,9
8030,9
8031,9
8032,9
8033,9
8034,1
8035,1
8036,9
8037,9
8038,9
8039,9
8040,9
8041,9
8042,9
8043,9
8044,9
8045,9
8046,9
8047,9
8048,9
8049,9
8050,9
8051,9
8052,9
8053,9
8054,9
8055,9
8056,9
8057,2
8058,9
8059,9
8060,9
8061,9
8062,9
8063,9
8064,9
8065,9
8066,9
8067,2
8068,2
8069,2
8070,9
8071,9
8072,6
8073,2
8074,9
8075,2
8076,9
8077,9
8078,9
8079,0
8080,9
8081,16
8082,16
8083,2
8084,2
8085,9
8086,2
8087,2
8088,2
8089,9
8090,9
8091,9
8092,2
8093,2
8094,9
8095,9
8096,9
8097,9
8098,7
8099,7
8100,7
8101,9
8102,9
8103,9
8104,9
8105,2
8106,2
8107,2
8108,2
8109,2
8110,2
8111,2
8112,2
8113,2
8114,2
8115,2
8116,2
8117,2
8118,2
8119,2
8120,2
8121,2
8122,2
8123,2
8124,2
8125,2
8126,2
8127,2
8128,2
8129,17
8130,9
8131,2
8132,2
8133,2
8134,2
8135,2
8136,17
8137,17
8138,2
8139,2
8140,2
8141,2
8142,2
8143,2
8144,2
8145,17
8146,17
8147,17
8148,17
8149,17
8150,6
8151,9
8152,9
8153,9
8154,17
8155,17
8156,17
8157,2
8158,2
8159,2
8160,2
8161,9
8162,9
8163,9
8164,9
8165,21
8166,21
8167,21
8168,2
8169,21
8170,21
8171,21
8172,21
8173,21
8174,21
8175,21
8176,2
8177,9
8178,2
8179,2
8180,2
8181,2
8182,2
8183,9
8184,11
8185,11
8186,11
8187,11
8188,11
8189,11
8190,6
8191,6
8192,6
8193,6
8194,6
8195,6
8196,6
8197,6
8198,6
8199,6
8200,6
8201,2
8202,21
8203,6
8204,6
8205,6
8206,6
8207,3
8208,3
8209,3
8210,3
8211,13
8212,13
8213,0
8214,1
8215,0
8216,0
8217,13
8218,21
8219,0
8220,0
8221,0
8222,0
8223,21
8224,17
8225,0
8226,21
8227,13
8228,0
8229,0
8230,0
8231,0
8232,0
8233,16
8234,0
8235,0
8236,0
8237,0
8238,0
8239,0
8240,21
8241,17
8242,17
8243,17
8244,17
8245,17
8246,21
8247,0
8248,17
8249,17
8250,16
8251,16
8252,17
8253,17
8254,11
8255,9
8256,11
8257,17
8258,17
8259,11
8260,6
8261,5
8262,8
8263,21
8264,21
8265,21
8266,8
8267,21
8268,21
8269,21
8270,21
8271,21
8272,21
8273,6
8274,17
8275,17
8276,21
8277,21
8278,6
8279,6
8280,6
8281,16
8282,16
8283,6
8284,6
8285,6
8286,6
8287,6
8288,6
8289,6
8290,6
8291,6
8292,21
8293,6
8294,2
8295,3
8296,9
8297,9
8298,9
8299,6
8300,6
8301,6
8302,6
8303,6
8304,6
8305,6
8306,6
8307,6
8308,6
8309,6
8310,6
8311,6
8312,6
8313,6
8314,6
8315,6
8316,11
8317,11
8318,11
8319,11
8320,11
8321,11
8322,11
8323,11
8324,1
8325,2
8326,2
8327,2
8328,2
8329,16
8330,17
8331,17
8332,17
8333,17
8334,17
8335,17
8336,17
8337,17
8338,17
8339,2
8340,15
8341,15
8342,15
8343,15
8344,15
8345,15
8346,15
8347,15
8348,15
8349,15
8350,10
8351,9
8352,1
8353,1
8354,15
8355,15
8356,15
8357,15
8358,15
8359,15
8360,10
8361,10
8362,10
8363,10
8364,10
8365,15
8366,15
8367,15
8368,15
8369,15
8370,15
8371,15
8372,15
8373,15
8374,1
8375,1
8376,1
8377,1
8378,1
8379,1
8380,14
8381,1
8382,1
8383,1
8384,1
8385,4
8386,15
8387,15
8388,15
8389,15
8390,15
8391,15
8392,15
8393,9
8394,15
8395,15
8396,10
8397,15
8398,15
8399,15
8400,15
8401,15
8402,15
8403,15
8404,15
8405,10
8406,10
8407,10
8408,3
8409,10
8410,15
8411,15
8412,1
8413,1
8414,1
8415,1
8416,1
8417,1
8418,1
8419,8
8420,1
8421,1
8422,1
8423,1
8424,17
8425,17
8426,17
8427,8
8428,8
8429,8
8430,8
8431,8
8432,8
8433,8
8434,8
8435,8
8436,8
8437,8
8438,21
8439,16
8440,16
8441,16
8442,16
8443,16
8444,16
8445,16
8446,16
8447,16
8448,16
8449,16
8450,16
8451,16
8452,16
8453,16
8454,16
8455,14
8456,9
8457,14
8458,14
8459,14
8460,4
8461,3
8462,9
8463,9
8464,9
8465,9
8466,7
8467,3
8468,3
8469,3
8470,3
8471,3
8472,9
8473,9
8474,9
8475,10
8476,1
8477,1
8478,1
8479,1
8480,1
8481,1
8482,1
8483,21
8484,1
8485,1
8486,1
8487,16
8488,1
8489,1
8490,1
8491,13
8492,1
8493,1
8494,21
8495,1
8496,21
8497,21
8498,14
8499,14
8500,14
8501,14
8502,1
8503,1
8504,1
8505,1
8506,21
8507,21
8508,21
8509,21
8510,21
8511,21
8512,21
8513,21
8514,21
8515,21
8516,21
8517,21
8518,21
8519,22
8520,22
8521,14
8522,21
8523,21
8524,0
8525,0
8526,0
8527,0
8528,16
8529,21
8530,13
8531,0
8532,0
8533,22
8534,14
8535,14
8536,22
8537,21
8538,8
8539,8
8540,8
8541,8
8542,8
8543,11
8544,7
8545,7
8546,7
8547,7
8548,7
8549,7
8550,7
8551,16
8552,21
8553,17
8554,8
8555,9
8556,9
8557,9
8558,9
8559,9
8560,9
8561,9
8562,17
8563,17
8564,17
8565,17
8566,17
8567,17
8568,17
8569,17
8570,0
8571,17
8572,17
8573,17
8574,17
8575,17
8576,17
8577,17
8578,17
8579,17
8580,17
8581,17
8582,12
8583,12
8584,12
8585,12
8586,12
8587,6
8588,22
8589,21
8590,21
8591,21
8592,21
8593,21
8594,21
8595,8
8596,21
8597,21
8598,17
8599,16
8600,16
8601,16
8602,1
8603,14
8604,14
8605,14
8606,14
8607,14
8608,14
8609,17
8610,14
8611,8
8612,14
8613,14
8614,14
8615,14
8616,8
8617,14
8618,14
8619,14
8620,14
8621,17
8622,17
8623,17
8624,17
8625,6
8626,20
8627,20
8628,16
8629,6
8630,6
8631,8
8632,8
8633,8
8634,20
8635,19
8636,4
8637,4
8638,7
8639,22
8640,2
8641,5
8642,5
8643,2
8644,6
8645,17
8646,2
8647,2
8648,2
8649,6
8650,3
8651,3
8652,3
8653,11
8654,11
8655,11
8656,17
8657,17
8658,17
8659,17
8660,17
8661,17
8662,17
8663,8
8664,17
8665,8
8666,17
8667,16
8668,6
8669,17
8670,16
8671,17
8672,17
8673,17
8674,16
8675,16
8676,16
8677,16
8678,16
8679,16
8680,16
8681,16
8682,16
8683,16
8684,16
8685,16
8686,16
8687,16
8688,16
8689,16
8690,16
8691,16
8692,16
8693,16
8694,16
8695,16
8696,16
8697,16
8698,16
8699,16
8700,16
8701,16
8702,16
8703,16
8704,16
8705,16
8706,16
8707,16
8708,16
8709,16
8710,16
8711,16
8712,16
8713,16
8714,16
8715,16
8716,16
8717,16
8718,16
8719,16
8720,16
8721,16
8722,16
8723,16
8724,16
8725,16
8726,0
8727,16
8728,16
8729,16
8730,16
8731,16
8732,16
8733,16
8734,16
8735,7
8736,17
8737,10
8738,17
8739,17
8740,16
8741,5
8742,5
8743,5
8744,5
8745,5
8746,5
8747,5
8748,5
8749,5
8750,5
8751,5
8752,5
8753,5
8754,5
8755,5
8756,5
8757,5
8758,5
8759,5
8760,5
8761,5
8762,5
8763,5
8764,5
8765,5
8766,5
8767,5
8768,5
8769,5
8770,5
8771,2
8772,2
8773,2
8774,2
8775,0
8776,0
8777,0
8778,0
8779,0
8780,21
8781,21
8782,7
8783,13
8784,13
8785,0
8786,0
8787,0
8788,0
8789,0
8790,0
8791,13
8792,13
8793,1
8794,16
8795,14
8796,14
8797,0
8798,16
8799,16
8800,21
8801,21
8802,16
8803,16
8804,16
8805,16
8806,16
8807,16
8808,17
8809,1
8810,1
8811,5
8812,5
8813,5
8814,5
8815,5
8816,5
8817,16
8818,0
8819,0
8820,0
8821,0
8822,13
8823,13
8824,13
8825,13
8826,13
8827,13
8828,13
8829,13
8830,1
8831,13
8832,13
8833,13
8834,13
8835,13
8836,2
8837,13
8838,13
8839,13
8840,8
8841,22
8842,13
8843,2
8844,13
8845,13
8846,15
8847,15
8848,15
8849,15
8850,15
8851,15
8852,15
8853,15
8854,9
8855,15
8856,15
8857,15
8858,15
8859,15
8860,5
8861,5
8862,5
8863,5
8864,5
8865,5
8866,16
8867,16
8868,22
8869,22
8870,7
8871,7
8872,7
8873,7
8874,7
8875,2
8876,2
8877,7
8878,2
8879,7
8880,7
8881,7
8882,7
8883,11
8884,11
8885,11
8886,11
8887,11
8888,11
8889,11
8890,11
8891,3
8892,7
8893,3
8894,3
8895,3
8896,3
8897,3
8898,11
8899,11
8900,11
8901,11
8902,3
8903,10
8904,15
8905,15
8906,4
8907,4
8908,4
8909,4
8910,4
8911,10
8912,4
8913,9
8914,9
8915,9
8916,7
8917,15
8918,7
8919,10
8920,9
8921,6
8922,7
8923,7
8924,7
8925,21
8926,16
8927,7
8928,7
8929,0
8930,9
8931,8
8932,8
8933,8
8934,8
8935,8
8936,8
8937,13
8938,4
8939,1
8940,16
8941,16
8942,16
8943,16
8944,16
8945,16
8946,16
8947,16
8948,16
8949,16
8950,8
8951,16
8952,17
8953,16
8954,16
8955,16
8956,16
8957,16
8958,16
8959,16
8960,16
8961,16
8962,16
8963,16
8964,16
8965,2
8966,16
8967,8
8968,8
8969,0
8970,21
8971,0
8972,0
8973,0
8974,0
8975,0
8976,0
8977,0
8978,13
8979,5
8980,2
8981,6
8982,21
8983,21
8984,21
8985,10
8986,10
8987,10
8988,10
8989,9
8990,22
8991,22
8992,22
8993,22
8994,22
8995,22
8996,17
8997,17
8998,18
8999,17
9000,17
9001,16
9002,2
9003,8
9004,2
9005,2
9006,17
9007,21
9008,9
9009,2
9010,17
9011,2
9012,2
9013,2
9014,8
9015,8
9016,6
9017,16
9018,16
9019,16
9020,9
9021,3
9022,9
9023,9
9024,14
9025,14
9026,14
9027,0
9028,0
9029,13
9030,2
9031,2
9032,17
9033,17
9034,10
9035,10
9036,0
9037,17
9038,0
9039,17
9040,17
9041,17
9042,17
9043,17
9044,17
9045,17
9046,17
9047,17
9048,17
9049,17
9050,17
9051,17
9052,17
9053,17
9054,17
9055,16
9056,16
9057,16
9058,21
9059,16
9060,16
9061,16
9062,16
9063,0
9064,2
9065,16
9066,16
9067,16
9068,16
9069,17
9070,17
9071,17
9072,17
9073,17
9074,0
9075,0
9076,0
9077,16
9078,0
9079,0
9080,9
9081,9
9082,21
9083,21
9084,0
9085,5
9086,5
9087,5
9088,2
9089,16
9090,16
9091,16
9092,1
9093,1
9094,16
9095,13
9096,16
9097,16
9098,16
9099,16
9100,16
9101,16
9102,16
9103,16
9104,16
9105,16
9106,16
9107,16
9108,16
9109,16
9110,2
9111,2
9112,16
9113,17
9114,17
9115,17
9116,17
9117,1
9118,21
9119,21
9120,1
9121,5
9122,5
9123,0
9124,0
9125,0
9126,0
9127,8
9128,0
9129,21
9130,21
9131,21
9132,21
9133,6
9134,6
9135,21
9136,21
9137,21
9138,13
9139,0
9140,5
9141,5
9142,0
9143,0
9144,0
9145,7
9146,0
9147,21
9148,17
9149,17
9150,17
9151,17
9152,16
9153,16
9154,16
9155,5
9156,5
9157,6
9158,6
9159,6
9160,6
9161,6
9162,6
9163,9
9164,9
9165,5
9166,5
9167,19
9168,19
9169,8
9170,3
9171,1
9172,17
9173,17
9174,17
9175,6
9176,6
9177,6
9178,22
9179,6
9180,6
9181,6
9182,6
9183,6
9184,6
9185,16
9186,16
9187,16
9188,6
9189,6
9190,17
9191,6
9192,6
9193,9
9194,9
9195,9
9196,3
9197,9
9198,19
9199,19
9200,19
9201,19
9202,7
9203,7
9204,8
9205,4
9206,4
9207,4
9208,4
9209,4
9210,16
9211,16
9212,16
9213,14
9214,1
9215,9
9216,1
9217,9
9218,9
9219,9
9220,9
9221,9
9222,9
9223,9
9224,9
9225,9
9226,9
9227,9
9228,9
9229,9
9230,9
9231,9
9232,9
9233,9
9234,9
9235,9
9236,9
9237,21
9238,21
9239,21
9240,21
9241,21
9242,13
9243,21
9244,21
9245,1
9246,1
9247,1
9248,1
9249,1
9250,1
9251,1
9252,16
9253,21
9254,1
9255,1
9256,4
9257,22
9258,22
9259,8
9260,14
9261,14
9262,7
9263,22
9264,22
9265,3
9266,16
9267,4
9268,1
9269,1
9270,1
9271,19
9272,19
9273,7
9274,14
9275,8
9276,19
9277,1
9278,7
9279,7
9280,7
9281,7
9282,7
9283,7
9284,7
9285,7
9286,7
9287,7
9288,7
9289,7
9290,7
9291,3
9292,7
9293,7
9294,14
9295,8
9296,8
9297,8
9298,8
9299,14
9300,14
9301,14
9302,14
9303,7
9304,7
9305,8
9306,8
9307,7
9308,7
9309,7
9310,7
9311,7
9312,7
9313,7
9314,7
9315,7
9316,7
9317,7
9318,7
9319,7
9320,7
9321,7
9322,7
9323,7
9324,7
9325,7
9326,7
9327,7
9328,7
9329,7
9330,7
9331,7
9332,7
9333,7
9334,7
9335,7
9336,7
9337,7
9338,7
9339,7
9340,3
9341,7
9342,7
9343,7
9344,7
9345,7
9346,7
9347,7
9348,7
9349,7
9350,7
9351,4
9352,7
9353,7
9354,7
9355,7
9356,7
9357,7
9358,7
9359,7
9360,7
9361,7
9362,7
9363,7
9364,7
9365,7
9366,7
9367,7
9368,19
9369,7
9370,7
9371,7
9372,7
9373,7
9374,7
9375,7
9376,16
9377,7
9378,7
9379,7
9380,7
9381,7
9382,7
9383,7
9384,7
9385,7
9386,7
9387,7
9388,7
9389,7
9390,7
9391,7
9392,7
9393,7
9394,2
9395,14
9396,16
9397,7
9398,1
9399,1
9400,1
9401,3
9402,3
9403,3
9404,10
9405,1
9406,1
9407,9
9408,9
9409,9
9410,9
9411,9
9412,8
9413,8
9414,17
9415,17
9416,17
9417,17
9418,8
9419,17
9420,7
9421,21
9422,1
9423,10
9424,2
9425,7
9426,7
9427,8
9428,10
9429,10
9430,8
9431,8
9432,21
9433,1
9434,11
9435,1
9436,11
9437,17
9438,22
9439,9
9440,8
9441,14
9442,9
9443,2
9444,9
9445,9
9446,9
9447,9
9448,9
9449,6
9450,2
9451,2
9452,2
9453,4
9454,4
9455,4
9456,0
9457,0
9458,0
9459,7
9460,8
9461,6
9462,16
9463,15
9464,17
9465,9
9466,0
9467,22
9468,22
9469,22
9470,0
9471,7
9472,7
9473,7
9474,7
9475,7
9476,7
9477,7
9478,17
9479,9
9480,16
9481,22
9482,22
9483,0
9484,17
9485,17
9486,17
9487,9
9488,7
9489,8
9490,22
9491,14
9492,17
9493,6
9494,3
9495,10
9496,3
9497,9
9498,9
9499,9
9500,9
9501,9
9502,9
9503,15
9504,15
9505,21
9506,8
9507,8
9508,8
9509,1
9510,7
9511,7
9512,7
9513,7
9514,7
9515,7
9516,7
9517,7
9518,7
9519,7
9520,7
9521,7
9522,7
9523,7
9524,7
9525,7
9526,7
9527,7
9528,17
9529,7
9530,7
9531,10
9532,7
9533,7
9534,15
9535,7
9536,7
9537,7
9538,7
9539,7
9540,13
9541,15
9542,7
9543,7
9544,7
9545,7
9546,20
9547,7
9548,7
9549,7
9550,7
9551,7
9552,7
9553,7
9554,7
9555,7
9556,7
9557,7
9558,4
9559,14
9560,7
9561,4
9562,5
9563,17
9564,16
9565,16
9566,17
9567,17
9568,17
9569,0
9570,9
9571,7
9572,7
9573,7
9574,7
9575,7
9576,7
9577,7
9578,7
9579,17
9580,17
9581,17
9582,17
9583,0
9584,16
9585,16
9586,16
9587,7
9588,7
9589,7
9590,7
9591,0
9592,7
9593,6
9594,6
9595,6
9596,17
9597,15
9598,15
9599,15
9600,15
9601,15
9602,15
9603,15
9604,15
9605,15
9606,15
9607,7
9608,15
9609,1
9610,17
9611,17
9612,8
9613,8
9614,21
9615,21
9616,1
9617,6
9618,6
9619,6
9620,6
9621,6
9622,6
9623,9
9624,22
9625,1
9626,1
9627,1
9628,1
9629,8
9630,8
9631,8
9632,17
9633,3
9634,3
9635,3
9636,1
9637,17
9638,17
9639,1
9640,1
9641,17
9642,17
9643,17
9644,14
9645,21
9646,22
9647,8
9648,21
9649,21
9650,8
9651,2
9652,16
9653,17
9654,17
9655,6
9656,6
9657,6
9658,6
9659,17
9660,14
9661,1
9662,19
9663,19
9664,19
9665,19
9666,8
9667,8
9668,22
9669,17
9670,17
9671,17
9672,17
9673,2
9674,2
9675,2
9676,0
9677,0
9678,2
9679,2
9680,2
9681,2
9682,7
9683,7
9684,7
9685,7
9686,22
9687,21
9688,19
9689,4
9690,7
9691,15
9692,15
9693,7
9694,7
9695,8
9696,8
9697,8
9698,8
9699,8
9700,8
9701,8
9702,8
9703,16
9704,0
9705,9
9706,9
9707,9
9708,2
9709,2
9710,2
9711,0
9712,3
9713,17
9714,8
9715,14
9716,14
9717,3
9718,3
9719,3
9720,3
9721,10
9722,10
9723,10
9724,8
9725,8
9726,17
9727,17
9728,16
9729,16
9730,15
9731,15
9732,15
9733,7
9734,7
9735,13
9736,16
9737,16
9738,0
9739,0
9740,7
9741,13
9742,6
9743,3
9744,3
9745,3
9746,3
9747,3
9748,3
9749,3
9750,3
9751,3
9752,3
9753,3
9754,15
9755,3
9756,3
9757,15
9758,15
9759,3
9760,3
9761,17
9762,17
9763,19
9764,19
9765,19
9766,19
9767,21
9768,21
9769,1
9770,17
9771,8
9772,3
9773,9
9774,3
9775,3
9776,0
9777,13
9778,2
9779,22
9780,16
9781,16
9782,7
9783,7
9784,15
9785,15
9786,19
9787,19
9788,7
9789,7
9790,7
9791,7
9792,7
9793,16
9794,16
9795,16
9796,16
9797,16
9798,16
9799,0
9800,8
9801,16
9802,6
9803,6
9804,22
9805,21
9806,21
9807,2
9808,2
9809,2
9810,2
9811,2
9812,0
9813,7
9814,7
9815,9
9816,7
9817,7
9818,7
9819,7
9820,7
9821,7
9822,7
9823,7
9824,6
9825,6
9826,6
9827,8
9828,8
9829,21
9830,21
9831,8
9832,1
9833,21
9834,8
9835,17
9836,8
9837,8
9838,8
9839,8
9840,8
9841,2
9842,9
9843,9
9844,0
9845,8
9846,17
9847,17
9848,21
9849,1
9850,7
9851,3
9852,8
9853,8
9854,8
9855,6
9856,17
9857,1
9858,1
9859,1
9860,17
9861,17
9862,17
9863,17
9864,17
9865,17
9866,17
9867,17
9868,17
9869,10
9870,10
9871,15
9872,15
9873,9
9874,1
9875,16
9876,8
9877,8
9878,8
9879,14
9880,9
9881,9
9882,9
9883,9
9884,1
9885,19
9886,6
9887,6
9888,6
9889,1
9890,14
9891,14
9892,14
9893,0
9894,14
9895,14
9896,14
9897,7
9898,7
9899,9
9900,9
9901,11
9902,11
9903,11
9904,11
9905,11
9906,11
9907,11
9908,11
9909,11
9910,11
9911,11
9912,11
9913,11
9914,11
9915,10
9916,19
9917,19
9918,10
9919,17
9920,17
9921,17
9922,17
9923,17
9924,17
9925,17
9926,3
9927,9
9928,6
9929,7
9930,7
9931,7
9932,7
9933,16
9934,16
9935,9
9936,9
9937,1
9938,1
9939,1
9940,1
9941,10
9942,4
9943,8
9944,9
9945,16
9946,16
9947,0
9948,1
9949,22
9950,9
9951,9
9952,9
9953,9
9954,9
9955,15
9956,15
9957,22
9958,22
9959,22
9960,22
9961,22
9962,22
9963,6
9964,6
9965,6
9966,22
9967,22
9968,22
9969,1
9970,14
9971,21
9972,6
9973,6
9974,6
9975,6
9976,16
9977,9
9978,0
9979,0
9980,2
9981,2
9982,9
9983,7
9984,6
9985,6
9986,17
9987,17
9988,17
9989,17
9990,2
9991,2
9992,2
9993,2
9994,2
9995,7
9996,7
9997,7
9998,7
9999,7
10000,7
10001,14
10002,21
10003,21
10004,21
10005,21
10006,15
10007,15
10008,15
10009,11
10010,11
10011,11
10012,11
10013,11
10014,11
10015,11
10016,11
10017,2
10018,2
10019,2
10020,16
10021,8
10022,0
10023,0
10024,0
10025,0
10026,0
10027,6
10028,6
10029,6
10030,6
10031,8
10032,6
10033,6
10034,6
10035,6
10036,6
10037,6
10038,9
10039,10
10040,17
10041,17
10042,22
10043,22
10044,1
10045,3
10046,3
10047,1
10048,1
10049,1
10050,1
10051,8
10052,8
10053,8
10054,17
10055,16
10056,16
10057,16
10058,6
10059,6
10060,6
10061,8
10062,2
10063,2
10064,16
10065,16
10066,8
10067,11
10068,17
10069,0
10070,14
10071,14
10072,14
10073,8
10074,6
10075,6
10076,6
10077,17
10078,8
10079,8
10080,10
10081,4
10082,4
10083,14
10084,14
10085,14
10086,18
10087,18
10088,5
10089,5
10090,10
10091,10
10092,15
10093,15
10094,15
10095,17
10096,10
10097,16
10098,16
10099,17
10100,9
10101,11
10102,11
10103,11
10104,11
10105,7
10106,7
10107,17
10108,7
10109,16
10110,22
10111,22
10112,0
10113,0
10114,0
10115,2
10116,2
10117,9
10118,22
10119,22
10120,16
10121,6
10122,6
10123,0
10124,0
10125,0
10126,0
10127,0
10128,0
10129,0
10130,7
10131,16
10132,5
10133,5
10134,21
10135,21
10136,21
10137,4
10138,4
10139,4
10140,4
10141,0
10142,2
10143,9
10144,5
10145,5
10146,1
10147,17
10148,17
10149,17
10150,16
10151,16
10152,16
10153,16
10154,16
10155,9
10156,13
10157,13
10158,8
10159,16
10160,16
10161,16
10162,16
10163,16
10164,16
10165,16
10166,16
10167,16
10168,16
10169,16
10170,16
10171,16
10172,16
10173,16
10174,16
10175,16
10176,16
10177,16
10178,16
10179,16
10180,16
10181,17
10182,17
10183,16
10184,2
10185,2
10186,1
10187,6
10188,17
10189,17
10190,17
10191,16
10192,6
10193,0
10194,0
10195,1
10196,5
10197,14
10198,20
10199,8
10200,11
10201,2
10202,0
10203,0
10204,3
10205,17
10206,9
10207,14
10208,14
10209,9
10210,17
10211,16
10212,9
10213,9
10214,7
10215,8
10216,16
10217,16
10218,13
10219,10
10220,7
10221,21
10222,16
10223,15
10224,15
10225,15
10226,15
10227,10
10228,9
10229,0
10230,1
10231,1
10232,8
10233,17
10234,17
10235,17
10236,1
10237,1
10238,7
10239,7
10240,7
10241,11
10242,11
10243,11
10244,11
10245,11
10246,17
10247,0
10248,2
10249,17
10250,22
10251,22
10252,22
10253,10
10254,0
10255,0
10256,7
10257,7
10258,5
10259,5
10260,5
10261,5
10262,5
10263,6
10264,9
10265,9
10266,9
10267,17
10268,1
10269,1
10270,7
10271,9
10272,0
10273,16
10274,0
10275,17
10276,17
10277,8
10278,13
10279,20
10280,0
10281,0
10282,0
10283,0
10284,0
10285,0
10286,8
10287,13
10288,7
10289,21
10290,16
10291,16
10292,16
10293,16
10294,16
10295,5
10296,5
10297,5
10298,3
10299,16
10300,16
10301,19
10302,19
10303,10
10304,0
10305,0
10306,0
10307,0
10308,0
10309,3
10310,14
10311,14
10312,3
10313,22
10314,22
10315,4
10316,4
10317,0
10318,1
10319,1
10320,0
10321,11
10322,10
10323,10
10324,0
10325,13
10326,13
10327,10
10328,10
10329,13
10330,9
10331,1
10332,9
10333,9
10334,9
10335,11
10336,11
10337,9
10338,9
10339,9
10340,9
10341,1
10342,1
10343,7
10344,2
10345,0
10346,0
10347,15
10348,5
10349,5
10350,17
10351,0
10352,0
10353,0
10354,0
10355,0
10356,8
10357,7
10358,7
10359,11
10360,14
10361,14
10362,8
10363,15
10364,1
10365,11
10366,11
10367,11
10368,0
10369,15
10370,16
10371,21
10372,0
10373,1
10374,10
10375,10
10376,14
10377,3
10378,11
10379,6
10380,6
10381,10
10382,22
10383,9
10384,0
10385,15
10386,2
10387,2
10388,2
10389,6
10390,6
10391,6
10392,6
10393,6
10394,1
10395,1
10396,1
10397,0
10398,0
10399,6
10400,14
10401,2
10402,2
10403,2
10404,21
10405,21
10406,0
10407,0
10408,0
10409,0
10410,8
10411,17
10412,4
10413,4
10414,4
10415,4
10416,4
10417,4
10418,0
10419,6
10420,6
10421,17
10422,7
10423,6
10424,3
10425,8
10426,8
10427,2
10428,0
10429,14
10430,2
10431,2
10432,2
10433,2
10434,2
10435,15
10436,15
10437,19
10438,19
10439,19
10440,14
10441,8
10442,10
10443,7
10444,7
10445,1
10446,0
10447,0
10448,0
10449,16
10450,14
10451,20
10452,17
10453,6
10454,6
10455,9
10456,17
10457,5
10458,1
10459,20
10460,20
10461,11
10462,13
10463,16
10464,22
10465,2
10466,16
10467,16
10468,22
10469,14
10470,14
10471,3
10472,3
10473,16
10474,1
10475,0
10476,7
10477,17
10478,1
10479,1
10480,1
10481,14
10482,14
10483,8
10484,1
10485,21
10486,6
10487,6
10488,0
10489,13
10490,5
10491,11
10492,11
10493,11
10494,8
10495,1
10496,11
10497,1
10498,7
10499,1
10500,16
10501,19
10502,17
10503,16
10504,16
10505,16
10506,9
10507,9
10508,2
10509,3
10510,17
10511,16
10512,6
10513,6
10514,8
10515,16
10516,20
10517,17
10518,6
10519,11
10520,7
10521,8
10522,3
10523,22
10524,10
10525,10
10526,14
10527,17
10528,16
10529,16
10530,2
10531,9
10532,17
10533,21
10534,2
10535,19
10536,11
10537,4
10538,15
10539,15
10540,13
10541,14
10542,14
10543,2
10544,7
10545,14
10546,7
10547,11
10548,6
10549,2
10550,15
10551,15
10552,7
10553,2
10554,9
10555,13
10556,16
10557,6
10558,16
10559,14
10560,9
10561,10
10562,13
10563,13
10564,16
10565,0
10566,14
10567,2
10568,2
10569,5
10570,7
10571,7
10572,21
10573,1
10574,16
10575,10
10576,16
10577,15
10578,17
10579,14
10580,17
10581,7
10582,9
10583,0
10584,17
