node,community
0,9
1,9
2,9
3,22
4,3
5,9
6,9
7,9
8,22
9,9
10,9
11,9
12,9
13,9
14,9
15,9
16,9
17,24
18,24
19,24
20,24
21,24
22,24
23,24
24,24
25,20
26,24
27,24
28,24
29,1
30,1
31,24
32,24
33,24
34,24
35,24
36,24
37,24
38,24
39,24
40,24
41,24
42,24
43,24
44,8
45,24
46,24
47,24
48,20
49,24
50,24
51,24
52,24
53,24
54,24
55,24
56,24
57,24
58,24
59,24
60,3
61,24
62,24
63,24
64,24
65,24
66,24
67,15
68,20
69,24
70,3
71,8
72,24
73,24
74,24
75,24
76,24
77,24
78,24
79,20
80,24
81,24
82,24
83,24
84,24
85,24
86,24
87,4
88,24
89,24
90,8
91,24
92,24
93,24
94,20
95,20
96,4
97,20
98,20
99,20
100,15
101,24
102,24
103,24
104,24
105,24
106,24
107,24
108,8
109,8
110,9
111,24
112,24
113,26
114,17
115,17
116,16
117,24
118,24
119,24
120,15
121,8
122,16
123,24
124,23
125,16
126,9
127,16
128,9
129,8
130,15
131,24
132,24
133,8
134,9
135,3
136,24
137,24
138,24
139,24
140,24
141,24
142,24
143,24
144,24
145,9
146,24
147,6
148,6
149,6
150,1
151,3
152,3
153,1
154,24
155,24
156,24
157,24
158,24
159,24
160,24
161,24
162,24
163,9
164,9
165,24
166,24
167,24
168,24
169,24
170,24
171,24
172,24
173,24
174,24
175,17
176,24
177,24
178,1
179,1
180,6
181,1
182,1
183,1
184,1
185,1
186,6
187,1
188,1
189,1
190,1
191,1
192,1
193,1
194,1
195,1
196,1
197,1
198,1
199,1
200,1
201,1
202,1
203,1
204,1
205,1
206,23
207,3
208,3
209,3
210,3
211,3
212,3
213,3
214,3
215,3
216,2
217,3
218,3
219,3
220,3
221,3
222,3
223,3
224,3
225,3
226,3
227,3
228,3
229,3
230,3
231,3
232,3
233,14
234,2
235,3
236,3
237,3
238,3
239,3
240,3
241,3
242,3
243,3
244,3
245,3
246,2
247,3
248,2
249,3
250,3
251,3
252,24
253,3
254,1
255,1
256,24
257,1
258,1
259,1
260,24
261,24
262,24
263,24
264,24
265,24
266,24
267,24
268,9
269,24
270,9
271,24
272,1
273,24
274,24
275,24
276,24
277,24
278,24
279,8
280,24
281,24
282,24
283,24
284,24
285,24
286,24
287,24
288,24
289,24
290,24
291,24
292,24
293,24
294,24
295,24
296,24
297,24
298,24
299,24
300,24
301,24
302,24
303,24
304,24
305,8
306,24
307,24
308,20
309,24
310,20
311,24
312,24
313,9
314,24
315,3
316,3
317,24
318,24
319,24
320,3
321,24
322,24
323,24
324,1
325,1
326,1
327,1
328,1
329,1
330,1
331,4
332,24
333,24
334,24
335,24
336,24
337,20
338,21
339,24
340,24
341,14
342,24
343,14
344,24
345,24
346,24
347,24
348,24
349,24
350,24
351,24
352,15
353,24
354,8
355,8
356,24
357,24
358,24
359,24
360,9
361,24
362,24
363,24
364,24
365,24
366,24
367,24
368,24
369,24
370,24
371,24
372,1
373,1
374,24
375,24
376,24
377,24
378,24
379,2
380,24
381,24
382,24
383,2
384,2
385,24
386,24
387,6
388,24
389,24
390,24
391,24
392,24
393,24
394,24
395,24
396,24
397,24
398,24
399,24
400,3
401,3
402,3
403,3
404,3
405,24
406,24
407,24
408,24
409,24
410,24
411,8
412,24
413,24
414,24
415,24
416,24
417,24
418,24
419,24
420,24
421,24
422,24
423,24
424,24
425,24
426,24
427,24
428,24
429,24
430,24
431,15
432,24
433,24
434,24
435,3
436,24
437,24
438,24
439,24
440,24
441,24
442,24
443,24
444,15
445,3
446,8
447,8
448,16
449,16
450,24
451,24
452,24
453,24
454,24
455,3
456,24
457,9
458,24
459,24
460,24
461,24
462,24
463,24
464,24
465,24
466,8
467,24
468,24
469,24
470,3
471,24
472,15
473,24
474,3
475,15
476,24
477,24
478,24
479,5
480,24
481,24
482,24
483,15
484,15
485,24
486,24
487,1
488,24
489,1
490,24
491,20
492,24
493,15
494,24
495,15
496,1
497,4
498,1
499,1
500,1
501,15
502,1
503,1
504,1
505,1
506,1
507,1
508,1
509,24
510,24
511,24
512,26
513,24
514,2
515,2
516,24
517,24
518,2
519,3
520,4
521,2
522,3
523,2
524,24
525,3
526,24
527,3
528,3
529,24
530,1
531,1
532,1
533,1
534,1
535,24
536,15
537,1
538,15
539,1
540,1
541,9
542,24
543,1
544,3
545,24
546,24
547,1
548,1
549,1
550,3
551,24
552,24
553,3
554,15
555,3
556,15
557,15
558,24
559,3
560,24
561,17
562,15
563,15
564,15
565,3
566,3
567,15
568,24
569,22
570,24
571,24
572,3
573,3
574,24
575,3
576,24
577,24
578,3
579,24
580,24
581,4
582,4
583,4
584,3
585,3
586,24
587,4
588,3
589,24
590,24
591,2
592,4
593,2
594,4
595,24
596,24
597,24
598,2
599,24
600,24
601,24
602,4
603,2
604,1
605,2
606,3
607,26
608,24
609,2
610,24
611,24
612,24
613,22
614,4
615,4
616,3
617,3
618,4
619,4
620,24
621,2
622,2
623,2
624,2
625,2
626,2
627,2
628,2
629,2
630,4
631,2
632,2
633,2
634,2
635,2
636,2
637,2
638,2
639,23
640,4
641,2
642,2
643,4
644,2
645,26
646,26
647,26
648,26
649,26
650,26
651,26
652,26
653,26
654,26
655,26
656,26
657,26
658,2
659,26
660,26
661,6
662,1
663,26
664,4
665,26
666,26
667,4
668,26
669,21
670,26
671,26
672,26
673,26
674,19
675,26
676,26
677,26
678,26
679,11
680,26
681,26
682,26
683,26
684,26
685,26
686,26
687,26
688,26
689,26
690,26
691,26
692,19
693,26
694,26
695,2
696,7
697,26
698,6
699,26
700,26
701,26
702,26
703,26
704,26
705,26
706,26
707,7
708,26
709,3
710,26
711,7
712,6
713,26
714,26
715,26
716,7
717,26
718,26
719,26
720,26
721,26
722,26
723,2
724,26
725,26
726,2
727,24
728,2
729,4
730,2
731,2
732,3
733,4
734,2
735,2
736,4
737,24
738,24
739,2
740,2
741,24
742,2
743,3
744,24
745,24
746,24
747,2
748,3
749,3
750,15
751,2
752,3
753,3
754,2
755,3
756,4
757,4
758,15
759,4
760,4
761,4
762,4
763,4
764,4
765,4
766,4
767,4
768,4
769,4
770,7
771,4
772,4
773,4
774,4
775,4
776,1
777,4
778,4
779,4
780,4
781,4
782,7
783,4
784,7
785,7
786,23
787,7
788,7
789,4
790,1
791,4
792,4
793,3
794,7
795,23
796,26
797,7
798,4
799,4
800,4
801,3
802,20
803,4
804,4
805,4
806,2
807,2
808,2
809,2
810,2
811,2
812,2
813,2
814,2
815,2
816,2
817,2
818,2
819,2
820,2
821,2
822,2
823,2
824,2
825,2
826,2
827,2
828,2
829,2
830,2
831,3
832,3
833,2
834,2
835,2
836,2
837,2
838,2
839,2
840,2
841,3
842,3
843,3
844,3
845,3
846,3
847,2
848,3
849,3
850,3
851,3
852,3
853,3
854,3
855,3
856,3
857,3
858,2
859,2
860,2
861,8
862,8
863,3
864,3
865,3
866,2
867,2
868,2
869,2
870,2
871,2
872,2
873,2
874,2
875,8
876,8
877,8
878,8
879,8
880,8
881,8
882,2
883,8
884,2
885,8
886,8
887,8
888,8
889,8
890,8
891,8
892,8
893,22
894,8
895,8
896,22
897,8
898,8
899,3
900,3
901,3
902,3
903,3
904,3
905,3
906,3
907,3
908,3
909,3
910,3
911,3
912,3
913,3
914,3
915,3
916,3
917,3
918,3
919,3
920,3
921,3
922,3
923,3
924,3
925,3
926,3
927,3
928,3
929,3
930,3
931,3
932,3
933,3
934,3
935,3
936,3
937,3
938,3
939,3
940,3
941,3
942,3
943,3
944,3
945,14
946,3
947,3
948,3
949,3
950,3
951,3
952,3
953,3
954,3
955,3
956,4
957,3
958,3
959,3
960,3
961,3
962,3
963,3
964,3
965,3
966,3
967,3
968,3
969,3
970,3
971,3
972,3
973,3
974,3
975,3
976,3
977,3
978,3
979,2
980,3
981,3
982,3
983,3
984,3
985,3
986,3
987,3
988,3
989,3
990,4
991,4
992,4
993,4
994,4
995,4
996,2
997,2
998,1
999,1
1000,4
1001,4
1002,4
1003,4
1004,6
1005,4
1006,4
1007,4
1008,4
1009,4
1010,4
1011,4
1012,4
1013,4
1014,4
1015,4
1016,4
1017,4
1018,4
1019,4
1020,4
1021,4
1022,4
1023,3
1024,4
1025,4
1026,6
1027,4
1028,4
1029,4
1030,4
1031,4
1032,4
1033,4
1034,4
1035,4
1036,3
1037,4
1038,4
1039,4
1040,4
1041,4
1042,4
1043,4
1044,4
1045,2
1046,4
1047,4
1048,2
1049,4
1050,4
1051,3
1052,4
1053,4
1054,4
1055,4
1056,4
1057,4
1058,2
1059,4
1060,4
1061,4
1062,4
1063,19
1064,3
1065,4
1066,4
1067,4
1068,4
1069,4
1070,23
1071,4
1072,4
1073,2
1074,2
1075,2
1076,4
1077,4
1078,4
1079,2
1080,4
1081,4
1082,2
1083,4
1084,2
1085,19
1086,7
1087,4
1088,7
1089,2
1090,2
1091,2
1092,2
1093,2
1094,2
1095,2
1096,2
1097,4
1098,2
1099,4
1100,4
1101,4
1102,4
1103,4
1104,4
1105,4
1106,4
1107,4
1108,4
1109,2
1110,2
1111,4
1112,6
1113,4
1114,2
1115,21
1116,3
1117,4
1118,4
1119,4
1120,4
1121,4
1122,4
1123,3
1124,3
1125,3
1126,3
1127,3
1128,3
1129,3
1130,3
1131,3
1132,3
1133,3
1134,3
1135,3
1136,3
1137,3
1138,3
1139,3
1140,3
1141,3
1142,3
1143,3
1144,3
1145,3
1146,3
1147,3
1148,3
1149,3
1150,3
1151,3
1152,3
1153,3
1154,3
1155,3
1156,3
1157,3
1158,3
1159,3
1160,3
1161,3
1162,3
1163,3
1164,3
1165,3
1166,3
1167,3
1168,3
1169,3
1170,3
1171,3
1172,3
1173,14
1174,4
1175,3
1176,3
1177,3
1178,3
1179,3
1180,3
1181,3
1182,14
1183,3
1184,3
1185,4
1186,3
1187,3
1188,3
1189,3
1190,3
1191,3
1192,4
1193,3
1194,3
1195,3
1196,3
1197,3
1198,3
1199,9
1200,3
1201,3
1202,23
1203,3
1204,14
1205,22
1206,3
1207,3
1208,3
1209,3
1210,6
1211,22
1212,3
1213,3
1214,3
1215,3
1216,3
1217,3
1218,3
1219,3
1220,3
1221,3
1222,3
1223,3
1224,3
1225,3
1226,3
1227,3
1228,3
1229,3
1230,3
1231,3
1232,3
1233,3
1234,3
1235,3
1236,3
1237,3
1238,3
1239,3
1240,3
1241,3
1242,3
1243,3
1244,3
1245,3
1246,3
1247,3
1248,3
1249,3
1250,3
1251,3
1252,3
1253,3
1254,3
1255,3
1256,3
1257,3
1258,3
1259,3
1260,3
1261,3
1262,3
1263,3
1264,3
1265,3
1266,3
1267,3
1268,3
1269,3
1270,3
1271,3
1272,3
1273,3
1274,3
1275,3
1276,3
1277,3
1278,3
1279,3
1280,3
1281,3
1282,3
1283,3
1284,3
1285,3
1286,4
1287,4
1288,4
1289,4
1290,4
1291,3
1292,4
1293,14
1294,2
1295,3
1296,3
1297,3
1298,2
1299,3
1300,3
1301,4
1302,4
1303,4
1304,4
1305,4
1306,4
1307,4
1308,2
1309,2
1310,4
1311,4
1312,4
1313,4
1314,4
1315,4
1316,4
1317,4
1318,4
1319,4
1320,4
1321,4
1322,4
1323,4
1324,4
1325,4
1326,4
1327,4
1328,4
1329,4
1330,4
1331,4
1332,4
1333,4
1334,4
1335,4
1336,4
1337,4
1338,4
1339,4
1340,4
1341,4
1342,4
1343,4
1344,4
1345,4
1346,4
1347,4
1348,4
1349,4
1350,4
1351,4
1352,4
1353,4
1354,4
1355,4
1356,4
1357,4
1358,4
1359,4
1360,4
1361,4
1362,4
1363,4
1364,4
1365,4
1366,4
1367,4
1368,4
1369,4
1370,4
1371,4
1372,4
1373,23
1374,4
1375,4
1376,4
1377,2
1378,4
1379,6
1380,4
1381,4
1382,4
1383,4
1384,4
1385,4
1386,4
1387,4
1388,4
1389,4
1390,1
1391,3
1392,4
1393,4
1394,4
1395,4
1396,11
1397,4
1398,4
1399,4
1400,4
1401,4
1402,4
1403,4
1404,4
1405,4
1406,1
1407,4
1408,4
1409,4
1410,4
1411,4
1412,4
1413,4
1414,4
1415,4
1416,23
1417,4
1418,4
1419,4
1420,4
1421,4
1422,4
1423,4
1424,23
1425,4
1426,4
1427,4
1428,4
1429,4
1430,4
1431,4
1432,4
1433,4
1434,4
1435,4
1436,4
1437,4
1438,4
1439,4
1440,4
1441,4
1442,4
1443,4
1444,4
1445,4
1446,4
1447,4
1448,4
1449,4
1450,4
1451,4
1452,4
1453,4
1454,4
1455,4
1456,4
1457,4
1458,2
1459,24
1460,2
1461,2
1462,2
1463,2
1464,2
1465,2
1466,2
1467,3
1468,21
1469,2
1470,3
1471,2
1472,14
1473,4
1474,1
1475,3
1476,4
1477,20
1478,6
1479,3
1480,2
1481,3
1482,3
1483,1
1484,2
1485,3
1486,2
1487,3
1488,3
1489,3
1490,3
1491,3
1492,3
1493,3
1494,3
1495,3
1496,3
1497,3
1498,3
1499,3
1500,3
1501,8
1502,3
1503,3
1504,6
1505,3
1506,2
1507,3
1508,14
1509,15
1510,15
1511,15
1512,15
1513,15
1514,3
1515,3
1516,3
1517,3
1518,18
1519,3
1520,3
1521,6
1522,15
1523,3
1524,3
1525,3
1526,3
1527,3
1528,3
1529,3
1530,4
1531,3
1532,21
1533,2
1534,3
1535,3
1536,3
1537,3
1538,4
1539,2
1540,3
1541,23
1542,3
1543,3
1544,3
1545,3
1546,3
1547,3
1548,3
1549,3
1550,4
1551,4
1552,4
1553,4
1554,26
1555,4
1556,4
1557,4
1558,3
1559,3
1560,3
1561,3
1562,3
1563,3
1564,3
1565,21
1566,3
1567,3
1568,4
1569,3
1570,15
1571,3
1572,3
1573,3
1574,3
1575,2
1576,2
1577,3
1578,3
1579,7
1580,2
1581,2
1582,3
1583,15
1584,15
1585,15
1586,15
1587,3
1588,9
1589,3
1590,3
1591,4
1592,8
1593,3
1594,3
1595,3
1596,3
1597,6
1598,15
1599,3
1600,14
1601,3
1602,3
1603,15
1604,3
1605,15
1606,15
1607,20
1608,22
1609,6
1610,3
1611,3
1612,3
1613,3
1614,3
1615,3
1616,3
1617,3
1618,3
1619,3
1620,3
1621,3
1622,3
1623,3
1624,3
1625,4
1626,2
1627,3
1628,3
1629,3
1630,2
1631,3
1632,3
1633,3
1634,3
1635,3
1636,3
1637,3
1638,3
1639,3
1640,3
1641,3
1642,3
1643,3
1644,3
1645,3
1646,3
1647,6
1648,15
1649,3
1650,6
1651,3
1652,3
1653,3
1654,3
1655,15
1656,15
1657,3
1658,3
1659,3
1660,3
1661,3
1662,20
1663,20
1664,15
1665,15
1666,3
1667,3
1668,3
1669,15
1670,3
1671,9
1672,24
1673,3
1674,3
1675,3
1676,6
1677,26
1678,11
1679,11
1680,26
1681,26
1682,26
1683,26
1684,26
1685,26
1686,26
1687,26
1688,26
1689,26
1690,26
1691,11
1692,11
1693,11
1694,26
1695,26
1696,26
1697,26
1698,26
1699,26
1700,26
1701,26
1702,26
1703,26
1704,26
1705,26
1706,26
1707,26
1708,26
1709,26
1710,26
1711,26
1712,26
1713,26
1714,26
1715,26
1716,26
1717,26
1718,26
1719,26
1720,26
1721,26
1722,26
1723,26
1724,26
1725,26
1726,26
1727,26
1728,26
1729,26
1730,26
1731,26
1732,26
1733,26
1734,26
1735,26
1736,26
1737,26
1738,26
1739,26
1740,26
1741,26
1742,26
1743,26
1744,19
1745,19
1746,26
1747,26
1748,26
1749,26
1750,26
1751,26
1752,26
1753,26
1754,26
1755,26
1756,26
1757,26
1758,26
1759,26
1760,26
1761,26
1762,26
1763,26
1764,26
1765,26
1766,26
1767,26
1768,26
1769,26
1770,26
1771,26
1772,26
1773,26
1774,26
1775,17
1776,26
1777,26
1778,26
1779,26
1780,26
1781,7
1782,11
1783,11
1784,1
1785,26
1786,26
1787,26
1788,26
1789,26
1790,26
1791,6
1792,26
1793,11
1794,17
1795,26
1796,26
1797,26
1798,2
1799,2
1800,3
1801,3
1802,3
1803,21
1804,21
1805,26
1806,26
1807,6
1808,26
1809,26
1810,7
1811,26
1812,11
1813,4
1814,26
1815,5
1816,26
1817,26
1818,3
1819,3
1820,2
1821,2
1822,2
1823,2
1824,4
1825,2
1826,2
1827,2
1828,1
1829,2
1830,6
1831,2
1832,2
1833,2
1834,7
1835,2
1836,17
1837,2
1838,2
1839,2
1840,2
1841,15
1842,15
1843,15
1844,15
1845,1
1846,1
1847,9
1848,6
1849,6
1850,15
1851,3
1852,15
1853,15
1854,26
1855,15
1856,15
1857,3
1858,6
1859,4
1860,26
1861,3
1862,6
1863,3
1864,4
1865,3
1866,20
1867,20
1868,15
1869,15
1870,1
1871,24
1872,1
1873,15
1874,15
1875,15
1876,6
1877,6
1878,15
1879,15
1880,15
1881,15
1882,15
1883,15
1884,22
1885,15
1886,6
1887,15
1888,15
1889,15
1890,15
1891,15
1892,15
1893,15
1894,6
1895,6
1896,6
1897,6
1898,6
1899,6
1900,6
1901,6
1902,6
1903,4
1904,6
1905,6
1906,6
1907,6
1908,23
1909,1
1910,1
1911,1
1912,6
1913,10
1914,6
1915,6
1916,6
1917,7
1918,4
1919,6
1920,6
1921,7
1922,6
1923,6
1924,4
1925,6
1926,23
1927,4
1928,6
1929,6
1930,6
1931,6
1932,6
1933,6
1934,14
1935,4
1936,6
1937,22
1938,4
1939,6
1940,6
1941,6
1942,4
1943,6
1944,1
1945,1
1946,1
1947,1
1948,1
1949,1
1950,1
1951,1
1952,1
1953,1
1954,7
1955,6
1956,6
1957,23
1958,6
1959,4
1960,6
1961,6
1962,6
1963,6
1964,23
1965,1
1966,6
1967,6
1968,6
1969,6
1970,10
1971,23
1972,4
1973,4
1974,4
1975,4
1976,4
1977,4
1978,23
1979,11
1980,23
1981,6
1982,6
1983,15
1984,6
1985,1
1986,6
1987,6
1988,6
1989,6
1990,6
1991,6
1992,6
1993,6
1994,6
1995,1
1996,1
1997,1
1998,1
1999,1
2000,1
2001,1
2002,23
2003,7
2004,23
2005,23
2006,1
2007,1
2008,1
2009,6
2010,1
2011,1
2012,1
2013,1
2014,1
2015,1
2016,1
2017,1
2018,1
2019,4
2020,1
2021,7
2022,4
2023,6
2024,6
2025,6
2026,6
2027,6
2028,6
2029,6
2030,2
2031,6
2032,1
2033,1
2034,1
2035,1
2036,1
2037,1
2038,1
2039,1
2040,1
2041,1
2042,1
2043,1
2044,6
2045,1
2046,1
2047,1
2048,1
2049,15
2050,4
2051,23
2052,1
2053,1
2054,6
2055,6
2056,6
2057,4
2058,6
2059,4
2060,4
2061,4
2062,6
2063,1
2064,6
2065,4
2066,4
2067,4
2068,4
2069,1
2070,15
2071,6
2072,6
2073,4
2074,6
2075,6
2076,4
2077,23
2078,18
2079,6
2080,4
2081,6
2082,6
2083,6
2084,6
2085,6
2086,6
2087,6
2088,6
2089,6
2090,6
2091,6
2092,6
2093,6
2094,14
2095,4
2096,6
2097,6
2098,20
2099,6
2100,6
2101,6
2102,6
2103,6
2104,6
2105,6
2106,6
2107,6
2108,6
2109,6
2110,6
2111,6
2112,6
2113,6
2114,15
2115,15
2116,4
2117,23
2118,6
2119,4
2120,6
2121,6
2122,6
2123,15
2124,6
2125,14
2126,6
2127,6
2128,11
2129,14
2130,6
2131,6
2132,14
2133,6
2134,22
2135,6
2136,6
2137,14
2138,6
2139,6
2140,6
2141,6
2142,6
2143,6
2144,6
2145,6
2146,6
2147,6
2148,6
2149,6
2150,14
2151,6
2152,6
2153,6
2154,14
2155,14
2156,6
2157,6
2158,6
2159,6
2160,14
2161,14
2162,4
2163,14
2164,14
2165,20
2166,4
2167,2
2168,4
2169,22
2170,22
2171,22
2172,22
2173,22
2174,22
2175,22
2176,22
2177,4
2178,4
2179,4
2180,6
2181,6
2182,6
2183,26
2184,1
2185,1
2186,1
2187,1
2188,1
2189,1
2190,1
2191,1
2192,1
2193,4
2194,15
2195,23
2196,1
2197,1
2198,1
2199,1
2200,1
2201,15
2202,1
2203,1
2204,1
2205,1
2206,1
2207,1
2208,1
2209,1
2210,1
2211,1
2212,1
2213,23
2214,2
2215,1
2216,1
2217,1
2218,1
2219,14
2220,4
2221,1
2222,1
2223,14
2224,14
2225,14
2226,14
2227,4
2228,14
2229,22
2230,4
2231,15
2232,21
2233,4
2234,14
2235,14
2236,14
2237,14
2238,14
2239,14
2240,1
2241,15
2242,14
2243,14
2244,14
2245,4
2246,15
2247,6
2248,22
2249,8
2250,15
2251,15
2252,15
2253,14
2254,22
2255,22
2256,8
2257,14
2258,8
2259,15
2260,4
2261,14
2262,14
2263,14
2264,14
2265,14
2266,22
2267,14
2268,14
2269,22
2270,14
2271,14
2272,1
2273,1
2274,1
2275,1
2276,4
2277,14
2278,4
2279,4
2280,4
2281,4
2282,1
2283,1
2284,14
2285,4
2286,1
2287,1
2288,1
2289,1
2290,1
2291,1
2292,4
2293,4
2294,4
2295,4
2296,4
2297,4
2298,4
2299,4
2300,4
2301,15
2302,3
2303,4
2304,4
2305,4
2306,4
2307,4
2308,4
2309,4
2310,4
2311,4
2312,4
2313,4
2314,4
2315,4
2316,4
2317,4
2318,4
2319,4
2320,4
2321,4
2322,4
2323,11
2324,4
2325,1
2326,1
2327,26
2328,1
2329,1
2330,26
2331,1
2332,1
2333,1
2334,1
2335,1
2336,1
2337,1
2338,1
2339,1
2340,1
2341,1
2342,1
2343,1
2344,1
2345,1
2346,1
2347,1
2348,1
2349,4
2350,4
2351,4
2352,4
2353,4
2354,4
2355,4
2356,1
2357,15
2358,1
2359,6
2360,1
2361,6
2362,6
2363,6
2364,6
2365,6
2366,6
2367,11
2368,1
2369,1
2370,6
2371,1
2372,1
2373,26
2374,26
2375,1
2376,1
2377,7
2378,1
2379,1
2380,1
2381,1
2382,23
2383,23
2384,11
2385,11
2386,1
2387,1
2388,23
2389,1
2390,1
2391,7
2392,1
2393,6
2394,1
2395,4
2396,4
2397,4
2398,2
2399,4
2400,4
2401,15
2402,1
2403,4
2404,4
2405,1
2406,4
2407,4
2408,4
2409,4
2410,4
2411,4
2412,4
2413,4
2414,4
2415,4
2416,4
2417,4
2418,4
2419,4
2420,4
2421,4
2422,15
2423,4
2424,4
2425,4
2426,4
2427,1
2428,1
2429,1
2430,1
2431,1
2432,1
2433,1
2434,1
2435,1
2436,6
2437,1
2438,1
2439,1
2440,6
2441,1
2442,1
2443,1
2444,1
2445,6
2446,1
2447,6
2448,6
2449,6
2450,15
2451,1
2452,6
2453,6
2454,1
2455,17
2456,1
2457,1
2458,1
2459,23
2460,4
2461,23
2462,4
2463,23
2464,4
2465,4
2466,4
2467,7
2468,14
2469,6
2470,15
2471,14
2472,6
2473,14
2474,14
2475,8
2476,14
2477,15
2478,15
2479,15
2480,15
2481,15
2482,15
2483,15
2484,15
2485,15
2486,15
2487,15
2488,1
2489,15
2490,15
2491,15
2492,15
2493,4
2494,15
2495,15
2496,15
2497,15
2498,4
2499,15
2500,1
2501,23
2502,1
2503,1
2504,6
2505,6
2506,6
2507,1
2508,15
2509,15
2510,6
2511,1
2512,6
2513,11
2514,23
2515,23
2516,23
2517,23
2518,23
2519,23
2520,23
2521,23
2522,23
2523,23
2524,23
2525,23
2526,23
2527,23
2528,23
2529,23
2530,7
2531,23
2532,23
2533,23
2534,23
2535,23
2536,23
2537,23
2538,23
2539,23
2540,23
2541,23
2542,23
2543,1
2544,23
2545,23
2546,23
2547,23
2548,23
2549,23
2550,23
2551,23
2552,23
2553,1
2554,23
2555,23
2556,1
2557,1
2558,1
2559,1
2560,6
2561,6
2562,1
2563,6
2564,6
2565,1
2566,1
2567,14
2568,14
2569,14
2570,21
2571,10
2572,14
2573,6
2574,14
2575,22
2576,14
2577,7
2578,14
2579,14
2580,4
2581,4
2582,14
2583,4
2584,2
2585,7
2586,2
2587,2
2588,2
2589,2
2590,2
2591,4
2592,4
2593,4
2594,7
2595,2
2596,4
2597,4
2598,4
2599,4
2600,4
2601,2
2602,23
2603,4
2604,4
2605,4
2606,4
2607,4
2608,4
2609,4
2610,20
2611,4
2612,2
2613,6
2614,6
2615,6
2616,6
2617,6
2618,6
2619,6
2620,6
2621,6
2622,6
2623,6
2624,6
2625,3
2626,3
2627,3
2628,3
2629,3
2630,3
2631,3
2632,1
2633,6
2634,6
2635,6
2636,6
2637,6
2638,6
2639,6
2640,2
2641,6
2642,6
2643,6
2644,6
2645,6
2646,7
2647,6
2648,1
2649,6
2650,6
2651,6
2652,6
2653,2
2654,2
2655,3
2656,3
2657,18
2658,18
2659,15
2660,15
2661,15
2662,23
2663,4
2664,4
2665,6
2666,6
2667,6
2668,1
2669,1
2670,1
2671,6
2672,6
2673,14
2674,14
2675,14
2676,14
2677,6
2678,14
2679,14
2680,6
2681,6
2682,6
2683,6
2684,6
2685,6
2686,6
2687,8
2688,8
2689,14
2690,14
2691,14
2692,14
2693,7
2694,22
2695,22
2696,14
2697,14
2698,22
2699,14
2700,3
2701,3
2702,3
2703,1
2704,1
2705,18
2706,18
2707,18
2708,18
2709,18
2710,18
2711,4
2712,6
2713,2
2714,4
2715,4
2716,4
2717,4
2718,4
2719,4
2720,4
2721,15
2722,4
2723,6
2724,4
2725,1
2726,1
2727,1
2728,1
2729,1
2730,6
2731,6
2732,23
2733,6
2734,23
2735,4
2736,6
2737,6
2738,6
2739,6
2740,6
2741,6
2742,6
2743,22
2744,6
2745,6
2746,6
2747,17
2748,6
2749,22
2750,15
2751,22
2752,10
2753,6
2754,26
2755,6
2756,15
2757,15
2758,6
2759,6
2760,20
2761,3
2762,6
2763,6
2764,6
2765,15
2766,15
2767,15
2768,15
2769,15
2770,26
2771,15
2772,15
2773,6
2774,15
2775,6
2776,6
2777,6
2778,6
2779,6
2780,6
2781,6
2782,6
2783,14
2784,14
2785,14
2786,15
2787,14
2788,8
2789,6
2790,6
2791,6
2792,6
2793,6
2794,11
2795,11
2796,11
2797,11
2798,11
2799,23
2800,11
2801,4
2802,11
2803,11
2804,11
2805,11
2806,6
2807,6
2808,6
2809,6
2810,6
2811,6
2812,8
2813,6
2814,14
2815,14
2816,14
2817,14
2818,6
2819,6
2820,6
2821,6
2822,6
2823,6
2824,14
2825,6
2826,6
2827,6
2828,6
2829,6
2830,6
2831,6
2832,6
2833,14
2834,22
2835,14
2836,14
2837,15
2838,6
2839,22
2840,22
2841,22
2842,22
2843,22
2844,6
2845,6
2846,6
2847,22
2848,6
2849,6
2850,6
2851,6
2852,10
2853,15
2854,15
2855,15
2856,3
2857,15
2858,4
2859,20
2860,7
2861,20
2862,4
2863,20
2864,7
2865,4
2866,20
2867,20
2868,4
2869,4
2870,4
2871,4
2872,4
2873,4
2874,12
2875,12
2876,6
2877,22
2878,22
2879,22
2880,22
2881,22
2882,22
2883,22
2884,22
2885,22
2886,22
2887,22
2888,22
2889,22
2890,22
2891,10
2892,22
2893,10
2894,22
2895,22
2896,22
2897,22
2898,22
2899,22
2900,22
2901,22
2902,10
2903,10
2904,10
2905,22
2906,22
2907,22
2908,22
2909,22
2910,22
2911,22
2912,22
2913,22
2914,22
2915,22
2916,22
2917,17
2918,22
2919,22
2920,22
2921,22
2922,22
2923,22
2924,22
2925,22
2926,22
2927,22
2928,22
2929,10
2930,22
2931,22
2932,22
2933,22
2934,22
2935,22
2936,22
2937,22
2938,22
2939,22
2940,22
2941,10
2942,22
2943,22
2944,22
2945,22
2946,22
2947,22
2948,22
2949,26
2950,22
2951,22
2952,22
2953,22
2954,22
2955,22
2956,22
2957,22
2958,22
2959,22
2960,22
2961,22
2962,22
2963,22
2964,22
2965,4
2966,4
2967,4
2968,6
2969,4
2970,4
2971,4
2972,4
2973,4
2974,4
2975,14
2976,6
2977,6
2978,6
2979,6
2980,21
2981,6
2982,6
2983,6
2984,6
2985,1
2986,1
2987,1
2988,1
2989,1
2990,1
2991,1
2992,1
2993,1
2994,1
2995,1
2996,1
2997,1
2998,1
2999,1
3000,1
3001,1
3002,1
3003,1
3004,1
3005,1
3006,1
3007,1
3008,3
3009,3
3010,3
3011,3
3012,3
3013,2
3014,1
3015,1
3016,1
3017,1
3018,1
3019,1
3020,1
3021,1
3022,4
3023,7
3024,4
3025,4
3026,1
3027,1
3028,1
3029,1
3030,1
3031,23
3032,1
3033,1
3034,1
3035,9
3036,1
3037,1
3038,1
3039,4
3040,4
3041,4
3042,4
3043,4
3044,4
3045,14
3046,4
3047,4
3048,4
3049,4
3050,26
3051,4
3052,4
3053,7
3054,2
3055,2
3056,4
3057,4
3058,4
3059,4
3060,4
3061,4
3062,4
3063,2
3064,23
3065,4
3066,4
3067,25
3068,4
3069,1
3070,4
3071,4
3072,4
3073,1
3074,1
3075,1
3076,4
3077,21
3078,1
3079,1
3080,6
3081,1
3082,1
3083,6
3084,6
3085,6
3086,6
3087,6
3088,6
3089,6
3090,15
3091,6
3092,8
3093,1
3094,1
3095,1
3096,1
3097,1
3098,1
3099,1
3100,1
3101,1
3102,1
3103,15
3104,15
3105,1
3106,1
3107,15
3108,1
3109,6
3110,1
3111,15
3112,15
3113,15
3114,15
3115,15
3116,15
3117,4
3118,4
3119,4
3120,4
3121,4
3122,4
3123,6
3124,4
3125,4
3126,4
3127,4
3128,4
3129,4
3130,4
3131,4
3132,4
3133,4
3134,4
3135,1
3136,4
3137,4
3138,7
3139,4
3140,4
3141,20
3142,22
3143,4
3144,7
3145,4
3146,4
3147,4
3148,4
3149,4
3150,4
3151,4
3152,4
3153,4
3154,4
3155,4
3156,4
3157,4
3158,4
3159,4
3160,4
3161,7
3162,23
3163,4
3164,4
3165,4
3166,4
3167,4
3168,4
3169,4
3170,4
3171,7
3172,4
3173,4
3174,4
3175,4
3176,4
3177,26
3178,4
3179,4
3180,6
3181,8
3182,8
3183,8
3184,8
3185,8
3186,8
3187,8
3188,8
3189,8
3190,8
3191,4
3192,4
3193,4
3194,4
3195,4
3196,26
3197,4
3198,4
3199,7
3200,23
3201,1
3202,4
3203,4
3204,6
3205,6
3206,6
3207,15
3208,6
3209,15
3210,15
3211,15
3212,6
3213,6
3214,4
3215,6
3216,6
3217,6
3218,6
3219,15
3220,6
3221,6
3222,6
3223,6
3224,1
3225,15
3226,15
3227,15
3228,15
3229,15
3230,15
3231,15
3232,15
3233,23
3234,15
3235,15
3236,22
3237,8
3238,14
3239,22
3240,26
3241,26
3242,17
3243,26
3244,26
3245,26
3246,26
3247,26
3248,26
3249,17
3250,17
3251,17
3252,17
3253,17
3254,17
3255,17
3256,17
3257,17
3258,17
3259,17
3260,14
3261,26
3262,17
3263,17
3264,17
3265,17
3266,17
3267,17
3268,17
3269,17
3270,24
3271,17
3272,17
3273,17
3274,17
3275,17
3276,8
3277,8
3278,8
3279,8
3280,8
3281,17
3282,17
3283,17
3284,17
3285,17
3286,17
3287,17
3288,17
3289,17
3290,17
3291,17
3292,17
3293,17
3294,17
3295,17
3296,16
3297,26
3298,26
3299,11
3300,11
3301,11
3302,11
3303,1
3304,4
3305,23
3306,2
3307,1
3308,4
3309,4
3310,4
3311,1
3312,11
3313,26
3314,26
3315,1
3316,1
3317,1
3318,7
3319,1
3320,4
3321,21
3322,21
3323,7
3324,1
3325,21
3326,21
3327,21
3328,11
3329,7
3330,11
3331,11
3332,11
3333,11
3334,11
3335,11
3336,11
3337,11
3338,11
3339,11
3340,11
3341,11
3342,11
3343,1
3344,1
3345,2
3346,7
3347,26
3348,26
3349,26
3350,26
3351,11
3352,26
3353,2
3354,11
3355,11
3356,23
3357,23
3358,1
3359,4
3360,4
3361,4
3362,11
3363,23
3364,11
3365,4
3366,11
3367,11
3368,11
3369,4
3370,11
3371,11
3372,11
3373,11
3374,7
3375,11
3376,7
3377,11
3378,11
3379,7
3380,7
3381,11
3382,7
3383,7
3384,7
3385,7
3386,7
3387,7
3388,7
3389,4
3390,11
3391,11
3392,11
3393,11
3394,11
3395,11
3396,4
3397,4
3398,4
3399,4
3400,4
3401,4
3402,4
3403,7
3404,4
3405,4
3406,4
3407,4
3408,4
3409,4
3410,4
3411,26
3412,26
3413,26
3414,11
3415,11
3416,7
3417,11
3418,6
3419,11
3420,11
3421,11
3422,11
3423,7
3424,7
3425,7
3426,2
3427,2
3428,7
3429,11
3430,11
3431,11
3432,11
3433,11
3434,11
3435,11
3436,11
3437,11
3438,11
3439,11
3440,11
3441,1
3442,1
3443,4
3444,1
3445,23
3446,23
3447,11
3448,4
3449,4
3450,11
3451,7
3452,4
3453,4
3454,4
3455,11
3456,4
3457,4
3458,7
3459,10
3460,10
3461,10
3462,10
3463,10
3464,10
3465,10
3466,10
3467,10
3468,10
3469,10
3470,10
3471,10
3472,10
3473,10
3474,10
3475,10
3476,10
3477,10
3478,10
3479,10
3480,10
3481,10
3482,10
3483,10
3484,10
3485,10
3486,10
3487,10
3488,19
3489,10
3490,10
3491,10
3492,10
3493,10
3494,10
3495,10
3496,10
3497,10
3498,10
3499,10
3500,10
3501,10
3502,10
3503,10
3504,10
3505,10
3506,10
3507,10
3508,10
3509,10
3510,10
3511,10
3512,10
3513,10
3514,10
3515,10
3516,10
3517,19
3518,24
3519,24
3520,24
3521,24
3522,15
3523,15
3524,1
3525,15
3526,15
3527,15
3528,23
3529,23
3530,23
3531,15
3532,15
3533,14
3534,22
3535,9
3536,9
3537,15
3538,15
3539,15
3540,15
3541,2
3542,1
3543,15
3544,15
3545,1
3546,14
3547,20
3548,20
3549,20
3550,3
3551,20
3552,20
3553,20
3554,20
3555,20
3556,15
3557,7
3558,14
3559,15
3560,15
3561,15
3562,15
3563,15
3564,15
3565,15
3566,15
3567,15
3568,15
3569,15
3570,15
3571,15
3572,15
3573,15
3574,15
3575,15
3576,15
3577,15
3578,15
3579,15
3580,15
3581,15
3582,15
3583,15
3584,15
3585,15
3586,20
3587,3
3588,15
3589,15
3590,15
3591,3
3592,15
3593,15
3594,2
3595,2
3596,14
3597,3
3598,6
3599,15
3600,15
3601,4
3602,4
3603,20
3604,18
3605,18
3606,18
3607,18
3608,18
3609,18
3610,18
3611,6
3612,6
3613,8
3614,15
3615,15
3616,15
3617,14
3618,14
3619,14
3620,14
3621,14
3622,22
3623,14
3624,15
3625,22
3626,15
3627,15
3628,15
3629,15
3630,3
3631,3
3632,15
3633,15
3634,15
3635,15
3636,8
3637,15
3638,15
3639,15
3640,15
3641,15
3642,15
3643,15
3644,15
3645,15
3646,15
3647,15
3648,15
3649,15
3650,15
3651,15
3652,15
3653,15
3654,1
3655,1
3656,15
3657,15
3658,26
3659,26
3660,26
3661,4
3662,4
3663,4
3664,4
3665,4
3666,4
3667,4
3668,4
3669,4
3670,4
3671,7
3672,26
3673,26
3674,4
3675,4
3676,4
3677,4
3678,4
3679,4
3680,4
3681,4
3682,23
3683,4
3684,4
3685,4
3686,21
3687,4
3688,4
3689,4
3690,4
3691,4
3692,4
3693,7
3694,7
3695,7
3696,7
3697,7
3698,7
3699,7
3700,7
3701,7
3702,26
3703,4
3704,4
3705,23
3706,7
3707,7
3708,7
3709,23
3710,4
3711,26
3712,21
3713,7
3714,26
3715,23
3716,23
3717,26
3718,7
3719,11
3720,4
3721,7
3722,4
3723,4
3724,7
3725,4
3726,19
3727,4
3728,4
3729,4
3730,4
3731,4
3732,4
3733,23
3734,10
3735,5
3736,4
3737,4
3738,23
3739,7
3740,7
3741,7
3742,7
3743,17
3744,17
3745,26
3746,4
3747,4
3748,4
3749,4
3750,4
3751,4
3752,21
3753,21
3754,11
3755,4
3756,21
3757,21
3758,4
3759,4
3760,7
3761,2
3762,7
3763,4
3764,4
3765,21
3766,4
3767,4
3768,4
3769,4
3770,5
3771,23
3772,4
3773,23
3774,4
3775,4
3776,4
3777,21
3778,21
3779,21
3780,21
3781,21
3782,21
3783,21
3784,21
3785,21
3786,21
3787,21
3788,21
3789,21
3790,7
3791,10
3792,21
3793,21
3794,21
3795,21
3796,4
3797,7
3798,7
3799,7
3800,7
3801,4
3802,7
3803,4
3804,11
3805,11
3806,11
3807,11
3808,11
3809,11
3810,11
3811,11
3812,11
3813,11
3814,11
3815,7
3816,7
3817,7
3818,11
3819,4
3820,2
3821,4
3822,4
3823,4
3824,4
3825,7
3826,4
3827,7
3828,21
3829,4
3830,4
3831,25
3832,4
3833,4
3834,7
3835,11
3836,4
3837,21
3838,21
3839,26
3840,4
3841,24
3842,4
3843,4
3844,4
3845,4
3846,7
3847,4
3848,4
3849,4
3850,4
3851,25
3852,25
3853,25
3854,25
3855,25
3856,25
3857,25
3858,25
3859,25
3860,25
3861,25
3862,4
3863,25
3864,25
3865,13
3866,7
3867,2
3868,4
3869,25
3870,25
3871,25
3872,25
3873,21
3874,4
3875,4
3876,4
3877,4
3878,4
3879,4
3880,23
3881,1
3882,1
3883,1
3884,1
3885,1
3886,1
3887,1
3888,15
3889,1
3890,3
3891,3
3892,4
3893,4
3894,23
3895,2
3896,20
3897,4
3898,4
3899,1
3900,4
3901,3
3902,4
3903,4
3904,7
3905,11
3906,7
3907,7
3908,7
3909,4
3910,4
3911,4
3912,4
3913,11
3914,4
3915,2
3916,7
3917,4
3918,4
3919,4
3920,5
3921,4
3922,4
3923,4
3924,4
3925,4
3926,4
3927,1
3928,1
3929,1
3930,4
3931,11
3932,1
3933,7
3934,23
3935,7
3936,7
3937,7
3938,7
3939,7
3940,7
3941,7
3942,7
3943,7
3944,21
3945,7
3946,7
3947,7
3948,7
3949,26
3950,26
3951,26
3952,26
3953,26
3954,19
3955,4
3956,4
3957,4
3958,11
3959,11
3960,11
3961,11
3962,11
3963,11
3964,11
3965,11
3966,11
3967,11
3968,11
3969,11
3970,11
3971,11
3972,11
3973,11
3974,11
3975,11
3976,11
3977,11
3978,11
3979,11
3980,21
3981,21
3982,21
3983,4
3984,4
3985,4
3986,11
3987,11
3988,11
3989,7
3990,11
3991,11
3992,11
3993,11
3994,11
3995,4
3996,4
3997,4
3998,2
3999,2
4000,23
4001,2
4002,20
4003,25
4004,7
4005,2
4006,7
4007,7
4008,7
4009,7
4010,7
4011,7
4012,7
4013,7
4014,7
4015,7
4016,7
4017,7
4018,7
4019,11
4020,11
4021,14
4022,14
4023,6
4024,6
4025,26
4026,24
4027,26
4028,4
4029,4
4030,4
4031,4
4032,4
4033,4
4034,7
4035,14
4036,2
4037,4
4038,4
4039,7
4040,4
4041,23
4042,4
4043,7
4044,4
4045,4
4046,4
4047,26
4048,2
4049,26
4050,6
4051,23
4052,7
4053,7
4054,7
4055,7
4056,7
4057,7
4058,7
4059,7
4060,7
4061,7
4062,7
4063,19
4064,23
4065,11
4066,7
4067,22
4068,22
4069,14
4070,23
4071,22
4072,1
4073,22
4074,22
4075,22
4076,6
4077,14
4078,14
4079,7
4080,4
4081,7
4082,4
4083,7
4084,7
4085,7
4086,7
4087,2
4088,7
4089,4
4090,7
4091,7
4092,7
4093,7
4094,11
4095,7
4096,11
4097,11
4098,11
4099,11
4100,11
4101,11
4102,11
4103,11
4104,11
4105,11
4106,7
4107,7
4108,7
4109,7
4110,11
4111,11
4112,11
4113,4
4114,4
4115,7
4116,7
4117,7
4118,4
4119,4
4120,4
4121,4
4122,7
4123,11
4124,11
4125,11
4126,11
4127,7
4128,7
4129,7
4130,7
4131,7
4132,7
4133,7
4134,4
4135,4
4136,4
4137,1
4138,4
4139,11
4140,4
4141,23
4142,23
4143,4
4144,4
4145,4
4146,4
4147,4
4148,4
4149,8
4150,4
4151,21
4152,21
4153,21
4154,21
4155,7
4156,7
4157,4
4158,4
4159,4
4160,11
4161,11
4162,11
4163,7
4164,7
4165,7
4166,7
4167,11
4168,7
4169,7
4170,7
4171,7
4172,11
4173,7
4174,7
4175,7
4176,11
4177,11
4178,11
4179,11
4180,11
4181,11
4182,11
4183,11
4184,11
4185,11
4186,11
4187,7
4188,11
4189,11
4190,11
4191,7
4192,7
4193,7
4194,7
4195,7
4196,7
4197,7
4198,23
4199,7
4200,7
4201,7
4202,7
4203,7
4204,7
4205,11
4206,22
4207,15
4208,14
4209,4
4210,11
4211,11
4212,7
4213,4
4214,10
4215,23
4216,11
4217,11
4218,22
4219,11
4220,11
4221,7
4222,11
4223,10
4224,7
4225,10
4226,7
4227,10
4228,10
4229,7
4230,10
4231,10
4232,7
4233,22
4234,7
4235,4
4236,4
4237,22
4238,7
4239,7
4240,7
4241,4
4242,2
4243,11
4244,7
4245,7
4246,7
4247,7
4248,7
4249,7
4250,7
4251,7
4252,7
4253,7
4254,7
4255,7
4256,7
4257,7
4258,7
4259,7
4260,7
4261,7
4262,7
4263,4
4264,7
4265,4
4266,4
4267,25
4268,25
4269,25
4270,4
4271,7
4272,4
4273,4
4274,4
4275,4
4276,4
4277,4
4278,4
4279,4
4280,4
4281,4
4282,4
4283,4
4284,4
4285,10
4286,4
4287,4
4288,4
4289,4
4290,4
4291,4
4292,4
4293,14
4294,14
4295,14
4296,14
4297,14
4298,14
4299,14
4300,14
4301,14
4302,14
4303,14
4304,14
4305,14
4306,14
4307,3
4308,14
4309,14
4310,8
4311,14
4312,3
4313,14
4314,14
4315,14
4316,14
4317,14
4318,14
4319,3
4320,14
4321,14
4322,14
4323,14
4324,14
4325,14
4326,14
4327,14
4328,14
4329,14
4330,14
4331,14
4332,3
4333,3
4334,3
4335,14
4336,14
4337,14
4338,14
4339,14
4340,14
4341,3
4342,14
4343,14
4344,14
4345,14
4346,14
4347,14
4348,8
4349,3
4350,14
4351,14
4352,14
4353,14
4354,14
4355,14
4356,3
4357,14
4358,3
4359,14
4360,14
4361,14
4362,14
4363,14
4364,14
4365,14
4366,14
4367,14
4368,14
4369,14
4370,14
4371,14
4372,14
4373,14
4374,14
4375,14
4376,14
4377,14
4378,14
4379,14
4380,14
4381,14
4382,14
4383,14
4384,3
4385,3
4386,8
4387,14
4388,14
4389,14
4390,14
4391,14
4392,14
4393,14
4394,9
4395,9
4396,14
4397,14
4398,17
4399,17
4400,22
4401,17
4402,17
4403,26
4404,17
4405,17
4406,26
4407,17
4408,17
4409,17
4410,17
4411,17
4412,17
4413,17
4414,22
4415,10
4416,10
4417,10
4418,10
4419,10
4420,22
4421,10
4422,10
4423,10
4424,10
4425,10
4426,10
4427,10
4428,7
4429,26
4430,7
4431,26
4432,26
4433,7
4434,7
4435,7
4436,7
4437,7
4438,7
4439,7
4440,7
4441,7
4442,7
4443,7
4444,26
4445,26
4446,26
4447,7
4448,26
4449,26
4450,26
4451,26
4452,26
4453,26
4454,26
4455,17
4456,23
4457,23
4458,23
4459,23
4460,23
4461,23
4462,23
4463,23
4464,23
4465,23
4466,23
4467,23
4468,23
4469,23
4470,23
4471,23
4472,6
4473,1
4474,1
4475,1
4476,1
4477,1
4478,1
4479,3
4480,1
4481,10
4482,22
4483,7
4484,22
4485,22
4486,23
4487,7
4488,10
4489,7
4490,7
4491,7
4492,7
4493,4
4494,4
4495,4
4496,23
4497,23
4498,22
4499,22
4500,22
4501,22
4502,22
4503,22
4504,22
4505,22
4506,22
4507,22
4508,22
4509,22
4510,22
4511,14
4512,14
4513,6
4514,6
4515,22
4516,22
4517,22
4518,22
4519,22
4520,22
4521,22
4522,22
4523,8
4524,22
4525,22
4526,22
4527,22
4528,22
4529,22
4530,22
4531,22
4532,22
4533,22
4534,22
4535,22
4536,7
4537,7
4538,7
4539,4
4540,14
4541,4
4542,4
4543,4
4544,21
4545,21
4546,7
4547,7
4548,7
4549,21
4550,21
4551,21
4552,21
4553,4
4554,4
4555,4
4556,4
4557,6
4558,4
4559,4
4560,21
4561,21
4562,21
4563,21
4564,2
4565,21
4566,21
4567,11
4568,11
4569,7
4570,7
4571,10
4572,10
4573,7
4574,7
4575,7
4576,7
4577,7
4578,4
4579,4
4580,4
4581,23
4582,2
4583,2
4584,2
4585,2
4586,2
4587,2
4588,7
4589,9
4590,3
4591,2
4592,2
4593,2
4594,8
4595,3
4596,3
4597,15
4598,3
4599,3
4600,2
4601,3
4602,3
4603,3
4604,3
4605,3
4606,3
4607,3
4608,3
4609,3
4610,3
4611,3
4612,3
4613,3
4614,3
4615,22
4616,22
4617,22
4618,22
4619,22
4620,22
4621,10
4622,10
4623,10
4624,22
4625,22
4626,22
4627,22
4628,8
4629,8
4630,8
4631,8
4632,8
4633,8
4634,8
4635,8
4636,8
4637,8
4638,8
4639,8
4640,8
4641,8
4642,8
4643,8
4644,8
4645,8
4646,8
4647,8
4648,3
4649,3
4650,8
4651,2
4652,3
4653,3
4654,3
4655,3
4656,3
4657,3
4658,3
4659,3
4660,3
4661,3
4662,4
4663,4
4664,6
4665,4
4666,4
4667,14
4668,2
4669,2
4670,2
4671,2
4672,2
4673,2
4674,2
4675,2
4676,2
4677,2
4678,2
4679,2
4680,10
4681,2
4682,2
4683,2
4684,2
4685,7
4686,4
4687,6
4688,4
4689,4
4690,6
4691,6
4692,6
4693,2
4694,2
4695,9
4696,2
4697,6
4698,6
4699,2
4700,3
4701,4
4702,3
4703,3
4704,3
4705,3
4706,4
4707,6
4708,1
4709,6
4710,1
4711,1
4712,6
4713,4
4714,9
4715,9
4716,9
4717,9
4718,9
4719,22
4720,15
4721,15
4722,15
4723,8
4724,8
4725,15
4726,15
4727,15
4728,8
4729,8
4730,8
4731,15
4732,15
4733,15
4734,15
4735,15
4736,15
4737,15
4738,9
4739,15
4740,15
4741,15
4742,15
4743,15
4744,15
4745,15
4746,9
4747,15
4748,15
4749,15
4750,15
4751,15
4752,8
4753,15
4754,8
4755,8
4756,15
4757,15
4758,15
4759,15
4760,15
4761,15
4762,15
4763,15
4764,8
4765,15
4766,26
4767,26
4768,26
4769,26
4770,17
4771,17
4772,24
4773,17
4774,17
4775,22
4776,26
4777,17
4778,22
4779,17
4780,17
4781,17
4782,17
4783,17
4784,26
4785,1
4786,3
4787,3
4788,3
4789,3
4790,3
4791,3
4792,3
4793,3
4794,3
4795,22
4796,3
4797,3
4798,3
4799,3
4800,3
4801,3
4802,3
4803,3
4804,9
4805,3
4806,2
4807,3
4808,4
4809,4
4810,4
4811,4
4812,23
4813,4
4814,23
4815,4
4816,3
4817,11
4818,23
4819,23
4820,2
4821,23
4822,23
4823,23
4824,23
4825,23
4826,23
4827,23
4828,23
4829,26
4830,26
4831,26
4832,26
4833,26
4834,26
4835,26
4836,10
4837,10
4838,10
4839,10
4840,26
4841,2
4842,26
4843,4
4844,4
4845,4
4846,4
4847,26
4848,26
4849,26
4850,26
4851,26
4852,26
4853,26
4854,23
4855,23
4856,23
4857,23
4858,23
4859,17
4860,17
4861,17
4862,17
4863,17
4864,17
4865,17
4866,17
4867,17
4868,17
4869,17
4870,17
4871,17
4872,17
4873,17
4874,17
4875,17
4876,17
4877,17
4878,17
4879,17
4880,17
4881,17
4882,14
4883,1
4884,1
4885,1
4886,6
4887,1
4888,6
4889,6
4890,6
4891,11
4892,4
4893,6
4894,18
4895,18
4896,15
4897,6
4898,6
4899,6
4900,4
4901,4
4902,3
4903,3
4904,24
4905,22
4906,22
4907,22
4908,22
4909,10
4910,22
4911,22
4912,22
4913,22
4914,22
4915,22
4916,22
4917,8
4918,22
4919,22
4920,22
4921,22
4922,22
4923,22
4924,22
4925,22
4926,22
4927,22
4928,22
4929,22
4930,22
4931,22
4932,22
4933,22
4934,22
4935,22
4936,22
4937,22
4938,22
4939,22
4940,22
4941,22
4942,22
4943,22
4944,22
4945,22
4946,22
4947,22
4948,22
4949,22
4950,22
4951,22
4952,22
4953,22
4954,22
4955,22
4956,22
4957,8
4958,22
4959,22
4960,22
4961,22
4962,22
4963,22
4964,22
4965,22
4966,14
4967,14
4968,14
4969,6
4970,6
4971,6
4972,22
4973,22
4974,8
4975,22
4976,22
4977,8
4978,22
4979,22
4980,14
4981,14
4982,10
4983,14
4984,14
4985,22
4986,22
4987,14
4988,14
4989,14
4990,14
4991,14
4992,14
4993,4
4994,14
4995,14
4996,14
4997,10
4998,10
4999,10
5000,10
5001,10
5002,10
5003,10
5004,10
5005,10
5006,10
5007,10
5008,10
5009,10
5010,10
5011,10
5012,10
5013,10
5014,10
5015,3
5016,3
5017,6
5018,6
5019,1
5020,1
5021,6
5022,1
5023,1
5024,1
5025,1
5026,1
5027,1
5028,1
5029,1
5030,1
5031,1
5032,1
5033,1
5034,1
5035,1
5036,1
5037,1
5038,1
5039,1
5040,1
5041,1
5042,1
5043,14
5044,14
5045,14
5046,1
5047,1
5048,1
5049,1
5050,1
5051,1
5052,1
5053,1
5054,1
5055,1
5056,15
5057,14
5058,1
5059,1
5060,1
5061,15
5062,15
5063,6
5064,1
5065,1
5066,1
5067,1
5068,1
5069,14
5070,3
5071,3
5072,3
5073,3
5074,3
5075,2
5076,3
5077,15
5078,14
5079,3
5080,9
5081,22
5082,22
5083,22
5084,22
5085,3
5086,3
5087,3
5088,3
5089,3
5090,3
5091,3
5092,3
5093,3
5094,3
5095,3
5096,3
5097,3
5098,3
5099,3
5100,3
5101,3
5102,3
5103,3
5104,3
5105,3
5106,14
5107,9
5108,3
5109,3
5110,3
5111,3
5112,3
5113,3
5114,3
5115,9
5116,9
5117,3
5118,3
5119,3
5120,3
5121,9
5122,8
5123,4
5124,4
5125,11
5126,11
5127,19
5128,19
5129,19
5130,19
5131,19
5132,19
5133,19
5134,19
5135,19
5136,19
5137,19
5138,19
5139,19
5140,19
5141,19
5142,19
5143,19
5144,19
5145,19
5146,16
5147,19
5148,26
5149,19
5150,19
5151,19
5152,19
5153,19
5154,19
5155,26
5156,19
5157,10
5158,10
5159,23
5160,23
5161,23
5162,23
5163,10
5164,23
5165,23
5166,19
5167,19
5168,19
5169,19
5170,8
5171,22
5172,22
5173,22
5174,22
5175,15
5176,8
5177,15
5178,8
5179,15
5180,15
5181,14
5182,15
5183,15
5184,15
5185,15
5186,15
5187,8
5188,8
5189,15
5190,15
5191,15
5192,8
5193,8
5194,15
5195,15
5196,20
5197,20
5198,20
5199,20
5200,15
5201,26
5202,26
5203,26
5204,26
5205,26
5206,26
5207,26
5208,26
5209,26
5210,26
5211,26
5212,26
5213,26
5214,26
5215,26
5216,26
5217,26
5218,26
5219,26
5220,26
5221,26
5222,26
5223,26
5224,26
5225,26
5226,26
5227,26
5228,26
5229,22
5230,26
5231,10
5232,26
5233,26
5234,10
5235,10
5236,26
5237,10
5238,26
5239,10
5240,26
5241,26
5242,10
5243,26
5244,26
5245,26
5246,26
5247,9
5248,22
5249,22
5250,22
5251,8
5252,8
5253,26
5254,26
5255,26
5256,26
5257,26
5258,26
5259,26
5260,26
5261,26
5262,26
5263,26
5264,26
5265,26
5266,26
5267,22
5268,26
5269,22
5270,26
5271,26
5272,26
5273,26
5274,26
5275,26
5276,26
5277,26
5278,26
5279,26
5280,26
5281,26
5282,26
5283,22
5284,22
5285,26
5286,26
5287,26
5288,26
5289,26
5290,26
5291,26
5292,26
5293,26
5294,26
5295,26
5296,26
5297,26
5298,26
5299,26
5300,26
5301,26
5302,26
5303,11
5304,11
5305,11
5306,26
5307,26
5308,26
5309,26
5310,26
5311,26
5312,26
5313,26
5314,26
5315,26
5316,16
5317,16
5318,16
5319,16
5320,17
5321,17
5322,17
5323,17
5324,17
5325,17
5326,17
5327,17
5328,17
5329,17
5330,17
5331,17
5332,17
5333,17
5334,17
5335,17
5336,17
5337,17
5338,17
5339,17
5340,8
5341,8
5342,8
5343,8
5344,8
5345,8
5346,8
5347,8
5348,8
5349,8
5350,24
5351,8
5352,8
5353,1
5354,26
5355,26
5356,26
5357,26
5358,26
5359,26
5360,26
5361,14
5362,14
5363,14
5364,14
5365,14
5366,14
5367,14
5368,8
5369,9
5370,9
5371,9
5372,9
5373,2
5374,9
5375,9
5376,9
5377,9
5378,9
5379,9
5380,9
5381,9
5382,9
5383,9
5384,9
5385,9
5386,8
5387,9
5388,9
5389,9
5390,9
5391,9
5392,9
5393,9
5394,9
5395,9
5396,9
5397,9
5398,8
5399,24
5400,9
5401,9
5402,9
5403,9
5404,8
5405,9
5406,26
5407,16
5408,16
5409,16
5410,15
5411,6
5412,15
5413,14
5414,14
5415,15
5416,15
5417,15
5418,14
5419,14
5420,14
5421,6
5422,15
5423,15
5424,15
5425,15
5426,15
5427,15
5428,15
5429,15
5430,15
5431,15
5432,15
5433,15
5434,22
5435,22
5436,22
5437,3
5438,3
5439,9
5440,9
5441,3
5442,3
5443,3
5444,3
5445,14
5446,3
5447,3
5448,3
5449,3
5450,3
5451,3
5452,14
5453,3
5454,0
5455,0
5456,0
5457,0
5458,0
5459,0
5460,0
5461,26
5462,19
5463,19
5464,19
5465,19
5466,19
5467,22
5468,22
5469,22
5470,23
5471,23
5472,23
5473,23
5474,23
5475,23
5476,23
5477,23
5478,23
5479,23
5480,23
5481,23
5482,23
5483,23
5484,23
5485,23
5486,23
5487,23
5488,23
5489,26
5490,23
5491,23
5492,23
5493,23
5494,23
5495,23
5496,23
5497,23
5498,23
5499,23
5500,23
5501,23
5502,23
5503,23
5504,1
5505,1
5506,1
5507,10
5508,10
5509,10
5510,10
5511,10
5512,10
5513,23
5514,10
5515,10
5516,10
5517,10
5518,23
5519,23
5520,23
5521,23
5522,23
5523,23
5524,20
5525,2
5526,23
5527,23
5528,23
5529,23
5530,23
5531,23
5532,23
5533,23
5534,23
5535,23
5536,23
5537,23
5538,23
5539,23
5540,23
5541,23
5542,23
5543,23
5544,23
5545,23
5546,23
5547,23
5548,23
5549,23
5550,23
5551,23
5552,23
5553,23
5554,23
5555,23
5556,23
5557,23
5558,23
5559,23
5560,23
5561,23
5562,23
5563,23
5564,2
5565,23
5566,23
5567,2
5568,23
5569,23
5570,1
5571,1
5572,23
5573,3
5574,3
5575,3
5576,3
5577,3
5578,2
5579,3
5580,9
5581,3
5582,3
5583,3
5584,3
5585,3
5586,3
5587,3
5588,8
5589,4
5590,4
5591,4
5592,8
5593,8
5594,8
5595,8
5596,8
5597,8
5598,8
5599,8
5600,8
5601,8
5602,8
5603,8
5604,4
5605,4
5606,26
5607,26
5608,26
5609,26
5610,7
5611,7
5612,26
5613,26
5614,26
5615,26
5616,26
5617,26
5618,26
5619,26
5620,1
5621,1
5622,1
5623,1
5624,1
5625,1
5626,1
5627,1
5628,1
5629,26
5630,26
5631,26
5632,26
5633,4
5634,2
5635,2
5636,4
5637,4
5638,4
5639,4
5640,6
5641,1
5642,1
5643,6
5644,6
5645,6
5646,6
5647,1
5648,6
5649,2
5650,2
5651,2
5652,2
5653,2
5654,2
5655,2
5656,2
5657,2
5658,2
5659,2
5660,2
5661,2
5662,8
5663,7
5664,7
5665,7
5666,7
5667,7
5668,7
5669,23
5670,23
5671,4
5672,11
5673,8
5674,3
5675,24
5676,3
5677,25
5678,19
5679,19
5680,19
5681,19
5682,26
5683,19
5684,1
5685,1
5686,1
5687,1
5688,1
5689,1
5690,1
5691,1
5692,15
5693,15
5694,3
5695,3
5696,9
5697,9
5698,9
5699,9
5700,9
5701,9
5702,9
5703,14
5704,9
5705,9
5706,9
5707,9
5708,9
5709,3
5710,3
5711,3
5712,3
5713,3
5714,3
5715,3
5716,3
5717,3
5718,14
5719,22
5720,22
5721,22
5722,22
5723,8
5724,20
5725,20
5726,20
5727,20
5728,24
5729,20
5730,20
5731,20
5732,20
5733,20
5734,24
5735,20
5736,20
5737,20
5738,20
5739,24
5740,4
5741,7
5742,24
5743,24
5744,24
5745,7
5746,22
5747,13
5748,13
5749,13
5750,13
5751,2
5752,2
5753,23
5754,1
5755,16
5756,16
5757,3
5758,3
5759,3
5760,24
5761,3
5762,3
5763,3
5764,3
5765,3
5766,3
5767,8
5768,8
5769,8
5770,8
5771,8
5772,8
5773,8
5774,8
5775,8
5776,8
5777,8
5778,8
5779,8
5780,8
5781,8
5782,8
5783,8
5784,8
5785,8
5786,8
5787,8
5788,8
5789,8
5790,8
5791,8
5792,8
5793,8
5794,8
5795,8
5796,8
5797,8
5798,8
5799,8
5800,8
5801,8
5802,7
5803,24
5804,24
5805,4
5806,4
5807,4
5808,4
5809,26
5810,4
5811,23
5812,4
5813,2
5814,4
5815,4
5816,15
5817,24
5818,8
5819,6
5820,6
5821,6
5822,6
5823,6
5824,6
5825,6
5826,10
5827,10
5828,10
5829,10
5830,23
5831,23
5832,23
5833,4
5834,22
5835,6
5836,1
5837,1
5838,14
5839,8
5840,6
5841,14
5842,15
5843,15
5844,6
5845,8
5846,8
5847,8
5848,8
5849,8
5850,8
5851,8
5852,8
5853,8
5854,8
5855,8
5856,2
5857,2
5858,2
5859,22
5860,22
5861,22
5862,22
5863,22
5864,22
5865,14
5866,14
5867,14
5868,10
5869,14
5870,14
5871,14
5872,14
5873,14
5874,14
5875,11
5876,4
5877,4
5878,22
5879,22
5880,22
5881,14
5882,14
5883,14
5884,6
5885,6
5886,6
5887,6
5888,6
5889,6
5890,6
5891,6
5892,6
5893,15
5894,14
5895,6
5896,6
5897,6
5898,6
5899,6
5900,6
5901,6
5902,6
5903,6
5904,6
5905,10
5906,14
5907,14
5908,14
5909,3
5910,3
5911,3
5912,6
5913,3
5914,15
5915,15
5916,14
5917,14
5918,10
5919,10
5920,10
5921,10
5922,10
5923,10
5924,10
5925,10
5926,10
5927,26
5928,10
5929,10
5930,10
5931,10
5932,10
5933,10
5934,10
5935,10
5936,10
5937,10
5938,10
5939,10
5940,10
5941,10
5942,10
5943,10
5944,10
5945,10
5946,10
5947,1
5948,1
5949,26
5950,11
5951,26
5952,26
5953,26
5954,7
5955,7
5956,7
5957,7
5958,26
5959,17
5960,17
5961,17
5962,11
5963,11
5964,11
5965,11
5966,1
5967,0
5968,0
5969,7
5970,0
5971,7
5972,26
5973,26
5974,26
5975,11
5976,26
5977,10
5978,10
5979,5
5980,5
5981,5
5982,5
5983,5
5984,5
5985,5
5986,19
5987,19
5988,19
5989,7
5990,23
5991,11
5992,4
5993,4
5994,26
5995,15
5996,4
5997,14
5998,14
5999,3
6000,3
6001,3
6002,4
6003,4
6004,11
6005,11
6006,11
6007,11
6008,11
6009,6
6010,6
6011,15
6012,15
6013,26
6014,2
6015,15
6016,2
6017,2
6018,2
6019,2
6020,2
6021,2
6022,2
6023,14
6024,23
6025,23
6026,15
6027,8
6028,8
6029,8
6030,8
6031,8
6032,8
6033,8
6034,8
6035,8
6036,3
6037,8
6038,8
6039,8
6040,8
6041,15
6042,8
6043,8
6044,22
6045,8
6046,8
6047,8
6048,2
6049,2
6050,1
6051,4
6052,4
6053,4
6054,1
6055,26
6056,26
6057,1
6058,1
6059,1
6060,24
6061,24
6062,8
6063,22
6064,9
6065,26
6066,26
6067,26
6068,26
6069,26
6070,8
6071,8
6072,3
6073,15
6074,15
6075,15
6076,22
6077,15
6078,2
6079,26
6080,26
6081,26
6082,26
6083,26
6084,26
6085,6
6086,6
6087,6
6088,6
6089,3
6090,8
6091,8
6092,8
6093,8
6094,22
6095,22
6096,22
6097,17
6098,17
6099,8
6100,8
6101,4
6102,15
6103,15
6104,15
6105,15
6106,15
6107,15
6108,15
6109,15
6110,15
6111,15
6112,15
6113,15
6114,15
6115,14
6116,8
6117,8
6118,8
6119,8
6120,8
6121,8
6122,8
6123,8
6124,15
6125,15
6126,8
6127,17
6128,15
6129,15
6130,15
6131,15
6132,24
6133,15
6134,15
6135,15
6136,15
6137,15
6138,10
6139,10
6140,10
6141,3
6142,4
6143,4
6144,4
6145,22
6146,22
6147,15
6148,22
6149,22
6150,22
6151,8
6152,22
6153,8
6154,8
6155,8
6156,22
6157,22
6158,22
6159,22
6160,6
6161,6
6162,6
6163,6
6164,6
6165,6
6166,22
6167,22
6168,6
6169,6
6170,6
6171,1
6172,22
6173,22
6174,22
6175,8
6176,8
6177,8
6178,8
6179,15
6180,8
6181,15
6182,15
6183,1
6184,1
6185,15
6186,15
6187,15
6188,15
6189,15
6190,8
6191,8
6192,15
6193,15
6194,14
6195,14
6196,14
6197,14
6198,14
6199,14
6200,15
6201,15
6202,8
6203,8
6204,15
6205,8
6206,15
6207,20
6208,24
6209,24
6210,24
6211,1
6212,10
6213,10
6214,10
6215,10
6216,10
6217,10
6218,3
6219,14
6220,9
6221,9
6222,14
6223,14
6224,24
6225,14
6226,14
6227,10
6228,6
6229,19
6230,19
6231,19
6232,9
6233,9
6234,9
6235,26
6236,26
6237,26
6238,26
6239,26
6240,26
6241,26
6242,26
6243,26
6244,26
6245,3
6246,19
6247,24
6248,24
6249,9
6250,9
6251,9
6252,9
6253,9
6254,9
6255,9
6256,2
6257,2
6258,2
6259,9
6260,26
6261,26
6262,19
6263,26
6264,26
6265,21
6266,21
6267,21
6268,2
6269,5
6270,5
6271,5
6272,5
6273,5
6274,8
6275,8
6276,4
6277,4
6278,15
6279,15
6280,19
6281,19
6282,19
6283,19
6284,19
6285,19
6286,19
6287,19
6288,23
6289,19
6290,19
6291,19
6292,19
6293,19
6294,19
6295,19
6296,19
6297,19
6298,19
6299,19
6300,26
6301,19
6302,3
6303,3
6304,3
6305,3
6306,3
6307,3
6308,3
6309,1
6310,1
6311,1
6312,1
6313,1
6314,8
6315,14
6316,8
6317,1
6318,1
6319,23
6320,6
6321,24
6322,24
6323,4
6324,4
6325,26
6326,7
6327,7
6328,21
6329,21
6330,7
6331,7
6332,2
6333,2
6334,2
6335,2
6336,21
6337,1
6338,7
6339,7
6340,7
6341,7
6342,7
6343,7
6344,7
6345,7
6346,7
6347,7
6348,7
6349,7
6350,21
6351,7
6352,7
6353,7
6354,7
6355,7
6356,7
6357,7
6358,26
6359,7
6360,7
6361,2
6362,2
6363,2
6364,2
6365,2
6366,2
6367,2
6368,2
6369,2
6370,2
6371,2
6372,2
6373,6
6374,2
6375,6
6376,2
6377,24
6378,2
6379,4
6380,26
6381,6
6382,6
6383,7
6384,2
6385,2
6386,7
6387,7
6388,7
6389,7
6390,7
6391,7
6392,7
6393,7
6394,7
6395,7
6396,7
6397,7
6398,7
6399,7
6400,7
6401,7
6402,7
6403,7
6404,7
6405,7
6406,7
6407,7
6408,7
6409,7
6410,7
6411,7
6412,7
6413,7
6414,7
6415,7
6416,7
6417,7
6418,7
6419,7
6420,7
6421,7
6422,7
6423,7
6424,7
6425,7
6426,7
6427,7
6428,7
6429,7
6430,7
6431,7
6432,7
6433,5
6434,7
6435,7
6436,7
6437,7
6438,7
6439,7
6440,7
6441,7
6442,7
6443,7
6444,7
6445,7
6446,7
6447,7
6448,7
6449,7
6450,7
6451,7
6452,7
6453,7
6454,21
6455,7
6456,7
6457,7
6458,7
6459,7
6460,7
6461,7
6462,7
6463,7
6464,6
6465,7
6466,7
6467,23
6468,7
6469,7
6470,7
6471,7
6472,7
6473,7
6474,7
6475,7
6476,7
6477,7
6478,7
6479,7
6480,7
6481,7
6482,7
6483,7
6484,2
6485,2
6486,24
6487,24
6488,3
6489,26
6490,23
6491,23
6492,4
6493,19
6494,19
6495,19
6496,19
6497,19
6498,14
6499,17
6500,11
6501,11
6502,14
6503,14
6504,7
6505,15
6506,3
6507,3
6508,3
6509,15
6510,15
6511,22
6512,23
6513,15
6514,8
6515,3
6516,15
6517,6
6518,8
6519,14
6520,26
6521,26
6522,26
6523,26
6524,26
6525,22
6526,22
6527,22
6528,22
6529,22
6530,22
6531,22
6532,22
6533,22
6534,22
6535,23
6536,22
6537,16
6538,16
6539,24
6540,22
6541,21
6542,11
6543,11
6544,11
6545,22
6546,22
6547,7
6548,7
6549,7
6550,7
6551,7
6552,7
6553,7
6554,7
6555,7
6556,24
6557,16
6558,22
6559,24
6560,24
6561,6
6562,24
6563,15
6564,24
6565,19
6566,11
6567,6
6568,6
6569,24
6570,9
6571,3
6572,15
6573,15
6574,23
6575,23
6576,16
6577,19
6578,2
6579,2
6580,2
6581,24
6582,2
6583,7
6584,7
6585,7
6586,7
6587,7
6588,7
6589,7
6590,7
6591,7
6592,7
6593,7
6594,7
6595,7
6596,7
6597,7
6598,7
6599,7
6600,7
6601,7
6602,8
6603,8
6604,7
6605,7
6606,23
6607,7
6608,7
6609,10
6610,7
6611,7
6612,7
6613,7
6614,7
6615,14
6616,3
6617,7
6618,7
6619,7
6620,7
6621,7
6622,7
6623,7
6624,2
6625,7
6626,7
6627,7
6628,7
6629,7
6630,7
6631,7
6632,7
6633,7
6634,7
6635,23
6636,2
6637,9
6638,23
6639,10
6640,10
6641,15
6642,4
6643,8
6644,8
6645,8
6646,8
6647,8
6648,8
6649,8
6650,8
6651,8
6652,8
6653,7
6654,7
6655,7
6656,7
6657,7
6658,7
6659,7
6660,7
6661,7
6662,7
6663,8
6664,8
6665,8
6666,6
6667,6
6668,6
6669,7
6670,7
6671,7
6672,6
6673,6
6674,7
6675,9
6676,9
6677,24
6678,10
6679,10
6680,10
6681,10
6682,10
6683,10
6684,10
6685,10
6686,10
6687,10
6688,10
6689,11
6690,10
6691,24
6692,2
6693,15
6694,22
6695,22
6696,3
6697,9
6698,9
6699,15
6700,22
6701,9
6702,3
6703,3
6704,19
6705,19
6706,19
6707,4
6708,14
6709,23
6710,1
6711,11
6712,11
6713,24
6714,20
6715,20
6716,20
6717,20
6718,17
6719,23
6720,23
6721,23
6722,23
6723,12
6724,12
6725,12
6726,12
6727,12
6728,6
6729,7
6730,8
6731,20
6732,14
6733,3
6734,3
6735,3
6736,16
6737,16
6738,14
6739,14
6740,24
6741,24
6742,3
6743,9
6744,9
6745,9
6746,9
6747,9
6748,24
6749,23
6750,21
6751,21
6752,21
6753,21
6754,15
6755,15
6756,15
6757,4
6758,24
6759,24
6760,24
6761,15
6762,24
6763,8
6764,1
6765,21
6766,23
6767,7
6768,7
6769,24
6770,3
6771,3
6772,3
6773,3
6774,3
6775,3
6776,3
6777,3
6778,3
6779,3
6780,8
6781,26
6782,26
6783,26
6784,17
6785,17
6786,22
6787,17
6788,2
6789,2
6790,2
6791,4
6792,4
6793,4
6794,7
6795,4
6796,9
6797,9
6798,24
6799,24
6800,24
6801,8
6802,8
6803,8
6804,8
6805,8
6806,8
6807,22
6808,8
6809,8
6810,8
6811,22
6812,10
6813,10
6814,10
6815,10
6816,6
6817,6
6818,6
6819,6
6820,2
6821,4
6822,10
6823,10
6824,7
6825,7
6826,7
6827,7
6828,7
6829,5
6830,7
6831,7
6832,7
6833,26
6834,7
6835,7
6836,10
6837,7
6838,7
6839,7
6840,7
6841,7
6842,7
6843,23
6844,20
6845,4
6846,4
6847,7
6848,7
6849,23
6850,23
6851,23
6852,23
6853,23
6854,23
6855,23
6856,17
6857,24
6858,24
6859,21
6860,21
6861,21
6862,21
6863,7
6864,12
6865,21
6866,17
6867,3
6868,3
6869,10
6870,3
6871,17
6872,14
6873,14
6874,17
6875,17
6876,14
6877,14
6878,6
6879,26
6880,17
6881,2
6882,8
6883,8
6884,10
6885,7
6886,7
6887,10
6888,10
6889,21
6890,21
6891,7
6892,7
6893,7
6894,7
6895,6
6896,15
6897,15
6898,15
6899,15
6900,15
6901,15
6902,15
6903,6
6904,22
6905,11
6906,14
6907,14
6908,7
6909,7
6910,7
6911,26
6912,7
6913,7
6914,7
6915,7
6916,11
6917,7
6918,7
6919,7
6920,7
6921,7
6922,7
6923,8
6924,8
6925,22
6926,9
6927,8
6928,9
6929,9
6930,9
6931,9
6932,9
6933,9
6934,9
6935,9
6936,3
6937,3
6938,14
6939,14
6940,14
6941,14
6942,14
6943,2
6944,26
6945,3
6946,2
6947,2
6948,2
6949,24
6950,2
6951,2
6952,26
6953,3
6954,9
6955,24
6956,2
6957,2
6958,17
6959,26
6960,26
6961,22
6962,3
6963,24
6964,3
6965,26
6966,7
6967,23
6968,2
6969,2
6970,2
6971,2
6972,2
6973,4
6974,2
6975,3
6976,9
6977,9
6978,15
6979,15
6980,15
6981,22
6982,22
6983,17
6984,17
6985,17
6986,17
6987,17
6988,17
6989,24
6990,23
6991,23
6992,10
6993,10
6994,26
6995,2
6996,21
6997,3
6998,3
6999,3
7000,26
7001,26
7002,26
7003,26
7004,6
7005,4
7006,20
7007,4
7008,4
7009,6
7010,6
7011,6
7012,6
7013,6
7014,6
7015,6
7016,11
7017,11
7018,26
7019,26
7020,16
7021,16
7022,16
7023,16
7024,16
7025,16
7026,16
7027,16
7028,16
7029,16
7030,16
7031,16
7032,16
7033,16
7034,16
7035,16
7036,16
7037,16
7038,4
7039,21
7040,21
7041,21
7042,21
7043,4
7044,4
7045,24
7046,24
7047,24
7048,24
7049,26
7050,0
7051,23
7052,23
7053,23
7054,23
7055,7
7056,7
7057,7
7058,7
7059,7
7060,22
7061,22
7062,15
7063,15
7064,15
7065,15
7066,4
7067,23
7068,3
7069,3
7070,19
7071,15
7072,14
7073,1
7074,19
7075,19
7076,19
7077,17
7078,10
7079,10
7080,1
7081,1
7082,1
7083,1
7084,26
7085,9
7086,14
7087,2
7088,3
7089,1
7090,1
7091,6
7092,1
7093,9
7094,22
7095,22
7096,22
7097,22
7098,22
7099,24
7100,24
7101,22
7102,22
7103,22
7104,22
7105,22
7106,22
7107,17
7108,17
7109,14
7110,14
7111,14
7112,0
7113,0
7114,16
7115,16
7116,16
7117,16
7118,16
7119,16
7120,7
7121,7
7122,7
7123,7
7124,7
7125,7
7126,7
7127,7
7128,6
7129,15
7130,6
7131,6
7132,3
7133,3
7134,14
7135,3
7136,23
7137,23
7138,23
7139,16
7140,16
7141,16
7142,16
7143,16
7144,16
7145,16
7146,16
7147,17
7148,17
7149,17
7150,17
7151,10
7152,10
7153,10
7154,22
7155,22
7156,9
7157,9
7158,9
7159,9
7160,9
7161,9
7162,9
7163,9
7164,24
7165,3
7166,9
7167,9
7168,9
7169,9
7170,9
7171,9
7172,9
7173,9
7174,19
7175,3
7176,11
7177,20
7178,23
7179,23
7180,14
7181,14
7182,15
7183,15
7184,15
7185,15
7186,2
7187,8
7188,8
7189,8
7190,8
7191,8
7192,9
7193,9
7194,9
7195,9
7196,3
7197,17
7198,17
7199,8
7200,16
7201,24
7202,3
7203,3
7204,3
7205,24
7206,9
7207,9
7208,9
7209,9
7210,24
7211,2
7212,2
7213,2
7214,21
7215,6
7216,23
7217,23
7218,20
7219,20
7220,20
7221,20
7222,23
7223,23
7224,26
7225,26
7226,8
7227,23
7228,23
7229,23
7230,24
7231,23
7232,26
7233,8
7234,8
7235,8
7236,8
7237,24
7238,3
7239,3
7240,3
7241,3
7242,3
7243,3
7244,3
7245,7
7246,7
7247,8
7248,7
7249,1
7250,1
7251,22
7252,22
7253,22
7254,22
7255,8
7256,22
7257,22
7258,22
7259,22
7260,22
7261,22
7262,22
7263,22
7264,22
7265,22
7266,7
7267,8
7268,8
7269,8
7270,10
7271,10
7272,14
7273,23
7274,5
7275,5
7276,5
7277,17
7278,10
7279,10
7280,10
7281,10
7282,10
7283,24
7284,6
7285,17
7286,26
7287,10
7288,7
7289,20
7290,24
7291,24
7292,24
7293,15
7294,15
7295,15
7296,15
7297,19
7298,14
7299,14
7300,2
7301,2
7302,2
7303,8
7304,8
7305,8
7306,8
7307,8
7308,8
7309,8
7310,8
7311,8
7312,8
7313,8
7314,8
7315,8
7316,8
7317,8
7318,8
7319,8
7320,8
7321,8
7322,8
7323,8
7324,8
7325,8
7326,8
7327,18
7328,18
7329,8
7330,21
7331,17
7332,17
7333,9
7334,24
7335,24
7336,15
7337,15
7338,6
7339,6
7340,1
7341,22
7342,22
7343,14
7344,2
7345,9
7346,9
7347,3
7348,16
7349,24
7350,22
7351,22
7352,22
7353,17
7354,26
7355,24
7356,26
7357,26
7358,6
7359,6
7360,19
7361,24
7362,8
7363,8
7364,26
7365,26
7366,23
7367,7
7368,7
7369,2
7370,6
7371,6
7372,6
7373,8
7374,23
7375,23
7376,23
7377,23
7378,7
7379,1
7380,1
7381,9
7382,7
7383,3
7384,3
7385,7
7386,7
7387,7
7388,3
7389,3
7390,3
7391,3
7392,3
7393,15
7394,10
7395,15
7396,1
7397,1
7398,22
7399,22
7400,7
7401,7
7402,10
7403,10
7404,10
7405,10
7406,10
7407,9
7408,19
7409,19
7410,26
7411,24
7412,1
7413,1
7414,1
7415,7
7416,26
7417,10
7418,15
7419,10
7420,24
7421,24
7422,24
7423,24
7424,2
7425,4
7426,22
7427,22
7428,22
7429,22
7430,22
7431,22
7432,22
7433,2
7434,3
7435,14
7436,7
7437,14
7438,8
7439,8
7440,8
7441,8
7442,8
7443,8
7444,10
7445,23
7446,8
7447,14
7448,8
7449,8
7450,8
7451,6
7452,4
7453,22
7454,22
7455,22
7456,22
7457,17
7458,1
7459,1
7460,17
7461,3
7462,1
7463,1
7464,5
7465,5
7466,7
7467,22
7468,22
7469,22
7470,22
7471,15
7472,15
7473,22
7474,16
7475,4
7476,4
7477,6
7478,6
7479,6
7480,26
7481,19
7482,19
7483,19
7484,16
7485,16
7486,16
7487,16
7488,6
7489,6
7490,7
7491,17
7492,22
7493,22
7494,10
7495,10
7496,10
7497,15
7498,22
7499,22
7500,22
7501,22
7502,22
7503,3
7504,7
7505,7
7506,16
7507,20
7508,20
7509,20
7510,20
7511,3
7512,10
7513,23
7514,3
7515,3
7516,3
7517,22
7518,23
7519,8
7520,3
7521,1
7522,14
7523,14
7524,26
7525,11
7526,3
7527,9
7528,9
7529,6
7530,22
7531,24
7532,24
7533,24
7534,1
7535,9
7536,9
7537,9
7538,9
7539,9
7540,9
7541,6
7542,6
7543,6
7544,6
7545,10
7546,10
7547,22
7548,6
7549,17
7550,17
7551,17
7552,14
7553,14
7554,22
7555,22
7556,22
7557,22
7558,3
7559,14
7560,2
7561,5
7562,5
7563,5
7564,5
7565,5
7566,5
7567,10
7568,9
7569,9
7570,9
7571,9
7572,9
7573,7
7574,8
7575,23
7576,3
7577,3
7578,24
7579,9
7580,6
7581,17
7582,17
7583,24
7584,24
7585,24
7586,24
7587,10
7588,10
7589,6
7590,24
7591,23
7592,7
7593,7
7594,2
7595,2
7596,22
7597,22
7598,22
7599,8
7600,4
7601,2
7602,9
7603,9
7604,26
7605,24
7606,10
7607,6
7608,2
7609,2
7610,16
7611,6
7612,15
7613,6
7614,1
7615,17
7616,4
7617,4
7618,20
7619,20
7620,23
7621,23
7622,17
7623,8
7624,1
7625,22
7626,11
7627,24
7628,15
7629,15
7630,15
7631,8
7632,6
7633,6
7634,15
7635,14
7636,0
7637,0
7638,4
7639,22
7640,17
7641,14
7642,23
7643,10
7644,3
7645,3
7646,3
7647,3
7648,1
7649,16
7650,1
7651,7
7652,8
7653,4
7654,24
7655,15
7656,8
7657,8
7658,7
7659,26
7660,26
7661,17
7662,7
7663,8
7664,9
7665,9
7666,2
7667,2
7668,9
7669,3
7670,7
7671,17
7672,1
7673,4
7674,4
7675,2
7676,8
7677,8
7678,24
7679,26
7680,15
7681,14
7682,17
7683,16
7684,23
7685,15
7686,23
7687,23
7688,6
7689,2
7690,2
7691,17
7692,21
7693,2
7694,11
7695,16
7696,9
7697,23
7698,23
7699,23
7700,11
7701,16
7702,17
7703,26
7704,2
7705,15
7706,6
7707,6
7708,4
7709,26
7710,4
7711,6
7712,6
7713,8
7714,10
7715,20
7716,7
7717,17
7718,10
7719,4
7720,7
7721,7
7722,14
7723,15
7724,15
7725,14
7726,8
7727,20
7728,11
7729,19
7730,8
