node,community
0,11
1,11
2,11
3,11
4,11
5,11
6,11
7,11
8,11
9,11
10,10
11,25
12,1
13,25
14,3
15,11
16,11
17,11
18,11
19,11
20,11
21,11
22,11
23,11
24,11
25,16
26,10
27,10
28,10
29,25
30,25
31,25
32,1
33,1
34,25
35,25
36,25
37,25
38,1
39,1
40,17
41,11
42,1
43,1
44,11
45,1
46,25
47,25
48,1
49,25
50,25
51,19
52,25
53,1
54,25
55,25
56,25
57,3
58,3
59,11
60,11
61,11
62,11
63,11
64,11
65,11
66,11
67,11
68,11
69,25
70,11
71,1
72,1
73,1
74,1
75,1
76,1
77,1
78,1
79,1
80,1
81,1
82,1
83,1
84,1
85,1
86,1
87,1
88,1
89,1
90,1
91,1
92,1
93,1
94,1
95,1
96,1
97,1
98,1
99,1
100,4
101,1
102,1
103,1
104,1
105,1
106,1
107,1
108,1
109,1
110,1
111,1
112,1
113,1
114,1
115,1
116,4
117,1
118,1
119,1
120,10
121,10
122,10
123,10
124,15
125,15
126,15
127,15
128,15
129,15
130,15
131,26
132,15
133,10
134,15
135,15
136,15
137,15
138,15
139,25
140,1
141,10
142,15
143,17
144,1
145,25
146,10
147,15
148,15
149,15
150,24
151,15
152,15
153,15
154,1
155,12
156,15
157,16
158,16
159,1
160,16
161,15
162,17
163,17
164,5
165,5
166,5
167,1
168,16
169,17
170,1
171,5
172,5
173,1
174,17
175,5
176,1
177,1
178,1
179,25
180,18
181,18
182,18
183,18
184,18
185,18
186,18
187,18
188,18
189,18
190,18
191,18
192,18
193,18
194,1
195,18
196,1
197,1
198,1
199,18
200,18
201,14
202,18
203,24
204,1
205,18
206,18
207,18
208,18
209,18
210,18
211,1
212,18
213,24
214,18
215,18
216,18
217,18
218,18
219,18
220,18
221,18
222,18
223,18
224,18
225,18
226,18
227,18
228,18
229,18
230,18
231,18
232,18
233,18
234,18
235,18
236,18
237,18
238,18
239,18
240,18
241,18
242,18
243,18
244,18
245,14
246,14
247,14
248,18
249,18
250,18
251,18
252,16
253,18
254,18
255,18
256,18
257,18
258,18
259,11
260,11
261,11
262,11
263,11
264,11
265,11
266,11
267,11
268,10
269,16
270,16
271,16
272,16
273,16
274,16
275,16
276,16
277,16
278,1
279,16
280,5
281,10
282,16
283,7
284,16
285,16
286,16
287,16
288,17
289,17
290,16
291,16
292,17
293,16
294,16
295,16
296,3
297,15
298,16
299,16
300,16
301,16
302,16
303,16
304,16
305,16
306,16
307,16
308,0
309,15
310,15
311,16
312,16
313,16
314,16
315,16
316,16
317,5
318,16
319,17
320,16
321,16
322,16
323,16
324,3
325,10
326,16
327,16
328,16
329,16
330,1
331,3
332,10
333,15
334,16
335,15
336,16
337,16
338,16
339,15
340,16
341,17
342,16
343,16
344,16
345,16
346,16
347,16
348,16
349,16
350,16
351,3
352,16
353,16
354,16
355,16
356,16
357,16
358,17
359,16
360,16
361,17
362,16
363,17
364,25
365,16
366,16
367,23
368,16
369,19
370,16
371,16
372,16
373,16
374,16
375,16
376,16
377,16
378,16
379,19
380,16
381,19
382,10
383,16
384,16
385,16
386,16
387,10
388,16
389,16
390,16
391,16
392,16
393,16
394,5
395,5
396,16
397,16
398,17
399,1
400,1
401,0
402,0
403,0
404,17
405,15
406,16
407,10
408,10
409,10
410,5
411,10
412,10
413,10
414,10
415,15
416,15
417,15
418,1
419,16
420,16
421,16
422,16
423,16
424,16
425,16
426,16
427,16
428,5
429,17
430,17
431,25
432,25
433,25
434,25
435,25
436,16
437,16
438,12
439,7
440,4
441,16
442,16
443,16
444,16
445,17
446,4
447,16
448,16
449,23
450,23
451,23
452,23
453,23
454,23
455,23
456,23
457,10
458,23
459,7
460,7
461,16
462,16
463,16
464,16
465,12
466,16
467,16
468,19
469,17
470,17
471,17
472,1
473,7
474,17
475,17
476,17
477,17
478,17
479,7
480,17
481,17
482,17
483,17
484,17
485,1
486,17
487,17
488,17
489,17
490,17
491,17
492,17
493,17
494,16
495,17
496,17
497,17
498,17
499,15
500,5
501,17
502,5
503,15
504,15
505,15
506,16
507,16
508,16
509,16
510,1
511,16
512,16
513,16
514,16
515,16
516,2
517,2
518,2
519,2
520,2
521,2
522,3
523,3
524,3
525,3
526,3
527,2
528,2
529,3
530,3
531,3
532,3
533,1
534,10
535,10
536,10
537,3
538,1
539,10
540,3
541,1
542,4
543,4
544,25
545,25
546,25
547,25
548,25
549,1
550,1
551,25
552,4
553,4
554,4
555,4
556,1
557,4
558,4
559,4
560,4
561,4
562,11
563,4
564,4
565,4
566,4
567,4
568,25
569,3
570,3
571,3
572,3
573,16
574,16
575,10
576,10
577,10
578,10
579,17
580,2
581,11
582,18
583,11
584,11
585,11
586,11
587,11
588,11
589,11
590,11
591,11
592,11
593,11
594,11
595,26
596,26
597,26
598,13
599,13
600,13
601,18
602,11
603,13
604,13
605,13
606,13
607,13
608,13
609,13
610,13
611,13
612,13
613,13
614,13
615,24
616,13
617,24
618,13
619,13
620,13
621,24
622,24
623,24
624,13
625,13
626,15
627,18
628,24
629,17
630,15
631,15
632,17
633,17
634,17
635,17
636,13
637,15
638,15
639,17
640,17
641,5
642,15
643,15
644,15
645,15
646,15
647,17
648,15
649,10
650,10
651,11
652,11
653,11
654,11
655,11
656,24
657,15
658,15
659,24
660,24
661,24
662,5
663,24
664,24
665,24
666,24
667,5
668,24
669,24
670,15
671,15
672,24
673,24
674,5
675,15
676,15
677,24
678,15
679,15
680,17
681,24
682,15
683,15
684,12
685,12
686,11
687,11
688,0
689,0
690,0
691,0
692,0
693,0
694,0
695,0
696,0
697,25
698,25
699,25
700,25
701,11
702,11
703,11
704,11
705,11
706,5
707,22
708,11
709,11
710,11
711,11
712,11
713,25
714,25
715,25
716,22
717,2
718,2
719,2
720,2
721,2
722,2
723,5
724,2
725,2
726,23
727,10
728,23
729,23
730,16
731,16
732,16
733,16
734,22
735,22
736,2
737,12
738,17
739,2
740,23
741,23
742,4
743,4
744,4
745,4
746,4
747,1
748,16
749,1
750,1
751,1
752,1
753,1
754,16
755,1
756,5
757,15
758,17
759,17
760,1
761,1
762,1
763,1
764,1
765,18
766,13
767,5
768,5
769,17
770,5
771,5
772,18
773,7
774,5
775,5
776,5
777,1
778,5
779,5
780,5
781,26
782,5
783,5
784,5
785,17
786,5
787,24
788,24
789,18
790,7
791,24
792,24
793,24
794,24
795,18
796,5
797,5
798,24
799,13
800,13
801,13
802,13
803,13
804,18
805,24
806,5
807,18
808,24
809,5
810,5
811,1
812,1
813,17
814,17
815,24
816,5
817,5
818,17
819,1
820,26
821,17
822,17
823,17
824,17
825,17
826,5
827,5
828,5
829,5
830,5
831,17
832,17
833,5
834,17
835,5
836,5
837,15
838,15
839,5
840,15
841,17
842,15
843,15
844,18
845,17
846,1
847,1
848,1
849,1
850,1
851,1
852,1
853,16
854,16
855,5
856,5
857,5
858,24
859,24
860,24
861,15
862,24
863,24
864,24
865,24
866,24
867,24
868,13
869,24
870,24
871,24
872,24
873,24
874,24
875,13
876,13
877,24
878,10
879,10
880,13
881,13
882,13
883,13
884,13
885,13
886,13
887,13
888,24
889,13
890,13
891,13
892,13
893,13
894,13
895,5
896,13
897,3
898,13
899,13
900,13
901,13
902,13
903,13
904,13
905,13
906,13
907,24
908,15
909,15
910,15
911,15
912,24
913,15
914,15
915,13
916,24
917,13
918,20
919,12
920,20
921,20
922,20
923,20
924,5
925,5
926,5
927,5
928,5
929,5
930,5
931,5
932,26
933,5
934,5
935,5
936,5
937,15
938,15
939,5
940,5
941,5
942,24
943,1
944,5
945,5
946,5
947,5
948,11
949,11
950,0
951,14
952,5
953,5
954,5
955,24
956,24
957,24
958,24
959,24
960,24
961,17
962,17
963,17
964,5
965,17
966,17
967,17
968,17
969,17
970,7
971,0
972,24
973,24
974,24
975,24
976,18
977,24
978,24
979,24
980,24
981,10
982,10
983,10
984,15
985,15
986,1
987,15
988,15
989,15
990,15
991,24
992,15
993,15
994,12
995,12
996,12
997,16
998,12
999,16
1000,12
1001,12
1002,12
1003,12
1004,12
1005,12
1006,12
1007,12
1008,12
1009,12
1010,12
1011,12
1012,12
1013,12
1014,12
1015,12
1016,12
1017,12
1018,12
1019,12
1020,12
1021,12
1022,12
1023,13
1024,15
1025,15
1026,15
1027,15
1028,15
1029,15
1030,25
1031,25
1032,26
1033,26
1034,26
1035,26
1036,26
1037,24
1038,24
1039,5
1040,17
1041,15
1042,15
1043,17
1044,7
1045,24
1046,7
1047,7
1048,7
1049,7
1050,7
1051,7
1052,26
1053,7
1054,7
1055,17
1056,7
1057,15
1058,15
1059,15
1060,15
1061,15
1062,15
1063,15
1064,15
1065,15
1066,2
1067,1
1068,1
1069,1
1070,1
1071,1
1072,25
1073,23
1074,25
1075,25
1076,25
1077,25
1078,25
1079,25
1080,25
1081,25
1082,25
1083,25
1084,25
1085,25
1086,25
1087,26
1088,26
1089,16
1090,16
1091,16
1092,16
1093,5
1094,1
1095,1
1096,1
1097,1
1098,12
1099,1
1100,1
1101,25
1102,1
1103,1
1104,1
1105,1
1106,25
1107,25
1108,1
1109,1
1110,1
1111,4
1112,1
1113,4
1114,4
1115,4
1116,4
1117,11
1118,11
1119,14
1120,11
1121,7
1122,7
1123,7
1124,7
1125,15
1126,5
1127,5
1128,5
1129,5
1130,5
1131,5
1132,5
1133,5
1134,1
1135,1
1136,1
1137,16
1138,16
1139,16
1140,16
1141,16
1142,16
1143,16
1144,16
1145,16
1146,16
1147,16
1148,16
1149,16
1150,16
1151,15
1152,15
1153,19
1154,15
1155,12
1156,0
1157,12
1158,0
1159,0
1160,0
1161,0
1162,0
1163,0
1164,0
1165,0
1166,0
1167,0
1168,0
1169,0
1170,0
1171,0
1172,0
1173,12
1174,23
1175,23
1176,23
1177,23
1178,1
1179,1
1180,16
1181,16
1182,2
1183,2
1184,10
1185,10
1186,17
1187,17
1188,17
1189,17
1190,17
1191,17
1192,11
1193,11
1194,19
1195,1
1196,19
1197,19
1198,19
1199,11
1200,11
1201,11
1202,4
1203,4
1204,1
1205,1
1206,25
1207,1
1208,1
1209,1
1210,1
1211,15
1212,15
1213,18
1214,14
1215,14
1216,14
1217,7
1218,7
1219,7
1220,7
1221,14
1222,14
1223,14
1224,14
1225,14
1226,6
1227,6
1228,6
1229,6
1230,6
1231,6
1232,6
1233,11
1234,11
1235,11
1236,11
1237,16
1238,16
1239,25
1240,25
1241,25
1242,25
1243,25
1244,25
1245,25
1246,25
1247,25
1248,1
1249,4
1250,4
1251,4
1252,4
1253,4
1254,4
1255,4
1256,4
1257,4
1258,4
1259,4
1260,4
1261,4
1262,4
1263,4
1264,4
1265,4
1266,23
1267,23
1268,23
1269,3
1270,3
1271,3
1272,3
1273,3
1274,3
1275,3
1276,3
1277,3
1278,3
1279,3
1280,3
1281,3
1282,3
1283,3
1284,24
1285,3
1286,5
1287,5
1288,2
1289,2
1290,13
1291,3
1292,5
1293,3
1294,5
1295,5
1296,5
1297,5
1298,5
1299,5
1300,5
1301,5
1302,5
1303,5
1304,3
1305,7
1306,7
1307,7
1308,7
1309,7
1310,7
1311,7
1312,7
1313,7
1314,7
1315,7
1316,2
1317,2
1318,2
1319,2
1320,2
1321,2
1322,2
1323,17
1324,1
1325,2
1326,2
1327,2
1328,2
1329,2
1330,2
1331,13
1332,5
1333,5
1334,5
1335,5
1336,5
1337,5
1338,5
1339,5
1340,5
1341,5
1342,13
1343,5
1344,5
1345,5
1346,5
1347,5
1348,5
1349,5
1350,5
1351,5
1352,5
1353,5
1354,5
1355,5
1356,5
1357,5
1358,18
1359,5
1360,5
1361,18
1362,5
1363,5
1364,17
1365,18
1366,18
1367,5
1368,5
1369,16
1370,2
1371,2
1372,2
1373,2
1374,1
1375,2
1376,2
1377,17
1378,2
1379,2
1380,1
1381,2
1382,2
1383,1
1384,10
1385,1
1386,2
1387,2
1388,22
1389,2
1390,23
1391,2
1392,2
1393,25
1394,25
1395,25
1396,25
1397,25
1398,1
1399,1
1400,1
1401,17
1402,17
1403,17
1404,17
1405,17
1406,17
1407,17
1408,17
1409,17
1410,17
1411,17
1412,13
1413,13
1414,13
1415,17
1416,17
1417,3
1418,3
1419,16
1420,1
1421,4
1422,4
1423,17
1424,17
1425,17
1426,17
1427,17
1428,17
1429,17
1430,17
1431,17
1432,17
1433,17
1434,1
1435,17
1436,17
1437,17
1438,17
1439,17
1440,23
1441,17
1442,17
1443,17
1444,17
1445,17
1446,17
1447,1
1448,17
1449,17
1450,17
1451,17
1452,17
1453,17
1454,17
1455,17
1456,17
1457,17
1458,17
1459,1
1460,4
1461,17
1462,17
1463,24
1464,1
1465,4
1466,4
1467,4
1468,4
1469,23
1470,23
1471,23
1472,23
1473,1
1474,1
1475,9
1476,9
1477,15
1478,25
1479,11
1480,11
1481,25
1482,25
1483,25
1484,25
1485,17
1486,21
1487,21
1488,21
1489,21
1490,21
1491,21
1492,21
1493,21
1494,21
1495,21
1496,21
1497,21
1498,21
1499,21
1500,21
1501,21
1502,21
1503,21
1504,21
1505,21
1506,21
1507,21
1508,21
1509,21
1510,21
1511,21
1512,21
1513,21
1514,21
1515,21
1516,21
1517,21
1518,21
1519,21
1520,21
1521,21
1522,21
1523,21
1524,17
1525,24
1526,24
1527,24
1528,0
1529,17
1530,23
1531,23
1532,23
1533,23
1534,23
1535,22
1536,22
1537,22
1538,18
1539,18
1540,26
1541,18
1542,17
1543,17
1544,16
1545,16
1546,16
1547,16
1548,23
1549,23
1550,4
1551,4
1552,10
1553,17
1554,14
1555,10
1556,4
1557,4
1558,16
1559,16
1560,16
1561,16
1562,16
1563,16
1564,16
1565,16
1566,16
1567,16
1568,16
1569,16
1570,16
1571,16
1572,16
1573,16
1574,16
1575,16
1576,4
1577,4
1578,16
1579,16
1580,16
1581,19
1582,16
1583,16
1584,16
1585,19
1586,16
1587,19
1588,19
1589,16
1590,16
1591,16
1592,16
1593,16
1594,16
1595,16
1596,16
1597,19
1598,22
1599,16
1600,16
1601,19
1602,7
1603,19
1604,19
1605,19
1606,19
1607,19
1608,19
1609,19
1610,12
1611,19
1612,19
1613,7
1614,19
1615,16
1616,16
1617,19
1618,19
1619,19
1620,16
1621,19
1622,19
1623,16
1624,7
1625,7
1626,7
1627,7
1628,7
1629,7
1630,7
1631,7
1632,7
1633,7
1634,18
1635,7
1636,7
1637,7
1638,7
1639,7
1640,7
1641,7
1642,7
1643,0
1644,0
1645,0
1646,0
1647,0
1648,0
1649,0
1650,10
1651,10
1652,10
1653,10
1654,10
1655,24
1656,24
1657,24
1658,24
1659,7
1660,7
1661,14
1662,14
1663,14
1664,14
1665,5
1666,5
1667,24
1668,5
1669,17
1670,13
1671,4
1672,4
1673,4
1674,24
1675,24
1676,24
1677,24
1678,1
1679,1
1680,12
1681,18
1682,18
1683,24
1684,18
1685,14
1686,1
1687,1
1688,1
1689,1
1690,1
1691,1
1692,1
1693,1
1694,1
1695,1
1696,1
1697,1
1698,1
1699,1
1700,1
1701,1
1702,1
1703,1
1704,1
1705,1
1706,1
1707,1
1708,1
1709,1
1710,1
1711,1
1712,19
1713,17
1714,25
1715,21
1716,25
1717,25
1718,25
1719,21
1720,21
1721,21
1722,21
1723,21
1724,21
1725,21
1726,3
1727,3
1728,3
1729,3
1730,1
1731,11
1732,0
1733,0
1734,0
1735,0
1736,23
1737,23
1738,9
1739,18
1740,16
1741,16
1742,16
1743,16
1744,16
1745,16
1746,16
1747,16
1748,16
1749,16
1750,16
1751,5
1752,5
1753,10
1754,1
1755,1
1756,11
1757,11
1758,11
1759,11
1760,11
1761,11
1762,12
1763,12
1764,12
1765,10
1766,10
1767,21
1768,21
1769,22
1770,22
1771,22
1772,22
1773,22
1774,22
1775,16
1776,23
1777,23
1778,23
1779,7
1780,7
1781,7
1782,7
1783,7
1784,7
1785,7
1786,7
1787,7
1788,7
1789,18
1790,14
1791,14
1792,14
1793,0
1794,16
1795,16
1796,13
1797,1
1798,5
1799,5
1800,5
1801,5
1802,5
1803,5
1804,5
1805,23
1806,23
1807,23
1808,23
1809,23
1810,17
1811,17
1812,17
1813,17
1814,17
1815,2
1816,17
1817,1
1818,1
1819,21
1820,13
1821,26
1822,15
1823,11
1824,11
1825,11
1826,18
1827,18
1828,1
1829,1
1830,1
1831,1
1832,24
1833,1
1834,1
1835,17
1836,17
1837,1
1838,1
1839,1
1840,1
1841,1
1842,1
1843,1
1844,17
1845,3
1846,1
1847,24
1848,24
1849,24
1850,24
1851,24
1852,24
1853,24
1854,24
1855,24
1856,24
1857,24
1858,24
1859,24
1860,24
1861,24
1862,24
1863,24
1864,24
1865,24
1866,24
1867,24
1868,26
1869,24
1870,24
1871,24
1872,24
1873,24
1874,24
1875,24
1876,24
1877,12
1878,24
1879,24
1880,24
1881,24
1882,24
1883,24
1884,24
1885,24
1886,24
1887,24
1888,24
1889,24
1890,24
1891,18
1892,24
1893,24
1894,24
1895,24
1896,24
1897,24
1898,24
1899,1
1900,17
1901,24
1902,17
1903,1
1904,1
1905,1
1906,1
1907,1
1908,1
1909,1
1910,1
1911,1
1912,1
1913,1
1914,1
1915,1
1916,4
1917,1
1918,1
1919,1
1920,1
1921,1
1922,1
1923,1
1924,1
1925,1
1926,1
1927,1
1928,1
1929,1
1930,1
1931,16
1932,17
1933,1
1934,17
1935,1
1936,16
1937,1
1938,16
1939,1
1940,17
1941,1
1942,1
1943,1
1944,1
1945,1
1946,1
1947,1
1948,1
1949,17
1950,17
1951,17
1952,17
1953,1
1954,16
1955,16
1956,16
1957,16
1958,16
1959,16
1960,17
1961,16
1962,16
1963,16
1964,16
1965,24
1966,1
1967,1
1968,26
1969,1
1970,1
1971,1
1972,1
1973,17
1974,24
1975,24
1976,17
1977,24
1978,24
1979,24
1980,24
1981,24
1982,24
1983,24
1984,24
1985,24
1986,24
1987,24
1988,24
1989,24
1990,24
1991,24
1992,24
1993,24
1994,24
1995,24
1996,24
1997,24
1998,24
1999,24
2000,24
2001,24
2002,24
2003,24
2004,24
2005,24
2006,24
2007,24
2008,24
2009,24
2010,24
2011,24
2012,24
2013,24
2014,24
2015,24
2016,24
2017,24
2018,24
2019,24
2020,7
2021,24
2022,24
2023,24
2024,24
2025,24
2026,24
2027,24
2028,24
2029,24
2030,24
2031,24
2032,5
2033,24
2034,24
2035,24
2036,24
2037,24
2038,24
2039,24
2040,24
2041,24
2042,24
2043,24
2044,24
2045,24
2046,24
2047,24
2048,24
2049,24
2050,24
2051,24
2052,24
2053,24
2054,24
2055,24
2056,24
2057,26
2058,24
2059,24
2060,24
2061,24
2062,24
2063,24
2064,24
2065,24
2066,24
2067,24
2068,24
2069,22
2070,24
2071,24
2072,24
2073,24
2074,2
2075,24
2076,24
2077,24
2078,18
2079,5
2080,24
2081,24
2082,24
2083,24
2084,24
2085,24
2086,24
2087,24
2088,24
2089,24
2090,24
2091,24
2092,24
2093,24
2094,24
2095,24
2096,24
2097,24
2098,24
2099,24
2100,24
2101,24
2102,24
2103,24
2104,24
2105,24
2106,24
2107,24
2108,24
2109,4
2110,4
2111,4
2112,4
2113,11
2114,11
2115,1
2116,18
2117,18
2118,18
2119,18
2120,18
2121,25
2122,10
2123,10
2124,17
2125,24
2126,24
2127,23
2128,1
2129,1
2130,4
2131,4
2132,4
2133,1
2134,1
2135,23
2136,23
2137,23
2138,23
2139,12
2140,23
2141,23
2142,23
2143,25
2144,23
2145,1
2146,23
2147,23
2148,23
2149,14
2150,14
2151,14
2152,14
2153,14
2154,14
2155,14
2156,14
2157,14
2158,14
2159,12
2160,14
2161,7
2162,25
2163,25
2164,25
2165,25
2166,4
2167,12
2168,12
2169,12
2170,12
2171,24
2172,12
2173,12
2174,12
2175,12
2176,12
2177,12
2178,12
2179,12
2180,12
2181,12
2182,12
2183,12
2184,12
2185,12
2186,12
2187,12
2188,12
2189,12
2190,12
2191,12
2192,24
2193,24
2194,24
2195,24
2196,24
2197,24
2198,24
2199,24
2200,24
2201,24
2202,24
2203,26
2204,26
2205,24
2206,24
2207,24
2208,24
2209,14
2210,14
2211,14
2212,14
2213,14
2214,14
2215,14
2216,14
2217,14
2218,14
2219,14
2220,14
2221,12
2222,12
2223,13
2224,13
2225,13
2226,13
2227,13
2228,13
2229,13
2230,1
2231,1
2232,1
2233,1
2234,1
2235,1
2236,17
2237,1
2238,24
2239,24
2240,15
2241,24
2242,24
2243,24
2244,24
2245,24
2246,24
2247,24
2248,24
2249,24
2250,24
2251,24
2252,24
2253,24
2254,24
2255,24
2256,24
2257,24
2258,24
2259,24
2260,24
2261,24
2262,24
2263,24
2264,24
2265,24
2266,24
2267,24
2268,24
2269,23
2270,23
2271,23
2272,23
2273,23
2274,23
2275,23
2276,24
2277,24
2278,5
2279,5
2280,5
2281,24
2282,4
2283,24
2284,24
2285,7
2286,7
2287,24
2288,24
2289,24
2290,24
2291,19
2292,1
2293,24
2294,24
2295,24
2296,24
2297,24
2298,14
2299,24
2300,24
2301,8
2302,24
2303,24
2304,24
2305,24
2306,24
2307,24
2308,24
2309,24
2310,24
2311,24
2312,13
2313,17
2314,17
2315,11
2316,16
2317,16
2318,16
2319,17
2320,23
2321,23
2322,23
2323,23
2324,23
2325,23
2326,23
2327,23
2328,23
2329,24
2330,24
2331,24
2332,24
2333,24
2334,24
2335,24
2336,24
2337,24
2338,24
2339,22
2340,22
2341,22
2342,22
2343,24
2344,24
2345,24
2346,24
2347,16
2348,13
2349,1
2350,17
2351,16
2352,16
2353,16
2354,16
2355,16
2356,16
2357,16
2358,16
2359,5
2360,24
2361,24
2362,25
2363,25
2364,25
2365,25
2366,25
2367,7
2368,7
2369,7
2370,7
2371,7
2372,7
2373,7
2374,7
2375,7
2376,7
2377,7
2378,7
2379,7
2380,7
2381,7
2382,7
2383,7
2384,7
2385,1
2386,1
2387,1
2388,22
2389,22
2390,22
2391,12
2392,12
2393,16
2394,13
2395,25
2396,1
2397,1
2398,1
2399,16
2400,13
2401,13
2402,13
2403,13
2404,13
2405,13
2406,17
2407,7
2408,7
2409,7
2410,7
2411,17
2412,17
2413,17
2414,17
2415,17
2416,17
2417,24
2418,18
2419,24
2420,24
2421,16
2422,10
2423,4
2424,4
2425,3
2426,4
2427,4
2428,4
2429,4
2430,4
2431,4
2432,4
2433,14
2434,14
2435,14
2436,11
2437,11
2438,11
2439,11
2440,11
2441,2
2442,22
2443,5
2444,23
2445,26
2446,26
2447,13
2448,18
2449,18
2450,4
2451,4
2452,4
2453,4
2454,4
2455,4
2456,4
2457,4
2458,4
2459,4
2460,4
2461,4
2462,4
2463,4
2464,4
2465,4
2466,1
2467,1
2468,4
2469,1
2470,4
2471,1
2472,4
2473,1
2474,21
2475,4
2476,25
2477,25
2478,25
2479,14
2480,14
2481,14
2482,14
2483,14
2484,1
2485,1
2486,1
2487,1
2488,17
2489,17
2490,17
2491,17
2492,17
2493,17
2494,17
2495,17
2496,17
2497,1
2498,1
2499,21
2500,21
2501,21
2502,21
2503,21
2504,21
2505,21
2506,12
2507,21
2508,21
2509,21
2510,21
2511,21
2512,12
2513,7
2514,7
2515,7
2516,7
2517,7
2518,16
2519,16
2520,16
2521,1
2522,16
2523,16
2524,16
2525,7
2526,7
2527,7
2528,7
2529,18
2530,18
2531,18
2532,18
2533,18
2534,18
2535,18
2536,18
2537,18
2538,18
2539,18
2540,18
2541,18
2542,18
2543,18
2544,18
2545,7
2546,7
2547,7
2548,17
2549,18
2550,18
2551,18
2552,18
2553,18
2554,18
2555,18
2556,5
2557,18
2558,17
2559,17
2560,7
2561,17
2562,18
2563,18
2564,5
2565,5
2566,18
2567,18
2568,18
2569,18
2570,18
2571,22
2572,22
2573,22
2574,22
2575,24
2576,25
2577,10
2578,17
2579,17
2580,17
2581,26
2582,1
2583,1
2584,14
2585,14
2586,14
2587,14
2588,11
2589,11
2590,12
2591,14
2592,14
2593,14
2594,14
2595,14
2596,4
2597,4
2598,1
2599,1
2600,1
2601,7
2602,24
2603,24
2604,7
2605,7
2606,7
2607,7
2608,26
2609,26
2610,26
2611,24
2612,24
2613,24
2614,24
2615,24
2616,22
2617,22
2618,22
2619,22
2620,22
2621,22
2622,22
2623,22
2624,22
2625,22
2626,22
2627,22
2628,25
2629,25
2630,6
2631,6
2632,6
2633,6
2634,6
2635,6
2636,6
2637,24
2638,24
2639,24
2640,24
2641,24
2642,15
2643,18
2644,24
2645,24
2646,24
2647,17
2648,4
2649,4
2650,24
2651,24
2652,24
2653,24
2654,10
2655,10
2656,5
2657,17
2658,1
2659,24
2660,24
2661,21
2662,21
2663,21
2664,21
2665,11
2666,11
2667,11
2668,11
2669,10
2670,11
2671,11
2672,11
2673,11
2674,19
2675,1
2676,14
2677,1
2678,1
2679,1
2680,1
2681,23
2682,25
2683,4
2684,4
2685,1
2686,1
2687,1
2688,1
2689,1
2690,14
2691,14
2692,1
2693,4
2694,1
2695,1
2696,1
2697,1
2698,1
2699,19
2700,19
2701,4
2702,4
2703,4
2704,23
2705,18
2706,25
2707,4
2708,1
2709,4
2710,1
2711,1
2712,1
2713,11
2714,1
2715,1
2716,14
2717,11
2718,14
2719,14
2720,14
2721,14
2722,14
2723,1
2724,1
2725,1
2726,0
2727,14
2728,0
2729,1
2730,5
2731,1
2732,14
2733,14
2734,14
2735,14
2736,14
2737,14
2738,14
2739,14
2740,12
2741,14
2742,14
2743,1
2744,1
2745,5
2746,4
2747,4
2748,4
2749,4
2750,4
2751,23
2752,18
2753,24
2754,18
2755,1
2756,1
2757,1
2758,1
2759,1
2760,4
2761,4
2762,1
2763,4
2764,25
2765,25
2766,1
2767,1
2768,11
2769,11
2770,11
2771,4
2772,4
2773,4
2774,4
2775,16
2776,16
2777,6
2778,6
2779,5
2780,5
2781,7
2782,7
2783,7
2784,1
2785,18
2786,14
2787,24
2788,1
2789,1
2790,1
2791,4
2792,26
2793,14
2794,14
2795,14
2796,14
2797,17
2798,16
2799,16
2800,17
2801,17
2802,16
2803,16
2804,16
2805,16
2806,16
2807,16
2808,16
2809,16
2810,16
2811,16
2812,16
2813,16
2814,10
2815,14
2816,14
2817,14
2818,14
2819,14
2820,14
2821,14
2822,14
2823,14
2824,14
2825,14
2826,14
2827,14
2828,14
2829,14
2830,14
2831,14
2832,14
2833,14
2834,26
2835,26
2836,26
2837,26
2838,26
2839,17
2840,17
2841,17
2842,17
2843,18
2844,18
2845,25
2846,25
2847,25
2848,25
2849,25
2850,13
2851,13
2852,13
2853,24
2854,21
2855,21
2856,5
2857,23
2858,23
2859,2
2860,2
2861,17
2862,2
2863,2
2864,2
2865,2
2866,2
2867,2
2868,17
2869,17
2870,17
2871,17
2872,13
2873,4
2874,4
2875,22
2876,22
2877,7
2878,7
2879,7
2880,7
2881,1
2882,1
2883,11
2884,11
2885,16
2886,18
2887,25
2888,25
2889,25
2890,25
2891,25
2892,25
2893,25
2894,25
2895,25
2896,25
2897,25
2898,25
2899,25
2900,23
2901,23
2902,10
2903,10
2904,14
2905,12
2906,12
2907,12
2908,12
2909,12
2910,12
2911,12
2912,12
2913,12
2914,12
2915,12
2916,12
2917,12
2918,12
2919,12
2920,12
2921,12
2922,12
2923,12
2924,12
2925,12
2926,12
2927,12
2928,12
2929,14
2930,12
2931,12
2932,12
2933,12
2934,12
2935,14
2936,14
2937,14
2938,14
2939,14
2940,23
2941,23
2942,22
2943,14
2944,14
2945,14
2946,14
2947,14
2948,14
2949,14
2950,11
2951,14
2952,24
2953,24
2954,24
2955,24
2956,6
2957,24
2958,6
2959,24
2960,24
2961,16
2962,17
2963,16
2964,16
2965,16
2966,16
2967,4
2968,16
2969,17
2970,17
2971,19
2972,17
2973,4
2974,4
2975,1
2976,4
2977,1
2978,1
2979,4
2980,1
2981,1
2982,4
2983,4
2984,4
2985,5
2986,4
2987,14
2988,14
2989,14
2990,14
2991,14
2992,14
2993,14
2994,14
2995,14
2996,14
2997,6
2998,6
2999,6
3000,6
3001,6
3002,6
3003,7
3004,7
3005,12
3006,12
3007,12
3008,11
3009,11
3010,11
3011,11
3012,11
3013,11
3014,11
3015,11
3016,11
3017,11
3018,4
3019,11
3020,25
3021,11
3022,11
3023,11
3024,11
3025,11
3026,11
3027,11
3028,11
3029,1
3030,17
3031,17
3032,17
3033,17
3034,1
3035,1
3036,1
3037,21
3038,21
3039,21
3040,21
3041,23
3042,23
3043,23
3044,23
3045,23
3046,4
3047,4
3048,4
3049,4
3050,6
3051,6
3052,21
3053,17
3054,14
3055,4
3056,1
3057,17
3058,11
3059,11
3060,11
3061,11
3062,11
3063,1
3064,1
3065,1
3066,26
3067,16
3068,13
3069,13
3070,13
3071,17
3072,17
3073,17
3074,17
3075,5
3076,5
3077,21
3078,5
3079,5
3080,5
3081,7
3082,7
3083,5
3084,21
3085,21
3086,21
3087,21
3088,21
3089,21
3090,1
3091,10
3092,10
3093,10
3094,10
3095,10
3096,1
3097,24
3098,24
3099,23
3100,7
3101,7
3102,12
3103,12
3104,12
3105,12
3106,12
3107,12
3108,12
3109,12
3110,12
3111,12
3112,12
3113,12
3114,12
3115,12
3116,12
3117,12
3118,12
3119,12
3120,12
3121,12
3122,12
3123,12
3124,12
3125,12
3126,12
3127,12
3128,12
3129,12
3130,12
3131,5
3132,24
3133,24
3134,24
3135,13
3136,21
3137,21
3138,12
3139,0
3140,21
3141,0
3142,0
3143,0
3144,0
3145,0
3146,0
3147,0
3148,5
3149,5
3150,5
3151,5
3152,5
3153,5
3154,5
3155,14
3156,17
3157,17
3158,16
3159,6
3160,10
3161,4
3162,4
3163,1
3164,1
3165,1
3166,1
3167,1
3168,21
3169,21
3170,21
3171,21
3172,21
3173,21
3174,21
3175,21
3176,21
3177,21
3178,21
3179,21
3180,21
3181,21
3182,21
3183,21
3184,21
3185,21
3186,21
3187,21
3188,21
3189,21
3190,21
3191,21
3192,21
3193,21
3194,21
3195,21
3196,23
3197,23
3198,23
3199,22
3200,22
3201,22
3202,22
3203,21
3204,26
3205,26
3206,6
3207,6
3208,6
3209,7
3210,6
3211,16
3212,16
3213,5
3214,5
3215,12
3216,12
3217,12
3218,12
3219,1
3220,11
3221,11
3222,11
3223,11
3224,11
3225,11
3226,11
3227,14
3228,14
3229,11
3230,11
3231,14
3232,1
3233,14
3234,14
3235,14
3236,14
3237,14
3238,14
3239,14
3240,14
3241,16
3242,16
3243,16
3244,16
3245,16
3246,22
3247,22
3248,22
3249,25
3250,25
3251,25
3252,21
3253,14
3254,14
3255,14
3256,18
3257,24
3258,24
3259,1
3260,1
3261,1
3262,22
3263,22
3264,22
3265,19
3266,7
3267,4
3268,16
3269,21
3270,15
3271,15
3272,15
3273,15
3274,15
3275,12
3276,10
3277,10
3278,10
3279,10
3280,24
3281,1
3282,1
3283,1
3284,1
3285,24
3286,24
3287,24
3288,10
3289,10
3290,10
3291,10
3292,10
3293,12
3294,12
3295,12
3296,12
3297,12
3298,12
3299,7
3300,12
3301,12
3302,25
3303,25
3304,25
3305,25
3306,4
3307,4
3308,3
3309,3
3310,21
3311,12
3312,12
3313,12
3314,12
3315,24
3316,24
3317,17
3318,0
3319,0
3320,0
3321,0
3322,0
3323,0
3324,14
3325,14
3326,14
3327,10
3328,10
3329,10
3330,10
3331,10
3332,10
3333,10
3334,24
3335,23
3336,23
3337,7
3338,23
3339,7
3340,25
3341,25
3342,25
3343,25
3344,25
3345,25
3346,25
3347,25
3348,25
3349,25
3350,0
3351,11
3352,17
3353,12
3354,12
3355,12
3356,12
3357,12
3358,12
3359,12
3360,1
3361,4
3362,4
3363,24
3364,12
3365,12
3366,16
3367,12
3368,21
3369,21
3370,21
3371,21
3372,21
3373,21
3374,3
3375,3
3376,18
3377,23
3378,21
3379,21
3380,21
3381,23
3382,23
3383,23
3384,23
3385,21
3386,21
3387,14
3388,14
3389,5
3390,18
3391,5
3392,5
3393,12
3394,12
3395,24
3396,12
3397,12
3398,12
3399,12
3400,12
3401,12
3402,12
3403,12
3404,4
3405,2
3406,14
3407,5
3408,16
3409,16
3410,16
3411,16
3412,5
3413,18
3414,14
3415,25
3416,14
3417,4
3418,14
3419,14
3420,14
3421,14
3422,25
3423,2
3424,2
3425,2
3426,2
3427,20
3428,20
3429,20
3430,20
3431,20
3432,20
3433,17
3434,6
3435,6
3436,12
3437,12
3438,7
3439,12
3440,12
3441,12
3442,12
3443,12
3444,25
3445,1
3446,1
3447,1
3448,18
3449,18
3450,14
3451,17
3452,17
3453,17
3454,17
3455,0
3456,0
3457,1
3458,7
3459,16
3460,10
3461,10
3462,11
3463,12
3464,12
3465,5
3466,23
3467,25
3468,4
3469,4
3470,4
3471,19
3472,4
3473,1
3474,17
3475,17
3476,10
3477,21
3478,11
3479,11
3480,12
3481,12
3482,12
3483,12
3484,12
3485,12
3486,11
3487,11
3488,11
3489,11
3490,23
3491,10
3492,10
3493,10
3494,23
3495,23
3496,23
3497,23
3498,23
3499,23
3500,23
3501,2
3502,2
3503,2
3504,2
3505,2
3506,7
3507,7
3508,7
3509,7
3510,25
3511,16
3512,6
3513,6
3514,6
3515,19
3516,0
3517,19
3518,19
3519,19
3520,12
3521,0
3522,0
3523,2
3524,2
3525,2
3526,7
3527,24
3528,12
3529,1
3530,4
3531,18
3532,18
3533,18
3534,18
3535,18
3536,18
3537,7
3538,11
3539,11
3540,11
3541,16
3542,11
3543,11
3544,1
3545,24
3546,25
3547,25
3548,18
3549,1
3550,1
3551,11
3552,16
3553,11
3554,6
3555,6
3556,11
3557,11
3558,11
3559,11
3560,7
3561,7
3562,7
3563,12
3564,16
3565,1
3566,11
3567,11
3568,1
3569,1
3570,1
3571,12
3572,12
3573,12
3574,21
3575,21
3576,3
3577,3
3578,23
3579,10
3580,10
3581,10
3582,10
3583,10
3584,10
3585,22
3586,0
3587,2
3588,18
3589,16
3590,8
3591,8
3592,8
3593,12
3594,12
3595,12
3596,14
3597,19
3598,23
3599,10
3600,16
3601,6
3602,19
3603,17
3604,17
3605,17
3606,18
3607,18
3608,14
3609,1
3610,21
3611,5
3612,0
3613,21
3614,0
3615,10
3616,22
3617,4
3618,4
3619,4
3620,4
3621,16
3622,21
3623,16
3624,16
3625,23
3626,2
3627,1
3628,4
3629,1
3630,1
3631,17
3632,23
3633,12
3634,23
3635,19
3636,16
3637,4
3638,10
3639,10
3640,10
3641,1
3642,22
3643,22
3644,5
3645,5
3646,14
3647,10
3648,24
3649,21
3650,1
3651,1
3652,20
3653,2
3654,12
3655,13
3656,23
3657,2
3658,21
3659,23
3660,21
3661,21
3662,1
3663,14
3664,21
3665,11
3666,11
3667,4
3668,23
3669,10
3670,25
3671,25
3672,24
3673,24
3674,2
3675,25
3676,25
3677,14
3678,1
3679,1
3680,23
3681,23
3682,24
3683,11
3684,11
3685,11
3686,4
3687,4
3688,14
3689,23
3690,4
3691,14
3692,13
3693,2
3694,7
3695,15
3696,15
3697,16
3698,1
3699,1
3700,1
3701,12
3702,12
3703,12
3704,6
3705,24
3706,1
3707,14
3708,25
3709,25
3710,25
3711,18
3712,25
3713,11
3714,3
3715,3
3716,1
3717,10
3718,14
3719,11
3720,18
3721,24
3722,12
3723,12
3724,2
3725,1
3726,22
3727,22
3728,16
3729,22
3730,1
3731,1
3732,24
3733,12
3734,1
3735,17
3736,17
3737,18
3738,5
3739,5
3740,16
3741,16
3742,21
3743,7
3744,17
3745,22
3746,24
3747,13
3748,6
3749,16
3750,1
3751,1
3752,6
3753,15
3754,22
3755,11
3756,21
3757,17
3758,7
3759,23
