node,community
0,1
1,1
2,23
3,1
4,1
5,1
6,1
7,1
8,1
9,1
10,1
11,23
12,22
13,8
14,8
15,23
16,23
17,23
18,23
19,23
20,23
21,23
22,8
23,23
24,8
25,14
26,22
27,14
28,8
29,23
30,23
31,23
32,23
33,23
34,23
35,23
36,23
37,20
38,23
39,8
40,8
41,8
42,8
43,8
44,8
45,8
46,8
47,8
48,8
49,14
50,14
51,14
52,19
53,19
54,14
55,23
56,14
57,14
58,14
59,14
60,14
61,22
62,23
63,22
64,22
65,0
66,22
67,23
68,22
69,14
70,14
71,1
72,14
73,14
74,14
75,13
76,14
77,14
78,14
79,14
80,14
81,14
82,14
83,14
84,14
85,14
86,14
87,19
88,14
89,14
90,14
91,23
92,8
93,8
94,23
95,23
96,23
97,1
98,23
99,23
100,23
101,23
102,23
103,23
104,14
105,2
106,23
107,23
108,14
109,14
110,14
111,14
112,19
113,14
114,19
115,14
116,14
117,14
118,14
119,14
120,14
121,14
122,14
123,14
124,14
125,14
126,14
127,14
128,14
129,14
130,19
131,14
132,19
133,14
134,19
135,14
136,14
137,14
138,14
139,19
140,19
141,19
142,19
143,14
144,14
145,14
146,14
147,14
148,14
149,14
150,21
151,14
152,14
153,14
154,14
155,14
156,14
157,14
158,14
159,14
160,14
161,14
162,14
163,14
164,14
165,14
166,14
167,14
168,14
169,14
170,14
171,14
172,14
173,14
174,27
175,14
176,14
177,14
178,14
179,14
180,14
181,0
182,0
183,0
184,0
185,0
186,21
187,21
188,21
189,14
190,21
191,21
192,21
193,8
194,21
195,21
196,21
197,21
198,21
199,21
200,21
201,21
202,21
203,21
204,21
205,21
206,21
207,21
208,21
209,21
210,21
211,21
212,19
213,21
214,19
215,21
216,21
217,0
218,21
219,21
220,8
221,21
222,21
223,21
224,21
225,21
226,21
227,14
228,14
229,14
230,0
231,19
232,22
233,14
234,0
235,14
236,0
237,19
238,19
239,19
240,21
241,19
242,19
243,19
244,21
245,14
246,19
247,19
248,19
249,9
250,19
251,19
252,19
253,19
254,8
255,19
256,19
257,22
258,22
259,21
260,14
261,21
262,21
263,19
264,14
265,8
266,21
267,19
268,15
269,21
270,19
271,22
272,21
273,14
274,14
275,14
276,14
277,14
278,14
279,14
280,14
281,13
282,14
283,14
284,14
285,14
286,14
287,14
288,14
289,14
290,14
291,14
292,14
293,14
294,14
295,14
296,27
297,14
298,14
299,14
300,1
301,19
302,14
303,14
304,14
305,14
306,14
307,1
308,14
309,14
310,14
311,26
312,14
313,13
314,13
315,17
316,13
317,27
318,14
319,14
320,14
321,14
322,14
323,14
324,14
325,14
326,14
327,14
328,14
329,14
330,14
331,14
332,14
333,14
334,14
335,14
336,14
337,14
338,14
339,14
340,14
341,27
342,14
343,14
344,14
345,19
346,14
347,14
348,14
349,14
350,14
351,14
352,14
353,14
354,14
355,14
356,19
357,14
358,14
359,14
360,14
361,13
362,19
363,14
364,14
365,19
366,14
367,19
368,14
369,14
370,14
371,14
372,21
373,21
374,21
375,21
376,19
377,19
378,21
379,21
380,19
381,21
382,21
383,21
384,21
385,21
386,21
387,21
388,21
389,21
390,21
391,21
392,21
393,26
394,8
395,21
396,21
397,21
398,21
399,21
400,21
401,26
402,21
403,21
404,28
405,21
406,21
407,21
408,21
409,21
410,21
411,21
412,21
413,21
414,21
415,21
416,21
417,26
418,21
419,21
420,26
421,21
422,26
423,26
424,21
425,21
426,7
427,21
428,26
429,21
430,21
431,21
432,8
433,21
434,21
435,21
436,21
437,21
438,21
439,21
440,21
441,19
442,19
443,19
444,26
445,14
446,26
447,14
448,14
449,19
450,14
451,14
452,14
453,14
454,19
455,14
456,22
457,14
458,21
459,19
460,19
461,19
462,21
463,19
464,28
465,14
466,14
467,14
468,14
469,14
470,14
471,28
472,21
473,21
474,28
475,28
476,28
477,28
478,28
479,28
480,28
481,28
482,28
483,28
484,28
485,28
486,28
487,28
488,8
489,19
490,21
491,28
492,28
493,28
494,16
495,28
496,28
497,10
498,28
499,9
500,28
501,28
502,16
503,28
504,28
505,28
506,28
507,28
508,28
509,9
510,28
511,28
512,28
513,28
514,28
515,28
516,28
517,15
518,15
519,15
520,28
521,28
522,28
523,28
524,28
525,28
526,28
527,28
528,28
529,28
530,28
531,28
532,28
533,28
534,28
535,28
536,28
537,28
538,28
539,28
540,28
541,28
542,28
543,28
544,28
545,28
546,28
547,28
548,20
549,28
550,28
551,28
552,28
553,16
554,28
555,28
556,28
557,28
558,28
559,28
560,28
561,28
562,17
563,28
564,28
565,10
566,10
567,28
568,28
569,15
570,28
571,28
572,28
573,28
574,28
575,28
576,15
577,28
578,28
579,28
580,19
581,19
582,19
583,19
584,19
585,19
586,20
587,20
588,20
589,20
590,20
591,20
592,20
593,23
594,23
595,14
596,8
597,8
598,8
599,8
600,8
601,8
602,8
603,8
604,8
605,8
606,8
607,8
608,8
609,8
610,13
611,26
612,8
613,8
614,13
615,6
616,8
617,21
618,13
619,22
620,21
621,8
622,8
623,22
624,8
625,8
626,8
627,26
628,8
629,8
630,8
631,8
632,8
633,13
634,8
635,13
636,8
637,28
638,8
639,17
640,8
641,8
642,8
643,8
644,8
645,8
646,8
647,8
648,26
649,8
650,21
651,8
652,8
653,8
654,8
655,26
656,8
657,8
658,8
659,8
660,13
661,8
662,8
663,8
664,8
665,8
666,8
667,2
668,8
669,8
670,26
671,13
672,8
673,22
674,8
675,8
676,21
677,21
678,8
679,8
680,8
681,8
682,8
683,8
684,22
685,8
686,13
687,13
688,13
689,13
690,13
691,13
692,13
693,13
694,26
695,13
696,13
697,8
698,13
699,13
700,8
701,7
702,21
703,8
704,8
705,22
706,13
707,21
708,13
709,13
710,13
711,27
712,13
713,13
714,13
715,13
716,8
717,13
718,13
719,13
720,13
721,13
722,13
723,13
724,13
725,13
726,13
727,13
728,13
729,13
730,13
731,13
732,13
733,13
734,13
735,13
736,13
737,13
738,13
739,13
740,13
741,8
742,8
743,21
744,8
745,8
746,22
747,28
748,28
749,28
750,17
751,17
752,17
753,17
754,17
755,21
756,8
757,8
758,8
759,8
760,8
761,26
762,8
763,8
764,8
765,8
766,8
767,19
768,19
769,19
770,19
771,8
772,8
773,8
774,8
775,8
776,8
777,8
778,8
779,12
780,12
781,12
782,12
783,12
784,12
785,10
786,12
787,12
788,12
789,12
790,19
791,12
792,21
793,15
794,12
795,12
796,21
797,21
798,21
799,21
800,13
801,21
802,19
803,19
804,19
805,19
806,19
807,19
808,19
809,22
810,14
811,28
812,16
813,21
814,21
815,9
816,19
817,21
818,21
819,21
820,22
821,21
822,18
823,21
824,19
825,8
826,26
827,21
828,21
829,21
830,22
831,22
832,21
833,8
834,13
835,13
836,13
837,13
838,13
839,13
840,13
841,0
842,0
843,19
844,0
845,0
846,0
847,0
848,0
849,0
850,0
851,0
852,0
853,9
854,0
855,0
856,0
857,0
858,0
859,8
860,26
861,21
862,21
863,21
864,21
865,21
866,13
867,13
868,23
869,13
870,13
871,13
872,13
873,13
874,13
875,2
876,17
877,6
878,13
879,13
880,13
881,13
882,13
883,22
884,14
885,13
886,13
887,27
888,27
889,27
890,27
891,27
892,27
893,27
894,27
895,27
896,27
897,27
898,27
899,6
900,6
901,13
902,13
903,13
904,13
905,13
906,13
907,13
908,13
909,13
910,8
911,13
912,13
913,15
914,8
915,8
916,8
917,27
918,13
919,13
920,2
921,13
922,2
923,13
924,13
925,13
926,22
927,22
928,22
929,16
930,22
931,22
932,22
933,22
934,22
935,16
936,22
937,22
938,22
939,22
940,21
941,8
942,28
943,21
944,21
945,28
946,7
947,21
948,21
949,21
950,22
951,21
952,21
953,21
954,16
955,21
956,21
957,21
958,21
959,17
960,17
961,17
962,17
963,17
964,17
965,17
966,17
967,17
968,6
969,17
970,17
971,17
972,17
973,17
974,17
975,17
976,17
977,17
978,17
979,17
980,17
981,17
982,17
983,17
984,17
985,17
986,17
987,17
988,17
989,17
990,17
991,17
992,17
993,17
994,17
995,17
996,3
997,17
998,17
999,17
1000,17
1001,17
1002,6
1003,17
1004,17
1005,17
1006,17
1007,17
1008,6
1009,17
1010,17
1011,17
1012,17
1013,17
1014,17
1015,17
1016,17
1017,17
1018,17
1019,17
1020,17
1021,17
1022,17
1023,17
1024,17
1025,17
1026,17
1027,17
1028,17
1029,17
1030,17
1031,21
1032,21
1033,21
1034,21
1035,21
1036,8
1037,21
1038,21
1039,21
1040,21
1041,8
1042,21
1043,23
1044,8
1045,8
1046,8
1047,8
1048,18
1049,8
1050,28
1051,8
1052,8
1053,8
1054,8
1055,8
1056,28
1057,8
1058,8
1059,8
1060,8
1061,8
1062,12
1063,12
1064,8
1065,8
1066,8
1067,8
1068,8
1069,8
1070,8
1071,8
1072,8
1073,19
1074,19
1075,8
1076,8
1077,8
1078,26
1079,28
1080,8
1081,8
1082,14
1083,14
1084,14
1085,14
1086,14
1087,14
1088,14
1089,14
1090,19
1091,14
1092,14
1093,14
1094,28
1095,28
1096,8
1097,8
1098,8
1099,8
1100,21
1101,21
1102,21
1103,21
1104,21
1105,8
1106,8
1107,8
1108,8
1109,2
1110,2
1111,2
1112,13
1113,13
1114,15
1115,15
1116,15
1117,15
1118,15
1119,15
1120,23
1121,13
1122,15
1123,15
1124,15
1125,15
1126,15
1127,21
1128,22
1129,21
1130,26
1131,26
1132,8
1133,8
1134,8
1135,8
1136,8
1137,8
1138,28
1139,28
1140,20
1141,28
1142,28
1143,28
1144,27
1145,20
1146,20
1147,10
1148,20
1149,20
1150,20
1151,20
1152,20
1153,20
1154,23
1155,20
1156,20
1157,20
1158,20
1159,20
1160,20
1161,20
1162,20
1163,20
1164,20
1165,20
1166,20
1167,20
1168,20
1169,10
1170,20
1171,10
1172,23
1173,15
1174,15
1175,15
1176,15
1177,15
1178,9
1179,15
1180,15
1181,20
1182,15
1183,15
1184,15
1185,15
1186,15
1187,15
1188,15
1189,15
1190,15
1191,15
1192,15
1193,15
1194,15
1195,15
1196,15
1197,5
1198,15
1199,15
1200,15
1201,15
1202,21
1203,9
1204,9
1205,9
1206,9
1207,9
1208,9
1209,9
1210,16
1211,9
1212,9
1213,9
1214,9
1215,21
1216,21
1217,15
1218,15
1219,15
1220,15
1221,9
1222,0
1223,0
1224,0
1225,0
1226,22
1227,22
1228,22
1229,22
1230,22
1231,15
1232,22
1233,21
1234,21
1235,21
1236,21
1237,21
1238,21
1239,21
1240,21
1241,21
1242,0
1243,0
1244,0
1245,0
1246,22
1247,19
1248,0
1249,0
1250,20
1251,20
1252,9
1253,20
1254,20
1255,20
1256,9
1257,19
1258,21
1259,9
1260,9
1261,9
1262,26
1263,9
1264,9
1265,9
1266,9
1267,26
1268,9
1269,9
1270,9
1271,9
1272,9
1273,22
1274,21
1275,21
1276,9
1277,21
1278,21
1279,21
1280,21
1281,21
1282,0
1283,9
1284,20
1285,20
1286,20
1287,20
1288,0
1289,0
1290,15
1291,15
1292,9
1293,15
1294,0
1295,19
1296,19
1297,19
1298,19
1299,9
1300,8
1301,9
1302,21
1303,21
1304,21
1305,21
1306,5
1307,9
1308,21
1309,5
1310,15
1311,21
1312,21
1313,15
1314,9
1315,25
1316,25
1317,17
1318,25
1319,25
1320,25
1321,25
1322,25
1323,25
1324,25
1325,25
1326,25
1327,17
1328,17
1329,17
1330,17
1331,17
1332,17
1333,17
1334,17
1335,17
1336,17
1337,17
1338,17
1339,23
1340,23
1341,23
1342,23
1343,23
1344,23
1345,23
1346,23
1347,23
1348,23
1349,23
1350,24
1351,23
1352,23
1353,23
1354,23
1355,23
1356,23
1357,23
1358,23
1359,23
1360,23
1361,23
1362,23
1363,23
1364,23
1365,7
1366,7
1367,7
1368,13
1369,19
1370,7
1371,7
1372,7
1373,7
1374,7
1375,7
1376,7
1377,26
1378,8
1379,7
1380,7
1381,0
1382,7
1383,7
1384,13
1385,27
1386,7
1387,27
1388,27
1389,27
1390,27
1391,27
1392,27
1393,27
1394,13
1395,13
1396,27
1397,27
1398,27
1399,17
1400,2
1401,2
1402,2
1403,2
1404,2
1405,2
1406,2
1407,13
1408,13
1409,17
1410,7
1411,7
1412,7
1413,7
1414,7
1415,0
1416,7
1417,7
1418,7
1419,21
1420,7
1421,7
1422,7
1423,7
1424,27
1425,7
1426,7
1427,27
1428,27
1429,27
1430,19
1431,28
1432,21
1433,28
1434,28
1435,19
1436,19
1437,28
1438,28
1439,28
1440,28
1441,19
1442,24
1443,19
1444,21
1445,21
1446,21
1447,21
1448,21
1449,19
1450,19
1451,19
1452,19
1453,19
1454,16
1455,19
1456,21
1457,21
1458,26
1459,21
1460,16
1461,26
1462,21
1463,19
1464,26
1465,15
1466,15
1467,26
1468,21
1469,21
1470,16
1471,9
1472,16
1473,16
1474,16
1475,9
1476,9
1477,9
1478,16
1479,22
1480,22
1481,13
1482,22
1483,22
1484,26
1485,22
1486,22
1487,22
1488,16
1489,25
1490,9
1491,5
1492,21
1493,21
1494,21
1495,19
1496,19
1497,21
1498,12
1499,12
1500,2
1501,2
1502,18
1503,2
1504,2
1505,2
1506,2
1507,2
1508,2
1509,2
1510,2
1511,2
1512,2
1513,2
1514,15
1515,9
1516,21
1517,21
1518,9
1519,21
1520,19
1521,9
1522,9
1523,9
1524,28
1525,19
1526,21
1527,24
1528,21
1529,19
1530,9
1531,26
1532,22
1533,22
1534,19
1535,15
1536,21
1537,26
1538,21
1539,21
1540,21
1541,24
1542,26
1543,26
1544,26
1545,21
1546,21
1547,21
1548,24
1549,21
1550,24
1551,5
1552,5
1553,5
1554,5
1555,15
1556,28
1557,21
1558,15
1559,28
1560,9
1561,24
1562,28
1563,24
1564,24
1565,24
1566,24
1567,5
1568,24
1569,15
1570,26
1571,9
1572,24
1573,26
1574,26
1575,19
1576,9
1577,26
1578,9
1579,16
1580,16
1581,16
1582,9
1583,16
1584,9
1585,9
1586,9
1587,9
1588,9
1589,9
1590,9
1591,9
1592,16
1593,9
1594,21
1595,21
1596,21
1597,21
1598,21
1599,21
1600,18
1601,18
1602,19
1603,18
1604,18
1605,18
1606,19
1607,5
1608,9
1609,5
1610,5
1611,5
1612,9
1613,5
1614,5
1615,5
1616,15
1617,18
1618,18
1619,18
1620,18
1621,18
1622,9
1623,18
1624,18
1625,18
1626,18
1627,18
1628,18
1629,18
1630,21
1631,9
1632,21
1633,9
1634,24
1635,21
1636,9
1637,5
1638,5
1639,9
1640,9
1641,9
1642,9
1643,5
1644,5
1645,5
1646,28
1647,28
1648,28
1649,8
1650,8
1651,5
1652,9
1653,5
1654,5
1655,5
1656,2
1657,2
1658,2
1659,19
1660,21
1661,21
1662,9
1663,9
1664,9
1665,9
1666,9
1667,9
1668,9
1669,9
1670,9
1671,9
1672,9
1673,9
1674,9
1675,9
1676,9
1677,9
1678,9
1679,9
1680,9
1681,9
1682,9
1683,9
1684,9
1685,9
1686,9
1687,5
1688,5
1689,5
1690,5
1691,5
1692,5
1693,5
1694,9
1695,5
1696,5
1697,5
1698,5
1699,5
1700,5
1701,5
1702,5
1703,5
1704,8
1705,5
1706,5
1707,5
1708,5
1709,5
1710,5
1711,5
1712,5
1713,5
1714,5
1715,21
1716,21
1717,9
1718,9
1719,9
1720,21
1721,10
1722,10
1723,10
1724,15
1725,9
1726,9
1727,9
1728,5
1729,21
1730,21
1731,21
1732,15
1733,9
1734,15
1735,9
1736,26
1737,9
1738,9
1739,9
1740,9
1741,19
1742,9
1743,9
1744,9
1745,9
1746,9
1747,9
1748,9
1749,9
1750,9
1751,9
1752,9
1753,9
1754,9
1755,21
1756,21
1757,21
1758,21
1759,9
1760,9
1761,9
1762,21
1763,9
1764,9
1765,26
1766,26
1767,26
1768,26
1769,26
1770,26
1771,26
1772,21
1773,21
1774,21
1775,21
1776,15
1777,9
1778,28
1779,26
1780,10
1781,10
1782,10
1783,10
1784,10
1785,0
1786,10
1787,10
1788,10
1789,9
1790,9
1791,21
1792,16
1793,9
1794,0
1795,0
1796,0
1797,0
1798,0
1799,28
1800,9
1801,9
1802,9
1803,9
1804,0
1805,13
1806,0
1807,28
1808,21
1809,21
1810,21
1811,21
1812,21
1813,21
1814,21
1815,21
1816,21
1817,21
1818,21
1819,21
1820,9
1821,17
1822,17
1823,17
1824,27
1825,2
1826,17
1827,17
1828,8
1829,8
1830,17
1831,17
1832,17
1833,17
1834,17
1835,17
1836,17
1837,17
1838,17
1839,17
1840,17
1841,17
1842,17
1843,17
1844,17
1845,17
1846,17
1847,17
1848,17
1849,17
1850,21
1851,21
1852,21
1853,14
1854,14
1855,14
1856,15
1857,15
1858,15
1859,15
1860,15
1861,9
1862,9
1863,21
1864,21
1865,22
1866,16
1867,9
1868,6
1869,6
1870,16
1871,16
1872,16
1873,16
1874,15
1875,15
1876,15
1877,16
1878,16
1879,22
1880,16
1881,21
1882,21
1883,21
1884,8
1885,19
1886,14
1887,14
1888,19
1889,19
1890,19
1891,14
1892,27
1893,14
1894,14
1895,14
1896,14
1897,14
1898,17
1899,17
1900,17
1901,17
1902,17
1903,14
1904,14
1905,14
1906,14
1907,14
1908,14
1909,14
1910,14
1911,14
1912,14
1913,14
1914,14
1915,14
1916,14
1917,14
1918,14
1919,14
1920,14
1921,14
1922,14
1923,21
1924,21
1925,28
1926,28
1927,28
1928,28
1929,28
1930,8
1931,28
1932,28
1933,28
1934,28
1935,28
1936,0
1937,14
1938,14
1939,19
1940,14
1941,14
1942,14
1943,21
1944,8
1945,8
1946,8
1947,8
1948,8
1949,15
1950,15
1951,13
1952,15
1953,21
1954,21
1955,21
1956,21
1957,20
1958,20
1959,20
1960,20
1961,28
1962,17
1963,17
1964,14
1965,14
1966,14
1967,14
1968,14
1969,10
1970,26
1971,26
1972,26
1973,26
1974,26
1975,26
1976,26
1977,26
1978,28
1979,19
1980,0
1981,28
1982,13
1983,13
1984,13
1985,13
1986,13
1987,13
1988,13
1989,13
1990,13
1991,13
1992,13
1993,13
1994,21
1995,21
1996,21
1997,13
1998,21
1999,21
2000,21
2001,21
2002,21
2003,21
2004,15
2005,2
2006,13
2007,13
2008,13
2009,13
2010,27
2011,27
2012,17
2013,17
2014,17
2015,17
2016,17
2017,17
2018,17
2019,17
2020,17
2021,17
2022,17
2023,17
2024,17
2025,17
2026,17
2027,17
2028,17
2029,17
2030,17
2031,17
2032,17
2033,17
2034,17
2035,17
2036,17
2037,17
2038,27
2039,27
2040,27
2041,27
2042,27
2043,13
2044,13
2045,12
2046,12
2047,12
2048,23
2049,23
2050,23
2051,13
2052,21
2053,18
2054,21
2055,18
2056,18
2057,18
2058,18
2059,18
2060,20
2061,20
2062,17
2063,17
2064,17
2065,17
2066,6
2067,17
2068,6
2069,18
2070,23
2071,14
2072,23
2073,13
2074,13
2075,8
2076,14
2077,13
2078,14
2079,14
2080,14
2081,14
2082,14
2083,13
2084,13
2085,27
2086,14
2087,21
2088,21
2089,15
2090,2
2091,27
2092,27
2093,27
2094,27
2095,8
2096,10
2097,10
2098,17
2099,10
2100,0
2101,0
2102,10
2103,10
2104,10
2105,10
2106,10
2107,27
2108,10
2109,10
2110,10
2111,10
2112,0
2113,0
2114,0
2115,17
2116,17
2117,17
2118,17
2119,17
2120,17
2121,17
2122,27
2123,27
2124,27
2125,27
2126,17
2127,0
2128,0
2129,0
2130,0
2131,0
2132,0
2133,0
2134,17
2135,20
2136,20
2137,10
2138,10
2139,10
2140,10
2141,10
2142,10
2143,10
2144,3
2145,3
2146,3
2147,3
2148,3
2149,3
2150,3
2151,0
2152,0
2153,0
2154,0
2155,0
2156,1
2157,1
2158,1
2159,1
2160,13
2161,13
2162,14
2163,17
2164,17
2165,17
2166,17
2167,14
2168,14
2169,14
2170,14
2171,14
2172,1
2173,14
2174,14
2175,27
2176,1
2177,14
2178,1
2179,1
2180,1
2181,1
2182,1
2183,1
2184,1
2185,1
2186,1
2187,1
2188,1
2189,14
2190,14
2191,14
2192,14
2193,1
2194,28
2195,28
2196,28
2197,28
2198,27
2199,27
2200,27
2201,26
2202,26
2203,26
2204,26
2205,26
2206,26
2207,26
2208,26
2209,26
2210,26
2211,26
2212,26
2213,26
2214,26
2215,26
2216,26
2217,24
2218,8
2219,8
2220,5
2221,8
2222,26
2223,15
2224,26
2225,26
2226,26
2227,26
2228,26
2229,26
2230,26
2231,26
2232,26
2233,6
2234,6
2235,6
2236,6
2237,6
2238,6
2239,6
2240,6
2241,6
2242,6
2243,6
2244,8
2245,8
2246,8
2247,8
2248,8
2249,8
2250,8
2251,22
2252,28
2253,8
2254,19
2255,8
2256,8
2257,8
2258,5
2259,26
2260,26
2261,26
2262,26
2263,26
2264,26
2265,26
2266,26
2267,26
2268,10
2269,26
2270,26
2271,26
2272,26
2273,26
2274,26
2275,26
2276,26
2277,26
2278,26
2279,26
2280,26
2281,26
2282,26
2283,16
2284,26
2285,26
2286,16
2287,26
2288,22
2289,26
2290,26
2291,8
2292,8
2293,8
2294,8
2295,8
2296,14
2297,8
2298,8
2299,8
2300,19
2301,19
2302,19
2303,19
2304,8
2305,19
2306,22
2307,8
2308,27
2309,8
2310,8
2311,27
2312,8
2313,8
2314,23
2315,23
2316,23
2317,23
2318,23
2319,1
2320,1
2321,19
2322,19
2323,19
2324,22
2325,22
2326,22
2327,14
2328,14
2329,21
2330,8
2331,21
2332,21
2333,19
2334,13
2335,19
2336,19
2337,22
2338,19
2339,9
2340,24
2341,26
2342,19
2343,9
2344,22
2345,21
2346,22
2347,22
2348,22
2349,21
2350,5
2351,5
2352,5
2353,28
2354,28
2355,28
2356,28
2357,28
2358,28
2359,22
2360,22
2361,22
2362,0
2363,0
2364,13
2365,21
2366,22
2367,22
2368,22
2369,19
2370,22
2371,22
2372,22
2373,22
2374,22
2375,22
2376,22
2377,26
2378,26
2379,8
2380,21
2381,8
2382,8
2383,11
2384,2
2385,2
2386,2
2387,2
2388,2
2389,2
2390,2
2391,2
2392,2
2393,2
2394,2
2395,2
2396,2
2397,14
2398,14
2399,22
2400,22
2401,22
2402,22
2403,22
2404,22
2405,22
2406,22
2407,22
2408,22
2409,22
2410,22
2411,27
2412,22
2413,22
2414,22
2415,22
2416,22
2417,22
2418,22
2419,22
2420,22
2421,22
2422,22
2423,22
2424,22
2425,22
2426,22
2427,14
2428,22
2429,22
2430,22
2431,9
2432,14
2433,22
2434,22
2435,22
2436,22
2437,9
2438,9
2439,19
2440,5
2441,5
2442,8
2443,23
2444,23
2445,23
2446,23
2447,23
2448,23
2449,14
2450,14
2451,23
2452,14
2453,23
2454,23
2455,23
2456,23
2457,22
2458,11
2459,11
2460,11
2461,2
2462,11
2463,11
2464,11
2465,11
2466,11
2467,11
2468,11
2469,11
2470,11
2471,11
2472,11
2473,11
2474,11
2475,11
2476,11
2477,11
2478,11
2479,11
2480,11
2481,11
2482,11
2483,11
2484,11
2485,11
2486,11
2487,11
2488,11
2489,11
2490,11
2491,11
2492,11
2493,11
2494,11
2495,11
2496,11
2497,11
2498,11
2499,21
2500,9
2501,9
2502,9
2503,25
2504,22
2505,26
2506,22
2507,2
2508,2
2509,2
2510,2
2511,2
2512,2
2513,23
2514,23
2515,23
2516,15
2517,19
2518,15
2519,15
2520,15
2521,18
2522,18
2523,13
2524,13
2525,13
2526,17
2527,13
2528,20
2529,20
2530,20
2531,20
2532,20
2533,13
2534,27
2535,7
2536,7
2537,8
2538,8
2539,27
2540,27
2541,27
2542,27
2543,27
2544,27
2545,27
2546,13
2547,13
2548,27
2549,10
2550,13
2551,13
2552,13
2553,26
2554,26
2555,15
2556,13
2557,13
2558,13
2559,13
2560,13
2561,13
2562,13
2563,13
2564,13
2565,13
2566,13
2567,13
2568,13
2569,13
2570,13
2571,13
2572,13
2573,7
2574,27
2575,13
2576,13
2577,13
2578,13
2579,13
2580,13
2581,13
2582,13
2583,13
2584,13
2585,13
2586,13
2587,13
2588,13
2589,13
2590,13
2591,13
2592,13
2593,13
2594,13
2595,6
2596,13
2597,13
2598,13
2599,13
2600,17
2601,13
2602,16
2603,13
2604,13
2605,13
2606,13
2607,13
2608,13
2609,13
2610,13
2611,13
2612,13
2613,13
2614,6
2615,6
2616,6
2617,6
2618,6
2619,6
2620,6
2621,6
2622,6
2623,6
2624,28
2625,6
2626,6
2627,6
2628,6
2629,6
2630,6
2631,17
2632,27
2633,17
2634,17
2635,0
2636,0
2637,0
2638,0
2639,0
2640,0
2641,9
2642,9
2643,9
2644,9
2645,20
2646,20
2647,20
2648,20
2649,6
2650,6
2651,10
2652,10
2653,10
2654,10
2655,10
2656,10
2657,10
2658,10
2659,10
2660,10
2661,10
2662,9
2663,26
2664,21
2665,15
2666,28
2667,27
2668,27
2669,27
2670,9
2671,9
2672,17
2673,9
2674,19
2675,15
2676,15
2677,15
2678,19
2679,19
2680,15
2681,15
2682,9
2683,9
2684,10
2685,19
2686,19
2687,19
2688,19
2689,19
2690,19
2691,19
2692,19
2693,19
2694,14
2695,19
2696,19
2697,19
2698,19
2699,19
2700,19
2701,19
2702,19
2703,19
2704,19
2705,19
2706,13
2707,11
2708,11
2709,11
2710,14
2711,11
2712,11
2713,11
2714,11
2715,11
2716,11
2717,11
2718,11
2719,11
2720,11
2721,11
2722,11
2723,17
2724,2
2725,2
2726,14
2727,23
2728,28
2729,28
2730,17
2731,17
2732,17
2733,17
2734,17
2735,17
2736,27
2737,9
2738,28
2739,28
2740,8
2741,8
2742,8
2743,8
2744,8
2745,8
2746,8
2747,21
2748,21
2749,14
2750,14
2751,17
2752,17
2753,17
2754,8
2755,19
2756,2
2757,2
2758,2
2759,2
2760,2
2761,2
2762,2
2763,2
2764,2
2765,2
2766,2
2767,2
2768,27
2769,27
2770,27
2771,27
2772,27
2773,17
2774,17
2775,17
2776,8
2777,8
2778,13
2779,13
2780,13
2781,8
2782,8
2783,23
2784,2
2785,2
2786,11
2787,11
2788,11
2789,27
2790,27
2791,27
2792,27
2793,27
2794,27
2795,27
2796,2
2797,2
2798,27
2799,27
2800,27
2801,27
2802,27
2803,6
2804,6
2805,6
2806,6
2807,6
2808,6
2809,6
2810,6
2811,6
2812,17
2813,26
2814,26
2815,28
2816,10
2817,28
2818,28
2819,25
2820,20
2821,20
2822,23
2823,23
2824,23
2825,23
2826,23
2827,15
2828,10
2829,23
2830,23
2831,23
2832,23
2833,23
2834,23
2835,23
2836,23
2837,23
2838,23
2839,23
2840,0
2841,28
2842,28
2843,19
2844,24
2845,24
2846,24
2847,24
2848,24
2849,24
2850,24
2851,0
2852,0
2853,0
2854,0
2855,0
2856,20
2857,20
2858,11
2859,11
2860,11
2861,11
2862,11
2863,11
2864,11
2865,11
2866,21
2867,21
2868,21
2869,21
2870,8
2871,21
2872,28
2873,19
2874,19
2875,19
2876,19
2877,23
2878,27
2879,8
2880,8
2881,8
2882,21
2883,21
2884,11
2885,0
2886,0
2887,5
2888,21
2889,21
2890,20
2891,20
2892,28
2893,28
2894,28
2895,9
2896,9
2897,19
2898,19
2899,19
2900,9
2901,19
2902,22
2903,19
2904,19
2905,19
2906,19
2907,8
2908,9
2909,9
2910,9
2911,9
2912,9
2913,9
2914,9
2915,9
2916,9
2917,9
2918,9
2919,9
2920,9
2921,9
2922,9
2923,9
2924,9
2925,15
2926,9
2927,9
2928,9
2929,9
2930,9
2931,9
2932,9
2933,9
2934,9
2935,9
2936,9
2937,9
2938,9
2939,9
2940,28
2941,9
2942,9
2943,9
2944,9
2945,9
2946,9
2947,19
2948,22
2949,9
2950,21
2951,19
2952,19
2953,19
2954,19
2955,14
2956,19
2957,19
2958,19
2959,19
2960,19
2961,19
2962,19
2963,19
2964,19
2965,19
2966,19
2967,8
2968,21
2969,21
2970,28
2971,8
2972,28
2973,8
2974,21
2975,19
2976,19
2977,19
2978,19
2979,9
2980,21
2981,22
2982,19
2983,8
2984,8
2985,8
2986,8
2987,8
2988,8
2989,8
2990,9
2991,19
2992,15
2993,19
2994,19
2995,19
2996,9
2997,9
2998,9
2999,9
3000,9
3001,9
3002,9
3003,9
3004,9
3005,9
3006,9
3007,9
3008,9
3009,9
3010,9
3011,9
3012,9
3013,9
3014,9
3015,9
3016,9
3017,9
3018,9
3019,9
3020,9
3021,9
3022,9
3023,9
3024,9
3025,9
3026,9
3027,9
3028,9
3029,9
3030,9
3031,9
3032,9
3033,9
3034,16
3035,9
3036,9
3037,9
3038,9
3039,9
3040,9
3041,9
3042,9
3043,9
3044,9
3045,24
3046,9
3047,9
3048,9
3049,9
3050,9
3051,9
3052,9
3053,9
3054,9
3055,9
3056,9
3057,9
3058,9
3059,9
3060,9
3061,9
3062,9
3063,9
3064,9
3065,9
3066,9
3067,9
3068,15
3069,9
3070,9
3071,9
3072,9
3073,9
3074,9
3075,9
3076,9
3077,9
3078,9
3079,17
3080,9
3081,9
3082,8
3083,9
3084,9
3085,9
3086,9
3087,9
3088,9
3089,9
3090,9
3091,9
3092,9
3093,9
3094,9
3095,9
3096,9
3097,9
3098,9
3099,9
3100,9
3101,9
3102,9
3103,9
3104,9
3105,9
3106,9
3107,27
3108,27
3109,27
3110,27
3111,27
3112,0
3113,23
3114,14
3115,27
3116,27
3117,10
3118,10
3119,10
3120,28
3121,28
3122,28
3123,28
3124,28
3125,23
3126,14
3127,14
3128,8
3129,10
3130,0
3131,0
3132,21
3133,19
3134,19
3135,27
3136,27
3137,27
3138,27
3139,1
3140,1
3141,27
3142,27
3143,14
3144,27
3145,27
3146,27
3147,27
3148,17
3149,27
3150,27
3151,27
3152,14
3153,13
3154,27
3155,27
3156,27
3157,27
3158,14
3159,17
3160,17
3161,10
3162,10
3163,10
3164,10
3165,10
3166,10
3167,10
3168,10
3169,10
3170,6
3171,23
3172,23
3173,23
3174,23
3175,23
3176,23
3177,23
3178,17
3179,23
3180,23
3181,23
3182,23
3183,5
3184,5
3185,17
3186,17
3187,22
3188,17
3189,26
3190,17
3191,26
3192,15
3193,9
3194,26
3195,17
3196,26
3197,26
3198,17
3199,17
3200,17
3201,17
3202,17
3203,17
3204,17
3205,9
3206,9
3207,9
3208,9
3209,9
3210,9
3211,9
3212,9
3213,9
3214,9
3215,15
3216,15
3217,9
3218,9
3219,9
3220,10
3221,10
3222,10
3223,10
3224,10
3225,10
3226,10
3227,10
3228,10
3229,10
3230,10
3231,10
3232,28
3233,17
3234,17
3235,16
3236,16
3237,16
3238,16
3239,0
3240,0
3241,23
3242,23
3243,11
3244,15
3245,5
3246,5
3247,5
3248,5
3249,5
3250,5
3251,5
3252,0
3253,0
3254,10
3255,14
3256,14
3257,14
3258,14
3259,14
3260,21
3261,14
3262,9
3263,9
3264,9
3265,9
3266,9
3267,9
3268,9
3269,9
3270,9
3271,9
3272,9
3273,9
3274,9
3275,9
3276,9
3277,9
3278,9
3279,9
3280,9
3281,9
3282,9
3283,9
3284,27
3285,27
3286,27
3287,27
3288,27
3289,27
3290,9
3291,9
3292,26
3293,26
3294,9
3295,14
3296,9
3297,9
3298,6
3299,16
3300,9
3301,9
3302,9
3303,9
3304,13
3305,14
3306,9
3307,9
3308,9
3309,9
3310,9
3311,10
3312,9
3313,9
3314,4
3315,9
3316,9
3317,9
3318,9
3319,9
3320,9
3321,9
3322,9
3323,9
3324,9
3325,5
3326,21
3327,21
3328,1
3329,13
3330,25
3331,25
3332,25
3333,25
3334,7
3335,7
3336,7
3337,7
3338,11
3339,27
3340,27
3341,27
3342,27
3343,27
3344,27
3345,9
3346,9
3347,9
3348,9
3349,9
3350,9
3351,9
3352,9
3353,9
3354,9
3355,27
3356,17
3357,17
3358,17
3359,9
3360,9
3361,9
3362,19
3363,21
3364,8
3365,8
3366,8
3367,8
3368,8
3369,8
3370,8
3371,21
3372,9
3373,9
3374,23
3375,23
3376,2
3377,23
3378,23
3379,6
3380,6
3381,6
3382,6
3383,6
3384,6
3385,6
3386,6
3387,6
3388,6
3389,6
3390,6
3391,6
3392,0
3393,6
3394,6
3395,19
3396,19
3397,14
3398,14
3399,27
3400,27
3401,27
3402,17
3403,17
3404,17
3405,27
3406,10
3407,10
3408,13
3409,19
3410,19
3411,20
3412,5
3413,5
3414,5
3415,5
3416,5
3417,21
3418,16
3419,16
3420,16
3421,16
3422,21
3423,21
3424,21
3425,21
3426,9
3427,28
3428,28
3429,9
3430,17
3431,17
3432,13
3433,13
3434,8
3435,14
3436,1
3437,1
3438,1
3439,1
3440,1
3441,10
3442,10
3443,10
3444,1
3445,1
3446,1
3447,1
3448,1
3449,27
3450,8
3451,27
3452,26
3453,18
3454,2
3455,2
3456,27
3457,15
3458,15
3459,5
3460,16
3461,16
3462,23
3463,14
3464,14
3465,14
3466,14
3467,14
3468,14
3469,14
3470,14
3471,14
3472,14
3473,14
3474,14
3475,14
3476,14
3477,14
3478,14
3479,14
3480,19
3481,14
3482,14
3483,11
3484,14
3485,28
3486,10
3487,10
3488,17
3489,10
3490,10
3491,28
3492,8
3493,28
3494,28
3495,21
3496,15
3497,10
3498,10
3499,22
3500,22
3501,22
3502,22
3503,22
3504,19
3505,19
3506,11
3507,11
3508,11
3509,11
3510,11
3511,11
3512,11
3513,17
3514,11
3515,11
3516,11
3517,11
3518,17
3519,6
3520,6
3521,6
3522,6
3523,6
3524,13
3525,13
3526,13
3527,13
3528,13
3529,13
3530,0
3531,6
3532,6
3533,16
3534,16
3535,16
3536,16
3537,16
3538,16
3539,16
3540,24
3541,16
3542,16
3543,16
3544,16
3545,16
3546,16
3547,16
3548,16
3549,16
3550,16
3551,16
3552,16
3553,16
3554,16
3555,16
3556,16
3557,26
3558,16
3559,16
3560,21
3561,21
3562,16
3563,21
3564,16
3565,16
3566,26
3567,26
3568,16
3569,16
3570,16
3571,16
3572,16
3573,23
3574,23
3575,23
3576,23
3577,15
3578,15
3579,15
3580,15
3581,9
3582,15
3583,13
3584,27
3585,21
3586,21
3587,21
3588,15
3589,27
3590,14
3591,10
3592,10
3593,10
3594,10
3595,13
3596,10
3597,10
3598,10
3599,10
3600,10
3601,27
3602,27
3603,19
3604,19
3605,19
3606,6
3607,9
3608,9
3609,6
3610,6
3611,6
3612,15
3613,15
3614,15
3615,9
3616,9
3617,9
3618,9
3619,17
3620,27
3621,27
3622,27
3623,27
3624,27
3625,27
3626,27
3627,27
3628,27
3629,17
3630,23
3631,3
3632,3
3633,3
3634,3
3635,3
3636,3
3637,3
3638,9
3639,9
3640,9
3641,21
3642,28
3643,9
3644,9
3645,9
3646,22
3647,14
3648,14
3649,9
3650,9
3651,9
3652,9
3653,0
3654,22
3655,19
3656,9
3657,9
3658,11
3659,11
3660,11
3661,11
3662,11
3663,1
3664,17
3665,1
3666,1
3667,1
3668,27
3669,1
3670,1
3671,1
3672,1
3673,18
3674,23
3675,13
3676,19
3677,10
3678,19
3679,19
3680,19
3681,19
3682,27
3683,16
3684,27
3685,27
3686,19
3687,19
3688,19
3689,27
3690,19
3691,10
3692,19
3693,1
3694,23
3695,19
3696,13
3697,19
3698,19
3699,13
3700,13
3701,27
3702,27
3703,27
3704,16
3705,16
3706,19
3707,27
3708,14
3709,19
3710,19
3711,1
3712,14
3713,10
3714,23
3715,10
3716,10
3717,19
3718,19
3719,19
3720,10
3721,10
3722,10
3723,10
3724,10
3725,10
3726,10
3727,10
3728,17
3729,14
3730,21
3731,23
3732,27
3733,27
3734,27
3735,27
3736,27
3737,27
3738,16
3739,9
3740,16
3741,19
3742,19
3743,19
3744,19
3745,19
3746,27
3747,27
3748,19
3749,14
3750,14
3751,19
3752,19
3753,1
3754,1
3755,1
3756,7
3757,7
3758,7
3759,7
3760,22
3761,23
3762,13
3763,3
3764,3
3765,28
3766,17
3767,26
3768,26
3769,6
3770,6
3771,6
3772,19
3773,28
3774,19
3775,19
3776,19
3777,14
3778,15
3779,10
3780,10
3781,10
3782,10
3783,21
3784,8
3785,22
3786,8
3787,22
3788,21
3789,8
3790,8
3791,8
3792,8
3793,8
3794,8
3795,8
3796,8
3797,8
3798,8
3799,8
3800,8
3801,0
3802,10
3803,10
3804,10
3805,10
3806,10
3807,10
3808,10
3809,10
3810,10
3811,10
3812,10
3813,10
3814,10
3815,10
3816,10
3817,10
3818,10
3819,10
3820,15
3821,15
3822,15
3823,15
3824,15
3825,22
3826,22
3827,22
3828,22
3829,28
3830,28
3831,23
3832,23
3833,23
3834,23
3835,23
3836,5
3837,5
3838,5
3839,9
3840,11
3841,11
3842,26
3843,27
3844,27
3845,7
3846,7
3847,7
3848,7
3849,21
3850,21
3851,5
3852,1
3853,27
3854,27
3855,6
3856,6
3857,6
3858,6
3859,19
3860,19
3861,1
3862,1
3863,12
3864,12
3865,12
3866,16
3867,21
3868,21
3869,13
3870,8
3871,28
3872,23
3873,23
3874,23
3875,23
3876,23
3877,23
3878,23
3879,27
3880,27
3881,17
3882,17
3883,17
3884,17
3885,17
3886,17
3887,17
3888,10
3889,17
3890,10
3891,10
3892,10
3893,10
3894,27
3895,10
3896,10
3897,10
3898,10
3899,10
3900,10
3901,10
3902,10
3903,9
3904,9
3905,9
3906,9
3907,9
3908,9
3909,9
3910,9
3911,9
3912,8
3913,7
3914,8
3915,8
3916,8
3917,8
3918,27
3919,8
3920,13
3921,14
3922,14
3923,14
3924,14
3925,14
3926,19
3927,14
3928,14
3929,14
3930,1
3931,26
3932,14
3933,10
3934,10
3935,10
3936,10
3937,10
3938,10
3939,10
3940,10
3941,10
3942,3
3943,3
3944,3
3945,3
3946,3
3947,3
3948,6
3949,6
3950,17
3951,17
3952,1
3953,1
3954,1
3955,1
3956,1
3957,1
3958,1
3959,1
3960,1
3961,1
3962,1
3963,1
3964,1
3965,1
3966,1
3967,1
3968,23
3969,1
3970,1
3971,1
3972,19
3973,18
3974,22
3975,22
3976,22
3977,28
3978,19
3979,19
3980,13
3981,11
3982,11
3983,11
3984,11
3985,27
3986,27
3987,27
3988,27
3989,27
3990,27
3991,27
3992,27
3993,27
3994,3
3995,3
3996,11
3997,15
3998,10
3999,23
4000,14
4001,14
4002,7
4003,14
4004,22
4005,1
4006,1
4007,1
4008,1
4009,1
4010,19
4011,19
4012,19
4013,15
4014,13
4015,5
4016,5
4017,5
4018,22
4019,22
4020,22
4021,22
4022,26
4023,26
4024,11
4025,26
4026,8
4027,26
4028,6
4029,6
4030,26
4031,20
4032,11
4033,11
4034,11
4035,11
4036,11
4037,11
4038,14
4039,0
4040,0
4041,0
4042,0
4043,0
4044,14
4045,9
4046,9
4047,27
4048,6
4049,6
4050,0
4051,0
4052,14
4053,17
4054,17
4055,17
4056,17
4057,17
4058,17
4059,17
4060,17
4061,17
4062,17
4063,17
4064,17
4065,17
4066,17
4067,17
4068,17
4069,17
4070,17
4071,17
4072,17
4073,17
4074,17
4075,17
4076,17
4077,17
4078,17
4079,17
4080,17
4081,17
4082,26
4083,9
4084,16
4085,9
4086,11
4087,11
4088,17
4089,11
4090,17
4091,17
4092,17
4093,17
4094,25
4095,24
4096,24
4097,24
4098,24
4099,24
4100,10
4101,22
4102,8
4103,3
4104,0
4105,0
4106,0
4107,27
4108,27
4109,19
4110,19
4111,19
4112,19
4113,11
4114,11
4115,11
4116,11
4117,11
4118,11
4119,11
4120,11
4121,11
4122,11
4123,11
4124,11
4125,11
4126,11
4127,11
4128,11
4129,11
4130,11
4131,11
4132,11
4133,11
4134,11
4135,11
4136,11
4137,11
4138,11
4139,11
4140,11
4141,11
4142,11
4143,11
4144,23
4145,2
4146,2
4147,11
4148,15
4149,15
4150,3
4151,9
4152,3
4153,16
4154,9
4155,0
4156,23
4157,23
4158,8
4159,8
4160,26
4161,26
4162,17
4163,17
4164,17
4165,17
4166,17
4167,28
4168,1
4169,1
4170,1
4171,1
4172,1
4173,1
4174,1
4175,10
4176,10
4177,23
4178,23
4179,10
4180,19
4181,10
4182,10
4183,10
4184,10
4185,10
4186,10
4187,10
4188,13
4189,13
4190,13
4191,23
4192,23
4193,23
4194,23
4195,23
4196,11
4197,28
4198,28
4199,16
4200,9
4201,9
4202,19
4203,19
4204,19
4205,17
4206,17
4207,17
4208,13
4209,17
4210,27
4211,11
4212,28
4213,28
4214,28
4215,28
4216,24
4217,27
4218,27
4219,27
4220,27
4221,9
4222,28
4223,28
4224,28
4225,9
4226,9
4227,9
4228,0
4229,0
4230,0
4231,0
4232,0
4233,6
4234,2
4235,2
4236,2
4237,1
4238,1
4239,26
4240,11
4241,17
4242,17
4243,17
4244,9
4245,9
4246,22
4247,17
4248,17
4249,17
4250,17
4251,17
4252,17
4253,10
4254,10
4255,10
4256,0
4257,0
4258,0
4259,0
4260,0
4261,0
4262,9
4263,6
4264,6
4265,6
4266,6
4267,6
4268,23
4269,23
4270,23
4271,23
4272,23
4273,17
4274,1
4275,20
4276,22
4277,17
4278,17
4279,17
4280,17
4281,17
4282,17
4283,17
4284,19
4285,1
4286,1
4287,12
4288,12
4289,9
4290,3
4291,3
4292,13
4293,3
4294,11
4295,11
4296,11
4297,11
4298,11
4299,11
4300,15
4301,28
4302,27
4303,11
4304,11
4305,11
4306,27
4307,27
4308,27
4309,27
4310,20
4311,11
4312,10
4313,10
4314,24
4315,24
4316,3
4317,3
4318,9
4319,17
4320,17
4321,17
4322,17
4323,17
4324,17
4325,17
4326,17
4327,7
4328,7
4329,10
4330,21
4331,21
4332,13
4333,13
4334,13
4335,13
4336,26
4337,21
4338,10
4339,2
4340,10
4341,27
4342,10
4343,10
4344,10
4345,10
4346,16
4347,12
4348,12
4349,12
4350,12
4351,9
4352,9
4353,9
4354,9
4355,9
4356,9
4357,3
4358,17
4359,17
4360,6
4361,17
4362,17
4363,17
4364,17
4365,17
4366,14
4367,19
4368,19
4369,19
4370,21
4371,21
4372,10
4373,22
4374,22
4375,22
4376,22
4377,17
4378,19
4379,8
4380,8
4381,0
4382,0
4383,0
4384,23
4385,17
4386,26
4387,11
4388,14
4389,13
4390,13
4391,13
4392,13
4393,19
4394,22
4395,22
4396,0
4397,11
4398,1
4399,1
4400,17
4401,17
4402,17
4403,17
4404,23
4405,23
4406,23
4407,23
4408,0
4409,0
4410,27
4411,27
4412,27
4413,27
4414,27
4415,27
4416,27
4417,12
4418,12
4419,12
4420,12
4421,12
4422,6
4423,6
4424,6
4425,6
4426,23
4427,13
4428,3
4429,3
4430,3
4431,13
4432,17
4433,13
4434,13
4435,13
4436,17
4437,17
4438,17
4439,21
4440,17
4441,14
4442,13
4443,24
4444,24
4445,24
4446,24
4447,24
4448,24
4449,6
4450,1
4451,1
4452,23
4453,13
4454,1
4455,1
4456,14
4457,9
4458,11
4459,11
4460,16
4461,14
4462,14
4463,23
4464,8
4465,3
4466,3
4467,23
4468,23
4469,23
4470,23
4471,6
4472,6
4473,17
4474,17
4475,8
4476,19
4477,20
4478,20
4479,14
4480,14
4481,14
4482,14
4483,17
4484,17
4485,17
4486,11
4487,11
4488,26
4489,26
4490,11
4491,27
4492,27
4493,27
4494,27
4495,27
4496,23
4497,17
4498,8
4499,13
4500,4
4501,4
4502,4
4503,10
4504,13
4505,27
4506,13
4507,12
4508,3
4509,13
4510,22
4511,22
4512,22
4513,16
4514,16
4515,10
4516,19
4517,11
4518,26
4519,17
4520,11
4521,17
4522,0
4523,23
4524,27
4525,27
4526,27
4527,27
4528,11
4529,8
4530,8
4531,8
4532,19
4533,13
4534,14
4535,14
4536,22
4537,13
4538,17
4539,15
4540,27
4541,13
4542,8
4543,27
4544,0
4545,0
4546,0
4547,14
4548,27
4549,27
4550,26
4551,26
4552,10
4553,8
4554,9
4555,11
4556,19
4557,9
4558,12
4559,17
4560,15
4561,27
4562,8
4563,11
4564,27
4565,11
4566,11
4567,19
4568,10
4569,11
4570,1
4571,1
4572,0
4573,27
4574,0
4575,23
4576,23
4577,9
4578,13
4579,14
4580,14
4581,10
4582,27
4583,19
4584,19
4585,11
4586,11
4587,23
4588,23
4589,13
4590,14
4591,10
4592,2
4593,27
4594,10
4595,5
4596,7
4597,6
4598,28
4599,28
4600,13
4601,14
4602,14
4603,14
4604,17
4605,17
4606,3
4607,9
4608,14
4609,10
4610,14
4611,14
4612,14
4613,16
4614,23
4615,26
4616,26
4617,19
4618,0
4619,10
4620,20
4621,28
4622,9
4623,17
4624,19
4625,27
4626,13
4627,27
4628,19
4629,19
4630,9
4631,17
4632,19
4633,22
4634,22
4635,28
4636,24
4637,13
4638,13
4639,11
4640,6
4641,22
4642,27
4643,9
4644,5
4645,3
4646,25
4647,8
4648,19
4649,19
4650,3
4651,27
4652,2
4653,11
4654,22
4655,16
4656,27
