node,community
0,24
1,24
2,24
3,24
4,24
5,24
6,24
7,24
8,24
9,24
10,8
11,21
12,21
13,21
14,22
15,24
16,24
17,24
18,24
19,24
20,24
21,24
22,24
23,24
24,24
25,13
26,8
27,8
28,8
29,21
30,21
31,21
32,14
33,21
34,21
35,21
36,21
37,21
38,23
39,24
40,21
41,21
42,24
43,21
44,21
45,21
46,21
47,21
48,21
49,4
50,21
51,21
52,21
53,21
54,21
55,22
56,22
57,24
58,24
59,24
60,24
61,24
62,24
63,24
64,24
65,24
66,24
67,21
68,24
69,21
70,21
71,21
72,14
73,21
74,14
75,21
76,21
77,21
78,21
79,21
80,21
81,21
82,21
83,21
84,21
85,21
86,21
87,0
88,21
89,0
90,21
91,14
92,21
93,2
94,21
95,14
96,21
97,2
98,21
99,21
100,21
101,21
102,21
103,21
104,21
105,21
106,21
107,21
108,21
109,21
110,21
111,21
112,21
113,2
114,21
115,21
116,21
117,14
118,14
119,15
120,15
121,15
122,15
123,15
124,13
125,10
126,15
127,15
128,15
129,21
130,21
131,21
132,13
133,21
134,21
135,21
136,21
137,13
138,13
139,0
140,12
141,13
142,13
143,14
144,0
145,13
146,13
147,13
148,14
149,13
150,13
151,23
152,21
153,15
154,15
155,15
156,14
157,13
158,23
159,14
160,19
161,15
162,14
163,23
164,15
165,21
166,21
167,21
168,21
169,0
170,0
171,0
172,0
173,0
174,0
175,0
176,0
177,0
178,0
179,0
180,0
181,0
182,0
183,14
184,0
185,0
186,0
187,0
188,0
189,0
190,16
191,0
192,12
193,0
194,0
195,0
196,0
197,0
198,0
199,0
200,0
201,0
202,12
203,0
204,0
205,0
206,0
207,0
208,0
209,0
210,0
211,0
212,0
213,0
214,0
215,0
216,0
217,0
218,0
219,0
220,0
221,0
222,0
223,0
224,0
225,0
226,0
227,0
228,0
229,0
230,16
231,16
232,16
233,0
234,0
235,0
236,0
237,0
238,0
239,0
240,0
241,0
242,0
243,0
244,24
245,24
246,24
247,24
248,24
249,24
250,24
251,24
252,24
253,8
254,13
255,13
256,13
257,13
258,13
259,13
260,13
261,13
262,13
263,21
264,13
265,15
266,8
267,13
268,3
269,13
270,13
271,13
272,13
273,23
274,23
275,13
276,13
277,23
278,13
279,13
280,13
281,8
282,13
283,13
284,13
285,13
286,13
287,13
288,13
289,13
290,13
291,13
292,13
293,21
294,13
295,13
296,13
297,13
298,13
299,13
300,13
301,15
302,13
303,23
304,13
305,13
306,13
307,13
308,8
309,8
310,13
311,13
312,13
313,13
314,26
315,8
316,8
317,15
318,13
319,15
320,13
321,13
322,13
323,15
324,13
325,13
326,13
327,13
328,13
329,13
330,13
331,13
332,13
333,13
334,13
335,8
336,13
337,13
338,0
339,13
340,13
341,13
342,23
343,0
344,13
345,23
346,13
347,23
348,5
349,6
350,13
351,7
352,13
353,13
354,13
355,13
356,13
357,13
358,13
359,13
360,13
361,8
362,13
363,4
364,13
365,13
366,13
367,13
368,13
369,13
370,13
371,13
372,13
373,13
374,13
375,13
376,15
377,15
378,13
379,13
380,23
381,0
382,14
383,21
384,21
385,21
386,23
387,13
388,8
389,8
390,8
391,15
392,8
393,8
394,8
395,8
396,13
397,13
398,13
399,13
400,13
401,13
402,13
403,13
404,13
405,15
406,23
407,23
408,13
409,5
410,5
411,5
412,5
413,6
414,6
415,6
416,6
417,6
418,6
419,13
420,13
421,13
422,23
423,13
424,13
425,13
426,10
427,10
428,7
429,7
430,10
431,7
432,7
433,7
434,7
435,7
436,23
437,23
438,23
439,14
440,3
441,23
442,23
443,23
444,23
445,23
446,3
447,23
448,23
449,23
450,23
451,23
452,14
453,23
454,23
455,23
456,23
457,23
458,23
459,23
460,23
461,13
462,23
463,23
464,23
465,23
466,0
467,15
468,23
469,11
470,11
471,11
472,11
473,11
474,11
475,14
476,14
477,14
478,22
479,22
480,11
481,11
482,22
483,22
484,22
485,22
486,14
487,8
488,8
489,8
490,8
491,0
492,8
493,8
494,21
495,21
496,21
497,21
498,21
499,21
500,21
501,21
502,21
503,21
504,21
505,21
506,21
507,21
508,21
509,21
510,21
511,21
512,21
513,21
514,18
515,2
516,21
517,2
518,21
519,21
520,21
521,13
522,13
523,8
524,8
525,8
526,8
527,23
528,8
529,24
530,0
531,24
532,24
533,24
534,16
535,24
536,24
537,24
538,24
539,24
540,24
541,19
542,19
543,19
544,22
545,22
546,22
547,0
548,16
549,22
550,22
551,22
552,22
553,22
554,22
555,22
556,22
557,22
558,22
559,22
560,22
561,12
562,22
563,22
564,22
565,12
566,12
567,12
568,22
569,22
570,15
571,0
572,12
573,23
574,15
575,23
576,23
577,15
578,23
579,23
580,22
581,15
582,15
583,15
584,15
585,15
586,15
587,15
588,15
589,15
590,13
591,13
592,13
593,13
594,10
595,16
596,16
597,16
598,16
599,16
600,12
601,15
602,0
603,12
604,12
605,12
606,15
607,12
608,12
609,12
610,12
611,15
612,12
613,12
614,0
615,0
616,12
617,12
618,15
619,15
620,12
621,23
622,12
623,0
624,0
625,19
626,19
627,16
628,16
629,26
630,26
631,26
632,5
633,5
634,5
635,24
636,24
637,24
638,24
639,24
640,15
641,24
642,24
643,24
644,24
645,24
646,24
647,5
648,5
649,24
650,8
651,8
652,8
653,8
654,8
655,15
656,8
657,8
658,7
659,10
660,10
661,10
662,13
663,13
664,13
665,13
666,7
667,7
668,8
669,6
670,23
671,8
672,2
673,2
674,2
675,2
676,2
677,14
678,0
679,14
680,14
681,14
682,14
683,14
684,0
685,14
686,15
687,23
688,23
689,14
690,14
691,14
692,14
693,14
694,0
695,22
696,15
697,15
698,15
699,15
700,15
701,0
702,3
703,15
704,15
705,15
706,14
707,15
708,15
709,15
710,19
711,22
712,15
713,15
714,23
715,15
716,12
717,12
718,0
719,3
720,12
721,12
722,12
723,12
724,0
725,22
726,22
727,12
728,22
729,22
730,22
731,22
732,22
733,12
734,15
735,15
736,14
737,14
738,23
739,23
740,12
741,15
742,0
743,23
744,14
745,19
746,23
747,23
748,23
749,23
750,23
751,15
752,15
753,15
754,15
755,15
756,15
757,23
758,15
759,23
760,15
761,15
762,15
763,0
764,15
765,15
766,15
767,15
768,15
769,15
770,23
771,14
772,14
773,14
774,14
775,14
776,0
777,13
778,0
779,0
780,22
781,15
782,15
783,12
784,12
785,12
786,0
787,12
788,12
789,12
790,12
791,12
792,12
793,12
794,12
795,22
796,22
797,22
798,22
799,22
800,22
801,22
802,12
803,22
804,22
805,22
806,22
807,22
808,22
809,15
810,22
811,22
812,22
813,22
814,22
815,22
816,22
817,22
818,22
819,22
820,15
821,12
822,15
823,23
824,12
825,15
826,15
827,20
828,20
829,20
830,12
831,22
832,12
833,22
834,15
835,15
836,15
837,15
838,15
839,15
840,15
841,15
842,15
843,15
844,15
845,15
846,15
847,15
848,15
849,15
850,22
851,12
852,14
853,15
854,15
855,15
856,15
857,24
858,24
859,26
860,16
861,15
862,15
863,12
864,12
865,12
866,12
867,12
868,12
869,12
870,14
871,23
872,15
873,23
874,23
875,23
876,15
877,23
878,3
879,15
880,12
881,12
882,12
883,12
884,12
885,12
886,12
887,12
888,8
889,8
890,14
891,15
892,15
893,15
894,15
895,12
896,15
897,23
898,6
899,6
900,13
901,6
902,13
903,6
904,6
905,6
906,6
907,6
908,6
909,6
910,6
911,6
912,6
913,6
914,6
915,6
916,6
917,6
918,6
919,6
920,6
921,6
922,6
923,6
924,6
925,6
926,22
927,15
928,15
929,15
930,15
931,21
932,19
933,19
934,19
935,19
936,19
937,12
938,12
939,15
940,23
941,21
942,15
943,23
944,3
945,3
946,3
947,3
948,3
949,3
950,3
951,3
952,19
953,15
954,15
955,15
956,15
957,15
958,15
959,14
960,14
961,14
962,14
963,14
964,21
965,21
966,21
967,21
968,21
969,10
970,21
971,15
972,15
973,0
974,0
975,0
976,0
977,15
978,0
979,0
980,0
981,0
982,13
983,13
984,13
985,13
986,13
987,13
988,13
989,13
990,13
991,13
992,21
993,21
994,2
995,21
996,2
997,2
998,2
999,2
1000,24
1001,24
1002,24
1003,24
1004,3
1005,3
1006,3
1007,3
1008,15
1009,15
1010,15
1011,15
1012,15
1013,15
1014,15
1015,15
1016,0
1017,13
1018,13
1019,13
1020,13
1021,13
1022,13
1023,23
1024,13
1025,13
1026,13
1027,13
1028,4
1029,4
1030,15
1031,6
1032,7
1033,7
1034,7
1035,7
1036,2
1037,2
1038,13
1039,13
1040,13
1041,1
1042,1
1043,11
1044,11
1045,8
1046,8
1047,23
1048,23
1049,23
1050,23
1051,23
1052,21
1053,21
1054,14
1055,21
1056,21
1057,4
1058,14
1059,4
1060,4
1061,4
1062,10
1063,18
1064,18
1065,18
1066,21
1067,21
1068,10
1069,10
1070,10
1071,10
1072,10
1073,14
1074,10
1075,15
1076,8
1077,15
1078,15
1079,0
1080,16
1081,16
1082,16
1083,3
1084,3
1085,3
1086,3
1087,16
1088,16
1089,16
1090,16
1091,16
1092,17
1093,17
1094,17
1095,17
1096,17
1097,17
1098,17
1099,24
1100,24
1101,24
1102,24
1103,13
1104,21
1105,21
1106,21
1107,21
1108,21
1109,21
1110,21
1111,21
1112,21
1113,2
1114,2
1115,2
1116,2
1117,2
1118,2
1119,2
1120,2
1121,2
1122,2
1123,2
1124,2
1125,2
1126,2
1127,10
1128,10
1129,10
1130,8
1131,8
1132,8
1133,8
1134,8
1135,8
1136,8
1137,8
1138,8
1139,8
1140,8
1141,8
1142,8
1143,8
1144,8
1145,12
1146,8
1147,15
1148,15
1149,8
1150,8
1151,22
1152,22
1153,15
1154,8
1155,15
1156,15
1157,15
1158,15
1159,15
1160,15
1161,15
1162,15
1163,15
1164,15
1165,23
1166,3
1167,3
1168,3
1169,3
1170,3
1171,3
1172,3
1173,3
1174,3
1175,3
1176,3
1177,8
1178,8
1179,8
1180,8
1181,8
1182,8
1183,8
1184,23
1185,0
1186,8
1187,14
1188,8
1189,8
1190,8
1191,8
1192,22
1193,15
1194,15
1195,15
1196,15
1197,15
1198,15
1199,15
1200,15
1201,15
1202,15
1203,22
1204,15
1205,15
1206,15
1207,15
1208,15
1209,15
1210,15
1211,15
1212,15
1213,15
1214,15
1215,15
1216,15
1217,15
1218,15
1219,0
1220,15
1221,15
1222,0
1223,15
1224,15
1225,23
1226,0
1227,0
1228,15
1229,15
1230,13
1231,8
1232,8
1233,8
1234,8
1235,21
1236,8
1237,8
1238,23
1239,8
1240,8
1241,14
1242,14
1243,14
1244,14
1245,8
1246,14
1247,8
1248,8
1249,8
1250,8
1251,7
1252,8
1253,8
1254,21
1255,21
1256,21
1257,21
1258,14
1259,14
1260,14
1261,23
1262,23
1263,23
1264,23
1265,23
1266,23
1267,23
1268,23
1269,23
1270,23
1271,23
1272,22
1273,22
1274,22
1275,23
1276,23
1277,15
1278,8
1279,8
1280,13
1281,21
1282,23
1283,23
1284,23
1285,23
1286,23
1287,23
1288,23
1289,23
1290,23
1291,23
1292,23
1293,14
1294,23
1295,23
1296,23
1297,23
1298,23
1299,7
1300,23
1301,23
1302,23
1303,23
1304,23
1305,23
1306,14
1307,23
1308,23
1309,23
1310,23
1311,23
1312,23
1313,23
1314,23
1315,23
1316,23
1317,23
1318,21
1319,2
1320,23
1321,23
1322,12
1323,21
1324,2
1325,2
1326,2
1327,2
1328,7
1329,7
1330,7
1331,7
1332,14
1333,14
1334,12
1335,12
1336,0
1337,13
1338,21
1339,24
1340,24
1341,21
1342,21
1343,21
1344,21
1345,23
1346,1
1347,1
1348,1
1349,1
1350,1
1351,1
1352,1
1353,1
1354,1
1355,1
1356,1
1357,1
1358,1
1359,1
1360,1
1361,1
1362,1
1363,1
1364,1
1365,1
1366,1
1367,1
1368,1
1369,1
1370,1
1371,1
1372,1
1373,1
1374,1
1375,1
1376,1
1377,1
1378,1
1379,1
1380,1
1381,1
1382,1
1383,23
1384,12
1385,12
1386,12
1387,15
1388,23
1389,7
1390,7
1391,7
1392,7
1393,7
1394,24
1395,24
1396,24
1397,0
1398,0
1399,19
1400,0
1401,13
1402,13
1403,13
1404,13
1405,7
1406,7
1407,6
1408,6
1409,6
1410,6
1411,13
1412,13
1413,13
1414,13
1415,13
1416,13
1417,13
1418,13
1419,13
1420,13
1421,13
1422,13
1423,13
1424,13
1425,13
1426,13
1427,13
1428,13
1429,13
1430,2
1431,2
1432,13
1433,13
1434,13
1435,4
1436,13
1437,13
1438,13
1439,4
1440,13
1441,4
1442,4
1443,13
1444,13
1445,13
1446,13
1447,13
1448,13
1449,13
1450,13
1451,4
1452,7
1453,13
1454,13
1455,4
1456,6
1457,4
1458,4
1459,4
1460,4
1461,4
1462,4
1463,4
1464,6
1465,4
1466,4
1467,3
1468,4
1469,13
1470,13
1471,4
1472,4
1473,4
1474,13
1475,4
1476,4
1477,13
1478,3
1479,3
1480,3
1481,3
1482,3
1483,3
1484,3
1485,3
1486,3
1487,3
1488,0
1489,3
1490,3
1491,3
1492,3
1493,3
1494,3
1495,3
1496,3
1497,26
1498,26
1499,26
1500,12
1501,12
1502,12
1503,12
1504,3
1505,3
1506,16
1507,16
1508,16
1509,16
1510,15
1511,15
1512,12
1513,15
1514,23
1515,22
1516,2
1517,2
1518,2
1519,12
1520,12
1521,3
1522,3
1523,14
1524,14
1525,19
1526,0
1527,0
1528,12
1529,0
1530,16
1531,14
1532,14
1533,14
1534,14
1535,14
1536,14
1537,14
1538,14
1539,14
1540,21
1541,14
1542,14
1543,14
1544,14
1545,14
1546,14
1547,14
1548,14
1549,14
1550,14
1551,14
1552,14
1553,14
1554,14
1555,14
1556,14
1557,4
1558,1
1559,1
1560,1
1561,21
1562,1
1563,1
1564,1
1565,1
1566,1
1567,22
1568,22
1569,22
1570,22
1571,21
1572,24
1573,26
1574,26
1575,26
1576,26
1577,26
1578,7
1579,7
1580,12
1581,0
1582,13
1583,13
1584,13
1585,13
1586,13
1587,13
1588,13
1589,13
1590,13
1591,13
1592,13
1593,15
1594,15
1595,8
1596,14
1597,14
1598,15
1599,6
1600,6
1601,6
1602,8
1603,8
1604,1
1605,1
1606,7
1607,7
1608,7
1609,7
1610,7
1611,7
1612,13
1613,7
1614,7
1615,7
1616,6
1617,6
1618,6
1619,6
1620,6
1621,6
1622,6
1623,6
1624,6
1625,6
1626,6
1627,6
1628,16
1629,16
1630,16
1631,0
1632,0
1633,0
1634,22
1635,14
1636,15
1637,15
1638,15
1639,15
1640,15
1641,15
1642,15
1643,15
1644,23
1645,23
1646,23
1647,23
1648,23
1649,23
1650,10
1651,10
1652,1
1653,22
1654,15
1655,15
1656,16
1657,16
1658,16
1659,0
1660,0
1661,14
1662,14
1663,14
1664,14
1665,22
1666,12
1667,14
1668,14
1669,23
1670,23
1671,14
1672,14
1673,14
1674,14
1675,14
1676,14
1677,14
1678,14
1679,22
1680,22
1681,14
1682,12
1683,12
1684,12
1685,12
1686,12
1687,12
1688,12
1689,12
1690,12
1691,12
1692,12
1693,12
1694,12
1695,12
1696,12
1697,12
1698,12
1699,12
1700,12
1701,12
1702,12
1703,12
1704,12
1705,12
1706,19
1707,12
1708,12
1709,12
1710,12
1711,12
1712,12
1713,12
1714,12
1715,6
1716,12
1717,12
1718,12
1719,12
1720,0
1721,12
1722,12
1723,12
1724,12
1725,12
1726,12
1727,12
1728,12
1729,0
1730,12
1731,12
1732,12
1733,12
1734,12
1735,12
1736,12
1737,14
1738,23
1739,23
1740,12
1741,23
1742,14
1743,14
1744,14
1745,14
1746,14
1747,14
1748,21
1749,21
1750,21
1751,14
1752,14
1753,14
1754,14
1755,2
1756,14
1757,14
1758,14
1759,14
1760,14
1761,14
1762,14
1763,14
1764,14
1765,14
1766,14
1767,14
1768,14
1769,14
1770,14
1771,13
1772,23
1773,14
1774,23
1775,14
1776,13
1777,14
1778,13
1779,0
1780,23
1781,14
1782,14
1783,14
1784,14
1785,14
1786,14
1787,12
1788,21
1789,23
1790,15
1791,23
1792,23
1793,14
1794,13
1795,13
1796,13
1797,13
1798,13
1799,13
1800,23
1801,13
1802,13
1803,13
1804,13
1805,12
1806,14
1807,14
1808,19
1809,14
1810,14
1811,14
1812,14
1813,23
1814,12
1815,12
1816,23
1817,12
1818,12
1819,3
1820,12
1821,12
1822,12
1823,12
1824,12
1825,12
1826,12
1827,12
1828,12
1829,12
1830,12
1831,12
1832,12
1833,12
1834,3
1835,12
1836,12
1837,12
1838,12
1839,12
1840,12
1841,12
1842,12
1843,12
1844,12
1845,12
1846,12
1847,12
1848,12
1849,12
1850,12
1851,12
1852,12
1853,12
1854,12
1855,12
1856,12
1857,12
1858,12
1859,12
1860,12
1861,3
1862,12
1863,12
1864,12
1865,12
1866,12
1867,12
1868,12
1869,12
1870,12
1871,12
1872,12
1873,15
1874,12
1875,12
1876,12
1877,12
1878,12
1879,12
1880,12
1881,12
1882,12
1883,12
1884,12
1885,12
1886,12
1887,12
1888,12
1889,12
1890,12
1891,12
1892,12
1893,12
1894,12
1895,12
1896,12
1897,12
1898,3
1899,19
1900,12
1901,12
1902,12
1903,12
1904,12
1905,12
1906,12
1907,12
1908,12
1909,12
1910,12
1911,12
1912,12
1913,7
1914,12
1915,12
1916,12
1917,12
1918,8
1919,12
1920,12
1921,12
1922,0
1923,23
1924,12
1925,12
1926,12
1927,12
1928,12
1929,0
1930,0
1931,12
1932,12
1933,12
1934,12
1935,12
1936,12
1937,3
1938,12
1939,12
1940,12
1941,12
1942,12
1943,12
1944,12
1945,12
1946,12
1947,12
1948,12
1949,12
1950,12
1951,12
1952,12
1953,2
1954,2
1955,2
1956,2
1957,24
1958,24
1959,21
1960,0
1961,0
1962,0
1963,0
1964,0
1965,18
1966,18
1967,18
1968,18
1969,21
1970,23
1971,12
1972,12
1973,10
1974,10
1975,10
1976,13
1977,2
1978,2
1979,2
1980,2
1981,2
1982,2
1983,14
1984,10
1985,10
1986,10
1987,10
1988,7
1989,6
1990,10
1991,10
1992,10
1993,21
1994,4
1995,13
1996,10
1997,10
1998,10
1999,16
2000,16
2001,16
2002,16
2003,16
2004,16
2005,16
2006,16
2007,16
2008,16
2009,6
2010,16
2011,6
2012,5
2013,5
2014,5
2015,5
2016,2
2017,19
2018,19
2019,6
2020,19
2021,19
2022,12
2023,19
2024,6
2025,19
2026,19
2027,6
2028,6
2029,6
2030,6
2031,6
2032,6
2033,6
2034,6
2035,6
2036,6
2037,6
2038,6
2039,6
2040,6
2041,13
2042,6
2043,6
2044,6
2045,12
2046,12
2047,12
2048,12
2049,12
2050,12
2051,12
2052,12
2053,12
2054,12
2055,12
2056,19
2057,19
2058,12
2059,19
2060,12
2061,12
2062,16
2063,16
2064,16
2065,16
2066,16
2067,16
2068,16
2069,16
2070,16
2071,16
2072,16
2073,16
2074,6
2075,6
2076,22
2077,22
2078,22
2079,22
2080,22
2081,21
2082,21
2083,21
2084,21
2085,21
2086,21
2087,23
2088,21
2089,12
2090,12
2091,12
2092,12
2093,12
2094,12
2095,12
2096,12
2097,3
2098,3
2099,12
2100,12
2101,12
2102,12
2103,12
2104,12
2105,12
2106,12
2107,12
2108,12
2109,12
2110,12
2111,12
2112,12
2113,12
2114,12
2115,12
2116,12
2117,12
2118,12
2119,12
2120,12
2121,12
2122,10
2123,10
2124,10
2125,10
2126,10
2127,10
2128,10
2129,12
2130,12
2131,15
2132,15
2133,15
2134,12
2135,2
2136,12
2137,12
2138,3
2139,3
2140,3
2141,3
2142,3
2143,12
2144,3
2145,21
2146,3
2147,3
2148,12
2149,12
2150,12
2151,16
2152,12
2153,3
2154,3
2155,3
2156,12
2157,12
2158,9
2159,12
2160,12
2161,12
2162,12
2163,12
2164,12
2165,12
2166,22
2167,23
2168,23
2169,24
2170,13
2171,13
2172,13
2173,23
2174,1
2175,10
2176,10
2177,10
2178,10
2179,10
2180,10
2181,10
2182,10
2183,12
2184,12
2185,12
2186,12
2187,12
2188,12
2189,12
2190,12
2191,12
2192,12
2193,7
2194,7
2195,7
2196,7
2197,12
2198,12
2199,12
2200,12
2201,13
2202,22
2203,14
2204,23
2205,13
2206,13
2207,13
2208,13
2209,13
2210,13
2211,13
2212,13
2213,15
2214,12
2215,12
2216,5
2217,5
2218,5
2219,5
2220,5
2221,3
2222,3
2223,3
2224,3
2225,3
2226,3
2227,3
2228,3
2229,3
2230,3
2231,3
2232,3
2233,3
2234,3
2235,3
2236,3
2237,3
2238,3
2239,14
2240,14
2241,21
2242,7
2243,7
2244,7
2245,6
2246,6
2247,13
2248,22
2249,5
2250,14
2251,14
2252,14
2253,13
2254,22
2255,22
2256,22
2257,22
2258,22
2259,22
2260,23
2261,3
2262,3
2263,3
2264,3
2265,23
2266,23
2267,23
2268,23
2269,23
2270,23
2271,12
2272,0
2273,0
2274,12
2275,13
2276,10
2277,6
2278,6
2279,22
2280,21
2281,2
2282,2
2283,2
2284,2
2285,2
2286,2
2287,16
2288,16
2289,16
2290,24
2291,24
2292,24
2293,24
2294,24
2295,8
2296,8
2297,15
2298,19
2299,19
2300,22
2301,0
2302,0
2303,21
2304,21
2305,21
2306,21
2307,21
2308,21
2309,21
2310,21
2311,21
2312,21
2313,21
2314,21
2315,21
2316,21
2317,21
2318,21
2319,21
2320,21
2321,21
2322,21
2323,21
2324,21
2325,21
2326,21
2327,14
2328,21
2329,21
2330,21
2331,21
2332,1
2333,21
2334,21
2335,21
2336,5
2337,5
2338,5
2339,16
2340,16
2341,16
2342,16
2343,16
2344,0
2345,0
2346,0
2347,0
2348,23
2349,23
2350,23
2351,23
2352,15
2353,23
2354,23
2355,23
2356,23
2357,14
2358,14
2359,1
2360,1
2361,1
2362,1
2363,1
2364,1
2365,1
2366,6
2367,1
2368,1
2369,1
2370,1
2371,1
2372,6
2373,3
2374,3
2375,3
2376,3
2377,3
2378,13
2379,13
2380,13
2381,14
2382,13
2383,13
2384,13
2385,13
2386,3
2387,3
2388,6
2389,6
2390,0
2391,0
2392,0
2393,0
2394,0
2395,0
2396,0
2397,0
2398,0
2399,0
2400,0
2401,0
2402,0
2403,0
2404,0
2405,0
2406,3
2407,3
2408,3
2409,3
2410,23
2411,0
2412,0
2413,0
2414,0
2415,0
2416,0
2417,0
2418,15
2419,0
2420,15
2421,23
2422,3
2423,23
2424,0
2425,0
2426,15
2427,15
2428,0
2429,0
2430,0
2431,0
2432,0
2433,24
2434,24
2435,24
2436,24
2437,23
2438,12
2439,5
2440,10
2441,10
2442,10
2443,23
2444,23
2445,23
2446,19
2447,21
2448,21
2449,16
2450,16
2451,16
2452,16
2453,16
2454,16
2455,6
2456,16
2457,16
2458,16
2459,16
2460,16
2461,21
2462,2
2463,14
2464,14
2465,14
2466,3
2467,12
2468,12
2469,3
2470,3
2471,3
2472,3
2473,19
2474,19
2475,19
2476,12
2477,12
2478,12
2479,12
2480,12
2481,24
2482,7
2483,7
2484,7
2485,7
2486,7
2487,7
2488,7
2489,7
2490,7
2491,7
2492,7
2493,5
2494,5
2495,17
2496,17
2497,17
2498,17
2499,17
2500,17
2501,17
2502,12
2503,23
2504,12
2505,12
2506,12
2507,0
2508,0
2509,12
2510,12
2511,12
2512,13
2513,2
2514,2
2515,12
2516,12
2517,12
2518,12
2519,10
2520,10
2521,15
2522,23
2523,14
2524,12
2525,12
2526,1
2527,1
2528,1
2529,24
2530,24
2531,24
2532,24
2533,10
2534,24
2535,24
2536,24
2537,24
2538,4
2539,14
2540,16
2541,14
2542,14
2543,14
2544,14
2545,7
2546,5
2547,2
2548,2
2549,14
2550,14
2551,14
2552,13
2553,14
2554,16
2555,16
2556,14
2557,2
2558,21
2559,14
2560,14
2561,14
2562,14
2563,4
2564,4
2565,2
2566,2
2567,2
2568,7
2569,0
2570,5
2571,2
2572,21
2573,2
2574,21
2575,14
2576,14
2577,14
2578,21
2579,21
2580,16
2581,16
2582,24
2583,16
2584,16
2585,16
2586,16
2587,16
2588,14
2589,14
2590,14
2591,26
2592,16
2593,26
2594,21
2595,15
2596,21
2597,16
2598,16
2599,16
2600,16
2601,16
2602,16
2603,16
2604,16
2605,6
2606,16
2607,16
2608,21
2609,21
2610,15
2611,2
2612,2
2613,2
2614,2
2615,2
2616,7
2617,0
2618,12
2619,0
2620,14
2621,14
2622,14
2623,14
2624,14
2625,2
2626,2
2627,14
2628,2
2629,21
2630,21
2631,14
2632,14
2633,24
2634,24
2635,24
2636,2
2637,2
2638,2
2639,2
2640,13
2641,13
2642,17
2643,17
2644,15
2645,13
2646,15
2647,3
2648,3
2649,3
2650,14
2651,0
2652,16
2653,12
2654,14
2655,14
2656,14
2657,21
2658,19
2659,16
2660,16
2661,16
2662,16
2663,23
2664,13
2665,13
2666,23
2667,23
2668,13
2669,23
2670,13
2671,13
2672,13
2673,13
2674,13
2675,13
2676,13
2677,13
2678,13
2679,13
2680,13
2681,10
2682,10
2683,16
2684,16
2685,16
2686,16
2687,16
2688,16
2689,16
2690,16
2691,16
2692,16
2693,16
2694,16
2695,16
2696,16
2697,16
2698,16
2699,16
2700,16
2701,16
2702,19
2703,19
2704,19
2705,19
2706,19
2707,23
2708,23
2709,23
2710,23
2711,0
2712,0
2713,5
2714,5
2715,5
2716,5
2717,5
2718,22
2719,22
2720,22
2721,12
2722,25
2723,1
2724,1
2725,15
2726,7
2727,7
2728,8
2729,8
2730,23
2731,8
2732,8
2733,8
2734,8
2735,8
2736,8
2737,23
2738,23
2739,23
2740,23
2741,23
2742,2
2743,2
2744,7
2745,7
2746,3
2747,3
2748,3
2749,3
2750,14
2751,0
2752,24
2753,24
2754,13
2755,0
2756,5
2757,5
2758,5
2759,5
2760,5
2761,5
2762,5
2763,5
2764,5
2765,5
2766,5
2767,5
2768,5
2769,7
2770,7
2771,10
2772,10
2773,16
2774,6
2775,6
2776,6
2777,6
2778,6
2779,6
2780,6
2781,6
2782,6
2783,6
2784,6
2785,6
2786,6
2787,6
2788,6
2789,6
2790,6
2791,6
2792,6
2793,6
2794,6
2795,6
2796,6
2797,6
2798,16
2799,6
2800,6
2801,6
2802,6
2803,6
2804,16
2805,16
2806,16
2807,16
2808,16
2809,7
2810,7
2811,7
2812,16
2813,16
2814,16
2815,16
2816,16
2817,16
2818,16
2819,16
2820,16
2821,12
2822,12
2823,12
2824,12
2825,17
2826,12
2827,17
2828,12
2829,12
2830,13
2831,23
2832,23
2833,13
2834,13
2835,13
2836,13
2837,2
2838,13
2839,23
2840,23
2841,4
2842,23
2843,2
2844,2
2845,2
2846,2
2847,2
2848,14
2849,2
2850,2
2851,2
2852,2
2853,2
2854,2
2855,2
2856,2
2857,15
2858,2
2859,16
2860,16
2861,16
2862,16
2863,16
2864,16
2865,16
2866,16
2867,16
2868,16
2869,17
2870,17
2871,17
2872,17
2873,17
2874,17
2875,6
2876,6
2877,6
2878,6
2879,24
2880,24
2881,24
2882,24
2883,24
2884,24
2885,24
2886,24
2887,24
2888,24
2889,2
2890,24
2891,5
2892,24
2893,24
2894,14
2895,14
2896,24
2897,24
2898,24
2899,14
2900,14
2901,23
2902,23
2903,23
2904,23
2905,14
2906,14
2907,14
2908,1
2909,1
2910,1
2911,1
2912,7
2913,7
2914,7
2915,7
2916,7
2917,2
2918,2
2919,2
2920,2
2921,17
2922,17
2923,1
2924,19
2925,16
2926,2
2927,21
2928,21
2929,24
2930,24
2931,24
2932,24
2933,24
2934,14
2935,14
2936,14
2937,19
2938,13
2939,22
2940,22
2941,22
2942,23
2943,23
2944,23
2945,23
2946,15
2947,15
2948,1
2949,15
2950,15
2951,15
2952,3
2953,3
2954,15
2955,10
2956,10
2957,10
2958,10
2959,10
2960,10
2961,10
2962,12
2963,12
2964,10
2965,3
2966,3
2967,6
2968,6
2969,6
2970,6
2971,6
2972,6
2973,6
2974,6
2975,6
2976,6
2977,6
2978,6
2979,6
2980,6
2981,6
2982,6
2983,6
2984,6
2985,6
2986,6
2987,6
2988,6
2989,6
2990,6
2991,6
2992,6
2993,6
2994,6
2995,6
2996,15
2997,12
2998,12
2999,12
3000,22
3001,1
3002,1
3003,1
3004,1
3005,1
3006,26
3007,26
3008,26
3009,26
3010,10
3011,6
3012,26
3013,1
3014,26
3015,26
3016,26
3017,26
3018,26
3019,26
3020,15
3021,15
3022,15
3023,15
3024,15
3025,15
3026,15
3027,16
3028,21
3029,13
3030,13
3031,17
3032,2
3033,2
3034,14
3035,14
3036,14
3037,14
3038,14
3039,1
3040,1
3041,1
3042,1
3043,1
3044,1
3045,1
3046,1
3047,1
3048,1
3049,1
3050,1
3051,1
3052,1
3053,1
3054,1
3055,1
3056,1
3057,1
3058,1
3059,1
3060,1
3061,1
3062,1
3063,1
3064,1
3065,1
3066,1
3067,1
3068,1
3069,1
3070,1
3071,1
3072,1
3073,24
3074,24
3075,24
3076,24
3077,1
3078,19
3079,19
3080,17
3081,17
3082,17
3083,3
3084,17
3085,13
3086,13
3087,15
3088,15
3089,6
3090,6
3091,6
3092,6
3093,0
3094,14
3095,14
3096,14
3097,14
3098,14
3099,14
3100,14
3101,16
3102,16
3103,24
3104,24
3105,16
3106,14
3107,16
3108,16
3109,16
3110,16
3111,16
3112,16
3113,16
3114,16
3115,13
3116,13
3117,13
3118,13
3119,13
3120,24
3121,24
3122,24
3123,5
3124,5
3125,5
3126,1
3127,16
3128,16
3129,16
3130,0
3131,12
3132,12
3133,21
3134,21
3135,21
3136,7
3137,7
3138,7
3139,8
3140,3
3141,2
3142,13
3143,1
3144,13
3145,0
3146,0
3147,0
3148,0
3149,0
3150,10
3151,10
3152,10
3153,10
3154,12
3155,2
3156,2
3157,2
3158,2
3159,12
3160,12
3161,12
3162,10
3163,10
3164,10
3165,10
3166,10
3167,6
3168,6
3169,6
3170,6
3171,6
3172,6
3173,6
3174,6
3175,6
3176,5
3177,5
3178,5
3179,5
3180,2
3181,2
3182,8
3183,8
3184,1
3185,6
3186,6
3187,6
3188,6
3189,23
3190,26
3191,26
3192,26
3193,26
3194,26
3195,26
3196,16
3197,16
3198,16
3199,10
3200,10
3201,10
3202,10
3203,10
3204,10
3205,10
3206,12
3207,7
3208,7
3209,6
3210,7
3211,6
3212,5
3213,5
3214,5
3215,5
3216,5
3217,5
3218,5
3219,5
3220,5
3221,5
3222,21
3223,24
3224,23
3225,6
3226,6
3227,6
3228,6
3229,6
3230,6
3231,6
3232,14
3233,2
3234,2
3235,12
3236,17
3237,17
3238,13
3239,17
3240,1
3241,1
3242,1
3243,1
3244,1
3245,1
3246,8
3247,8
3248,0
3249,10
3250,1
3251,1
3252,1
3253,7
3254,7
3255,7
3256,7
3257,1
3258,1
3259,16
3260,16
3261,15
3262,0
3263,15
3264,15
3265,17
3266,17
3267,0
3268,6
3269,6
3270,6
3271,6
3272,6
3273,6
3274,6
3275,6
3276,2
3277,8
3278,16
3279,15
3280,23
3281,23
3282,13
3283,13
3284,15
3285,15
3286,16
3287,5
3288,16
3289,2
3290,16
3291,16
3292,16
3293,16
3294,5
3295,11
3296,11
3297,11
3298,11
3299,25
3300,25
3301,25
3302,25
3303,25
3304,25
3305,25
3306,23
3307,17
3308,17
3309,6
3310,6
3311,3
3312,6
3313,6
3314,6
3315,6
3316,6
3317,21
3318,14
3319,14
3320,14
3321,15
3322,15
3323,16
3324,13
3325,13
3326,13
3327,23
3328,26
3329,26
3330,14
3331,13
3332,13
3333,10
3334,10
3335,24
3336,6
3337,6
3338,15
3339,1
3340,1
3341,1
3342,21
3343,25
3344,6
3345,6
3346,6
3347,4
3348,6
3349,14
3350,23
3351,23
3352,10
3353,1
3354,24
3355,24
3356,6
3357,6
3358,6
3359,6
3360,6
3361,6
3362,24
3363,24
3364,24
3365,24
3366,7
3367,10
3368,10
3369,10
3370,7
3371,7
3372,7
3373,7
3374,7
3375,7
3376,7
3377,11
3378,11
3379,11
3380,11
3381,11
3382,6
3383,6
3384,6
3385,6
3386,5
3387,13
3388,17
3389,17
3390,17
3391,9
3392,9
3393,4
3394,1
3395,4
3396,4
3397,4
3398,6
3399,1
3400,1
3401,1
3402,8
3403,8
3404,8
3405,3
3406,12
3407,6
3408,21
3409,6
3410,0
3411,0
3412,0
3413,0
3414,0
3415,0
3416,6
3417,24
3418,24
3419,24
3420,1
3421,1
3422,14
3423,24
3424,14
3425,12
3426,12
3427,1
3428,1
3429,0
3430,21
3431,21
3432,24
3433,13
3434,24
3435,17
3436,17
3437,24
3438,24
3439,24
3440,24
3441,3
3442,3
3443,3
3444,6
3445,13
3446,14
3447,24
3448,24
3449,21
3450,21
3451,21
3452,6
3453,6
3454,6
3455,1
3456,1
3457,8
3458,8
3459,1
3460,10
3461,10
3462,10
3463,10
3464,10
3465,10
3466,24
3467,26
3468,8
3469,0
3470,13
3471,3
3472,3
3473,3
3474,6
3475,6
3476,6
3477,16
3478,4
3479,7
3480,13
3481,13
3482,1
3483,17
3484,4
3485,23
3486,23
3487,23
3488,0
3489,0
3490,16
3491,14
3492,1
3493,15
3494,1
3495,1
3496,1
3497,1
3498,1
3499,9
3500,24
3501,2
3502,2
3503,2
3504,2
3505,13
3506,1
3507,13
3508,13
3509,1
3510,8
3511,8
3512,14
3513,6
3514,21
3515,21
3516,23
3517,4
3518,6
3519,10
3520,3
3521,13
3522,2
3523,10
3524,10
3525,10
3526,21
3527,7
3528,7
3529,15
3530,15
3531,16
3532,8
3533,12
3534,1
3535,14
3536,14
3537,25
3538,11
3539,6
3540,22
3541,7
3542,8
3543,1
3544,7
3545,1
3546,14
3547,16
3548,1
3549,24
3550,24
3551,2
3552,7
3553,10
3554,5
3555,5
3556,12
3557,12
3558,11
3559,16
3560,14
3561,14
3562,1
3563,1
3564,12
3565,24
3566,24
3567,24
3568,6
3569,21
3570,16
3571,10
3572,2
3573,16
3574,22
3575,8
3576,6
3577,0
3578,0
3579,13
3580,10
3581,21
3582,21
3583,13
3584,13
3585,6
3586,17
3587,12
3588,21
3589,16
3590,21
3591,21
3592,0
3593,5
3594,24
3595,8
3596,8
3597,14
3598,9
3599,16
3600,24
3601,0
3602,12
3603,6
3604,6
3605,11
3606,14
3607,7
3608,7
3609,13
3610,7
3611,21
3612,21
3613,12
3614,6
3615,14
3616,23
3617,23
3618,0
3619,15
3620,23
3621,13
3622,13
3623,1
3624,6
3625,23
3626,7
3627,12
3628,22
3629,17
3630,13
3631,14
3632,14
3633,17
3634,15
3635,7
3636,18
3637,1
3638,13
3639,3
3640,10
