node,community
0,6
1,6
2,6
3,6
4,6
5,6
6,17
7,15
8,15
9,6
10,6
11,6
12,6
13,6
14,6
15,6
16,6
17,6
18,6
19,15
20,15
21,15
22,15
23,15
24,15
25,6
26,15
27,15
28,15
29,15
30,15
31,15
32,15
33,15
34,15
35,15
36,15
37,15
38,15
39,15
40,15
41,15
42,15
43,15
44,15
45,15
46,7
47,7
48,15
49,15
50,15
51,15
52,15
53,15
54,15
55,15
56,15
57,15
58,15
59,15
60,15
61,15
62,15
63,15
64,15
65,15
66,15
67,15
68,15
69,15
70,15
71,15
72,15
73,15
74,10
75,15
76,10
77,15
78,15
79,15
80,17
81,15
82,20
83,15
84,15
85,15
86,15
87,17
88,15
89,15
90,15
91,15
92,17
93,15
94,15
95,17
96,15
97,15
98,15
99,15
100,15
101,15
102,15
103,15
104,15
105,15
106,15
107,15
108,15
109,15
110,15
111,15
112,17
113,15
114,15
115,15
116,15
117,15
118,15
119,15
120,15
121,15
122,15
123,15
124,15
125,14
126,15
127,15
128,15
129,15
130,15
131,15
132,15
133,15
134,15
135,21
136,15
137,15
138,15
139,15
140,15
141,15
142,15
143,15
144,15
145,15
146,15
147,15
148,15
149,6
150,15
151,15
152,10
153,10
154,15
155,14
156,15
157,15
158,15
159,15
160,21
161,15
162,15
163,15
164,15
165,15
166,5
167,21
168,15
169,21
170,21
171,6
172,21
173,6
174,15
175,15
176,1
177,15
178,15
179,15
180,5
181,6
182,6
183,15
184,15
185,15
186,17
187,15
188,15
189,15
190,7
191,15
192,15
193,15
194,6
195,7
196,17
197,6
198,6
199,6
200,6
201,6
202,6
203,6
204,6
205,6
206,15
207,6
208,6
209,6
210,7
211,17
212,17
213,7
214,15
215,7
216,15
217,15
218,15
219,15
220,15
221,15
222,15
223,15
224,15
225,6
226,15
227,6
228,15
229,15
230,15
231,15
232,15
233,15
234,15
235,15
236,15
237,14
238,15
239,15
240,15
241,7
242,7
243,7
244,7
245,7
246,7
247,7
248,7
249,7
250,7
251,7
252,7
253,7
254,7
255,7
256,7
257,7
258,7
259,7
260,7
261,7
262,7
263,7
264,7
265,7
266,7
267,7
268,7
269,16
270,7
271,7
272,7
273,7
274,7
275,7
276,7
277,7
278,17
279,17
280,17
281,17
282,17
283,17
284,17
285,17
286,15
287,17
288,17
289,17
290,17
291,17
292,17
293,17
294,17
295,17
296,17
297,17
298,17
299,17
300,17
301,17
302,17
303,17
304,17
305,17
306,4
307,17
308,17
309,17
310,17
311,17
312,17
313,17
314,17
315,15
316,15
317,17
318,17
319,17
320,17
321,17
322,17
323,17
324,17
325,17
326,15
327,17
328,7
329,7
330,15
331,7
332,7
333,7
334,7
335,7
336,15
337,7
338,15
339,15
340,15
341,15
342,15
343,17
344,15
345,15
346,15
347,6
348,15
349,15
350,17
351,15
352,15
353,15
354,15
355,15
356,15
357,15
358,9
359,15
360,15
361,15
362,15
363,17
364,15
365,15
366,15
367,15
368,15
369,15
370,15
371,15
372,15
373,15
374,15
375,15
376,15
377,15
378,15
379,15
380,15
381,15
382,15
383,15
384,15
385,15
386,17
387,15
388,15
389,15
390,15
391,15
392,6
393,15
394,17
395,17
396,17
397,17
398,17
399,17
400,17
401,17
402,17
403,17
404,15
405,7
406,7
407,7
408,7
409,7
410,7
411,7
412,12
413,15
414,15
415,15
416,15
417,17
418,15
419,20
420,15
421,15
422,15
423,15
424,4
425,15
426,15
427,15
428,15
429,15
430,15
431,15
432,15
433,15
434,15
435,15
436,15
437,15
438,15
439,9
440,9
441,15
442,4
443,15
444,15
445,15
446,15
447,15
448,15
449,15
450,15
451,15
452,15
453,15
454,15
455,15
456,15
457,15
458,15
459,7
460,7
461,15
462,15
463,17
464,15
465,15
466,15
467,15
468,15
469,20
470,17
471,17
472,17
473,17
474,17
475,17
476,17
477,17
478,19
479,17
480,17
481,17
482,17
483,15
484,15
485,15
486,15
487,15
488,15
489,15
490,15
491,15
492,15
493,15
494,15
495,15
496,15
497,15
498,17
499,15
500,15
501,15
502,15
503,15
504,15
505,15
506,15
507,15
508,15
509,15
510,15
511,15
512,15
513,15
514,15
515,15
516,6
517,15
518,15
519,15
520,15
521,15
522,15
523,15
524,15
525,15
526,15
527,15
528,15
529,15
530,15
531,15
532,15
533,15
534,15
535,9
536,15
537,15
538,15
539,15
540,17
541,15
542,15
543,15
544,15
545,15
546,15
547,15
548,15
549,15
550,15
551,15
552,15
553,15
554,15
555,15
556,1
557,1
558,21
559,21
560,15
561,12
562,6
563,15
564,15
565,15
566,15
567,15
568,15
569,17
570,15
571,6
572,15
573,15
574,15
575,15
576,15
577,15
578,15
579,9
580,9
581,15
582,15
583,15
584,15
585,15
586,1
587,15
588,15
589,15
590,15
591,15
592,15
593,15
594,15
595,0
596,15
597,15
598,15
599,9
600,15
601,15
602,1
603,1
604,15
605,9
606,7
607,17
608,7
609,15
610,17
611,15
612,16
613,15
614,12
615,16
616,15
617,16
618,7
619,12
620,7
621,7
622,7
623,7
624,16
625,7
626,7
627,7
628,7
629,7
630,7
631,7
632,7
633,7
634,7
635,7
636,7
637,7
638,17
639,17
640,17
641,10
642,17
643,17
644,17
645,17
646,17
647,17
648,17
649,17
650,12
651,17
652,17
653,17
654,17
655,17
656,17
657,17
658,17
659,17
660,17
661,7
662,7
663,7
664,7
665,7
666,15
667,16
668,7
669,16
670,7
671,7
672,16
673,15
674,7
675,15
676,15
677,15
678,15
679,15
680,7
681,7
682,7
683,16
684,7
685,17
686,17
687,15
688,4
689,6
690,6
691,6
692,6
693,6
694,6
695,17
696,6
697,6
698,6
699,6
700,6
701,4
702,15
703,15
704,4
705,4
706,4
707,4
708,4
709,4
710,4
711,4
712,6
713,6
714,6
715,13
716,15
717,1
718,15
719,15
720,15
721,15
722,15
723,15
724,1
725,15
726,14
727,15
728,15
729,15
730,15
731,15
732,17
733,6
734,17
735,17
736,17
737,17
738,17
739,17
740,17
741,17
742,15
743,4
744,17
745,17
746,17
747,17
748,17
749,17
750,17
751,17
752,12
753,17
754,17
755,17
756,11
757,17
758,17
759,17
760,17
761,17
762,17
763,17
764,17
765,17
766,17
767,17
768,17
769,17
770,17
771,17
772,17
773,17
774,17
775,17
776,17
777,12
778,17
779,17
780,7
781,17
782,17
783,10
784,17
785,17
786,17
787,17
788,10
789,6
790,12
791,12
792,17
793,4
794,17
795,12
796,12
797,17
798,17
799,12
800,15
801,17
802,17
803,17
804,17
805,17
806,17
807,17
808,17
809,17
810,17
811,17
812,20
813,17
814,17
815,17
816,17
817,17
818,12
819,17
820,17
821,17
822,17
823,17
824,17
825,17
826,17
827,17
828,0
829,12
830,17
831,17
832,12
833,17
834,10
835,10
836,10
837,10
838,11
839,10
840,10
841,10
842,10
843,10
844,10
845,10
846,10
847,10
848,10
849,10
850,10
851,10
852,10
853,10
854,10
855,20
856,19
857,10
858,7
859,10
860,19
861,8
862,8
863,8
864,12
865,20
866,8
867,11
868,10
869,20
870,12
871,8
872,19
873,19
874,19
875,10
876,10
877,12
878,12
879,10
880,10
881,10
882,10
883,10
884,14
885,10
886,10
887,10
888,10
889,10
890,8
891,10
892,10
893,10
894,10
895,10
896,10
897,10
898,10
899,10
900,8
901,10
902,10
903,10
904,10
905,12
906,14
907,10
908,10
909,10
910,10
911,19
912,8
913,10
914,10
915,8
916,10
917,10
918,10
919,10
920,10
921,10
922,10
923,10
924,8
925,10
926,10
927,17
928,11
929,19
930,8
931,10
932,10
933,10
934,8
935,10
936,8
937,10
938,10
939,10
940,8
941,8
942,10
943,19
944,10
945,10
946,17
947,17
948,17
949,17
950,17
951,17
952,17
953,17
954,12
955,17
956,17
957,17
958,17
959,17
960,17
961,17
962,17
963,1
964,17
965,17
966,17
967,17
968,17
969,17
970,17
971,17
972,17
973,17
974,17
975,17
976,17
977,17
978,17
979,17
980,17
981,17
982,17
983,17
984,16
985,17
986,16
987,17
988,17
989,17
990,17
991,12
992,12
993,12
994,1
995,12
996,12
997,12
998,12
999,12
1000,12
1001,12
1002,12
1003,12
1004,12
1005,12
1006,12
1007,12
1008,12
1009,12
1010,12
1011,12
1012,12
1013,12
1014,12
1015,12
1016,12
1017,12
1018,12
1019,12
1020,12
1021,12
1022,12
1023,12
1024,11
1025,12
1026,7
1027,12
1028,12
1029,12
1030,12
1031,12
1032,12
1033,12
1034,12
1035,12
1036,11
1037,12
1038,12
1039,11
1040,11
1041,0
1042,11
1043,11
1044,10
1045,12
1046,12
1047,12
1048,16
1049,12
1050,12
1051,17
1052,12
1053,11
1054,0
1055,12
1056,12
1057,11
1058,12
1059,12
1060,17
1061,12
1062,12
1063,12
1064,12
1065,12
1066,17
1067,17
1068,17
1069,17
1070,17
1071,17
1072,17
1073,17
1074,12
1075,17
1076,17
1077,17
1078,17
1079,17
1080,17
1081,17
1082,17
1083,17
1084,17
1085,17
1086,17
1087,17
1088,17
1089,17
1090,17
1091,17
1092,17
1093,17
1094,17
1095,17
1096,17
1097,17
1098,17
1099,17
1100,17
1101,17
1102,17
1103,17
1104,17
1105,17
1106,17
1107,17
1108,17
1109,17
1110,17
1111,17
1112,17
1113,17
1114,17
1115,17
1116,17
1117,17
1118,17
1119,17
1120,17
1121,17
1122,17
1123,17
1124,17
1125,17
1126,17
1127,17
1128,17
1129,17
1130,17
1131,17
1132,17
1133,17
1134,9
1135,9
1136,17
1137,9
1138,17
1139,17
1140,9
1141,17
1142,17
1143,17
1144,17
1145,17
1146,17
1147,17
1148,17
1149,17
1150,9
1151,9
1152,9
1153,9
1154,9
1155,9
1156,17
1157,9
1158,9
1159,17
1160,19
1161,15
1162,9
1163,9
1164,9
1165,9
1166,9
1167,9
1168,9
1169,9
1170,9
1171,9
1172,9
1173,13
1174,9
1175,9
1176,9
1177,9
1178,9
1179,9
1180,17
1181,17
1182,17
1183,17
1184,17
1185,17
1186,17
1187,17
1188,17
1189,17
1190,17
1191,17
1192,17
1193,17
1194,17
1195,17
1196,17
1197,17
1198,17
1199,17
1200,17
1201,17
1202,17
1203,17
1204,17
1205,12
1206,12
1207,12
1208,17
1209,17
1210,17
1211,17
1212,17
1213,17
1214,17
1215,17
1216,17
1217,17
1218,17
1219,17
1220,17
1221,17
1222,17
1223,17
1224,17
1225,17
1226,17
1227,17
1228,17
1229,17
1230,17
1231,17
1232,17
1233,17
1234,17
1235,17
1236,17
1237,17
1238,17
1239,17
1240,17
1241,17
1242,17
1243,17
1244,17
1245,4
1246,17
1247,17
1248,17
1249,17
1250,17
1251,17
1252,17
1253,17
1254,17
1255,17
1256,6
1257,15
1258,17
1259,17
1260,17
1261,17
1262,17
1263,17
1264,17
1265,17
1266,17
1267,17
1268,17
1269,17
1270,17
1271,17
1272,17
1273,17
1274,17
1275,17
1276,17
1277,17
1278,17
1279,17
1280,17
1281,17
1282,17
1283,17
1284,17
1285,17
1286,17
1287,17
1288,17
1289,17
1290,17
1291,17
1292,17
1293,17
1294,17
1295,17
1296,17
1297,17
1298,17
1299,17
1300,17
1301,17
1302,17
1303,4
1304,17
1305,17
1306,17
1307,17
1308,17
1309,17
1310,17
1311,17
1312,17
1313,17
1314,17
1315,17
1316,17
1317,17
1318,17
1319,17
1320,17
1321,17
1322,17
1323,17
1324,17
1325,17
1326,17
1327,17
1328,17
1329,17
1330,17
1331,17
1332,17
1333,17
1334,17
1335,17
1336,17
1337,17
1338,17
1339,17
1340,17
1341,17
1342,17
1343,17
1344,17
1345,17
1346,17
1347,17
1348,17
1349,17
1350,12
1351,12
1352,17
1353,12
1354,12
1355,12
1356,12
1357,17
1358,12
1359,12
1360,20
1361,20
1362,12
1363,17
1364,7
1365,12
1366,12
1367,12
1368,12
1369,12
1370,12
1371,19
1372,7
1373,12
1374,12
1375,12
1376,12
1377,12
1378,12
1379,12
1380,12
1381,12
1382,12
1383,12
1384,12
1385,12
1386,12
1387,12
1388,17
1389,12
1390,12
1391,19
1392,12
1393,12
1394,12
1395,12
1396,12
1397,12
1398,12
1399,12
1400,12
1401,12
1402,12
1403,12
1404,17
1405,12
1406,12
1407,12
1408,20
1409,7
1410,7
1411,12
1412,12
1413,20
1414,12
1415,12
1416,17
1417,12
1418,12
1419,12
1420,12
1421,12
1422,12
1423,20
1424,12
1425,20
1426,12
1427,12
1428,12
1429,13
1430,17
1431,17
1432,17
1433,17
1434,12
1435,12
1436,0
1437,17
1438,17
1439,17
1440,17
1441,17
1442,20
1443,20
1444,20
1445,20
1446,7
1447,20
1448,12
1449,12
1450,12
1451,20
1452,12
1453,12
1454,17
1455,20
1456,20
1457,14
1458,7
1459,12
1460,20
1461,12
1462,20
1463,12
1464,20
1465,20
1466,11
1467,20
1468,20
1469,20
1470,20
1471,17
1472,20
1473,20
1474,20
1475,20
1476,12
1477,17
1478,17
1479,12
1480,12
1481,20
1482,7
1483,17
1484,12
1485,12
1486,12
1487,12
1488,12
1489,12
1490,12
1491,12
1492,12
1493,12
1494,17
1495,17
1496,19
1497,12
1498,17
1499,20
1500,17
1501,12
1502,12
1503,12
1504,12
1505,17
1506,12
1507,17
1508,17
1509,17
1510,17
1511,17
1512,17
1513,17
1514,17
1515,17
1516,17
1517,17
1518,17
1519,17
1520,16
1521,16
1522,17
1523,17
1524,17
1525,17
1526,17
1527,17
1528,17
1529,17
1530,17
1531,17
1532,17
1533,17
1534,17
1535,17
1536,16
1537,16
1538,17
1539,17
1540,17
1541,16
1542,17
1543,17
1544,17
1545,17
1546,17
1547,17
1548,17
1549,17
1550,17
1551,17
1552,17
1553,17
1554,17
1555,17
1556,17
1557,17
1558,17
1559,17
1560,17
1561,17
1562,17
1563,17
1564,17
1565,4
1566,12
1567,17
1568,17
1569,17
1570,17
1571,15
1572,17
1573,17
1574,17
1575,17
1576,17
1577,17
1578,17
1579,17
1580,4
1581,17
1582,17
1583,17
1584,17
1585,17
1586,17
1587,4
1588,15
1589,17
1590,12
1591,17
1592,17
1593,17
1594,4
1595,4
1596,4
1597,17
1598,17
1599,17
1600,16
1601,17
1602,17
1603,17
1604,4
1605,4
1606,17
1607,12
1608,17
1609,6
1610,17
1611,17
1612,17
1613,17
1614,0
1615,17
1616,17
1617,17
1618,13
1619,19
1620,19
1621,17
1622,19
1623,15
1624,19
1625,15
1626,17
1627,17
1628,17
1629,17
1630,17
1631,17
1632,17
1633,17
1634,17
1635,17
1636,17
1637,17
1638,17
1639,17
1640,17
1641,17
1642,17
1643,17
1644,17
1645,17
1646,17
1647,17
1648,4
1649,17
1650,17
1651,17
1652,17
1653,17
1654,17
1655,17
1656,17
1657,17
1658,4
1659,15
1660,17
1661,17
1662,17
1663,17
1664,17
1665,4
1666,17
1667,17
1668,17
1669,17
1670,17
1671,17
1672,4
1673,17
1674,17
1675,17
1676,17
1677,17
1678,17
1679,17
1680,17
1681,17
1682,17
1683,15
1684,17
1685,17
1686,17
1687,17
1688,17
1689,17
1690,17
1691,17
1692,17
1693,17
1694,17
1695,17
1696,17
1697,17
1698,17
1699,17
1700,17
1701,17
1702,17
1703,17
1704,17
1705,12
1706,17
1707,20
1708,12
1709,17
1710,4
1711,20
1712,17
1713,17
1714,16
1715,17
1716,17
1717,17
1718,17
1719,17
1720,17
1721,7
1722,12
1723,12
1724,12
1725,12
1726,12
1727,12
1728,12
1729,17
1730,17
1731,12
1732,12
1733,12
1734,12
1735,12
1736,12
1737,12
1738,12
1739,12
1740,12
1741,12
1742,12
1743,12
1744,12
1745,12
1746,12
1747,7
1748,12
1749,12
1750,12
1751,20
1752,8
1753,12
1754,12
1755,12
1756,12
1757,12
1758,12
1759,12
1760,12
1761,12
1762,12
1763,20
1764,12
1765,12
1766,12
1767,12
1768,12
1769,12
1770,12
1771,12
1772,12
1773,12
1774,12
1775,12
1776,12
1777,12
1778,12
1779,12
1780,12
1781,12
1782,12
1783,12
1784,12
1785,12
1786,12
1787,12
1788,12
1789,12
1790,12
1791,12
1792,12
1793,12
1794,12
1795,12
1796,12
1797,12
1798,12
1799,12
1800,12
1801,12
1802,12
1803,12
1804,12
1805,12
1806,12
1807,12
1808,12
1809,12
1810,12
1811,12
1812,12
1813,0
1814,12
1815,12
1816,12
1817,20
1818,12
1819,12
1820,19
1821,12
1822,12
1823,12
1824,12
1825,12
1826,12
1827,12
1828,12
1829,7
1830,7
1831,12
1832,12
1833,12
1834,12
1835,12
1836,12
1837,7
1838,12
1839,12
1840,12
1841,12
1842,12
1843,12
1844,12
1845,12
1846,11
1847,11
1848,12
1849,12
1850,12
1851,12
1852,12
1853,12
1854,12
1855,12
1856,12
1857,12
1858,16
1859,12
1860,12
1861,12
1862,12
1863,12
1864,12
1865,12
1866,12
1867,0
1868,12
1869,14
1870,12
1871,12
1872,12
1873,12
1874,12
1875,12
1876,0
1877,0
1878,12
1879,12
1880,12
1881,12
1882,12
1883,12
1884,12
1885,12
1886,12
1887,12
1888,12
1889,12
1890,12
1891,12
1892,12
1893,12
1894,12
1895,12
1896,12
1897,12
1898,12
1899,12
1900,12
1901,12
1902,12
1903,12
1904,12
1905,12
1906,12
1907,12
1908,12
1909,12
1910,12
1911,12
1912,12
1913,12
1914,12
1915,12
1916,12
1917,12
1918,12
1919,17
1920,15
1921,7
1922,0
1923,17
1924,17
1925,7
1926,7
1927,17
1928,17
1929,17
1930,17
1931,17
1932,4
1933,17
1934,7
1935,12
1936,12
1937,17
1938,12
1939,17
1940,17
1941,17
1942,17
1943,12
1944,19
1945,17
1946,17
1947,7
1948,15
1949,19
1950,17
1951,17
1952,17
1953,17
1954,17
1955,7
1956,17
1957,7
1958,7
1959,17
1960,9
1961,17
1962,17
1963,17
1964,17
1965,17
1966,7
1967,17
1968,17
1969,17
1970,17
1971,16
1972,17
1973,9
1974,17
1975,17
1976,17
1977,19
1978,17
1979,17
1980,17
1981,4
1982,16
1983,16
1984,16
1985,16
1986,16
1987,16
1988,16
1989,17
1990,17
1991,17
1992,7
1993,19
1994,19
1995,19
1996,16
1997,17
1998,19
1999,19
2000,16
2001,16
2002,13
2003,17
2004,19
2005,1
2006,19
2007,17
2008,17
2009,17
2010,17
2011,17
2012,17
2013,4
2014,17
2015,17
2016,17
2017,17
2018,17
2019,12
2020,17
2021,20
2022,17
2023,17
2024,17
2025,17
2026,17
2027,12
2028,17
2029,7
2030,7
2031,17
2032,17
2033,17
2034,17
2035,17
2036,17
2037,17
2038,17
2039,17
2040,17
2041,12
2042,12
2043,12
2044,20
2045,12
2046,12
2047,12
2048,12
2049,12
2050,12
2051,17
2052,17
2053,17
2054,17
2055,15
2056,17
2057,17
2058,17
2059,17
2060,17
2061,20
2062,17
2063,17
2064,12
2065,17
2066,16
2067,17
2068,4
2069,17
2070,1
2071,1
2072,1
2073,1
2074,1
2075,17
2076,17
2077,17
2078,17
2079,17
2080,9
2081,17
2082,17
2083,1
2084,19
2085,16
2086,16
2087,17
2088,1
2089,1
2090,4
2091,1
2092,17
2093,1
2094,1
2095,1
2096,16
2097,1
2098,1
2099,1
2100,1
2101,16
2102,13
2103,19
2104,1
2105,17
2106,17
2107,17
2108,15
2109,15
2110,17
2111,17
2112,17
2113,15
2114,17
2115,17
2116,17
2117,17
2118,17
2119,15
2120,17
2121,12
2122,17
2123,17
2124,17
2125,17
2126,17
2127,17
2128,17
2129,17
2130,17
2131,17
2132,17
2133,17
2134,17
2135,17
2136,1
2137,17
2138,1
2139,17
2140,1
2141,1
2142,19
2143,1
2144,19
2145,19
2146,1
2147,1
2148,10
2149,17
2150,17
2151,1
2152,1
2153,4
2154,17
2155,17
2156,6
2157,17
2158,1
2159,17
2160,1
2161,15
2162,15
2163,16
2164,16
2165,1
2166,1
2167,1
2168,17
2169,17
2170,16
2171,1
2172,6
2173,15
2174,17
2175,17
2176,7
2177,19
2178,17
2179,17
2180,17
2181,17
2182,10
2183,10
2184,10
2185,10
2186,10
2187,10
2188,10
2189,10
2190,10
2191,10
2192,10
2193,10
2194,10
2195,10
2196,10
2197,10
2198,10
2199,10
2200,10
2201,11
2202,10
2203,10
2204,10
2205,10
2206,10
2207,10
2208,10
2209,10
2210,10
2211,10
2212,10
2213,10
2214,10
2215,10
2216,10
2217,10
2218,10
2219,10
2220,10
2221,10
2222,10
2223,14
2224,10
2225,10
2226,10
2227,10
2228,10
2229,10
2230,10
2231,10
2232,10
2233,10
2234,10
2235,10
2236,10
2237,10
2238,10
2239,10
2240,10
2241,10
2242,10
2243,10
2244,10
2245,10
2246,10
2247,10
2248,10
2249,14
2250,14
2251,10
2252,10
2253,10
2254,10
2255,10
2256,10
2257,10
2258,10
2259,10
2260,10
2261,10
2262,10
2263,10
2264,10
2265,10
2266,10
2267,10
2268,10
2269,10
2270,10
2271,10
2272,10
2273,10
2274,10
2275,10
2276,10
2277,10
2278,10
2279,4
2280,4
2281,4
2282,4
2283,4
2284,4
2285,4
2286,4
2287,4
2288,4
2289,4
2290,4
2291,4
2292,4
2293,4
2294,4
2295,4
2296,4
2297,4
2298,4
2299,4
2300,4
2301,4
2302,4
2303,4
2304,4
2305,1
2306,17
2307,7
2308,7
2309,17
2310,17
2311,17
2312,17
2313,17
2314,17
2315,17
2316,17
2317,9
2318,17
2319,16
2320,17
2321,17
2322,17
2323,17
2324,17
2325,12
2326,12
2327,12
2328,20
2329,17
2330,17
2331,12
2332,17
2333,20
2334,10
2335,10
2336,10
2337,10
2338,11
2339,10
2340,19
2341,17
2342,4
2343,19
2344,17
2345,4
2346,4
2347,4
2348,19
2349,16
2350,4
2351,4
2352,4
2353,4
2354,9
2355,16
2356,4
2357,4
2358,17
2359,16
2360,4
2361,7
2362,12
2363,12
2364,16
2365,7
2366,16
2367,7
2368,16
2369,17
2370,19
2371,1
2372,19
2373,19
2374,19
2375,19
2376,19
2377,19
2378,19
2379,19
2380,19
2381,19
2382,1
2383,19
2384,7
2385,12
2386,12
2387,7
2388,20
2389,4
2390,4
2391,4
2392,17
2393,17
2394,9
2395,17
2396,17
2397,17
2398,17
2399,17
2400,17
2401,17
2402,17
2403,17
2404,17
2405,17
2406,17
2407,17
2408,13
2409,17
2410,17
2411,17
2412,4
2413,4
2414,17
2415,10
2416,11
2417,11
2418,11
2419,11
2420,10
2421,10
2422,10
2423,10
2424,10
2425,10
2426,10
2427,10
2428,10
2429,10
2430,10
2431,10
2432,10
2433,10
2434,10
2435,10
2436,14
2437,10
2438,10
2439,10
2440,10
2441,10
2442,10
2443,8
2444,11
2445,11
2446,11
2447,10
2448,10
2449,10
2450,12
2451,11
2452,10
2453,10
2454,10
2455,10
2456,19
2457,20
2458,12
2459,14
2460,9
2461,10
2462,10
2463,10
2464,17
2465,10
2466,12
2467,10
2468,19
2469,10
2470,12
2471,10
2472,11
2473,12
2474,12
2475,20
2476,10
2477,20
2478,10
2479,0
2480,10
2481,8
2482,12
2483,10
2484,10
2485,17
2486,12
2487,5
2488,10
2489,10
2490,10
2491,10
2492,10
2493,10
2494,10
2495,10
2496,8
2497,20
2498,10
2499,10
2500,10
2501,10
2502,12
2503,10
2504,12
2505,12
2506,12
2507,12
2508,17
2509,11
2510,10
2511,10
2512,10
2513,10
2514,10
2515,10
2516,10
2517,10
2518,10
2519,10
2520,10
2521,10
2522,8
2523,10
2524,12
2525,12
2526,12
2527,12
2528,7
2529,16
2530,12
2531,16
2532,16
2533,0
2534,12
2535,10
2536,10
2537,8
2538,10
2539,10
2540,19
2541,17
2542,12
2543,7
2544,7
2545,20
2546,20
2547,20
2548,20
2549,20
2550,20
2551,20
2552,20
2553,20
2554,7
2555,20
2556,7
2557,20
2558,19
2559,17
2560,17
2561,17
2562,4
2563,4
2564,17
2565,6
2566,17
2567,6
2568,17
2569,17
2570,4
2571,4
2572,4
2573,4
2574,4
2575,4
2576,4
2577,4
2578,4
2579,7
2580,4
2581,4
2582,4
2583,15
2584,4
2585,4
2586,4
2587,4
2588,15
2589,17
2590,17
2591,17
2592,12
2593,12
2594,12
2595,12
2596,12
2597,12
2598,12
2599,11
2600,11
2601,12
2602,12
2603,12
2604,12
2605,12
2606,12
2607,12
2608,4
2609,15
2610,17
2611,19
2612,17
2613,17
2614,17
2615,9
2616,6
2617,9
2618,9
2619,9
2620,9
2621,9
2622,9
2623,17
2624,17
2625,17
2626,17
2627,17
2628,17
2629,12
2630,7
2631,7
2632,7
2633,17
2634,20
2635,20
2636,20
2637,20
2638,20
2639,20
2640,11
2641,20
2642,14
2643,20
2644,17
2645,17
2646,17
2647,15
2648,15
2649,15
2650,15
2651,15
2652,7
2653,7
2654,7
2655,7
2656,6
2657,19
2658,19
2659,1
2660,17
2661,1
2662,1
2663,1
2664,1
2665,1
2666,1
2667,4
2668,12
2669,16
2670,10
2671,17
2672,19
2673,17
2674,12
2675,17
2676,15
2677,15
2678,1
2679,16
2680,16
2681,7
2682,7
2683,15
2684,7
2685,1
2686,16
2687,19
2688,16
2689,16
2690,16
2691,1
2692,19
2693,19
2694,1
2695,1
2696,1
2697,16
2698,1
2699,1
2700,1
2701,1
2702,16
2703,1
2704,1
2705,19
2706,1
2707,16
2708,1
2709,1
2710,1
2711,1
2712,1
2713,1
2714,4
2715,1
2716,19
2717,12
2718,19
2719,19
2720,19
2721,19
2722,19
2723,19
2724,19
2725,7
2726,19
2727,19
2728,12
2729,19
2730,19
2731,12
2732,12
2733,12
2734,19
2735,0
2736,7
2737,7
2738,7
2739,7
2740,19
2741,8
2742,19
2743,19
2744,19
2745,11
2746,12
2747,19
2748,19
2749,11
2750,19
2751,19
2752,19
2753,0
2754,12
2755,19
2756,19
2757,19
2758,19
2759,19
2760,19
2761,19
2762,12
2763,19
2764,13
2765,12
2766,12
2767,19
2768,19
2769,19
2770,19
2771,7
2772,7
2773,7
2774,7
2775,15
2776,7
2777,7
2778,7
2779,7
2780,7
2781,16
2782,7
2783,7
2784,7
2785,7
2786,20
2787,19
2788,19
2789,7
2790,7
2791,7
2792,19
2793,7
2794,16
2795,16
2796,7
2797,19
2798,19
2799,19
2800,19
2801,7
2802,19
2803,7
2804,19
2805,19
2806,7
2807,7
2808,7
2809,7
2810,7
2811,7
2812,7
2813,19
2814,0
2815,13
2816,12
2817,13
2818,19
2819,19
2820,19
2821,0
2822,7
2823,19
2824,19
2825,19
2826,5
2827,19
2828,12
2829,12
2830,12
2831,12
2832,12
2833,12
2834,0
2835,12
2836,12
2837,12
2838,12
2839,19
2840,12
2841,0
2842,19
2843,7
2844,19
2845,19
2846,7
2847,19
2848,16
2849,19
2850,19
2851,19
2852,19
2853,19
2854,7
2855,19
2856,19
2857,19
2858,19
2859,19
2860,7
2861,16
2862,7
2863,7
2864,7
2865,7
2866,7
2867,7
2868,0
2869,7
2870,0
2871,12
2872,7
2873,7
2874,12
2875,7
2876,7
2877,7
2878,0
2879,7
2880,7
2881,7
2882,7
2883,19
2884,7
2885,11
2886,7
2887,7
2888,7
2889,7
2890,7
2891,7
2892,7
2893,17
2894,7
2895,11
2896,12
2897,19
2898,19
2899,19
2900,19
2901,19
2902,19
2903,7
2904,19
2905,16
2906,19
2907,16
2908,12
2909,12
2910,12
2911,12
2912,12
2913,0
2914,12
2915,14
2916,12
2917,12
2918,12
2919,12
2920,12
2921,12
2922,12
2923,12
2924,12
2925,12
2926,19
2927,12
2928,12
2929,16
2930,12
2931,12
2932,15
2933,19
2934,19
2935,12
2936,19
2937,4
2938,12
2939,12
2940,12
2941,19
2942,12
2943,12
2944,12
2945,19
2946,12
2947,12
2948,7
2949,7
2950,7
2951,7
2952,7
2953,7
2954,7
2955,7
2956,7
2957,7
2958,7
2959,7
2960,7
2961,7
2962,7
2963,16
2964,16
2965,7
2966,12
2967,0
2968,7
2969,7
2970,7
2971,7
2972,7
2973,7
2974,19
2975,7
2976,7
2977,4
2978,12
2979,19
2980,19
2981,7
2982,19
2983,12
2984,12
2985,12
2986,12
2987,12
2988,19
2989,7
2990,19
2991,12
2992,12
2993,19
2994,16
2995,12
2996,12
2997,7
2998,19
2999,12
3000,19
3001,12
3002,7
3003,19
3004,12
3005,7
3006,7
3007,19
3008,16
3009,19
3010,0
3011,16
3012,19
3013,19
3014,19
3015,19
3016,19
3017,16
3018,19
3019,19
3020,7
3021,19
3022,16
3023,19
3024,16
3025,16
3026,16
3027,19
3028,4
3029,19
3030,16
3031,4
3032,12
3033,19
3034,19
3035,16
3036,1
3037,19
3038,19
3039,19
3040,19
3041,16
3042,19
3043,7
3044,16
3045,16
3046,19
3047,19
3048,19
3049,19
3050,19
3051,19
3052,19
3053,19
3054,19
3055,19
3056,19
3057,19
3058,19
3059,19
3060,19
3061,19
3062,20
3063,19
3064,19
3065,19
3066,12
3067,19
3068,19
3069,19
3070,19
3071,19
3072,19
3073,19
3074,19
3075,19
3076,19
3077,19
3078,16
3079,19
3080,19
3081,19
3082,19
3083,19
3084,19
3085,12
3086,19
3087,19
3088,12
3089,19
3090,4
3091,19
3092,1
3093,19
3094,19
3095,19
3096,11
3097,4
3098,19
3099,19
3100,4
3101,19
3102,4
3103,16
3104,4
3105,4
3106,19
3107,4
3108,4
3109,19
3110,19
3111,19
3112,19
3113,19
3114,19
3115,19
3116,19
3117,19
3118,19
3119,19
3120,19
3121,19
3122,4
3123,12
3124,19
3125,12
3126,19
3127,19
3128,13
3129,13
3130,13
3131,13
3132,13
3133,13
3134,13
3135,13
3136,12
3137,12
3138,19
3139,19
3140,12
3141,7
3142,7
3143,7
3144,7
3145,7
3146,16
3147,1
3148,7
3149,7
3150,7
3151,7
3152,12
3153,16
3154,0
3155,7
3156,7
3157,7
3158,7
3159,7
3160,7
3161,7
3162,7
3163,20
3164,20
3165,20
3166,20
3167,20
3168,12
3169,7
3170,20
3171,20
3172,19
3173,19
3174,19
3175,19
3176,7
3177,7
3178,7
3179,7
3180,7
3181,7
3182,7
3183,7
3184,19
3185,19
3186,19
3187,19
3188,19
3189,7
3190,7
3191,7
3192,16
3193,16
3194,16
3195,16
3196,16
3197,16
3198,16
3199,16
3200,16
3201,16
3202,16
3203,16
3204,16
3205,16
3206,16
3207,16
3208,16
3209,16
3210,7
3211,7
3212,7
3213,15
3214,7
3215,7
3216,7
3217,7
3218,7
3219,7
3220,7
3221,7
3222,16
3223,16
3224,19
3225,19
3226,19
3227,19
3228,16
3229,16
3230,16
3231,19
3232,7
3233,19
3234,19
3235,16
3236,7
3237,7
3238,12
3239,19
3240,4
3241,12
3242,19
3243,19
3244,19
3245,7
3246,7
3247,19
3248,7
3249,7
3250,7
3251,7
3252,7
3253,7
3254,7
3255,7
3256,7
3257,7
3258,0
3259,19
3260,7
3261,7
3262,7
3263,7
3264,7
3265,7
3266,4
3267,4
3268,4
3269,12
3270,4
3271,14
3272,20
3273,1
3274,1
3275,20
3276,12
3277,13
3278,13
3279,13
3280,1
3281,4
3282,4
3283,4
3284,4
3285,4
3286,12
3287,19
3288,19
3289,7
3290,1
3291,4
3292,4
3293,1
3294,4
3295,1
3296,4
3297,13
3298,13
3299,13
3300,1
3301,1
3302,1
3303,1
3304,4
3305,9
3306,15
3307,12
3308,4
3309,4
3310,4
3311,4
3312,4
3313,4
3314,4
3315,13
3316,4
3317,9
3318,4
3319,13
3320,4
3321,4
3322,19
3323,7
3324,7
3325,20
3326,19
3327,7
3328,19
3329,12
3330,7
3331,4
3332,4
3333,7
3334,12
3335,4
3336,12
3337,7
3338,4
3339,7
3340,7
3341,7
3342,4
3343,4
3344,12
3345,4
3346,7
3347,7
3348,16
3349,7
3350,7
3351,7
3352,7
3353,7
3354,7
3355,7
3356,7
3357,12
3358,12
3359,12
3360,12
3361,16
3362,7
3363,12
3364,7
3365,12
3366,12
3367,7
3368,12
3369,12
3370,12
3371,16
3372,12
3373,12
3374,12
3375,12
3376,12
3377,12
3378,12
3379,12
3380,12
3381,8
3382,7
3383,12
3384,12
3385,12
3386,12
3387,12
3388,12
3389,12
3390,12
3391,12
3392,12
3393,12
3394,7
3395,10
3396,10
3397,7
3398,7
3399,7
3400,7
3401,7
3402,7
3403,7
3404,7
3405,7
3406,7
3407,7
3408,7
3409,7
3410,7
3411,7
3412,7
3413,7
3414,7
3415,7
3416,7
3417,7
3418,7
3419,7
3420,7
3421,12
3422,12
3423,12
3424,12
3425,12
3426,20
3427,12
3428,12
3429,12
3430,7
3431,1
3432,7
3433,19
3434,19
3435,19
3436,19
3437,19
3438,19
3439,19
3440,19
3441,19
3442,19
3443,19
3444,19
3445,19
3446,11
3447,11
3448,7
3449,7
3450,19
3451,7
3452,10
3453,10
3454,10
3455,7
3456,7
3457,11
3458,7
3459,7
3460,7
3461,7
3462,20
3463,0
3464,0
3465,7
3466,11
3467,7
3468,7
3469,11
3470,0
3471,7
3472,7
3473,7
3474,7
3475,7
3476,19
3477,19
3478,16
3479,19
3480,19
3481,19
3482,16
3483,19
3484,19
3485,19
3486,7
3487,19
3488,7
3489,19
3490,19
3491,19
3492,7
3493,7
3494,7
3495,7
3496,7
3497,4
3498,4
3499,4
3500,4
3501,4
3502,13
3503,4
3504,4
3505,19
3506,4
3507,4
3508,4
3509,4
3510,13
3511,4
3512,19
3513,1
3514,1
3515,4
3516,1
3517,4
3518,13
3519,4
3520,19
3521,4
3522,13
3523,1
3524,7
3525,7
3526,7
3527,7
3528,7
3529,7
3530,12
3531,7
3532,7
3533,7
3534,7
3535,19
3536,7
3537,20
3538,0
3539,7
3540,12
3541,7
3542,7
3543,19
3544,16
3545,0
3546,0
3547,16
3548,17
3549,17
3550,7
3551,12
3552,12
3553,16
3554,20
3555,20
3556,7
3557,12
3558,12
3559,12
3560,12
3561,16
3562,12
3563,19
3564,12
3565,7
3566,7
3567,12
3568,12
3569,12
3570,12
3571,16
3572,15
3573,12
3574,12
3575,12
3576,12
3577,12
3578,12
3579,12
3580,12
3581,12
3582,12
3583,12
3584,12
3585,12
3586,12
3587,16
3588,12
3589,12
3590,12
3591,12
3592,12
3593,12
3594,12
3595,7
3596,7
3597,20
3598,0
3599,12
3600,12
3601,12
3602,12
3603,12
3604,19
3605,12
3606,12
3607,12
3608,12
3609,12
3610,12
3611,12
3612,19
3613,7
3614,7
3615,7
3616,19
3617,16
3618,13
3619,7
3620,14
3621,7
3622,7
3623,7
3624,7
3625,7
3626,12
3627,7
3628,7
3629,12
3630,7
3631,12
3632,12
3633,12
3634,7
3635,4
3636,11
3637,4
3638,4
3639,4
3640,4
3641,4
3642,1
3643,4
3644,4
3645,4
3646,4
3647,4
3648,16
3649,16
3650,16
3651,16
3652,16
3653,16
3654,16
3655,16
3656,16
3657,16
3658,16
3659,16
3660,16
3661,16
3662,16
3663,16
3664,16
3665,16
3666,12
3667,16
3668,16
3669,16
3670,16
3671,16
3672,7
3673,7
3674,7
3675,19
3676,7
3677,7
3678,7
3679,11
3680,0
3681,0
3682,0
3683,11
3684,0
3685,0
3686,0
3687,0
3688,0
3689,0
3690,0
3691,0
3692,0
3693,0
3694,0
3695,0
3696,0
3697,0
3698,11
3699,0
3700,0
3701,0
3702,0
3703,0
3704,0
3705,0
3706,0
3707,0
3708,0
3709,0
3710,0
3711,7
3712,0
3713,0
3714,0
3715,0
3716,0
3717,0
3718,0
3719,0
3720,0
3721,7
3722,7
3723,7
3724,7
3725,7
3726,7
3727,7
3728,7
3729,19
3730,7
3731,19
3732,19
3733,19
3734,7
3735,7
3736,16
3737,7
3738,4
3739,4
3740,4
3741,4
3742,4
3743,4
3744,13
3745,4
3746,4
3747,13
3748,1
3749,13
3750,1
3751,8
3752,4
3753,4
3754,4
3755,20
3756,7
3757,13
3758,4
3759,19
3760,4
3761,0
3762,4
3763,4
3764,4
3765,4
3766,11
3767,4
3768,12
3769,7
3770,13
3771,7
3772,7
3773,7
3774,17
3775,7
3776,12
3777,12
3778,12
3779,12
3780,17
3781,11
3782,17
3783,17
3784,17
3785,19
3786,12
3787,11
3788,17
3789,12
3790,12
3791,17
3792,12
3793,12
3794,12
3795,12
3796,19
3797,12
3798,12
3799,12
3800,17
3801,19
3802,19
3803,19
3804,19
3805,19
3806,19
3807,19
3808,19
3809,7
3810,16
3811,16
3812,7
3813,16
3814,16
3815,16
3816,16
3817,19
3818,12
3819,12
3820,12
3821,12
3822,12
3823,12
3824,12
3825,12
3826,12
3827,12
3828,19
3829,16
3830,19
3831,12
3832,16
3833,16
3834,16
3835,19
3836,19
3837,12
3838,16
3839,16
3840,16
3841,16
3842,16
3843,16
3844,16
3845,16
3846,16
3847,16
3848,16
3849,16
3850,7
3851,16
3852,16
3853,16
3854,16
3855,16
3856,16
3857,16
3858,16
3859,16
3860,16
3861,7
3862,7
3863,19
3864,7
3865,7
3866,7
3867,19
3868,16
3869,16
3870,16
3871,16
3872,16
3873,16
3874,16
3875,19
3876,7
3877,0
3878,12
3879,12
3880,19
3881,19
3882,7
3883,7
3884,19
3885,19
3886,19
3887,19
3888,19
3889,19
3890,19
3891,1
3892,1
3893,19
3894,4
3895,4
3896,4
3897,4
3898,4
3899,19
3900,4
3901,13
3902,4
3903,4
3904,4
3905,13
3906,13
3907,4
3908,4
3909,13
3910,4
3911,16
3912,16
3913,16
3914,19
3915,19
3916,19
3917,16
3918,19
3919,19
3920,12
3921,12
3922,12
3923,12
3924,12
3925,12
3926,12
3927,12
3928,12
3929,12
3930,12
3931,11
3932,19
3933,12
3934,7
3935,7
3936,7
3937,7
3938,7
3939,19
3940,4
3941,13
3942,4
3943,4
3944,16
3945,16
3946,16
3947,16
3948,16
3949,16
3950,16
3951,16
3952,7
3953,7
3954,7
3955,7
3956,7
3957,7
3958,16
3959,16
3960,7
3961,16
3962,16
3963,16
3964,16
3965,16
3966,16
3967,16
3968,16
3969,16
3970,16
3971,16
3972,0
3973,0
3974,12
3975,12
3976,19
3977,19
3978,19
3979,19
3980,6
3981,19
3982,6
3983,19
3984,19
3985,19
3986,19
3987,14
3988,19
3989,13
3990,4
3991,1
3992,13
3993,19
3994,16
3995,16
3996,19
3997,19
3998,12
3999,19
4000,16
4001,19
4002,19
4003,19
4004,1
4005,1
4006,1
4007,1
4008,1
4009,1
4010,1
4011,1
4012,1
4013,19
4014,19
4015,19
4016,19
4017,19
4018,7
4019,13
4020,19
4021,19
4022,19
4023,16
4024,19
4025,19
4026,19
4027,11
4028,11
4029,11
4030,11
4031,11
4032,11
4033,0
4034,11
4035,11
4036,11
4037,11
4038,11
4039,19
4040,19
4041,19
4042,19
4043,19
4044,19
4045,19
4046,19
4047,4
4048,4
4049,4
4050,4
4051,19
4052,19
4053,19
4054,19
4055,19
4056,19
4057,19
4058,19
4059,19
4060,19
4061,19
4062,19
4063,19
4064,19
4065,19
4066,4
4067,13
4068,4
4069,4
4070,4
4071,4
4072,4
4073,1
4074,4
4075,19
4076,13
4077,4
4078,4
4079,4
4080,4
4081,4
4082,4
4083,4
4084,4
4085,19
4086,19
4087,19
4088,17
4089,5
4090,16
4091,16
4092,1
4093,4
4094,4
4095,13
4096,19
4097,4
4098,4
4099,4
4100,1
4101,6
4102,10
4103,4
4104,4
4105,5
4106,19
4107,12
4108,12
4109,8
4110,12
4111,12
4112,15
4113,12
4114,12
4115,12
4116,12
4117,12
4118,12
4119,12
4120,20
4121,20
4122,12
4123,12
4124,13
4125,13
4126,13
4127,13
4128,13
4129,13
4130,13
4131,13
4132,13
4133,13
4134,13
4135,13
4136,13
4137,13
4138,13
4139,13
4140,13
4141,13
4142,13
4143,9
4144,13
4145,13
4146,8
4147,13
4148,5
4149,13
4150,13
4151,13
4152,13
4153,13
4154,13
4155,13
4156,13
4157,5
4158,5
4159,5
4160,13
4161,13
4162,13
4163,13
4164,13
4165,13
4166,13
4167,13
4168,13
4169,13
4170,13
4171,13
4172,14
4173,13
4174,13
4175,13
4176,13
4177,13
4178,13
4179,13
4180,13
4181,13
4182,13
4183,13
4184,13
4185,8
4186,13
4187,13
4188,13
4189,13
4190,13
4191,13
4192,13
4193,13
4194,13
4195,13
4196,13
4197,5
4198,13
4199,13
4200,13
4201,13
4202,13
4203,13
4204,13
4205,10
4206,13
4207,13
4208,13
4209,13
4210,13
4211,4
4212,13
4213,13
4214,13
4215,13
4216,13
4217,13
4218,13
4219,13
4220,13
4221,13
4222,13
4223,7
4224,19
4225,20
4226,19
4227,19
4228,19
4229,19
4230,7
4231,7
4232,7
4233,16
4234,7
4235,7
4236,7
4237,7
4238,7
4239,7
4240,7
4241,7
4242,12
4243,7
4244,7
4245,7
4246,7
4247,7
4248,15
4249,15
4250,17
4251,17
4252,17
4253,17
4254,7
4255,7
4256,7
4257,7
4258,7
4259,7
4260,7
4261,7
4262,7
4263,12
4264,11
4265,12
4266,12
4267,7
4268,7
4269,7
4270,7
4271,0
4272,7
4273,7
4274,7
4275,6
4276,7
4277,7
4278,7
4279,12
4280,12
4281,12
4282,12
4283,4
4284,12
4285,1
4286,12
4287,12
4288,12
4289,12
4290,12
4291,12
4292,12
4293,11
4294,12
4295,12
4296,12
4297,12
4298,12
4299,12
4300,12
4301,12
4302,12
4303,12
4304,17
4305,8
4306,12
4307,12
4308,12
4309,12
4310,3
4311,12
4312,12
4313,16
4314,12
4315,12
4316,12
4317,12
4318,12
4319,7
4320,7
4321,19
4322,7
4323,12
4324,12
4325,12
4326,17
4327,0
4328,17
4329,7
4330,7
4331,0
4332,15
4333,16
4334,15
4335,7
4336,7
4337,7
4338,7
4339,16
4340,16
4341,15
4342,16
4343,15
4344,15
4345,4
4346,15
4347,15
4348,15
4349,15
4350,15
4351,11
4352,7
4353,7
4354,7
4355,11
4356,7
4357,7
4358,12
4359,15
4360,7
4361,10
4362,7
4363,7
4364,10
4365,7
4366,7
4367,11
4368,8
4369,8
4370,7
4371,11
4372,7
4373,7
4374,12
4375,15
4376,11
4377,11
4378,11
4379,7
4380,19
4381,19
4382,19
4383,19
4384,1
4385,1
4386,16
4387,16
4388,16
4389,16
4390,16
4391,16
4392,16
4393,16
4394,16
4395,16
4396,16
4397,16
4398,16
4399,16
4400,16
4401,16
4402,16
4403,16
4404,16
4405,16
4406,7
4407,7
4408,12
4409,12
4410,12
4411,12
4412,16
4413,12
4414,12
4415,12
4416,16
4417,12
4418,12
4419,11
4420,12
4421,12
4422,12
4423,12
4424,11
4425,12
4426,20
4427,12
4428,12
4429,12
4430,12
4431,12
4432,12
4433,20
4434,12
4435,12
4436,12
4437,12
4438,12
4439,12
4440,12
4441,12
4442,12
4443,12
4444,8
4445,0
4446,12
4447,12
4448,12
4449,12
4450,12
4451,12
4452,12
4453,12
4454,8
4455,12
4456,12
4457,12
4458,12
4459,8
4460,8
4461,8
4462,12
4463,12
4464,12
4465,12
4466,11
4467,12
4468,12
4469,11
4470,12
4471,12
4472,12
4473,12
4474,12
4475,12
4476,12
4477,11
4478,12
4479,3
4480,4
4481,12
4482,12
4483,17
4484,15
4485,12
4486,12
4487,12
4488,11
4489,12
4490,0
4491,12
4492,11
4493,8
4494,8
4495,8
4496,18
4497,8
4498,12
4499,19
4500,9
4501,9
4502,9
4503,9
4504,9
4505,9
4506,1
4507,9
4508,9
4509,9
4510,9
4511,12
4512,12
4513,12
4514,12
4515,12
4516,11
4517,11
4518,0
4519,7
4520,12
4521,12
4522,12
4523,12
4524,12
4525,12
4526,12
4527,12
4528,12
4529,12
4530,0
4531,12
4532,12
4533,12
4534,12
4535,12
4536,11
4537,12
4538,0
4539,12
4540,12
4541,12
4542,12
4543,12
4544,12
4545,8
4546,0
4547,12
4548,11
4549,12
4550,12
4551,11
4552,20
4553,12
4554,12
4555,12
4556,12
4557,12
4558,12
4559,12
4560,12
4561,12
4562,19
4563,12
4564,12
4565,13
4566,14
4567,14
4568,12
4569,12
4570,12
4571,8
4572,8
4573,12
4574,12
4575,12
4576,12
4577,19
4578,10
4579,10
4580,10
4581,10
4582,10
4583,10
4584,10
4585,10
4586,10
4587,10
4588,10
4589,10
4590,19
4591,19
4592,19
4593,19
4594,19
4595,19
4596,19
4597,12
4598,12
4599,8
4600,12
4601,12
4602,12
4603,0
4604,12
4605,12
4606,12
4607,12
4608,12
4609,20
4610,12
4611,12
4612,12
4613,12
4614,3
4615,3
4616,3
4617,3
4618,3
4619,12
4620,12
4621,12
4622,12
4623,3
4624,12
4625,12
4626,12
4627,19
4628,16
4629,16
4630,16
4631,16
4632,16
4633,16
4634,16
4635,16
4636,16
4637,16
4638,0
4639,16
4640,16
4641,16
4642,16
4643,1
4644,13
4645,11
4646,13
4647,9
4648,4
4649,4
4650,10
4651,14
4652,10
4653,10
4654,10
4655,10
4656,10
4657,14
4658,14
4659,14
4660,14
4661,14
4662,14
4663,14
4664,14
4665,14
4666,14
4667,14
4668,14
4669,14
4670,14
4671,14
4672,14
4673,14
4674,14
4675,14
4676,5
4677,21
4678,15
4679,14
4680,14
4681,14
4682,14
4683,14
4684,15
4685,14
4686,14
4687,14
4688,14
4689,14
4690,5
4691,5
4692,5
4693,5
4694,5
4695,5
4696,5
4697,14
4698,14
4699,14
4700,14
4701,14
4702,14
4703,14
4704,14
4705,14
4706,14
4707,5
4708,14
4709,14
4710,14
4711,14
4712,14
4713,14
4714,14
4715,14
4716,14
4717,15
4718,21
4719,10
4720,10
4721,10
4722,15
4723,15
4724,15
4725,15
4726,15
4727,15
4728,15
4729,15
4730,15
4731,7
4732,7
4733,7
4734,7
4735,7
4736,11
4737,7
4738,7
4739,12
4740,20
4741,20
4742,20
4743,7
4744,11
4745,7
4746,7
4747,11
4748,12
4749,20
4750,20
4751,20
4752,20
4753,20
4754,20
4755,11
4756,20
4757,20
4758,20
4759,20
4760,20
4761,11
4762,11
4763,11
4764,11
4765,11
4766,11
4767,11
4768,11
4769,11
4770,11
4771,11
4772,11
4773,11
4774,11
4775,11
4776,11
4777,7
4778,7
4779,19
4780,8
4781,14
4782,8
4783,8
4784,11
4785,8
4786,11
4787,7
4788,11
4789,11
4790,7
4791,7
4792,20
4793,20
4794,11
4795,20
4796,20
4797,7
4798,11
4799,11
4800,7
4801,20
4802,7
4803,7
4804,12
4805,12
4806,12
4807,11
4808,0
4809,11
4810,11
4811,11
4812,11
4813,11
4814,12
4815,11
4816,11
4817,11
4818,11
4819,11
4820,11
4821,11
4822,11
4823,11
4824,11
4825,11
4826,11
4827,11
4828,11
4829,11
4830,11
4831,11
4832,11
4833,11
4834,8
4835,12
4836,11
4837,11
4838,11
4839,11
4840,11
4841,11
4842,11
4843,12
4844,12
4845,12
4846,12
4847,11
4848,12
4849,12
4850,12
4851,12
4852,12
4853,12
4854,8
4855,8
4856,8
4857,11
4858,11
4859,11
4860,11
4861,8
4862,20
4863,11
4864,11
4865,11
4866,11
4867,11
4868,11
4869,11
4870,11
4871,11
4872,11
4873,11
4874,11
4875,11
4876,12
4877,11
4878,5
4879,5
4880,5
4881,5
4882,5
4883,5
4884,5
4885,5
4886,5
4887,5
4888,5
4889,5
4890,5
4891,5
4892,5
4893,5
4894,5
4895,5
4896,5
4897,5
4898,5
4899,5
4900,5
4901,5
4902,5
4903,5
4904,5
4905,5
4906,5
4907,8
4908,5
4909,5
4910,5
4911,14
4912,5
4913,5
4914,5
4915,5
4916,5
4917,5
4918,5
4919,5
4920,5
4921,5
4922,5
4923,5
4924,5
4925,10
4926,10
4927,10
4928,10
4929,10
4930,10
4931,10
4932,5
4933,5
4934,5
4935,5
4936,5
4937,5
4938,5
4939,5
4940,5
4941,14
4942,15
4943,15
4944,15
4945,16
4946,7
4947,16
4948,16
4949,16
4950,16
4951,16
4952,16
4953,16
4954,16
4955,16
4956,16
4957,8
4958,16
4959,16
4960,16
4961,1
4962,1
4963,4
4964,6
4965,1
4966,1
4967,16
4968,16
4969,16
4970,1
4971,11
4972,4
4973,16
4974,16
4975,16
4976,16
4977,16
4978,16
4979,16
4980,16
4981,16
4982,16
4983,16
4984,16
4985,16
4986,16
4987,16
4988,16
4989,16
4990,16
4991,16
4992,16
4993,17
4994,16
4995,16
4996,16
4997,16
4998,4
4999,1
5000,1
5001,1
5002,4
5003,17
5004,1
5005,19
5006,16
5007,16
5008,12
5009,15
5010,15
5011,12
5012,15
5013,12
5014,12
5015,12
5016,19
5017,15
5018,16
5019,16
5020,12
5021,12
5022,19
5023,12
5024,12
5025,20
5026,15
5027,15
5028,16
5029,16
5030,16
5031,4
5032,4
5033,16
5034,16
5035,16
5036,16
5037,16
5038,16
5039,19
5040,19
5041,1
5042,16
5043,16
5044,4
5045,4
5046,4
5047,4
5048,4
5049,13
5050,4
5051,16
5052,16
5053,16
5054,7
5055,1
5056,4
5057,1
5058,1
5059,1
5060,1
5061,1
5062,1
5063,1
5064,1
5065,1
5066,1
5067,1
5068,1
5069,1
5070,1
5071,1
5072,1
5073,1
5074,1
5075,1
5076,1
5077,1
5078,1
5079,1
5080,1
5081,1
5082,1
5083,1
5084,1
5085,1
5086,1
5087,1
5088,1
5089,1
5090,16
5091,16
5092,16
5093,16
5094,16
5095,16
5096,7
5097,12
5098,12
5099,8
5100,8
5101,8
5102,8
5103,8
5104,12
5105,11
5106,8
5107,8
5108,8
5109,11
5110,11
5111,11
5112,8
5113,8
5114,8
5115,8
5116,8
5117,12
5118,8
5119,8
5120,8
5121,8
5122,8
5123,8
5124,8
5125,8
5126,8
5127,8
5128,8
5129,8
5130,8
5131,8
5132,11
5133,11
5134,8
5135,8
5136,12
5137,8
5138,8
5139,8
5140,14
5141,8
5142,12
5143,8
5144,8
5145,14
5146,12
5147,12
5148,8
5149,8
5150,12
5151,8
5152,12
5153,8
5154,8
5155,8
5156,8
5157,8
5158,0
5159,12
5160,12
5161,12
5162,0
5163,8
5164,14
5165,8
5166,8
5167,8
5168,8
5169,14
5170,14
5171,8
5172,12
5173,12
5174,12
5175,12
5176,20
5177,20
5178,11
5179,20
5180,20
5181,12
5182,12
5183,12
5184,11
5185,0
5186,12
5187,12
5188,20
5189,12
5190,0
5191,0
5192,12
5193,0
5194,12
5195,12
5196,20
5197,20
5198,20
5199,20
5200,20
5201,20
5202,20
5203,20
5204,20
5205,20
5206,20
5207,20
5208,20
5209,20
5210,11
5211,5
5212,20
5213,20
5214,20
5215,20
5216,12
5217,11
5218,11
5219,11
5220,11
5221,12
5222,11
5223,12
5224,11
5225,11
5226,11
5227,11
5228,11
5229,11
5230,11
5231,11
5232,11
5233,11
5234,11
5235,11
5236,11
5237,11
5238,11
5239,11
5240,11
5241,11
5242,11
5243,11
5244,11
5245,11
5246,11
5247,11
5248,11
5249,12
5250,20
5251,12
5252,12
5253,12
5254,12
5255,12
5256,11
5257,12
5258,12
5259,11
5260,20
5261,12
5262,20
5263,12
5264,11
5265,11
5266,12
5267,20
5268,20
5269,12
5270,12
5271,12
5272,12
5273,12
5274,12
5275,12
5276,0
5277,12
5278,0
5279,12
5280,12
5281,17
5282,12
5283,7
5284,7
5285,7
5286,8
5287,8
5288,8
5289,8
5290,0
5291,8
5292,8
5293,8
5294,8
5295,8
5296,8
5297,8
5298,8
5299,11
5300,20
5301,11
5302,8
5303,8
5304,8
5305,8
5306,8
5307,7
5308,8
5309,8
5310,10
5311,8
5312,8
5313,8
5314,8
5315,8
5316,8
5317,8
5318,12
5319,12
5320,12
5321,8
5322,11
5323,11
5324,8
5325,12
5326,11
5327,11
5328,11
5329,8
5330,8
5331,8
5332,11
5333,8
5334,11
5335,12
5336,11
5337,7
5338,11
5339,19
5340,12
5341,12
5342,11
5343,3
5344,3
5345,12
5346,12
5347,3
5348,12
5349,20
5350,12
5351,3
5352,3
5353,3
5354,3
5355,20
5356,12
5357,12
5358,12
5359,7
5360,7
5361,7
5362,7
5363,7
5364,17
5365,15
5366,12
5367,7
5368,17
5369,7
5370,7
5371,7
5372,7
5373,7
5374,7
5375,7
5376,7
5377,7
5378,8
5379,8
5380,0
5381,7
5382,7
5383,7
5384,7
5385,7
5386,7
5387,7
5388,7
5389,7
5390,7
5391,12
5392,17
5393,11
5394,11
5395,12
5396,12
5397,12
5398,20
5399,12
5400,11
5401,20
5402,12
5403,12
5404,11
5405,11
5406,11
5407,11
5408,11
5409,11
5410,11
5411,11
5412,11
5413,11
5414,11
5415,12
5416,11
5417,11
5418,12
5419,11
5420,19
5421,12
5422,12
5423,12
5424,11
5425,14
5426,8
5427,0
5428,8
5429,8
5430,8
5431,0
5432,0
5433,12
5434,11
5435,11
5436,11
5437,11
5438,11
5439,11
5440,11
5441,11
5442,11
5443,11
5444,2
5445,11
5446,11
5447,11
5448,11
5449,11
5450,11
5451,11
5452,11
5453,11
5454,11
5455,11
5456,11
5457,11
5458,11
5459,20
5460,20
5461,20
5462,21
5463,11
5464,11
5465,11
5466,11
5467,11
5468,11
5469,11
5470,11
5471,12
5472,12
5473,12
5474,20
5475,20
5476,0
5477,12
5478,3
5479,11
5480,0
5481,11
5482,11
5483,11
5484,11
5485,11
5486,11
5487,11
5488,11
5489,11
5490,11
5491,11
5492,11
5493,11
5494,11
5495,4
5496,20
5497,4
5498,19
5499,19
5500,15
5501,19
5502,12
5503,12
5504,12
5505,12
5506,12
5507,12
5508,12
5509,13
5510,13
5511,13
5512,12
5513,0
5514,13
5515,13
5516,13
5517,13
5518,13
5519,13
5520,13
5521,13
5522,13
5523,12
5524,12
5525,12
5526,8
5527,12
5528,12
5529,8
5530,12
5531,12
5532,12
5533,17
5534,1
5535,12
5536,11
5537,11
5538,11
5539,11
5540,11
5541,11
5542,11
5543,11
5544,11
5545,11
5546,11
5547,11
5548,11
5549,11
5550,11
5551,11
5552,11
5553,11
5554,11
5555,11
5556,11
5557,11
5558,11
5559,11
5560,11
5561,11
5562,12
5563,11
5564,12
5565,12
5566,12
5567,12
5568,12
5569,11
5570,11
5571,11
5572,11
5573,11
5574,11
5575,11
5576,11
5577,11
5578,11
5579,11
5580,11
5581,11
5582,12
5583,12
5584,11
5585,12
5586,12
5587,12
5588,12
5589,20
5590,20
5591,20
5592,20
5593,11
5594,11
5595,8
5596,12
5597,12
5598,11
5599,20
5600,12
5601,12
5602,20
5603,20
5604,20
5605,20
5606,20
5607,20
5608,20
5609,20
5610,20
5611,11
5612,11
5613,17
5614,17
5615,1
5616,11
5617,0
5618,11
5619,11
5620,11
5621,11
5622,11
5623,11
5624,11
5625,11
5626,11
5627,11
5628,11
5629,15
5630,11
5631,11
5632,11
5633,11
5634,11
5635,11
5636,11
5637,11
5638,11
5639,11
5640,11
5641,11
5642,11
5643,11
5644,11
5645,11
5646,11
5647,11
5648,11
5649,11
5650,11
5651,11
5652,11
5653,11
5654,11
5655,11
5656,11
5657,11
5658,11
5659,11
5660,11
5661,11
5662,11
5663,11
5664,12
5665,11
5666,11
5667,11
5668,11
5669,11
5670,11
5671,11
5672,11
5673,11
5674,12
5675,20
5676,1
5677,11
5678,11
5679,11
5680,11
5681,12
5682,8
5683,11
5684,11
5685,11
5686,11
5687,11
5688,11
5689,11
5690,11
5691,11
5692,11
5693,11
5694,11
5695,12
5696,11
5697,11
5698,8
5699,8
5700,8
5701,15
5702,11
5703,11
5704,11
5705,11
5706,11
5707,11
5708,14
5709,14
5710,11
5711,11
5712,11
5713,11
5714,11
5715,11
5716,11
5717,11
5718,11
5719,11
5720,11
5721,11
5722,11
5723,11
5724,11
5725,11
5726,11
5727,0
5728,5
5729,11
5730,11
5731,11
5732,11
5733,0
5734,11
5735,12
5736,12
5737,4
5738,11
5739,11
5740,11
5741,6
5742,6
5743,12
5744,11
5745,11
5746,11
5747,11
5748,11
5749,11
5750,11
5751,11
5752,11
5753,20
5754,20
5755,20
5756,20
5757,20
5758,20
5759,20
5760,20
5761,11
5762,11
5763,11
5764,11
5765,13
5766,13
5767,4
5768,17
5769,4
5770,17
5771,4
5772,6
5773,4
5774,4
5775,4
5776,4
5777,11
5778,11
5779,11
5780,12
5781,8
5782,0
5783,11
5784,13
5785,11
5786,11
5787,0
5788,11
5789,11
5790,11
5791,11
5792,11
5793,11
5794,11
5795,12
5796,8
5797,11
5798,13
5799,11
5800,11
5801,11
5802,11
5803,11
5804,7
5805,11
5806,12
5807,12
5808,11
5809,11
5810,11
5811,11
5812,11
5813,2
5814,2
5815,2
5816,2
5817,2
5818,2
5819,11
5820,7
5821,11
5822,11
5823,11
5824,11
5825,11
5826,8
5827,3
5828,3
5829,3
5830,3
5831,3
5832,3
5833,12
5834,12
5835,12
5836,12
5837,12
5838,12
5839,12
5840,12
5841,12
5842,12
5843,12
5844,8
5845,12
5846,12
5847,12
5848,12
5849,12
5850,4
5851,13
5852,4
5853,4
5854,4
5855,4
5856,4
5857,4
5858,4
5859,13
5860,4
5861,4
5862,13
5863,4
5864,4
5865,4
5866,4
5867,4
5868,4
5869,4
5870,4
5871,4
5872,4
5873,4
5874,4
5875,5
5876,4
5877,4
5878,4
5879,4
5880,4
5881,4
5882,4
5883,4
5884,4
5885,4
5886,4
5887,4
5888,4
5889,4
5890,4
5891,4
5892,4
5893,4
5894,4
5895,4
5896,4
5897,4
5898,4
5899,4
5900,4
5901,4
5902,4
5903,4
5904,4
5905,4
5906,4
5907,4
5908,4
5909,4
5910,9
5911,4
5912,13
5913,4
5914,4
5915,4
5916,4
5917,4
5918,4
5919,4
5920,4
5921,4
5922,4
5923,4
5924,4
5925,4
5926,4
5927,4
5928,4
5929,4
5930,4
5931,4
5932,4
5933,4
5934,4
5935,4
5936,4
5937,4
5938,4
5939,4
5940,4
5941,1
5942,4
5943,4
5944,4
5945,4
5946,4
5947,6
5948,6
5949,6
5950,4
5951,13
5952,13
5953,14
5954,14
5955,14
5956,14
5957,15
5958,10
5959,14
5960,14
5961,14
5962,10
5963,14
5964,14
5965,14
5966,14
5967,14
5968,14
5969,15
5970,15
5971,4
5972,15
5973,14
5974,4
5975,13
5976,13
5977,10
5978,13
5979,13
5980,13
5981,13
5982,13
5983,13
5984,13
5985,13
5986,13
5987,13
5988,13
5989,13
5990,10
5991,10
5992,10
5993,10
5994,10
5995,10
5996,10
5997,10
5998,10
5999,13
6000,13
6001,13
6002,13
6003,11
6004,8
6005,11
6006,11
6007,11
6008,11
6009,11
6010,11
6011,11
6012,11
6013,11
6014,11
6015,11
6016,11
6017,8
6018,8
6019,8
6020,8
6021,11
6022,11
6023,14
6024,10
6025,14
6026,14
6027,14
6028,14
6029,14
6030,14
6031,8
6032,8
6033,8
6034,8
6035,8
6036,0
6037,19
6038,7
6039,7
6040,16
6041,7
6042,20
6043,7
6044,16
6045,16
6046,16
6047,16
6048,16
6049,8
6050,8
6051,15
6052,20
6053,12
6054,15
6055,12
6056,12
6057,19
6058,17
6059,11
6060,5
6061,11
6062,11
6063,11
6064,16
6065,16
6066,16
6067,16
6068,16
6069,13
6070,20
6071,13
6072,13
6073,7
6074,0
6075,0
6076,0
6077,0
6078,13
6079,13
6080,13
6081,13
6082,13
6083,13
6084,13
6085,13
6086,13
6087,13
6088,13
6089,15
6090,4
6091,4
6092,13
6093,13
6094,13
6095,13
6096,13
6097,13
6098,4
6099,13
6100,13
6101,13
6102,13
6103,13
6104,13
6105,13
6106,4
6107,13
6108,13
6109,13
6110,13
6111,9
6112,13
6113,13
6114,13
6115,13
6116,13
6117,13
6118,13
6119,13
6120,13
6121,13
6122,13
6123,13
6124,1
6125,1
6126,12
6127,14
6128,12
6129,10
6130,14
6131,14
6132,14
6133,12
6134,11
6135,20
6136,20
6137,20
6138,20
6139,12
6140,11
6141,17
6142,12
6143,12
6144,12
6145,12
6146,12
6147,20
6148,11
6149,11
6150,11
6151,8
6152,8
6153,8
6154,11
6155,11
6156,8
6157,8
6158,20
6159,16
6160,12
6161,4
6162,12
6163,12
6164,12
6165,13
6166,9
6167,9
6168,9
6169,9
6170,9
6171,9
6172,9
6173,9
6174,9
6175,9
6176,9
6177,9
6178,17
6179,9
6180,15
6181,17
6182,17
6183,17
6184,17
6185,17
6186,17
6187,17
6188,17
6189,17
6190,17
6191,17
6192,17
6193,17
6194,17
6195,13
6196,13
6197,13
6198,13
6199,13
6200,5
6201,5
6202,5
6203,13
6204,13
6205,13
6206,13
6207,9
6208,9
6209,9
6210,9
6211,9
6212,9
6213,9
6214,15
6215,9
6216,6
6217,17
6218,17
6219,9
6220,17
6221,17
6222,17
6223,17
6224,17
6225,17
6226,15
6227,17
6228,12
6229,7
6230,4
6231,7
6232,7
6233,7
6234,7
6235,7
6236,12
6237,4
6238,7
6239,4
6240,12
6241,12
6242,12
6243,12
6244,19
6245,12
6246,12
6247,12
6248,15
6249,0
6250,0
6251,0
6252,8
6253,0
6254,12
6255,12
6256,17
6257,17
6258,17
6259,17
6260,17
6261,17
6262,15
6263,15
6264,5
6265,17
6266,17
6267,19
6268,19
6269,11
6270,12
6271,12
6272,19
6273,19
6274,19
6275,19
6276,19
6277,19
6278,19
6279,20
6280,20
6281,6
6282,17
6283,17
6284,17
6285,20
6286,20
6287,19
6288,19
6289,19
6290,19
6291,19
6292,19
6293,19
6294,20
6295,20
6296,17
6297,20
6298,15
6299,15
6300,15
6301,15
6302,17
6303,17
6304,15
6305,6
6306,4
6307,15
6308,15
6309,1
6310,15
6311,15
6312,15
6313,15
6314,6
6315,15
6316,15
6317,6
6318,15
6319,6
6320,15
6321,15
6322,1
6323,15
6324,17
6325,6
6326,17
6327,17
6328,15
6329,17
6330,13
6331,9
6332,17
6333,0
6334,0
6335,0
6336,19
6337,12
6338,7
6339,7
6340,7
6341,12
6342,12
6343,12
6344,12
6345,17
6346,17
6347,6
6348,6
6349,6
6350,6
6351,6
6352,6
6353,6
6354,6
6355,6
6356,6
6357,6
6358,6
6359,6
6360,6
6361,6
6362,6
6363,6
6364,6
6365,1
6366,1
6367,1
6368,1
6369,1
6370,1
6371,1
6372,1
6373,1
6374,9
6375,1
6376,1
6377,1
6378,1
6379,1
6380,1
6381,1
6382,1
6383,1
6384,1
6385,1
6386,1
6387,1
6388,6
6389,1
6390,1
6391,1
6392,1
6393,1
6394,1
6395,20
6396,15
6397,1
6398,1
6399,1
6400,15
6401,15
6402,1
6403,1
6404,1
6405,1
6406,1
6407,1
6408,13
6409,13
6410,1
6411,1
6412,1
6413,1
6414,1
6415,1
6416,1
6417,1
6418,15
6419,1
6420,1
6421,1
6422,1
6423,1
6424,1
6425,1
6426,1
6427,1
6428,1
6429,1
6430,4
6431,1
6432,14
6433,14
6434,14
6435,14
6436,14
6437,14
6438,14
6439,14
6440,14
6441,14
6442,15
6443,14
6444,14
6445,13
6446,14
6447,15
6448,13
6449,14
6450,14
6451,14
6452,14
6453,14
6454,14
6455,14
6456,0
6457,17
6458,17
6459,17
6460,17
6461,17
6462,17
6463,17
6464,17
6465,17
6466,15
6467,17
6468,12
6469,12
6470,12
6471,12
6472,12
6473,12
6474,12
6475,0
6476,12
6477,0
6478,0
6479,17
6480,0
6481,0
6482,0
6483,0
6484,0
6485,0
6486,0
6487,10
6488,14
6489,10
6490,10
6491,20
6492,20
6493,10
6494,10
6495,10
6496,10
6497,10
6498,10
6499,10
6500,10
6501,10
6502,10
6503,6
6504,10
6505,10
6506,10
6507,10
6508,10
6509,10
6510,10
6511,10
6512,10
6513,10
6514,10
6515,10
6516,10
6517,10
6518,15
6519,10
6520,10
6521,10
6522,10
6523,10
6524,10
6525,10
6526,10
6527,10
6528,10
6529,10
6530,10
6531,10
6532,10
6533,10
6534,10
6535,10
6536,10
6537,10
6538,10
6539,8
6540,8
6541,0
6542,0
6543,0
6544,0
6545,13
6546,14
6547,14
6548,14
6549,14
6550,14
6551,14
6552,14
6553,14
6554,14
6555,14
6556,14
6557,14
6558,14
6559,14
6560,14
6561,14
6562,14
6563,14
6564,14
6565,18
6566,18
6567,18
6568,18
6569,14
6570,14
6571,14
6572,14
6573,14
6574,14
6575,15
6576,14
6577,14
6578,14
6579,14
6580,1
6581,1
6582,13
6583,16
6584,1
6585,1
6586,13
6587,4
6588,18
6589,18
6590,14
6591,14
6592,14
6593,14
6594,14
6595,14
6596,14
6597,14
6598,14
6599,14
6600,14
6601,14
6602,14
6603,14
6604,14
6605,14
6606,14
6607,14
6608,14
6609,18
6610,14
6611,15
6612,15
6613,14
6614,4
6615,7
6616,7
6617,16
6618,16
6619,16
6620,16
6621,16
6622,4
6623,19
6624,19
6625,19
6626,19
6627,19
6628,19
6629,19
6630,19
6631,12
6632,12
6633,16
6634,16
6635,13
6636,9
6637,20
6638,20
6639,12
6640,12
6641,12
6642,0
6643,12
6644,8
6645,0
6646,20
6647,20
6648,7
6649,16
6650,16
6651,16
6652,16
6653,16
6654,15
6655,13
6656,13
6657,13
6658,13
6659,13
6660,5
6661,13
6662,13
6663,13
6664,13
6665,13
6666,13
6667,13
6668,13
6669,13
6670,13
6671,9
6672,13
6673,13
6674,13
6675,13
6676,13
6677,13
6678,13
6679,13
6680,13
6681,13
6682,13
6683,13
6684,13
6685,13
6686,13
6687,13
6688,13
6689,13
6690,13
6691,13
6692,13
6693,13
6694,13
6695,13
6696,4
6697,4
6698,1
6699,1
6700,1
6701,1
6702,1
6703,1
6704,13
6705,13
6706,13
6707,13
6708,13
6709,13
6710,9
6711,13
6712,13
6713,4
6714,13
6715,13
6716,13
6717,19
6718,19
6719,19
6720,13
6721,13
6722,13
6723,13
6724,13
6725,13
6726,13
6727,13
6728,13
6729,13
6730,13
6731,13
6732,13
6733,13
6734,13
6735,13
6736,4
6737,13
6738,13
6739,13
6740,13
6741,13
6742,13
6743,13
6744,4
6745,5
6746,13
6747,13
6748,13
6749,13
6750,5
6751,5
6752,5
6753,5
6754,5
6755,5
6756,5
6757,5
6758,5
6759,5
6760,13
6761,13
6762,13
6763,13
6764,4
6765,4
6766,19
6767,4
6768,4
6769,13
6770,13
6771,1
6772,13
6773,13
6774,9
6775,13
6776,13
6777,4
6778,4
6779,19
6780,13
6781,13
6782,13
6783,13
6784,13
6785,1
6786,1
6787,13
6788,13
6789,4
6790,4
6791,4
6792,4
6793,4
6794,4
6795,4
6796,4
6797,4
6798,4
6799,4
6800,4
6801,4
6802,5
6803,5
6804,5
6805,8
6806,5
6807,5
6808,5
6809,8
6810,7
6811,5
6812,19
6813,16
6814,19
6815,7
6816,19
6817,19
6818,16
6819,16
6820,16
6821,6
6822,17
6823,17
6824,7
6825,4
6826,4
6827,16
6828,4
6829,7
6830,7
6831,7
6832,7
6833,7
6834,4
6835,16
6836,16
6837,16
6838,16
6839,16
6840,19
6841,1
6842,12
6843,12
6844,7
6845,7
6846,7
6847,19
6848,4
6849,17
6850,6
6851,6
6852,6
6853,6
6854,6
6855,6
6856,1
6857,1
6858,1
6859,15
6860,1
6861,15
6862,17
6863,17
6864,17
6865,17
6866,15
6867,17
6868,17
6869,17
6870,4
6871,17
6872,17
6873,17
6874,17
6875,17
6876,17
6877,6
6878,17
6879,17
6880,6
6881,19
6882,17
6883,17
6884,12
6885,14
6886,14
6887,14
6888,14
6889,14
6890,14
6891,14
6892,14
6893,14
6894,14
6895,14
6896,14
6897,14
6898,14
6899,14
6900,14
6901,14
6902,14
6903,14
6904,14
6905,14
6906,14
6907,14
6908,14
6909,14
6910,14
6911,14
6912,14
6913,14
6914,14
6915,8
6916,8
6917,0
6918,0
6919,0
6920,0
6921,8
6922,0
6923,14
6924,14
6925,1
6926,1
6927,1
6928,1
6929,1
6930,1
6931,1
6932,1
6933,1
6934,9
6935,13
6936,4
6937,4
6938,4
6939,1
6940,9
6941,5
6942,15
6943,1
6944,1
6945,1
6946,1
6947,1
6948,1
6949,1
6950,1
6951,1
6952,1
6953,1
6954,1
6955,1
6956,1
6957,1
6958,17
6959,13
6960,10
6961,10
6962,10
6963,10
6964,10
6965,10
6966,10
6967,10
6968,10
6969,10
6970,10
6971,10
6972,10
6973,10
6974,10
6975,10
6976,10
6977,10
6978,10
6979,10
6980,10
6981,10
6982,10
6983,13
6984,10
6985,10
6986,21
6987,13
6988,10
6989,10
6990,10
6991,10
6992,10
6993,10
6994,10
6995,10
6996,10
6997,10
6998,10
6999,14
7000,10
7001,10
7002,15
7003,10
7004,10
7005,10
7006,6
7007,15
7008,13
7009,13
7010,13
7011,13
7012,10
7013,13
7014,13
7015,9
7016,9
7017,10
7018,10
7019,10
7020,10
7021,10
7022,10
7023,10
7024,14
7025,14
7026,15
7027,10
7028,10
7029,10
7030,15
7031,10
7032,10
7033,21
7034,21
7035,21
7036,10
7037,10
7038,10
7039,10
7040,10
7041,10
7042,10
7043,21
7044,21
7045,10
7046,15
7047,15
7048,15
7049,15
7050,15
7051,15
7052,15
7053,15
7054,15
7055,15
7056,15
7057,15
7058,10
7059,15
7060,15
7061,15
7062,5
7063,5
7064,5
7065,5
7066,5
7067,5
7068,5
7069,15
7070,10
7071,5
7072,5
7073,5
7074,5
7075,5
7076,15
7077,15
7078,5
7079,5
7080,14
7081,15
7082,14
7083,14
7084,14
7085,6
7086,14
7087,15
7088,15
7089,15
7090,15
7091,15
7092,15
7093,6
7094,10
7095,10
7096,15
7097,15
7098,1
7099,15
7100,14
7101,10
7102,10
7103,10
7104,10
7105,4
7106,4
7107,4
7108,14
7109,4
7110,4
7111,4
7112,4
7113,4
7114,4
7115,5
7116,10
7117,5
7118,5
7119,5
7120,5
7121,21
7122,21
7123,21
7124,21
7125,21
7126,21
7127,5
7128,6
7129,6
7130,17
7131,6
7132,6
7133,6
7134,6
7135,6
7136,6
7137,6
7138,6
7139,6
7140,6
7141,6
7142,9
7143,6
7144,6
7145,6
7146,6
7147,6
7148,6
7149,6
7150,6
7151,6
7152,6
7153,6
7154,1
7155,15
7156,4
7157,6
7158,6
7159,9
7160,6
7161,10
7162,14
7163,14
7164,14
7165,1
7166,4
7167,19
7168,1
7169,19
7170,4
7171,16
7172,13
7173,13
7174,4
7175,4
7176,1
7177,1
7178,1
7179,1
7180,4
7181,1
7182,15
7183,1
7184,4
7185,4
7186,4
7187,19
7188,1
7189,1
7190,1
7191,1
7192,1
7193,1
7194,1
7195,1
7196,1
7197,1
7198,1
7199,1
7200,15
7201,4
7202,15
7203,15
7204,15
7205,15
7206,15
7207,4
7208,15
7209,15
7210,1
7211,4
7212,4
7213,4
7214,4
7215,4
7216,4
7217,4
7218,8
7219,4
7220,15
7221,15
7222,15
7223,15
7224,4
7225,17
7226,4
7227,15
7228,4
7229,4
7230,4
7231,4
7232,4
7233,4
7234,15
7235,17
7236,17
7237,4
7238,20
7239,4
7240,6
7241,6
7242,5
7243,7
7244,7
7245,6
7246,6
7247,6
7248,6
7249,6
7250,6
7251,6
7252,6
7253,6
7254,14
7255,14
7256,10
7257,14
7258,14
7259,14
7260,6
7261,6
7262,6
7263,6
7264,6
7265,6
7266,6
7267,6
7268,6
7269,6
7270,6
7271,6
7272,6
7273,6
7274,6
7275,6
7276,6
7277,6
7278,21
7279,21
7280,21
7281,21
7282,21
7283,21
7284,21
7285,0
7286,0
7287,0
7288,0
7289,0
7290,0
7291,0
7292,0
7293,0
7294,0
7295,0
7296,0
7297,10
7298,0
7299,0
7300,0
7301,0
7302,0
7303,0
7304,0
7305,0
7306,0
7307,0
7308,0
7309,0
7310,0
7311,8
7312,8
7313,8
7314,8
7315,0
7316,8
7317,8
7318,8
7319,8
7320,0
7321,0
7322,0
7323,0
7324,0
7325,0
7326,15
7327,19
7328,0
7329,0
7330,0
7331,0
7332,0
7333,0
7334,0
7335,0
7336,0
7337,0
7338,0
7339,10
7340,0
7341,0
7342,0
7343,0
7344,0
7345,0
7346,0
7347,0
7348,0
7349,0
7350,0
7351,0
7352,0
7353,0
7354,0
7355,8
7356,0
7357,0
7358,0
7359,0
7360,0
7361,0
7362,0
7363,0
7364,17
7365,0
7366,0
7367,4
7368,0
7369,0
7370,9
7371,0
7372,15
7373,15
7374,4
7375,17
7376,17
7377,17
7378,17
7379,17
7380,17
7381,15
7382,15
7383,17
7384,17
7385,17
7386,4
7387,15
7388,1
7389,1
7390,1
7391,1
7392,1
7393,1
7394,1
7395,1
7396,1
7397,1
7398,1
7399,1
7400,1
7401,12
7402,19
7403,12
7404,0
7405,20
7406,10
7407,10
7408,10
7409,10
7410,11
7411,8
7412,8
7413,8
7414,8
7415,10
7416,10
7417,10
7418,12
7419,8
7420,0
7421,12
7422,12
7423,12
7424,0
7425,15
7426,12
7427,12
7428,12
7429,12
7430,7
7431,7
7432,7
7433,7
7434,7
7435,7
7436,7
7437,7
7438,7
7439,7
7440,7
7441,7
7442,7
7443,10
7444,10
7445,19
7446,10
7447,16
7448,19
7449,16
7450,16
7451,7
7452,4
7453,4
7454,4
7455,4
7456,4
7457,4
7458,4
7459,4
7460,4
7461,4
7462,4
7463,4
7464,4
7465,4
7466,4
7467,4
7468,4
7469,4
7470,4
7471,4
7472,4
7473,4
7474,4
7475,4
7476,4
7477,4
7478,4
7479,4
7480,13
7481,13
7482,4
7483,12
7484,19
7485,19
7486,12
7487,12
7488,17
7489,17
7490,17
7491,17
7492,17
7493,17
7494,17
7495,17
7496,17
7497,17
7498,17
7499,17
7500,17
7501,17
7502,2
7503,2
7504,2
7505,11
7506,2
7507,2
7508,2
7509,9
7510,4
7511,15
7512,17
7513,3
7514,14
7515,14
7516,14
7517,14
7518,14
7519,14
7520,14
7521,7
7522,7
7523,15
7524,15
7525,15
7526,1
7527,1
7528,1
7529,15
7530,15
7531,15
7532,15
7533,15
7534,15
7535,15
7536,15
7537,15
7538,15
7539,15
7540,15
7541,15
7542,15
7543,17
7544,17
7545,17
7546,17
7547,6
7548,7
7549,17
7550,17
7551,17
7552,15
7553,17
7554,17
7555,17
7556,17
7557,16
7558,15
7559,15
7560,15
7561,15
7562,15
7563,15
7564,15
7565,15
7566,15
7567,17
7568,15
7569,15
7570,15
7571,15
7572,17
7573,12
7574,11
7575,6
7576,16
7577,4
7578,15
7579,15
7580,15
7581,12
7582,17
7583,17
7584,17
7585,20
7586,17
7587,13
7588,12
7589,17
7590,20
7591,20
7592,0
7593,0
7594,11
7595,7
7596,5
7597,5
7598,5
7599,5
7600,5
7601,5
7602,5
7603,15
7604,21
7605,21
7606,6
7607,14
7608,14
7609,15
7610,15
7611,15
7612,15
7613,4
7614,4
7615,17
7616,15
7617,17
7618,15
7619,15
7620,15
7621,15
7622,15
7623,15
7624,15
7625,1
7626,15
7627,1
7628,15
7629,15
7630,15
7631,15
7632,15
7633,15
7634,15
7635,15
7636,15
7637,15
7638,1
7639,1
7640,1
7641,1
7642,1
7643,12
7644,1
7645,1
7646,15
7647,1
7648,1
7649,1
7650,1
7651,1
7652,1
7653,1
7654,9
7655,1
7656,1
7657,1
7658,1
7659,1
7660,1
7661,1
7662,1
7663,1
7664,1
7665,1
7666,1
7667,1
7668,1
7669,1
7670,1
7671,1
7672,1
7673,1
7674,1
7675,1
7676,1
7677,1
7678,1
7679,1
7680,1
7681,1
7682,1
7683,1
7684,1
7685,1
7686,1
7687,1
7688,11
7689,8
7690,15
7691,12
7692,1
7693,1
7694,1
7695,15
7696,15
7697,9
7698,18
7699,18
7700,18
7701,18
7702,18
7703,18
7704,18
7705,18
7706,18
7707,18
7708,18
7709,18
7710,18
7711,14
7712,18
7713,18
7714,18
7715,18
7716,18
7717,18
7718,18
7719,18
7720,18
7721,18
7722,18
7723,18
7724,18
7725,13
7726,13
7727,13
7728,13
7729,13
7730,4
7731,4
7732,11
7733,19
7734,19
7735,4
7736,4
7737,4
7738,4
7739,4
7740,13
7741,16
7742,19
7743,9
7744,1
7745,9
7746,4
7747,1
7748,4
7749,1
7750,1
7751,9
7752,9
7753,9
7754,9
7755,6
7756,6
7757,6
7758,6
7759,15
7760,6
7761,4
7762,4
7763,13
7764,13
7765,13
7766,13
7767,15
7768,15
7769,16
7770,16
7771,18
7772,18
7773,18
7774,18
7775,18
7776,18
7777,13
7778,13
7779,4
7780,13
7781,13
7782,13
7783,19
7784,16
7785,19
7786,19
7787,19
7788,19
7789,19
7790,19
7791,16
7792,19
7793,19
7794,19
7795,19
7796,19
7797,13
7798,19
7799,4
7800,4
7801,4
7802,16
7803,16
7804,16
7805,19
7806,1
7807,1
7808,1
7809,13
7810,4
7811,4
7812,8
7813,8
7814,8
7815,8
7816,8
7817,8
7818,8
7819,8
7820,8
7821,10
7822,8
7823,8
7824,8
7825,8
7826,8
7827,5
7828,5
7829,5
7830,5
7831,5
7832,5
7833,5
7834,5
7835,5
7836,5
7837,5
7838,9
7839,9
7840,19
7841,19
7842,11
7843,11
7844,11
7845,14
7846,14
7847,14
7848,21
7849,21
7850,21
7851,21
7852,21
7853,21
7854,21
7855,21
7856,21
7857,21
7858,21
7859,21
7860,11
7861,11
7862,8
7863,14
7864,14
7865,14
7866,14
7867,21
7868,21
7869,21
7870,21
7871,14
7872,8
7873,8
7874,0
7875,0
7876,0
7877,0
7878,0
7879,12
7880,0
7881,14
7882,14
7883,14
7884,11
7885,14
7886,11
7887,10
7888,10
7889,16
7890,12
7891,4
7892,4
7893,17
7894,17
7895,11
7896,21
7897,11
7898,1
7899,11
7900,11
7901,19
7902,19
7903,13
7904,13
7905,4
7906,14
7907,15
7908,17
7909,17
7910,17
7911,17
7912,17
7913,17
7914,17
7915,4
7916,0
7917,16
7918,16
7919,9
7920,9
7921,9
7922,9
7923,9
7924,9
7925,9
7926,9
7927,9
7928,9
7929,17
7930,9
7931,9
7932,9
7933,1
7934,15
7935,15
7936,15
7937,1
7938,9
7939,9
7940,9
7941,9
7942,9
7943,9
7944,9
7945,9
7946,9
7947,15
7948,9
7949,13
7950,13
7951,13
7952,13
7953,13
7954,13
7955,13
7956,13
7957,18
7958,14
7959,4
7960,4
7961,9
7962,1
7963,15
7964,12
7965,12
7966,12
7967,10
7968,10
7969,7
7970,15
7971,16
7972,16
7973,16
7974,16
7975,15
7976,15
7977,15
7978,5
7979,1
7980,5
7981,21
7982,21
7983,1
7984,1
7985,1
7986,14
7987,14
7988,14
7989,14
7990,14
7991,10
7992,19
7993,19
7994,19
7995,19
7996,17
7997,1
7998,13
7999,9
8000,9
8001,15
8002,15
8003,15
8004,15
8005,15
8006,15
8007,12
8008,1
8009,1
8010,13
8011,15
8012,15
8013,15
8014,15
8015,15
8016,15
8017,15
8018,15
8019,15
8020,15
8021,15
8022,15
8023,15
8024,15
8025,15
8026,1
8027,1
8028,4
8029,1
8030,1
8031,1
8032,1
8033,1
8034,1
8035,15
8036,1
8037,1
8038,1
8039,1
8040,1
8041,15
8042,15
8043,15
8044,15
8045,4
8046,12
8047,15
8048,13
8049,13
8050,9
8051,9
8052,9
8053,14
8054,14
8055,4
8056,4
8057,13
8058,13
8059,13
8060,18
8061,18
8062,14
8063,1
8064,13
8065,13
8066,7
8067,7
8068,1
8069,1
8070,1
8071,1
8072,1
8073,1
8074,1
8075,1
8076,1
8077,1
8078,1
8079,1
8080,1
8081,1
8082,1
8083,1
8084,13
8085,1
8086,1
8087,13
8088,1
8089,14
8090,14
8091,1
8092,15
8093,6
8094,15
8095,16
8096,5
8097,18
8098,13
8099,13
8100,13
8101,13
8102,17
8103,13
8104,6
8105,6
8106,4
8107,13
8108,13
8109,4
8110,11
8111,4
8112,15
8113,15
8114,15
8115,15
8116,17
8117,5
8118,18
8119,6
8120,6
8121,6
8122,6
8123,6
8124,10
8125,10
8126,10
8127,10
8128,10
8129,5
8130,5
8131,20
8132,20
8133,17
8134,16
8135,4
8136,15
8137,15
8138,15
8139,15
8140,6
8141,6
8142,6
8143,6
8144,6
8145,6
8146,6
8147,6
8148,10
8149,10
8150,10
8151,9
8152,9
8153,6
8154,6
8155,15
8156,6
8157,6
8158,10
8159,10
8160,10
8161,10
8162,10
8163,10
8164,20
8165,20
8166,20
8167,20
8168,13
8169,13
8170,17
8171,0
8172,0
8173,0
8174,0
8175,0
8176,9
8177,9
8178,9
8179,12
8180,19
8181,14
8182,14
8183,14
8184,14
8185,14
8186,14
8187,14
8188,14
8189,14
8190,14
8191,14
8192,14
8193,14
8194,14
8195,14
8196,14
8197,14
8198,10
8199,14
8200,4
8201,15
8202,4
8203,4
8204,4
8205,4
8206,4
8207,4
8208,4
8209,4
8210,4
8211,4
8212,9
8213,9
8214,9
8215,9
8216,9
8217,9
8218,9
8219,1
8220,4
8221,9
8222,7
8223,7
8224,0
8225,15
8226,15
8227,16
8228,6
8229,6
8230,14
8231,1
8232,8
8233,11
8234,11
8235,11
8236,20
8237,11
8238,11
8239,17
8240,17
8241,17
8242,20
8243,7
8244,11
8245,11
8246,11
8247,11
8248,11
8249,11
8250,11
8251,11
8252,11
8253,11
8254,20
8255,11
8256,11
8257,11
8258,11
8259,11
8260,11
8261,11
8262,8
8263,11
8264,11
8265,12
8266,17
8267,17
8268,17
8269,17
8270,17
8271,17
8272,17
8273,10
8274,19
8275,19
8276,19
8277,19
8278,17
8279,10
8280,11
8281,17
8282,17
8283,11
8284,11
8285,11
8286,11
8287,11
8288,11
8289,11
8290,11
8291,11
8292,11
8293,11
8294,11
8295,11
8296,11
8297,11
8298,11
8299,11
8300,11
8301,11
8302,11
8303,11
8304,11
8305,11
8306,11
8307,11
8308,11
8309,11
8310,11
8311,11
8312,11
8313,11
8314,11
8315,11
8316,11
8317,11
8318,8
8319,11
8320,11
8321,11
8322,11
8323,11
8324,11
8325,11
8326,11
8327,11
8328,11
8329,0
8330,11
8331,11
8332,11
8333,11
8334,11
8335,11
8336,11
8337,11
8338,11
8339,11
8340,11
8341,11
8342,11
8343,11
8344,11
8345,11
8346,20
8347,11
8348,11
8349,11
8350,11
8351,11
8352,11
8353,11
8354,11
8355,19
8356,11
8357,11
8358,11
8359,11
8360,11
8361,11
8362,11
8363,11
8364,11
8365,11
8366,11
8367,11
8368,11
8369,11
8370,11
8371,11
8372,11
8373,17
8374,16
8375,7
8376,9
8377,11
8378,16
8379,16
8380,16
8381,14
8382,8
8383,8
8384,12
8385,3
8386,10
8387,10
8388,10
8389,10
8390,10
8391,17
8392,4
8393,16
8394,14
8395,21
8396,21
8397,17
8398,15
8399,12
8400,12
8401,16
8402,16
8403,4
8404,16
8405,13
8406,21
8407,16
8408,1
8409,21
8410,19
8411,1
8412,15
8413,15
8414,10
8415,10
8416,19
8417,10
8418,21
8419,10
8420,10
8421,10
8422,10
8423,6
8424,15
8425,15
8426,15
8427,13
8428,13
8429,20
8430,20
8431,20
8432,13
8433,11
8434,17
8435,6
8436,6
8437,17
8438,15
8439,15
8440,15
8441,15
8442,17
8443,15
8444,8
8445,15
8446,12
8447,10
8448,13
8449,20
8450,7
8451,7
8452,7
8453,13
8454,11
8455,11
8456,11
8457,11
8458,11
8459,11
8460,11
8461,15
8462,10
8463,4
8464,15
8465,15
8466,14
8467,11
8468,19
8469,19
8470,7
8471,15
8472,6
8473,19
8474,8
8475,14
8476,10
8477,10
8478,15
8479,10
8480,0
8481,0
8482,17
8483,15
8484,7
8485,7
8486,7
8487,10
8488,11
8489,11
8490,11
8491,11
8492,11
8493,11
8494,11
8495,11
8496,11
8497,11
8498,11
8499,11
8500,11
8501,11
8502,11
8503,11
8504,11
8505,11
8506,15
8507,11
8508,11
8509,0
8510,11
8511,11
8512,8
8513,8
8514,11
8515,11
8516,11
8517,11
8518,4
8519,8
8520,11
8521,11
8522,11
8523,11
8524,11
8525,17
8526,11
8527,11
8528,11
8529,11
8530,11
8531,11
8532,11
8533,11
8534,11
8535,11
8536,11
8537,0
8538,12
8539,6
8540,0
8541,5
8542,17
8543,17
8544,12
8545,1
8546,1
8547,1
8548,9
8549,15
8550,15
8551,9
8552,11
8553,10
8554,11
8555,11
8556,11
8557,11
8558,11
8559,11
8560,11
8561,11
8562,9
8563,9
8564,9
8565,9
8566,19
8567,19
8568,19
8569,11
8570,11
8571,11
8572,2
8573,13
8574,13
8575,11
8576,11
8577,11
8578,10
8579,6
8580,6
8581,15
8582,8
8583,8
8584,8
8585,8
8586,8
8587,8
8588,8
8589,8
8590,8
8591,8
8592,8
8593,11
8594,8
8595,15
8596,17
8597,17
8598,4
8599,4
8600,16
8601,6
8602,6
8603,17
8604,9
8605,9
8606,12
8607,4
8608,16
8609,16
8610,16
8611,0
8612,15
8613,8
8614,8
8615,8
8616,12
8617,7
8618,15
8619,15
8620,16
8621,16
8622,15
8623,4
8624,12
8625,21
8626,4
8627,4
8628,4
8629,4
8630,21
8631,1
8632,15
8633,15
8634,6
8635,6
8636,6
8637,6
8638,4
8639,12
8640,0
8641,20
8642,20
8643,20
8644,20
8645,17
8646,17
8647,1
8648,12
8649,15
8650,15
8651,15
8652,15
8653,14
8654,14
8655,14
8656,14
8657,21
8658,21
8659,21
8660,21
8661,7
8662,20
8663,0
8664,7
8665,8
8666,8
8667,11
8668,11
8669,17
8670,17
8671,17
8672,17
8673,17
8674,17
8675,17
8676,17
8677,17
8678,17
8679,9
8680,10
8681,10
8682,10
8683,14
8684,14
8685,13
8686,14
8687,1
8688,19
8689,19
8690,15
8691,15
8692,12
8693,17
8694,17
8695,17
8696,15
8697,15
8698,9
8699,1
8700,1
8701,13
8702,8
8703,8
8704,8
8705,11
8706,11
8707,19
8708,19
8709,19
8710,1
8711,1
8712,17
8713,13
8714,13
8715,11
8716,13
8717,6
8718,8
8719,8
8720,8
8721,8
8722,8
8723,8
8724,8
8725,8
8726,8
8727,8
8728,8
8729,8
8730,0
8731,8
8732,8
8733,0
8734,0
8735,8
8736,8
8737,8
8738,8
8739,10
8740,15
8741,15
8742,20
8743,20
8744,20
8745,20
8746,7
8747,14
8748,15
8749,10
8750,17
8751,14
8752,14
8753,14
8754,13
8755,19
8756,14
8757,17
8758,9
8759,9
8760,8
8761,11
8762,11
8763,8
8764,8
8765,20
8766,20
8767,11
8768,11
8769,11
8770,11
8771,11
8772,19
8773,1
8774,1
8775,1
8776,1
8777,19
8778,17
8779,9
8780,13
8781,4
8782,4
8783,5
8784,5
8785,5
8786,5
8787,5
8788,11
8789,11
8790,11
8791,10
8792,11
8793,11
8794,11
8795,11
8796,11
8797,11
8798,11
8799,11
8800,11
8801,9
8802,9
8803,5
8804,6
8805,6
8806,6
8807,6
8808,6
8809,16
8810,16
8811,4
8812,4
8813,4
8814,4
8815,17
8816,1
8817,4
8818,17
8819,15
8820,17
8821,17
8822,1
8823,17
8824,17
8825,17
8826,14
8827,10
8828,10
8829,13
8830,17
8831,15
8832,15
8833,4
8834,1
8835,11
8836,8
8837,17
8838,17
8839,17
8840,17
8841,17
8842,20
8843,6
8844,15
8845,16
8846,16
8847,16
8848,15
8849,15
8850,15
8851,15
8852,15
8853,15
8854,15
8855,15
8856,0
8857,0
8858,8
8859,8
8860,10
8861,16
8862,9
8863,16
8864,16
8865,16
8866,10
8867,10
8868,10
8869,10
8870,7
8871,20
8872,6
8873,6
8874,6
8875,7
8876,15
8877,12
8878,19
8879,19
8880,19
8881,19
8882,19
8883,11
8884,11
8885,21
8886,21
8887,21
8888,21
8889,21
8890,21
8891,21
8892,21
8893,21
8894,21
8895,21
8896,21
8897,21
8898,21
8899,21
8900,21
8901,21
8902,12
8903,20
8904,20
8905,12
8906,9
8907,9
8908,9
8909,9
8910,14
8911,14
8912,6
8913,11
8914,1
8915,2
8916,2
8917,2
8918,1
8919,1
8920,10
8921,10
8922,16
8923,16
8924,16
8925,16
8926,12
8927,0
8928,17
8929,14
8930,1
8931,1
8932,13
8933,7
8934,14
8935,14
8936,14
8937,14
8938,8
8939,8
8940,7
8941,7
8942,7
8943,7
8944,7
8945,7
8946,6
8947,4
8948,6
8949,6
8950,7
8951,7
8952,7
8953,19
8954,17
8955,6
8956,6
8957,6
8958,6
8959,1
8960,14
8961,15
8962,13
8963,13
8964,14
8965,14
8966,4
8967,4
8968,4
8969,14
8970,13
8971,6
8972,6
8973,21
8974,21
8975,21
8976,21
8977,21
8978,11
8979,11
8980,11
8981,11
8982,11
8983,11
8984,12
8985,19
8986,4
8987,4
8988,4
8989,4
8990,0
8991,0
8992,0
8993,21
8994,21
8995,21
8996,21
8997,21
8998,21
8999,21
9000,21
9001,14
9002,14
9003,14
9004,17
9005,13
9006,13
9007,13
9008,13
9009,13
9010,6
9011,6
9012,6
9013,6
9014,15
9015,4
9016,6
9017,6
9018,6
9019,6
9020,6
9021,6
9022,14
9023,3
9024,7
9025,7
9026,16
9027,8
9028,8
9029,4
9030,4
9031,16
9032,16
9033,16
9034,16
9035,17
9036,17
9037,17
9038,9
9039,9
9040,9
9041,9
9042,6
9043,6
9044,6
9045,17
9046,14
9047,14
9048,9
9049,1
9050,21
9051,15
9052,17
9053,17
9054,17
9055,13
9056,17
9057,17
9058,17
9059,17
9060,6
9061,6
9062,6
9063,6
9064,15
9065,17
9066,7
9067,7
9068,12
9069,0
9070,0
9071,15
9072,15
9073,15
9074,15
9075,16
9076,16
9077,18
9078,18
9079,0
9080,0
9081,1
9082,0
9083,19
9084,0
9085,15
9086,0
9087,9
9088,9
9089,9
9090,9
9091,15
9092,10
9093,21
9094,21
9095,21
9096,21
9097,21
9098,17
9099,11
9100,11
9101,15
9102,11
9103,1
9104,7
9105,7
9106,20
9107,13
9108,13
9109,13
9110,13
9111,10
9112,8
9113,8
9114,9
9115,17
9116,17
9117,4
9118,1
9119,13
9120,4
9121,4
9122,4
9123,4
9124,11
9125,9
9126,15
9127,5
9128,5
9129,16
9130,16
9131,16
9132,0
9133,0
9134,0
9135,0
9136,13
9137,14
9138,10
9139,5
9140,5
9141,15
9142,15
9143,15
9144,15
9145,1
9146,1
9147,1
9148,1
9149,1
9150,14
9151,12
9152,4
9153,4
9154,17
9155,9
9156,9
9157,9
9158,9
9159,9
9160,9
9161,9
9162,9
9163,9
9164,9
9165,9
9166,9
9167,9
9168,9
9169,9
9170,9
9171,9
9172,9
9173,9
9174,9
9175,9
9176,9
9177,9
9178,16
9179,16
9180,9
9181,14
9182,14
9183,9
9184,17
9185,15
9186,15
9187,15
9188,6
9189,19
9190,19
9191,7
9192,18
9193,19
9194,20
9195,17
9196,21
9197,15
9198,13
9199,13
9200,13
9201,14
9202,6
9203,10
9204,15
9205,10
9206,7
9207,7
9208,14
9209,15
9210,9
9211,8
9212,10
9213,11
9214,17
9215,19
9216,19
9217,19
9218,12
9219,11
9220,4
9221,9
9222,0
9223,0
9224,0
9225,0
9226,11
9227,10
9228,16
9229,16
9230,17
9231,17
9232,16
9233,16
9234,11
9235,11
9236,11
9237,21
9238,21
9239,21
9240,21
9241,21
9242,15
9243,13
9244,13
9245,1
9246,16
9247,16
9248,15
9249,1
9250,13
9251,11
9252,11
9253,5
9254,5
9255,5
9256,5
9257,5
9258,6
9259,14
9260,14
9261,10
9262,15
9263,16
9264,16
9265,11
9266,10
9267,13
9268,1
9269,13
9270,15
9271,15
9272,15
9273,15
9274,20
9275,13
9276,13
9277,13
9278,13
9279,13
9280,13
9281,17
9282,17
9283,4
9284,11
9285,4
9286,9
9287,9
9288,9
9289,9
9290,9
9291,18
9292,18
9293,8
9294,4
9295,9
9296,9
9297,12
9298,13
9299,13
9300,13
9301,13
9302,14
9303,7
9304,7
9305,14
9306,7
9307,7
9308,8
9309,0
9310,13
9311,13
9312,13
9313,13
9314,16
9315,16
9316,4
9317,21
9318,12
9319,12
9320,14
9321,19
9322,19
9323,12
9324,12
9325,19
9326,10
9327,16
9328,14
9329,14
9330,14
9331,21
9332,21
9333,10
9334,10
9335,16
9336,16
9337,2
9338,14
9339,13
9340,13
9341,8
9342,18
9343,18
9344,15
9345,13
9346,13
9347,13
9348,13
9349,13
9350,17
9351,11
9352,11
9353,21
9354,15
9355,15
9356,17
9357,19
9358,19
9359,21
9360,21
9361,21
9362,13
9363,0
9364,9
9365,4
9366,7
9367,12
9368,12
9369,10
9370,11
9371,21
9372,6
9373,6
9374,12
9375,8
9376,10
9377,4
9378,15
9379,15
9380,15
9381,6
9382,6
9383,6
9384,6
9385,6
9386,16
9387,16
9388,16
9389,16
9390,13
9391,13
9392,6
9393,19
9394,14
9395,14
9396,14
9397,4
9398,4
9399,13
9400,13
9401,13
9402,13
9403,17
9404,4
9405,15
9406,8
9407,8
9408,8
9409,8
9410,8
9411,8
9412,13
9413,6
9414,6
9415,11
9416,9
9417,8
9418,8
9419,8
9420,7
9421,19
9422,14
9423,14
9424,15
9425,15
9426,15
9427,14
9428,14
9429,8
9430,8
9431,19
9432,17
9433,7
9434,11
9435,11
9436,17
9437,13
9438,13
9439,13
9440,1
9441,16
9442,17
9443,6
9444,6
9445,10
9446,15
9447,5
9448,16
9449,17
9450,17
9451,21
9452,19
9453,1
9454,7
9455,14
9456,12
9457,15
9458,15
9459,8
9460,8
9461,9
9462,7
9463,9
9464,21
9465,15
9466,16
9467,16
9468,16
9469,1
9470,19
9471,19
9472,16
9473,4
9474,6
9475,6
9476,13
9477,4
9478,5
9479,21
9480,21
9481,21
9482,17
9483,7
9484,21
9485,7
9486,11
9487,7
9488,9
9489,17
9490,15
9491,1
9492,9
9493,9
9494,11
9495,10
9496,10
9497,14
9498,8
9499,15
9500,1
9501,6
9502,6
9503,17
9504,1
9505,17
9506,15
9507,6
9508,21
9509,11
9510,1
9511,14
9512,7
9513,12
9514,12
9515,17
9516,15
9517,9
9518,9
9519,15
9520,10
9521,15
9522,4
9523,14
9524,21
9525,0
9526,0
9527,0
9528,19
9529,19
9530,19
9531,15
9532,20
9533,19
9534,11
9535,21
9536,6
9537,8
9538,14
9539,0
9540,0
9541,21
9542,21
9543,10
9544,19
9545,17
9546,1
9547,7
9548,20
9549,10
9550,12
9551,19
9552,19
9553,9
9554,13
9555,15
9556,14
9557,14
9558,5
9559,11
9560,11
9561,4
9562,7
9563,1
9564,12
9565,1
9566,8
9567,9
9568,15
9569,11
9570,14
9571,15
