node,community
0,21
1,21
2,21
3,21
4,1
5,21
6,23
7,1
8,23
9,23
10,21
11,21
12,21
13,21
14,21
15,21
16,21
17,21
18,21
19,21
20,21
21,21
22,21
23,21
24,21
25,21
26,21
27,21
28,21
29,21
30,15
31,21
32,21
33,21
34,21
35,21
36,21
37,21
38,21
39,21
40,21
41,21
42,21
43,21
44,21
45,21
46,21
47,21
48,21
49,21
50,21
51,21
52,21
53,21
54,21
55,21
56,21
57,22
58,21
59,11
60,11
61,21
62,21
63,21
64,21
65,21
66,21
67,21
68,21
69,21
70,21
71,21
72,21
73,21
74,21
75,21
76,21
77,4
78,21
79,21
80,21
81,21
82,21
83,21
84,21
85,21
86,21
87,21
88,21
89,21
90,15
91,21
92,21
93,21
94,21
95,21
96,23
97,23
98,23
99,15
100,15
101,21
102,21
103,21
104,21
105,7
106,21
107,21
108,21
109,1
110,23
111,23
112,21
113,23
114,23
115,23
116,21
117,21
118,21
119,23
120,23
121,23
122,22
123,15
124,15
125,21
126,22
127,23
128,21
129,21
130,23
131,23
132,21
133,21
134,21
135,21
136,21
137,21
138,21
139,21
140,21
141,15
142,23
143,21
144,21
145,21
146,21
147,21
148,21
149,23
150,21
151,21
152,21
153,23
154,21
155,21
156,21
157,21
158,21
159,17
160,21
161,21
162,21
163,21
164,21
165,21
166,21
167,21
168,21
169,21
170,15
171,15
172,15
173,15
174,21
175,15
176,15
177,15
178,15
179,21
180,21
181,21
182,16
183,21
184,22
185,22
186,22
187,22
188,21
189,4
190,16
191,16
192,7
193,21
194,21
195,21
196,21
197,21
198,21
199,21
200,4
201,1
202,21
203,4
204,21
205,21
206,7
207,21
208,7
209,2
210,21
211,4
212,21
213,21
214,21
215,7
216,21
217,21
218,22
219,21
220,21
221,21
222,21
223,21
224,16
225,21
226,21
227,16
228,21
229,21
230,1
231,4
232,21
233,21
234,21
235,21
236,21
237,21
238,21
239,21
240,21
241,23
242,21
243,4
244,21
245,21
246,21
247,21
248,21
249,21
250,21
251,21
252,21
253,21
254,21
255,26
256,21
257,21
258,21
259,21
260,15
261,15
262,21
263,12
264,21
265,11
266,23
267,23
268,12
269,21
270,21
271,21
272,21
273,21
274,21
275,21
276,21
277,21
278,21
279,21
280,21
281,21
282,21
283,21
284,21
285,21
286,21
287,21
288,21
289,21
290,21
291,21
292,21
293,21
294,22
295,21
296,21
297,21
298,21
299,21
300,11
301,11
302,11
303,12
304,11
305,11
306,11
307,11
308,11
309,11
310,11
311,11
312,11
313,11
314,11
315,11
316,11
317,11
318,11
319,11
320,11
321,11
322,11
323,11
324,11
325,17
326,11
327,11
328,11
329,11
330,11
331,11
332,11
333,11
334,11
335,11
336,11
337,17
338,9
339,11
340,17
341,11
342,11
343,11
344,11
345,11
346,11
347,23
348,23
349,23
350,23
351,23
352,23
353,23
354,23
355,23
356,23
357,23
358,22
359,5
360,23
361,23
362,23
363,23
364,23
365,23
366,23
367,23
368,23
369,23
370,23
371,23
372,23
373,23
374,23
375,23
376,5
377,23
378,23
379,23
380,23
381,23
382,23
383,23
384,23
385,23
386,23
387,23
388,23
389,22
390,22
391,5
392,23
393,23
394,23
395,23
396,23
397,21
398,23
399,23
400,23
401,22
402,23
403,11
404,12
405,21
406,21
407,23
408,11
409,11
410,21
411,21
412,11
413,9
414,21
415,21
416,21
417,21
418,21
419,21
420,21
421,21
422,23
423,21
424,21
425,21
426,21
427,21
428,21
429,21
430,21
431,21
432,21
433,17
434,21
435,15
436,21
437,21
438,21
439,22
440,4
441,21
442,21
443,21
444,21
445,23
446,21
447,21
448,21
449,21
450,22
451,22
452,22
453,22
454,22
455,21
456,22
457,21
458,21
459,22
460,21
461,21
462,21
463,21
464,21
465,21
466,21
467,1
468,11
469,21
470,23
471,15
472,21
473,15
474,23
475,4
476,23
477,21
478,21
479,23
480,23
481,23
482,23
483,23
484,23
485,23
486,21
487,21
488,23
489,21
490,21
491,11
492,17
493,11
494,17
495,17
496,17
497,11
498,17
499,9
500,9
501,4
502,15
503,21
504,22
505,21
506,23
507,23
508,21
509,21
510,21
511,18
512,21
513,21
514,21
515,5
516,21
517,21
518,22
519,22
520,22
521,22
522,21
523,22
524,22
525,22
526,22
527,21
528,21
529,22
530,22
531,21
532,4
533,4
534,4
535,21
536,21
537,5
538,21
539,21
540,21
541,21
542,21
543,21
544,21
545,21
546,21
547,21
548,21
549,23
550,22
551,21
552,21
553,21
554,21
555,21
556,11
557,21
558,11
559,21
560,21
561,21
562,21
563,21
564,21
565,21
566,23
567,21
568,21
569,22
570,21
571,21
572,26
573,23
574,23
575,23
576,23
577,23
578,23
579,23
580,23
581,9
582,17
583,17
584,9
585,23
586,12
587,23
588,23
589,23
590,23
591,23
592,23
593,21
594,21
595,21
596,21
597,21
598,21
599,21
600,21
601,21
602,21
603,21
604,23
605,21
606,21
607,21
608,21
609,22
610,22
611,22
612,22
613,23
614,22
615,21
616,22
617,22
618,22
619,22
620,22
621,22
622,4
623,22
624,22
625,22
626,22
627,22
628,22
629,22
630,22
631,22
632,22
633,22
634,22
635,22
636,1
637,22
638,22
639,22
640,22
641,22
642,22
643,22
644,22
645,22
646,22
647,22
648,22
649,22
650,22
651,22
652,22
653,22
654,22
655,22
656,22
657,22
658,22
659,22
660,22
661,22
662,22
663,21
664,23
665,22
666,22
667,22
668,4
669,22
670,21
671,22
672,21
673,21
674,21
675,21
676,21
677,22
678,22
679,22
680,22
681,22
682,23
683,22
684,22
685,22
686,22
687,22
688,22
689,22
690,4
691,22
692,22
693,4
694,7
695,16
696,16
697,21
698,21
699,9
700,21
701,12
702,21
703,21
704,21
705,21
706,21
707,22
708,21
709,21
710,21
711,23
712,21
713,21
714,21
715,23
716,21
717,21
718,21
719,21
720,21
721,21
722,4
723,21
724,21
725,21
726,21
727,21
728,22
729,4
730,21
731,21
732,21
733,17
734,21
735,22
736,21
737,4
738,22
739,22
740,21
741,22
742,21
743,21
744,21
745,21
746,7
747,21
748,22
749,21
750,22
751,22
752,5
753,4
754,4
755,4
756,4
757,4
758,22
759,21
760,21
761,11
762,23
763,11
764,21
765,23
766,23
767,11
768,15
769,21
770,11
771,23
772,21
773,12
774,21
775,12
776,11
777,11
778,12
779,11
780,11
781,11
782,17
783,17
784,11
785,11
786,11
787,11
788,11
789,11
790,11
791,11
792,11
793,11
794,11
795,11
796,17
797,11
798,17
799,11
800,23
801,23
802,23
803,7
804,23
805,23
806,23
807,23
808,23
809,23
810,23
811,23
812,23
813,9
814,23
815,23
816,23
817,23
818,23
819,23
820,23
821,23
822,23
823,23
824,23
825,11
826,11
827,11
828,11
829,11
830,11
831,21
832,21
833,12
834,11
835,17
836,11
837,11
838,12
839,21
840,11
841,21
842,21
843,21
844,21
845,21
846,21
847,11
848,12
849,11
850,11
851,11
852,23
853,11
854,12
855,23
856,21
857,5
858,21
859,21
860,1
861,21
862,21
863,21
864,21
865,1
866,21
867,21
868,21
869,21
870,23
871,21
872,21
873,21
874,21
875,21
876,5
877,22
878,22
879,5
880,5
881,5
882,5
883,5
884,5
885,5
886,5
887,1
888,21
889,21
890,21
891,21
892,21
893,1
894,1
895,21
896,21
897,23
898,21
899,21
900,21
901,23
902,21
903,21
904,21
905,21
906,4
907,21
908,21
909,22
910,22
911,23
912,22
913,4
914,21
915,22
916,21
917,21
918,21
919,22
920,23
921,1
922,23
923,23
924,23
925,23
926,23
927,23
928,23
929,23
930,23
931,23
932,23
933,23
934,5
935,23
936,23
937,23
938,23
939,23
940,23
941,9
942,23
943,23
944,9
945,23
946,23
947,23
948,23
949,23
950,23
951,23
952,23
953,23
954,9
955,23
956,23
957,17
958,23
959,23
960,23
961,23
962,23
963,23
964,23
965,23
966,23
967,23
968,23
969,23
970,23
971,23
972,11
973,23
974,23
975,23
976,23
977,9
978,23
979,23
980,23
981,23
982,7
983,23
984,23
985,23
986,23
987,7
988,1
989,9
990,9
991,23
992,23
993,5
994,23
995,9
996,9
997,23
998,23
999,21
1000,9
1001,21
1002,23
1003,23
1004,23
1005,21
1006,4
1007,23
1008,9
1009,23
1010,9
1011,9
1012,22
1013,21
1014,21
1015,21
1016,21
1017,21
1018,21
1019,11
1020,21
1021,21
1022,21
1023,21
1024,21
1025,21
1026,21
1027,4
1028,21
1029,20
1030,23
1031,23
1032,9
1033,1
1034,21
1035,21
1036,23
1037,23
1038,23
1039,23
1040,23
1041,23
1042,23
1043,23
1044,23
1045,23
1046,23
1047,23
1048,23
1049,23
1050,23
1051,23
1052,23
1053,23
1054,23
1055,9
1056,23
1057,23
1058,9
1059,23
1060,23
1061,23
1062,23
1063,23
1064,23
1065,23
1066,23
1067,23
1068,13
1069,23
1070,23
1071,9
1072,23
1073,7
1074,7
1075,7
1076,7
1077,7
1078,7
1079,7
1080,7
1081,7
1082,7
1083,7
1084,7
1085,7
1086,7
1087,7
1088,7
1089,7
1090,7
1091,7
1092,7
1093,7
1094,26
1095,12
1096,7
1097,7
1098,3
1099,12
1100,12
1101,11
1102,7
1103,12
1104,14
1105,7
1106,7
1107,7
1108,9
1109,18
1110,7
1111,7
1112,7
1113,7
1114,7
1115,7
1116,7
1117,7
1118,7
1119,7
1120,7
1121,7
1122,7
1123,7
1124,7
1125,7
1126,18
1127,7
1128,3
1129,9
1130,7
1131,7
1132,7
1133,7
1134,23
1135,12
1136,12
1137,7
1138,7
1139,7
1140,7
1141,7
1142,7
1143,7
1144,7
1145,7
1146,7
1147,7
1148,9
1149,9
1150,7
1151,7
1152,7
1153,7
1154,7
1155,7
1156,7
1157,7
1158,7
1159,7
1160,7
1161,7
1162,7
1163,7
1164,7
1165,7
1166,7
1167,7
1168,7
1169,7
1170,7
1171,7
1172,7
1173,7
1174,12
1175,23
1176,7
1177,7
1178,7
1179,7
1180,7
1181,7
1182,7
1183,7
1184,7
1185,7
1186,7
1187,7
1188,9
1189,7
1190,7
1191,7
1192,7
1193,7
1194,3
1195,12
1196,7
1197,9
1198,7
1199,7
1200,23
1201,9
1202,7
1203,12
1204,7
1205,7
1206,7
1207,7
1208,7
1209,7
1210,7
1211,7
1212,7
1213,7
1214,7
1215,7
1216,7
1217,7
1218,7
1219,7
1220,12
1221,7
1222,7
1223,17
1224,23
1225,23
1226,23
1227,23
1228,23
1229,23
1230,9
1231,23
1232,23
1233,23
1234,23
1235,23
1236,23
1237,17
1238,23
1239,23
1240,23
1241,23
1242,23
1243,23
1244,23
1245,23
1246,23
1247,23
1248,23
1249,23
1250,23
1251,23
1252,23
1253,23
1254,23
1255,23
1256,23
1257,23
1258,9
1259,23
1260,23
1261,23
1262,23
1263,23
1264,23
1265,23
1266,9
1267,23
1268,23
1269,23
1270,23
1271,26
1272,23
1273,23
1274,23
1275,23
1276,23
1277,23
1278,23
1279,26
1280,12
1281,23
1282,23
1283,12
1284,23
1285,23
1286,23
1287,23
1288,23
1289,9
1290,9
1291,23
1292,23
1293,9
1294,23
1295,23
1296,23
1297,23
1298,23
1299,23
1300,23
1301,23
1302,23
1303,9
1304,9
1305,23
1306,23
1307,23
1308,23
1309,23
1310,23
1311,23
1312,23
1313,23
1314,23
1315,23
1316,23
1317,23
1318,23
1319,23
1320,23
1321,23
1322,23
1323,23
1324,23
1325,23
1326,23
1327,23
1328,23
1329,23
1330,23
1331,23
1332,23
1333,23
1334,23
1335,9
1336,9
1337,23
1338,23
1339,23
1340,23
1341,17
1342,23
1343,23
1344,23
1345,23
1346,23
1347,23
1348,23
1349,23
1350,23
1351,23
1352,13
1353,23
1354,23
1355,23
1356,5
1357,9
1358,15
1359,23
1360,21
1361,23
1362,23
1363,26
1364,26
1365,23
1366,23
1367,23
1368,23
1369,23
1370,13
1371,23
1372,3
1373,23
1374,23
1375,23
1376,13
1377,23
1378,23
1379,23
1380,23
1381,9
1382,23
1383,23
1384,5
1385,5
1386,23
1387,23
1388,9
1389,17
1390,23
1391,23
1392,23
1393,21
1394,21
1395,9
1396,15
1397,23
1398,23
1399,23
1400,23
1401,23
1402,23
1403,21
1404,23
1405,23
1406,23
1407,23
1408,23
1409,23
1410,23
1411,23
1412,23
1413,23
1414,23
1415,23
1416,23
1417,23
1418,23
1419,23
1420,23
1421,23
1422,23
1423,23
1424,23
1425,23
1426,23
1427,23
1428,23
1429,23
1430,23
1431,23
1432,23
1433,23
1434,23
1435,23
1436,23
1437,23
1438,23
1439,23
1440,23
1441,23
1442,23
1443,23
1444,23
1445,5
1446,23
1447,23
1448,23
1449,23
1450,23
1451,23
1452,23
1453,23
1454,23
1455,23
1456,23
1457,23
1458,23
1459,5
1460,23
1461,23
1462,23
1463,23
1464,23
1465,23
1466,23
1467,23
1468,23
1469,23
1470,23
1471,23
1472,23
1473,23
1474,23
1475,23
1476,23
1477,23
1478,23
1479,23
1480,23
1481,23
1482,23
1483,23
1484,23
1485,23
1486,23
1487,5
1488,23
1489,23
1490,23
1491,23
1492,23
1493,23
1494,23
1495,23
1496,23
1497,23
1498,23
1499,23
1500,23
1501,23
1502,23
1503,23
1504,23
1505,23
1506,23
1507,9
1508,9
1509,9
1510,9
1511,9
1512,23
1513,9
1514,9
1515,9
1516,17
1517,23
1518,26
1519,26
1520,9
1521,23
1522,17
1523,9
1524,9
1525,9
1526,9
1527,12
1528,23
1529,9
1530,9
1531,9
1532,12
1533,17
1534,9
1535,9
1536,9
1537,9
1538,9
1539,9
1540,9
1541,9
1542,9
1543,9
1544,23
1545,9
1546,9
1547,9
1548,9
1549,17
1550,9
1551,23
1552,23
1553,9
1554,9
1555,9
1556,9
1557,12
1558,9
1559,9
1560,9
1561,9
1562,9
1563,9
1564,9
1565,9
1566,9
1567,9
1568,9
1569,18
1570,23
1571,9
1572,9
1573,9
1574,9
1575,26
1576,17
1577,20
1578,9
1579,9
1580,17
1581,9
1582,9
1583,9
1584,23
1585,9
1586,9
1587,9
1588,9
1589,9
1590,9
1591,26
1592,9
1593,26
1594,9
1595,9
1596,9
1597,20
1598,9
1599,9
1600,13
1601,23
1602,9
1603,23
1604,23
1605,17
1606,17
1607,17
1608,9
1609,17
1610,9
1611,9
1612,9
1613,17
1614,9
1615,9
1616,9
1617,17
1618,9
1619,9
1620,9
1621,9
1622,23
1623,18
1624,18
1625,9
1626,17
1627,9
1628,9
1629,9
1630,9
1631,9
1632,9
1633,9
1634,9
1635,9
1636,9
1637,12
1638,12
1639,23
1640,9
1641,23
1642,9
1643,9
1644,9
1645,9
1646,9
1647,9
1648,23
1649,23
1650,23
1651,23
1652,23
1653,23
1654,23
1655,23
1656,23
1657,23
1658,23
1659,23
1660,23
1661,23
1662,23
1663,23
1664,23
1665,23
1666,23
1667,23
1668,23
1669,23
1670,23
1671,23
1672,23
1673,23
1674,23
1675,23
1676,23
1677,23
1678,23
1679,23
1680,23
1681,23
1682,23
1683,23
1684,23
1685,23
1686,23
1687,23
1688,23
1689,23
1690,23
1691,23
1692,23
1693,23
1694,8
1695,23
1696,23
1697,23
1698,23
1699,23
1700,23
1701,23
1702,23
1703,23
1704,23
1705,23
1706,23
1707,23
1708,23
1709,23
1710,23
1711,23
1712,23
1713,23
1714,23
1715,23
1716,23
1717,23
1718,23
1719,23
1720,23
1721,23
1722,23
1723,23
1724,23
1725,23
1726,23
1727,5
1728,9
1729,23
1730,23
1731,23
1732,23
1733,23
1734,23
1735,23
1736,23
1737,4
1738,23
1739,23
1740,23
1741,23
1742,23
1743,23
1744,23
1745,23
1746,23
1747,23
1748,23
1749,23
1750,23
1751,23
1752,5
1753,5
1754,5
1755,5
1756,23
1757,23
1758,23
1759,23
1760,21
1761,23
1762,23
1763,22
1764,23
1765,4
1766,23
1767,5
1768,23
1769,21
1770,17
1771,5
1772,22
1773,23
1774,23
1775,7
1776,5
1777,23
1778,23
1779,23
1780,5
1781,5
1782,22
1783,23
1784,23
1785,21
1786,22
1787,5
1788,23
1789,23
1790,23
1791,5
1792,23
1793,23
1794,23
1795,23
1796,17
1797,5
1798,23
1799,23
1800,23
1801,23
1802,23
1803,23
1804,23
1805,23
1806,23
1807,13
1808,23
1809,23
1810,23
1811,23
1812,23
1813,23
1814,23
1815,23
1816,17
1817,17
1818,17
1819,17
1820,15
1821,23
1822,23
1823,23
1824,9
1825,23
1826,17
1827,10
1828,26
1829,23
1830,23
1831,23
1832,23
1833,23
1834,23
1835,23
1836,23
1837,23
1838,23
1839,23
1840,23
1841,23
1842,23
1843,17
1844,9
1845,9
1846,9
1847,9
1848,17
1849,17
1850,9
1851,9
1852,9
1853,18
1854,9
1855,9
1856,21
1857,9
1858,9
1859,23
1860,23
1861,11
1862,11
1863,23
1864,23
1865,23
1866,23
1867,23
1868,23
1869,9
1870,23
1871,17
1872,23
1873,5
1874,17
1875,23
1876,23
1877,23
1878,17
1879,17
1880,23
1881,12
1882,9
1883,9
1884,9
1885,9
1886,23
1887,23
1888,5
1889,9
1890,23
1891,23
1892,23
1893,12
1894,23
1895,9
1896,9
1897,23
1898,12
1899,15
1900,17
1901,23
1902,10
1903,23
1904,10
1905,23
1906,23
1907,23
1908,23
1909,23
1910,23
1911,23
1912,23
1913,23
1914,1
1915,23
1916,23
1917,23
1918,23
1919,23
1920,23
1921,17
1922,23
1923,23
1924,23
1925,23
1926,23
1927,23
1928,23
1929,23
1930,23
1931,23
1932,23
1933,23
1934,23
1935,23
1936,9
1937,23
1938,9
1939,23
1940,23
1941,23
1942,23
1943,9
1944,26
1945,23
1946,9
1947,1
1948,23
1949,9
1950,23
1951,23
1952,23
1953,23
1954,23
1955,9
1956,23
1957,23
1958,23
1959,23
1960,23
1961,23
1962,23
1963,23
1964,23
1965,23
1966,18
1967,23
1968,23
1969,23
1970,23
1971,23
1972,23
1973,23
1974,23
1975,23
1976,23
1977,23
1978,23
1979,23
1980,23
1981,23
1982,23
1983,23
1984,23
1985,23
1986,23
1987,23
1988,23
1989,23
1990,23
1991,23
1992,23
1993,23
1994,23
1995,23
1996,23
1997,4
1998,23
1999,23
2000,10
2001,23
2002,23
2003,23
2004,23
2005,10
2006,10
2007,10
2008,23
2009,23
2010,12
2011,12
2012,23
2013,23
2014,23
2015,9
2016,23
2017,23
2018,23
2019,23
2020,23
2021,4
2022,23
2023,23
2024,23
2025,4
2026,4
2027,23
2028,23
2029,23
2030,23
2031,5
2032,23
2033,23
2034,23
2035,23
2036,23
2037,23
2038,23
2039,23
2040,23
2041,23
2042,23
2043,23
2044,23
2045,23
2046,23
2047,15
2048,9
2049,23
2050,23
2051,23
2052,23
2053,23
2054,9
2055,26
2056,23
2057,23
2058,23
2059,23
2060,23
2061,23
2062,17
2063,17
2064,4
2065,23
2066,23
2067,23
2068,10
2069,23
2070,23
2071,23
2072,23
2073,23
2074,23
2075,23
2076,23
2077,21
2078,23
2079,5
2080,23
2081,23
2082,23
2083,23
2084,23
2085,23
2086,7
2087,23
2088,23
2089,23
2090,5
2091,5
2092,5
2093,5
2094,23
2095,10
2096,4
2097,23
2098,23
2099,23
2100,23
2101,23
2102,9
2103,8
2104,18
2105,9
2106,26
2107,17
2108,11
2109,9
2110,11
2111,9
2112,11
2113,18
2114,18
2115,18
2116,9
2117,17
2118,18
2119,11
2120,11
2121,9
2122,17
2123,17
2124,17
2125,11
2126,17
2127,9
2128,17
2129,26
2130,17
2131,9
2132,9
2133,18
2134,17
2135,17
2136,9
2137,17
2138,17
2139,9
2140,23
2141,23
2142,23
2143,23
2144,23
2145,18
2146,23
2147,9
2148,9
2149,9
2150,9
2151,23
2152,9
2153,9
2154,9
2155,9
2156,9
2157,9
2158,9
2159,9
2160,9
2161,9
2162,9
2163,9
2164,9
2165,9
2166,9
2167,9
2168,9
2169,9
2170,9
2171,9
2172,9
2173,9
2174,9
2175,9
2176,9
2177,9
2178,9
2179,9
2180,9
2181,9
2182,3
2183,9
2184,9
2185,9
2186,9
2187,9
2188,9
2189,9
2190,18
2191,9
2192,9
2193,11
2194,9
2195,9
2196,9
2197,9
2198,9
2199,9
2200,9
2201,9
2202,9
2203,9
2204,9
2205,9
2206,9
2207,9
2208,9
2209,3
2210,9
2211,9
2212,9
2213,9
2214,9
2215,3
2216,3
2217,9
2218,3
2219,3
2220,7
2221,9
2222,9
2223,9
2224,11
2225,9
2226,9
2227,9
2228,17
2229,9
2230,9
2231,3
2232,13
2233,9
2234,9
2235,3
2236,9
2237,9
2238,15
2239,9
2240,9
2241,9
2242,9
2243,9
2244,23
2245,23
2246,23
2247,23
2248,23
2249,23
2250,23
2251,23
2252,23
2253,23
2254,23
2255,23
2256,23
2257,23
2258,23
2259,23
2260,23
2261,23
2262,23
2263,23
2264,23
2265,23
2266,23
2267,23
2268,23
2269,23
2270,23
2271,23
2272,23
2273,23
2274,23
2275,23
2276,23
2277,23
2278,23
2279,23
2280,1
2281,1
2282,23
2283,23
2284,23
2285,5
2286,23
2287,23
2288,23
2289,23
2290,23
2291,23
2292,1
2293,1
2294,1
2295,1
2296,23
2297,23
2298,1
2299,1
2300,1
2301,1
2302,1
2303,1
2304,1
2305,10
2306,1
2307,1
2308,1
2309,1
2310,1
2311,1
2312,1
2313,20
2314,1
2315,1
2316,20
2317,20
2318,1
2319,1
2320,1
2321,1
2322,1
2323,1
2324,1
2325,1
2326,23
2327,23
2328,23
2329,23
2330,23
2331,23
2332,23
2333,23
2334,23
2335,23
2336,23
2337,23
2338,23
2339,9
2340,23
2341,23
2342,23
2343,23
2344,23
2345,23
2346,23
2347,23
2348,23
2349,23
2350,23
2351,23
2352,23
2353,23
2354,23
2355,26
2356,23
2357,23
2358,23
2359,23
2360,5
2361,23
2362,23
2363,23
2364,23
2365,23
2366,23
2367,23
2368,23
2369,23
2370,23
2371,5
2372,23
2373,23
2374,23
2375,23
2376,1
2377,22
2378,23
2379,23
2380,23
2381,4
2382,23
2383,23
2384,23
2385,1
2386,23
2387,23
2388,23
2389,23
2390,23
2391,23
2392,23
2393,23
2394,23
2395,5
2396,23
2397,23
2398,23
2399,23
2400,23
2401,23
2402,23
2403,23
2404,23
2405,5
2406,5
2407,23
2408,23
2409,22
2410,4
2411,5
2412,21
2413,23
2414,23
2415,23
2416,23
2417,23
2418,23
2419,23
2420,23
2421,5
2422,23
2423,5
2424,23
2425,23
2426,23
2427,23
2428,23
2429,23
2430,18
2431,20
2432,4
2433,10
2434,23
2435,10
2436,4
2437,4
2438,23
2439,9
2440,9
2441,9
2442,9
2443,9
2444,9
2445,9
2446,9
2447,9
2448,9
2449,9
2450,9
2451,9
2452,9
2453,9
2454,9
2455,3
2456,9
2457,23
2458,9
2459,7
2460,9
2461,9
2462,9
2463,9
2464,9
2465,9
2466,9
2467,9
2468,9
2469,26
2470,9
2471,9
2472,9
2473,9
2474,9
2475,9
2476,9
2477,3
2478,9
2479,3
2480,9
2481,9
2482,9
2483,3
2484,9
2485,9
2486,9
2487,9
2488,9
2489,9
2490,9
2491,9
2492,9
2493,9
2494,9
2495,9
2496,17
2497,17
2498,9
2499,9
2500,9
2501,9
2502,9
2503,9
2504,9
2505,9
2506,9
2507,9
2508,9
2509,9
2510,9
2511,7
2512,12
2513,9
2514,9
2515,9
2516,26
2517,9
2518,9
2519,23
2520,9
2521,9
2522,9
2523,9
2524,9
2525,9
2526,26
2527,9
2528,9
2529,9
2530,26
2531,26
2532,26
2533,9
2534,9
2535,26
2536,9
2537,9
2538,9
2539,9
2540,9
2541,26
2542,9
2543,9
2544,9
2545,9
2546,9
2547,9
2548,9
2549,9
2550,9
2551,9
2552,9
2553,9
2554,8
2555,9
2556,9
2557,3
2558,9
2559,9
2560,9
2561,9
2562,9
2563,9
2564,9
2565,9
2566,9
2567,9
2568,9
2569,9
2570,9
2571,9
2572,9
2573,9
2574,9
2575,9
2576,9
2577,9
2578,9
2579,9
2580,9
2581,9
2582,9
2583,9
2584,9
2585,9
2586,9
2587,9
2588,9
2589,9
2590,9
2591,9
2592,9
2593,9
2594,15
2595,9
2596,9
2597,9
2598,9
2599,9
2600,9
2601,18
2602,9
2603,9
2604,18
2605,3
2606,3
2607,9
2608,17
2609,9
2610,9
2611,3
2612,3
2613,9
2614,3
2615,9
2616,12
2617,9
2618,9
2619,9
2620,9
2621,9
2622,9
2623,9
2624,9
2625,9
2626,9
2627,9
2628,23
2629,13
2630,26
2631,17
2632,17
2633,9
2634,26
2635,9
2636,26
2637,26
2638,26
2639,9
2640,9
2641,9
2642,26
2643,3
2644,26
2645,26
2646,26
2647,26
2648,26
2649,26
2650,26
2651,10
2652,10
2653,10
2654,10
2655,22
2656,10
2657,1
2658,23
2659,23
2660,23
2661,23
2662,5
2663,23
2664,23
2665,22
2666,23
2667,23
2668,23
2669,23
2670,23
2671,9
2672,12
2673,9
2674,9
2675,9
2676,9
2677,9
2678,9
2679,9
2680,9
2681,17
2682,12
2683,9
2684,17
2685,9
2686,9
2687,9
2688,9
2689,9
2690,9
2691,9
2692,12
2693,9
2694,9
2695,3
2696,9
2697,9
2698,9
2699,18
2700,18
2701,9
2702,9
2703,9
2704,9
2705,9
2706,9
2707,9
2708,9
2709,18
2710,9
2711,18
2712,17
2713,9
2714,9
2715,9
2716,9
2717,9
2718,9
2719,9
2720,9
2721,9
2722,9
2723,9
2724,9
2725,12
2726,9
2727,12
2728,17
2729,9
2730,9
2731,9
2732,9
2733,9
2734,9
2735,9
2736,9
2737,9
2738,17
2739,9
2740,9
2741,9
2742,9
2743,9
2744,9
2745,9
2746,9
2747,9
2748,9
2749,9
2750,9
2751,9
2752,9
2753,9
2754,9
2755,9
2756,9
2757,9
2758,17
2759,9
2760,9
2761,9
2762,9
2763,9
2764,9
2765,18
2766,9
2767,9
2768,12
2769,9
2770,9
2771,9
2772,9
2773,9
2774,9
2775,9
2776,9
2777,17
2778,9
2779,11
2780,9
2781,9
2782,9
2783,17
2784,9
2785,9
2786,9
2787,9
2788,9
2789,17
2790,9
2791,3
2792,9
2793,3
2794,9
2795,9
2796,9
2797,9
2798,9
2799,9
2800,9
2801,9
2802,9
2803,9
2804,9
2805,9
2806,9
2807,9
2808,7
2809,9
2810,9
2811,9
2812,9
2813,9
2814,9
2815,9
2816,9
2817,9
2818,9
2819,9
2820,9
2821,9
2822,9
2823,9
2824,9
2825,9
2826,7
2827,9
2828,9
2829,9
2830,9
2831,9
2832,9
2833,9
2834,17
2835,9
2836,9
2837,9
2838,9
2839,9
2840,9
2841,9
2842,9
2843,9
2844,9
2845,9
2846,9
2847,9
2848,9
2849,17
2850,17
2851,17
2852,9
2853,9
2854,9
2855,9
2856,9
2857,9
2858,9
2859,9
2860,9
2861,9
2862,17
2863,17
2864,17
2865,17
2866,23
2867,1
2868,23
2869,5
2870,10
2871,23
2872,9
2873,18
2874,17
2875,12
2876,12
2877,12
2878,17
2879,12
2880,12
2881,17
2882,17
2883,10
2884,10
2885,10
2886,23
2887,23
2888,11
2889,23
2890,12
2891,10
2892,4
2893,23
2894,23
2895,11
2896,23
2897,5
2898,23
2899,23
2900,23
2901,18
2902,23
2903,23
2904,23
2905,23
2906,23
2907,23
2908,23
2909,23
2910,23
2911,23
2912,23
2913,23
2914,11
2915,9
2916,9
2917,9
2918,9
2919,23
2920,23
2921,5
2922,9
2923,12
2924,23
2925,23
2926,5
2927,23
2928,4
2929,4
2930,4
2931,4
2932,23
2933,23
2934,1
2935,1
2936,23
2937,23
2938,23
2939,4
2940,23
2941,23
2942,12
2943,12
2944,4
2945,4
2946,4
2947,23
2948,4
2949,4
2950,4
2951,12
2952,4
2953,4
2954,5
2955,23
2956,4
2957,20
2958,12
2959,12
2960,4
2961,17
2962,23
2963,23
2964,22
2965,22
2966,23
2967,23
2968,23
2969,23
2970,22
2971,23
2972,23
2973,23
2974,23
2975,23
2976,22
2977,23
2978,23
2979,23
2980,10
2981,10
2982,4
2983,10
2984,23
2985,23
2986,23
2987,1
2988,23
2989,7
2990,23
2991,23
2992,4
2993,4
2994,22
2995,12
2996,12
2997,5
2998,23
2999,21
3000,21
3001,23
3002,23
3003,8
3004,23
3005,15
3006,15
3007,12
3008,15
3009,23
3010,4
3011,23
3012,23
3013,23
3014,12
3015,17
3016,12
3017,23
3018,23
3019,17
3020,4
3021,23
3022,7
3023,7
3024,7
3025,7
3026,7
3027,7
3028,7
3029,7
3030,7
3031,7
3032,7
3033,7
3034,7
3035,7
3036,7
3037,7
3038,7
3039,7
3040,3
3041,7
3042,7
3043,7
3044,7
3045,7
3046,7
3047,7
3048,7
3049,7
3050,7
3051,7
3052,7
3053,7
3054,7
3055,7
3056,7
3057,7
3058,7
3059,7
3060,7
3061,7
3062,7
3063,7
3064,7
3065,7
3066,7
3067,7
3068,7
3069,7
3070,7
3071,7
3072,7
3073,7
3074,7
3075,7
3076,7
3077,7
3078,7
3079,7
3080,7
3081,7
3082,7
3083,7
3084,7
3085,7
3086,7
3087,7
3088,7
3089,7
3090,7
3091,7
3092,7
3093,7
3094,7
3095,7
3096,7
3097,7
3098,7
3099,7
3100,7
3101,7
3102,7
3103,7
3104,7
3105,7
3106,7
3107,7
3108,7
3109,7
3110,7
3111,7
3112,7
3113,7
3114,7
3115,7
3116,7
3117,7
3118,7
3119,7
3120,7
3121,7
3122,7
3123,7
3124,7
3125,5
3126,5
3127,5
3128,5
3129,5
3130,5
3131,5
3132,5
3133,5
3134,5
3135,5
3136,5
3137,5
3138,5
3139,5
3140,5
3141,5
3142,5
3143,5
3144,5
3145,5
3146,5
3147,5
3148,5
3149,5
3150,5
3151,5
3152,5
3153,5
3154,5
3155,21
3156,5
3157,5
3158,4
3159,23
3160,23
3161,11
3162,11
3163,11
3164,23
3165,23
3166,23
3167,23
3168,23
3169,23
3170,23
3171,23
3172,23
3173,23
3174,23
3175,23
3176,23
3177,23
3178,23
3179,23
3180,23
3181,23
3182,23
3183,17
3184,9
3185,9
3186,18
3187,5
3188,23
3189,18
3190,7
3191,7
3192,7
3193,7
3194,7
3195,7
3196,7
3197,7
3198,10
3199,10
3200,23
3201,23
3202,23
3203,12
3204,12
3205,12
3206,12
3207,5
3208,5
3209,5
3210,23
3211,5
3212,12
3213,5
3214,10
3215,5
3216,12
3217,5
3218,17
3219,17
3220,4
3221,17
3222,17
3223,17
3224,5
3225,8
3226,7
3227,12
3228,12
3229,8
3230,12
3231,23
3232,10
3233,23
3234,10
3235,10
3236,10
3237,10
3238,10
3239,10
3240,5
3241,10
3242,10
3243,10
3244,10
3245,10
3246,10
3247,10
3248,10
3249,10
3250,1
3251,5
3252,10
3253,11
3254,9
3255,11
3256,18
3257,4
3258,10
3259,23
3260,23
3261,1
3262,23
3263,23
3264,4
3265,23
3266,23
3267,23
3268,23
3269,6
3270,23
3271,23
3272,23
3273,23
3274,23
3275,23
3276,23
3277,23
3278,23
3279,23
3280,5
3281,5
3282,23
3283,11
3284,11
3285,21
3286,11
3287,17
3288,4
3289,12
3290,9
3291,18
3292,18
3293,18
3294,3
3295,17
3296,17
3297,26
3298,26
3299,26
3300,26
3301,26
3302,26
3303,17
3304,9
3305,17
3306,17
3307,17
3308,11
3309,11
3310,3
3311,11
3312,3
3313,7
3314,11
3315,11
3316,11
3317,9
3318,11
3319,11
3320,11
3321,11
3322,23
3323,12
3324,18
3325,18
3326,18
3327,18
3328,18
3329,17
3330,17
3331,18
3332,18
3333,18
3334,18
3335,18
3336,18
3337,18
3338,18
3339,18
3340,18
3341,18
3342,18
3343,18
3344,18
3345,18
3346,18
3347,14
3348,18
3349,18
3350,18
3351,18
3352,18
3353,18
3354,18
3355,18
3356,18
3357,10
3358,9
3359,9
3360,9
3361,3
3362,9
3363,9
3364,3
3365,9
3366,17
3367,17
3368,17
3369,8
3370,9
3371,10
3372,8
3373,17
3374,10
3375,17
3376,17
3377,22
3378,17
3379,17
3380,17
3381,17
3382,17
3383,17
3384,17
3385,17
3386,17
3387,5
3388,4
3389,17
3390,5
3391,17
3392,10
3393,17
3394,17
3395,17
3396,17
3397,17
3398,17
3399,17
3400,17
3401,18
3402,18
3403,26
3404,26
3405,12
3406,12
3407,13
3408,12
3409,12
3410,12
3411,3
3412,3
3413,11
3414,11
3415,11
3416,11
3417,11
3418,13
3419,11
3420,11
3421,17
3422,11
3423,11
3424,12
3425,11
3426,11
3427,11
3428,11
3429,3
3430,11
3431,11
3432,9
3433,17
3434,9
3435,17
3436,9
3437,17
3438,17
3439,23
3440,23
3441,17
3442,26
3443,17
3444,17
3445,17
3446,17
3447,17
3448,17
3449,17
3450,17
3451,17
3452,17
3453,17
3454,17
3455,17
3456,17
3457,17
3458,17
3459,17
3460,17
3461,17
3462,17
3463,17
3464,17
3465,17
3466,17
3467,17
3468,17
3469,17
3470,17
3471,17
3472,17
3473,17
3474,17
3475,17
3476,17
3477,17
3478,17
3479,17
3480,17
3481,17
3482,17
3483,17
3484,17
3485,11
3486,11
3487,3
3488,11
3489,11
3490,17
3491,17
3492,17
3493,17
3494,17
3495,17
3496,17
3497,3
3498,9
3499,9
3500,3
3501,3
3502,9
3503,18
3504,17
3505,12
3506,17
3507,17
3508,17
3509,17
3510,17
3511,17
3512,17
3513,13
3514,17
3515,11
3516,17
3517,13
3518,17
3519,17
3520,17
3521,12
3522,17
3523,17
3524,17
3525,17
3526,9
3527,9
3528,9
3529,17
3530,7
3531,17
3532,17
3533,17
3534,17
3535,23
3536,17
3537,17
3538,17
3539,11
3540,17
3541,11
3542,17
3543,3
3544,17
3545,17
3546,17
3547,17
3548,17
3549,17
3550,15
3551,17
3552,9
3553,18
3554,18
3555,7
3556,7
3557,3
3558,18
3559,18
3560,18
3561,18
3562,3
3563,18
3564,18
3565,9
3566,18
3567,18
3568,18
3569,18
3570,9
3571,18
3572,18
3573,18
3574,3
3575,7
3576,18
3577,18
3578,23
3579,17
3580,17
3581,13
3582,17
3583,4
3584,17
3585,17
3586,10
3587,17
3588,17
3589,17
3590,17
3591,17
3592,17
3593,17
3594,9
3595,17
3596,9
3597,12
3598,15
3599,26
3600,11
3601,23
3602,23
3603,3
3604,3
3605,7
3606,3
3607,3
3608,7
3609,7
3610,7
3611,7
3612,7
3613,7
3614,7
3615,7
3616,7
3617,7
3618,7
3619,7
3620,7
3621,7
3622,7
3623,7
3624,7
3625,7
3626,7
3627,7
3628,7
3629,7
3630,7
3631,7
3632,7
3633,7
3634,3
3635,3
3636,18
3637,7
3638,7
3639,7
3640,9
3641,3
3642,7
3643,7
3644,9
3645,7
3646,7
3647,7
3648,7
3649,12
3650,3
3651,7
3652,21
3653,7
3654,20
3655,7
3656,7
3657,7
3658,23
3659,4
3660,4
3661,4
3662,4
3663,4
3664,4
3665,4
3666,4
3667,4
3668,4
3669,4
3670,4
3671,21
3672,4
3673,4
3674,4
3675,4
3676,4
3677,26
3678,15
3679,9
3680,23
3681,21
3682,21
3683,23
3684,23
3685,26
3686,26
3687,26
3688,26
3689,26
3690,26
3691,26
3692,26
3693,26
3694,1
3695,23
3696,26
3697,26
3698,26
3699,23
3700,23
3701,18
3702,23
3703,17
3704,11
3705,18
3706,23
3707,7
3708,7
3709,7
3710,7
3711,7
3712,7
3713,3
3714,7
3715,7
3716,7
3717,7
3718,7
3719,7
3720,26
3721,7
3722,7
3723,7
3724,23
3725,7
3726,21
3727,7
3728,12
3729,7
3730,7
3731,7
3732,7
3733,7
3734,7
3735,7
3736,7
3737,7
3738,7
3739,18
3740,7
3741,7
3742,7
3743,7
3744,9
3745,7
3746,7
3747,7
3748,7
3749,7
3750,7
3751,7
3752,7
3753,7
3754,7
3755,7
3756,7
3757,7
3758,7
3759,7
3760,7
3761,7
3762,7
3763,7
3764,7
3765,12
3766,12
3767,9
3768,12
3769,12
3770,12
3771,9
3772,7
3773,11
3774,12
3775,12
3776,17
3777,12
3778,12
3779,12
3780,12
3781,12
3782,9
3783,7
3784,7
3785,7
3786,7
3787,7
3788,17
3789,9
3790,5
3791,5
3792,5
3793,5
3794,5
3795,5
3796,5
3797,5
3798,5
3799,5
3800,5
3801,5
3802,23
3803,5
3804,5
3805,5
3806,4
3807,5
3808,5
3809,23
3810,4
3811,5
3812,5
3813,12
3814,23
3815,11
3816,23
3817,23
3818,23
3819,21
3820,23
3821,21
3822,23
3823,23
3824,21
3825,23
3826,21
3827,23
3828,23
3829,23
3830,23
3831,5
3832,23
3833,23
3834,17
3835,9
3836,9
3837,3
3838,9
3839,9
3840,9
3841,7
3842,9
3843,9
3844,9
3845,9
3846,9
3847,11
3848,5
3849,21
3850,5
3851,12
3852,9
3853,23
3854,23
3855,1
3856,23
3857,1
3858,23
3859,23
3860,23
3861,23
3862,23
3863,23
3864,23
3865,23
3866,26
3867,26
3868,21
3869,23
3870,23
3871,23
3872,21
3873,21
3874,21
3875,21
3876,23
3877,21
3878,23
3879,23
3880,17
3881,17
3882,17
3883,23
3884,23
3885,9
3886,9
3887,9
3888,17
3889,17
3890,17
3891,4
3892,17
3893,23
3894,23
3895,23
3896,23
3897,4
3898,21
3899,23
3900,23
3901,21
3902,23
3903,23
3904,23
3905,26
3906,26
3907,26
3908,26
3909,26
3910,26
3911,26
3912,3
3913,21
3914,26
3915,26
3916,23
3917,23
3918,23
3919,22
3920,22
3921,22
3922,22
3923,22
3924,17
3925,17
3926,17
3927,21
3928,10
3929,10
3930,4
3931,10
3932,23
3933,12
3934,23
3935,23
3936,12
3937,23
3938,4
3939,9
3940,8
3941,8
3942,7
3943,8
3944,10
3945,8
3946,15
3947,4
3948,12
3949,12
3950,10
3951,12
3952,12
3953,12
3954,4
3955,4
3956,4
3957,4
3958,12
3959,12
3960,4
3961,10
3962,10
3963,4
3964,4
3965,4
3966,4
3967,4
3968,12
3969,4
3970,4
3971,10
3972,12
3973,12
3974,4
3975,23
3976,4
3977,4
3978,23
3979,23
3980,23
3981,4
3982,23
3983,12
3984,12
3985,12
3986,12
3987,12
3988,12
3989,12
3990,12
3991,11
3992,12
3993,7
3994,11
3995,10
3996,12
3997,9
3998,12
3999,12
4000,12
4001,12
4002,12
4003,12
4004,10
4005,13
4006,11
4007,11
4008,10
4009,13
4010,12
4011,12
4012,10
4013,9
4014,9
4015,12
4016,12
4017,9
4018,10
4019,10
4020,11
4021,12
4022,10
4023,13
4024,12
4025,12
4026,12
4027,12
4028,10
4029,10
4030,12
4031,12
4032,12
4033,12
4034,20
4035,12
4036,9
4037,12
4038,12
4039,12
4040,12
4041,12
4042,11
4043,11
4044,11
4045,11
4046,15
4047,11
4048,11
4049,11
4050,11
4051,17
4052,11
4053,11
4054,11
4055,11
4056,11
4057,9
4058,12
4059,10
4060,11
4061,11
4062,11
4063,10
4064,11
4065,11
4066,11
4067,12
4068,12
4069,12
4070,12
4071,12
4072,11
4073,12
4074,11
4075,12
4076,12
4077,11
4078,11
4079,11
4080,11
4081,11
4082,11
4083,11
4084,11
4085,12
4086,12
4087,9
4088,9
4089,11
4090,9
4091,7
4092,7
4093,7
4094,7
4095,7
4096,7
4097,9
4098,9
4099,9
4100,9
4101,9
4102,7
4103,9
4104,9
4105,9
4106,9
4107,13
4108,20
4109,12
4110,20
4111,10
4112,10
4113,12
4114,13
4115,11
4116,10
4117,10
4118,10
4119,12
4120,9
4121,9
4122,9
4123,9
4124,12
4125,9
4126,9
4127,9
4128,9
4129,17
4130,9
4131,9
4132,9
4133,9
4134,12
4135,9
4136,9
4137,3
4138,9
4139,17
4140,12
4141,12
4142,12
4143,12
4144,12
4145,12
4146,12
4147,12
4148,12
4149,12
4150,12
4151,12
4152,12
4153,12
4154,12
4155,11
4156,12
4157,12
4158,12
4159,12
4160,12
4161,11
4162,12
4163,12
4164,12
4165,12
4166,12
4167,12
4168,12
4169,11
4170,12
4171,12
4172,9
4173,12
4174,9
4175,9
4176,9
4177,9
4178,12
4179,9
4180,7
4181,12
4182,12
4183,12
4184,12
4185,17
4186,12
4187,12
4188,17
4189,9
4190,9
4191,12
4192,12
4193,9
4194,9
4195,12
4196,12
4197,12
4198,9
4199,11
4200,12
4201,12
4202,9
4203,12
4204,12
4205,10
4206,10
4207,12
4208,12
4209,12
4210,12
4211,12
4212,12
4213,9
4214,12
4215,12
4216,12
4217,12
4218,9
4219,9
4220,9
4221,12
4222,11
4223,11
4224,11
4225,11
4226,11
4227,11
4228,11
4229,11
4230,11
4231,11
4232,11
4233,11
4234,11
4235,11
4236,11
4237,11
4238,11
4239,12
4240,11
4241,11
4242,11
4243,20
4244,9
4245,11
4246,13
4247,11
4248,11
4249,11
4250,11
4251,20
4252,11
4253,11
4254,11
4255,11
4256,11
4257,11
4258,11
4259,11
4260,11
4261,12
4262,9
4263,12
4264,12
4265,9
4266,10
4267,9
4268,12
4269,12
4270,12
4271,9
4272,9
4273,9
4274,9
4275,12
4276,11
4277,10
4278,12
4279,12
4280,17
4281,9
4282,11
4283,12
4284,9
4285,9
4286,12
4287,9
4288,11
4289,9
4290,4
4291,9
4292,10
4293,17
4294,10
4295,10
4296,11
4297,11
4298,11
4299,13
4300,5
4301,11
4302,11
4303,10
4304,20
4305,11
4306,5
4307,12
4308,11
4309,11
4310,10
4311,11
4312,12
4313,11
4314,11
4315,11
4316,11
4317,11
4318,20
4319,11
4320,11
4321,12
4322,12
4323,11
4324,11
4325,5
4326,12
4327,12
4328,11
4329,11
4330,11
4331,12
4332,10
4333,12
4334,12
4335,12
4336,12
4337,12
4338,12
4339,12
4340,9
4341,12
4342,10
4343,10
4344,10
4345,10
4346,10
4347,10
4348,10
4349,10
4350,12
4351,10
4352,10
4353,9
4354,10
4355,10
4356,10
4357,10
4358,10
4359,12
4360,12
4361,9
4362,10
4363,12
4364,10
4365,4
4366,4
4367,1
4368,10
4369,4
4370,10
4371,10
4372,4
4373,17
4374,17
4375,3
4376,12
4377,13
4378,10
4379,12
4380,3
4381,10
4382,10
4383,3
4384,20
4385,10
4386,20
4387,9
4388,8
4389,12
4390,13
4391,4
4392,10
4393,10
4394,5
4395,4
4396,4
4397,9
4398,10
4399,12
4400,12
4401,10
4402,10
4403,11
4404,10
4405,10
4406,10
4407,10
4408,11
4409,10
4410,12
4411,20
4412,10
4413,12
4414,12
4415,12
4416,15
4417,12
4418,9
4419,10
4420,10
4421,4
4422,10
4423,10
4424,4
4425,3
4426,4
4427,10
4428,10
4429,4
4430,10
4431,4
4432,11
4433,4
4434,4
4435,4
4436,4
4437,4
4438,10
4439,4
4440,4
4441,4
4442,10
4443,15
4444,5
4445,10
4446,10
4447,10
4448,4
4449,10
4450,10
4451,10
4452,10
4453,13
4454,10
4455,10
4456,10
4457,10
4458,10
4459,10
4460,12
4461,5
4462,9
4463,12
4464,9
4465,12
4466,9
4467,20
4468,20
4469,20
4470,20
4471,20
4472,20
4473,20
4474,20
4475,20
4476,20
4477,12
4478,9
4479,12
4480,12
4481,12
4482,9
4483,12
4484,11
4485,12
4486,12
4487,12
4488,12
4489,11
4490,11
4491,17
4492,11
4493,11
4494,9
4495,11
4496,11
4497,12
4498,11
4499,13
4500,11
4501,11
4502,11
4503,11
4504,11
4505,11
4506,11
4507,11
4508,9
4509,11
4510,11
4511,5
4512,18
4513,11
4514,11
4515,11
4516,11
4517,11
4518,11
4519,10
4520,10
4521,10
4522,10
4523,10
4524,11
4525,11
4526,11
4527,11
4528,11
4529,11
4530,11
4531,11
4532,11
4533,10
4534,10
4535,10
4536,10
4537,10
4538,10
4539,11
4540,10
4541,11
4542,11
4543,11
4544,11
4545,12
4546,11
4547,11
4548,12
4549,17
4550,11
4551,11
4552,11
4553,11
4554,11
4555,11
4556,11
4557,11
4558,11
4559,11
4560,11
4561,11
4562,11
4563,11
4564,11
4565,11
4566,11
4567,11
4568,12
4569,11
4570,10
4571,12
4572,12
4573,12
4574,12
4575,12
4576,12
4577,12
4578,12
4579,12
4580,12
4581,12
4582,9
4583,11
4584,11
4585,12
4586,12
4587,12
4588,12
4589,12
4590,12
4591,12
4592,12
4593,11
4594,11
4595,11
4596,11
4597,11
4598,11
4599,11
4600,11
4601,12
4602,5
4603,12
4604,12
4605,12
4606,12
4607,12
4608,11
4609,11
4610,17
4611,11
4612,17
4613,11
4614,11
4615,11
4616,12
4617,9
4618,12
4619,12
4620,12
4621,9
4622,12
4623,17
4624,7
4625,9
4626,9
4627,9
4628,9
4629,9
4630,9
4631,9
4632,9
4633,7
4634,7
4635,12
4636,9
4637,5
4638,7
4639,9
4640,9
4641,9
4642,7
4643,7
4644,7
4645,7
4646,3
4647,7
4648,7
4649,9
4650,9
4651,7
4652,9
4653,9
4654,9
4655,9
4656,9
4657,9
4658,9
4659,9
4660,9
4661,9
4662,11
4663,17
4664,17
4665,17
4666,13
4667,21
4668,21
4669,12
4670,11
4671,17
4672,17
4673,17
4674,4
4675,4
4676,4
4677,17
4678,17
4679,9
4680,4
4681,20
4682,20
4683,9
4684,4
4685,4
4686,12
4687,12
4688,4
4689,20
4690,17
4691,17
4692,4
4693,4
4694,20
4695,23
4696,4
4697,4
4698,4
4699,4
4700,4
4701,4
4702,4
4703,4
4704,5
4705,9
4706,9
4707,11
4708,4
4709,20
4710,4
4711,4
4712,4
4713,4
4714,4
4715,4
4716,4
4717,20
4718,20
4719,20
4720,4
4721,4
4722,20
4723,4
4724,4
4725,4
4726,4
4727,4
4728,5
4729,4
4730,4
4731,4
4732,20
4733,22
4734,4
4735,4
4736,4
4737,4
4738,4
4739,4
4740,4
4741,4
4742,4
4743,4
4744,1
4745,4
4746,20
4747,4
4748,4
4749,17
4750,17
4751,17
4752,17
4753,17
4754,17
4755,17
4756,10
4757,10
4758,17
4759,10
4760,10
4761,17
4762,10
4763,10
4764,10
4765,17
4766,18
4767,17
4768,9
4769,9
4770,10
4771,17
4772,10
4773,10
4774,10
4775,10
4776,10
4777,10
4778,17
4779,10
4780,10
4781,17
4782,17
4783,17
4784,17
4785,17
4786,17
4787,17
4788,17
4789,9
4790,17
4791,17
4792,17
4793,17
4794,17
4795,17
4796,17
4797,9
4798,17
4799,17
4800,17
4801,12
4802,17
4803,17
4804,17
4805,17
4806,17
4807,11
4808,9
4809,9
4810,17
4811,17
4812,17
4813,17
4814,8
4815,9
4816,9
4817,9
4818,9
4819,9
4820,7
4821,9
4822,17
4823,9
4824,9
4825,9
4826,17
4827,9
4828,9
4829,9
4830,9
4831,9
4832,17
4833,9
4834,3
4835,17
4836,21
4837,7
4838,17
4839,17
4840,17
4841,17
4842,17
4843,17
4844,17
4845,17
4846,17
4847,17
4848,17
4849,17
4850,17
4851,17
4852,17
4853,17
4854,9
4855,9
4856,9
4857,9
4858,9
4859,21
4860,9
4861,18
4862,9
4863,9
4864,17
4865,17
4866,17
4867,17
4868,12
4869,17
4870,12
4871,12
4872,12
4873,12
4874,12
4875,17
4876,12
4877,3
4878,17
4879,3
4880,17
4881,10
4882,17
4883,7
4884,7
4885,7
4886,11
4887,11
4888,11
4889,11
4890,11
4891,18
4892,11
4893,13
4894,13
4895,3
4896,11
4897,11
4898,17
4899,11
4900,17
4901,11
4902,12
4903,12
4904,8
4905,17
4906,12
4907,3
4908,12
4909,11
4910,12
4911,12
4912,12
4913,11
4914,12
4915,12
4916,8
4917,12
4918,8
4919,12
4920,12
4921,12
4922,11
4923,11
4924,11
4925,12
4926,17
4927,4
4928,4
4929,4
4930,4
4931,4
4932,17
4933,3
4934,5
4935,20
4936,4
4937,4
4938,4
4939,5
4940,5
4941,5
4942,4
4943,4
4944,4
4945,4
4946,4
4947,4
4948,4
4949,5
4950,9
4951,5
4952,10
4953,4
4954,20
4955,4
4956,4
4957,4
4958,4
4959,4
4960,4
4961,4
4962,4
4963,4
4964,20
4965,4
4966,4
4967,4
4968,4
4969,4
4970,4
4971,4
4972,4
4973,4
4974,4
4975,10
4976,20
4977,4
4978,4
4979,4
4980,20
4981,4
4982,4
4983,4
4984,1
4985,4
4986,4
4987,4
4988,4
4989,4
4990,4
4991,4
4992,17
4993,17
4994,17
4995,4
4996,17
4997,17
4998,17
4999,12
5000,17
5001,12
5002,13
5003,13
5004,12
5005,17
5006,17
5007,17
5008,17
5009,17
5010,9
5011,12
5012,17
5013,9
5014,9
5015,9
5016,17
5017,17
5018,9
5019,18
5020,17
5021,12
5022,9
5023,10
5024,17
5025,9
5026,17
5027,9
5028,9
5029,13
5030,12
5031,7
5032,11
5033,11
5034,11
5035,11
5036,11
5037,11
5038,11
5039,11
5040,11
5041,4
5042,11
5043,11
5044,11
5045,12
5046,12
5047,12
5048,11
5049,11
5050,11
5051,11
5052,11
5053,12
5054,7
5055,9
5056,9
5057,3
5058,9
5059,9
5060,12
5061,11
5062,9
5063,17
5064,12
5065,12
5066,12
5067,12
5068,4
5069,12
5070,17
5071,17
5072,12
5073,17
5074,17
5075,17
5076,17
5077,9
5078,17
5079,17
5080,4
5081,11
5082,17
5083,4
5084,4
5085,12
5086,12
5087,12
5088,12
5089,12
5090,12
5091,9
5092,12
5093,21
5094,12
5095,9
5096,12
5097,9
5098,9
5099,9
5100,9
5101,9
5102,9
5103,9
5104,9
5105,20
5106,9
5107,12
5108,9
5109,12
5110,9
5111,17
5112,12
5113,9
5114,12
5115,9
5116,11
5117,9
5118,9
5119,9
5120,12
5121,9
5122,12
5123,12
5124,12
5125,9
5126,12
5127,11
5128,12
5129,18
5130,3
5131,12
5132,9
5133,17
5134,12
5135,9
5136,12
5137,9
5138,9
5139,17
5140,9
5141,11
5142,11
5143,11
5144,9
5145,17
5146,11
5147,17
5148,9
5149,18
5150,18
5151,18
5152,15
5153,18
5154,3
5155,17
5156,15
5157,13
5158,11
5159,11
5160,13
5161,12
5162,12
5163,9
5164,12
5165,12
5166,12
5167,12
5168,12
5169,12
5170,9
5171,12
5172,12
5173,12
5174,12
5175,12
5176,12
5177,12
5178,12
5179,17
5180,12
5181,12
5182,12
5183,9
5184,9
5185,9
5186,9
5187,9
5188,17
5189,9
5190,9
5191,9
5192,9
5193,9
5194,9
5195,9
5196,9
5197,9
5198,9
5199,9
5200,3
5201,3
5202,3
5203,17
5204,3
5205,3
5206,3
5207,3
5208,3
5209,3
5210,3
5211,3
5212,3
5213,3
5214,3
5215,20
5216,3
5217,9
5218,9
5219,9
5220,12
5221,3
5222,9
5223,9
5224,9
5225,9
5226,9
5227,9
5228,12
5229,9
5230,3
5231,9
5232,12
5233,9
5234,9
5235,9
5236,9
5237,9
5238,12
5239,9
5240,9
5241,9
5242,9
5243,7
5244,9
5245,9
5246,9
5247,9
5248,9
5249,18
5250,18
5251,9
5252,9
5253,9
5254,9
5255,15
5256,15
5257,9
5258,9
5259,9
5260,9
5261,9
5262,13
5263,9
5264,9
5265,7
5266,7
5267,9
5268,9
5269,9
5270,9
5271,7
5272,9
5273,9
5274,9
5275,9
5276,3
5277,9
5278,12
5279,12
5280,5
5281,12
5282,17
5283,12
5284,11
5285,11
5286,11
5287,12
5288,9
5289,10
5290,11
5291,17
5292,18
5293,11
5294,11
5295,11
5296,11
5297,12
5298,9
5299,9
5300,17
5301,9
5302,9
5303,9
5304,9
5305,9
5306,12
5307,9
5308,9
5309,12
5310,12
5311,11
5312,12
5313,12
5314,12
5315,12
5316,11
5317,11
5318,8
5319,8
5320,8
5321,8
5322,8
5323,10
5324,20
5325,21
5326,11
5327,11
5328,11
5329,11
5330,9
5331,9
5332,9
5333,9
5334,9
5335,18
5336,9
5337,9
5338,9
5339,9
5340,11
5341,11
5342,11
5343,11
5344,11
5345,4
5346,4
5347,4
5348,4
5349,4
5350,3
5351,5
5352,4
5353,4
5354,4
5355,4
5356,5
5357,4
5358,4
5359,10
5360,5
5361,4
5362,5
5363,4
5364,12
5365,12
5366,12
5367,12
5368,12
5369,17
5370,17
5371,17
5372,11
5373,12
5374,17
5375,17
5376,17
5377,17
5378,12
5379,12
5380,17
5381,12
5382,12
5383,11
5384,3
5385,3
5386,13
5387,13
5388,13
5389,13
5390,13
5391,13
5392,13
5393,13
5394,13
5395,13
5396,13
5397,13
5398,13
5399,13
5400,13
5401,13
5402,13
5403,13
5404,3
5405,13
5406,13
5407,13
5408,13
5409,13
5410,13
5411,13
5412,13
5413,13
5414,13
5415,9
5416,13
5417,13
5418,13
5419,11
5420,13
5421,13
5422,13
5423,13
5424,13
5425,13
5426,13
5427,13
5428,13
5429,11
5430,9
5431,11
5432,11
5433,11
5434,11
5435,11
5436,11
5437,11
5438,11
5439,11
5440,11
5441,12
5442,11
5443,5
5444,17
5445,20
5446,4
5447,20
5448,5
5449,5
5450,5
5451,4
5452,4
5453,4
5454,4
5455,4
5456,5
5457,5
5458,20
5459,10
5460,4
5461,20
5462,5
5463,4
5464,5
5465,5
5466,4
5467,10
5468,10
5469,4
5470,4
5471,4
5472,4
5473,5
5474,4
5475,4
5476,4
5477,4
5478,4
5479,4
5480,4
5481,4
5482,3
5483,5
5484,18
5485,4
5486,4
5487,20
5488,4
5489,4
5490,10
5491,5
5492,4
5493,4
5494,3
5495,3
5496,17
5497,5
5498,20
5499,11
5500,11
5501,11
5502,11
5503,23
5504,11
5505,8
5506,8
5507,8
5508,10
5509,8
5510,5
5511,22
5512,5
5513,20
5514,4
5515,4
5516,17
5517,10
5518,5
5519,5
5520,4
5521,17
5522,20
5523,20
5524,20
5525,20
5526,20
5527,4
5528,4
5529,4
5530,20
5531,4
5532,5
5533,20
5534,4
5535,4
5536,4
5537,5
5538,8
5539,8
5540,8
5541,8
5542,8
5543,8
5544,17
5545,17
5546,17
5547,12
5548,12
5549,12
5550,9
5551,10
5552,10
5553,12
5554,10
5555,8
5556,10
5557,10
5558,10
5559,11
5560,10
5561,10
5562,10
5563,10
5564,10
5565,10
5566,10
5567,11
5568,20
5569,5
5570,11
5571,11
5572,17
5573,11
5574,11
5575,11
5576,11
5577,11
5578,11
5579,11
5580,11
5581,12
5582,12
5583,8
5584,12
5585,12
5586,12
5587,12
5588,12
5589,12
5590,12
5591,12
5592,12
5593,12
5594,12
5595,12
5596,12
5597,12
5598,12
5599,12
5600,12
5601,12
5602,12
5603,12
5604,12
5605,12
5606,12
5607,12
5608,20
5609,4
5610,4
5611,20
5612,4
5613,10
5614,10
5615,20
5616,10
5617,10
5618,10
5619,10
5620,23
5621,14
5622,9
5623,7
5624,1
5625,10
5626,20
5627,4
5628,5
5629,20
5630,4
5631,4
5632,10
5633,20
5634,4
5635,4
5636,17
5637,10
5638,10
5639,10
5640,10
5641,23
5642,23
5643,11
5644,11
5645,11
5646,10
5647,10
5648,10
5649,20
5650,10
5651,10
5652,4
5653,11
5654,11
5655,11
5656,17
5657,11
5658,17
5659,17
5660,7
5661,23
5662,23
5663,23
5664,8
5665,8
5666,8
5667,11
5668,8
5669,8
5670,23
5671,11
5672,9
5673,8
5674,8
5675,11
5676,11
5677,11
5678,11
5679,12
5680,8
5681,23
5682,9
5683,9
5684,4
5685,4
5686,12
5687,12
5688,11
5689,11
5690,11
5691,17
5692,17
5693,12
5694,11
5695,12
5696,13
5697,17
5698,9
5699,12
5700,10
5701,10
5702,10
5703,10
5704,10
5705,5
5706,20
5707,10
5708,10
5709,10
5710,10
5711,10
5712,20
5713,10
5714,10
5715,4
5716,10
5717,4
5718,4
5719,4
5720,5
5721,4
5722,4
5723,20
5724,4
5725,4
5726,4
5727,4
5728,4
5729,4
5730,10
5731,20
5732,4
5733,4
5734,3
5735,4
5736,20
5737,20
5738,4
5739,20
5740,4
5741,20
5742,23
5743,8
5744,11
5745,12
5746,12
5747,12
5748,10
5749,10
5750,10
5751,10
5752,10
5753,9
5754,17
5755,17
5756,17
5757,17
5758,17
5759,4
5760,17
5761,17
5762,17
5763,17
5764,9
5765,11
5766,11
5767,11
5768,11
5769,11
5770,12
5771,7
5772,5
5773,10
5774,17
5775,11
5776,11
5777,12
5778,11
5779,11
5780,11
5781,11
5782,11
5783,11
5784,11
5785,11
5786,17
5787,11
5788,11
5789,11
5790,11
5791,11
5792,11
5793,11
5794,11
5795,11
5796,11
5797,11
5798,11
5799,11
5800,11
5801,11
5802,11
5803,11
5804,12
5805,12
5806,10
5807,10
5808,10
5809,10
5810,10
5811,10
5812,12
5813,10
5814,10
5815,10
5816,11
5817,11
5818,3
5819,10
5820,10
5821,10
5822,20
5823,5
5824,10
5825,10
5826,10
5827,5
5828,5
5829,10
5830,10
5831,10
5832,10
5833,10
5834,1
5835,17
5836,14
5837,17
5838,10
5839,17
5840,4
5841,17
5842,17
5843,17
5844,17
5845,17
5846,12
5847,9
5848,17
5849,12
5850,17
5851,9
5852,9
5853,9
5854,9
5855,12
5856,15
5857,12
5858,11
5859,12
5860,15
5861,9
5862,9
5863,10
5864,10
5865,10
5866,10
5867,10
5868,10
5869,10
5870,10
5871,10
5872,10
5873,12
5874,12
5875,12
5876,9
5877,11
5878,11
5879,11
5880,11
5881,21
5882,11
5883,11
5884,11
5885,11
5886,11
5887,12
5888,7
5889,9
5890,17
5891,9
5892,9
5893,9
5894,9
5895,9
5896,9
5897,9
5898,9
5899,9
5900,9
5901,9
5902,9
5903,9
5904,17
5905,17
5906,9
5907,12
5908,12
5909,12
5910,9
5911,22
5912,22
5913,22
5914,17
5915,17
5916,15
5917,17
5918,17
5919,13
5920,10
5921,10
5922,10
5923,10
5924,10
5925,10
5926,1
5927,1
5928,10
5929,10
5930,10
5931,10
5932,4
5933,23
5934,4
5935,4
5936,4
5937,7
5938,4
5939,4
5940,10
5941,10
5942,10
5943,10
5944,10
5945,3
5946,12
5947,17
5948,10
5949,10
5950,10
5951,10
5952,10
5953,4
5954,10
5955,10
5956,10
5957,10
5958,10
5959,10
5960,10
5961,4
5962,4
5963,4
5964,4
5965,4
5966,4
5967,4
5968,4
5969,4
5970,4
5971,4
5972,10
5973,20
5974,20
5975,4
5976,4
5977,4
5978,5
5979,4
5980,4
5981,4
5982,20
5983,4
5984,4
5985,4
5986,4
5987,4
5988,4
5989,4
5990,12
5991,12
5992,12
5993,4
5994,20
5995,20
5996,4
5997,4
5998,4
5999,4
6000,4
6001,5
6002,7
6003,1
6004,4
6005,4
6006,10
6007,4
6008,4
6009,4
6010,4
6011,4
6012,4
6013,4
6014,4
6015,20
6016,4
6017,20
6018,5
6019,5
6020,5
6021,5
6022,15
6023,15
6024,5
6025,5
6026,5
6027,4
6028,5
6029,20
6030,10
6031,4
6032,10
6033,20
6034,20
6035,4
6036,12
6037,20
6038,10
6039,10
6040,10
6041,9
6042,4
6043,4
6044,4
6045,4
6046,22
6047,4
6048,9
6049,9
6050,15
6051,9
6052,9
6053,9
6054,20
6055,20
6056,20
6057,20
6058,20
6059,20
6060,20
6061,20
6062,20
6063,20
6064,20
6065,20
6066,20
6067,20
6068,20
6069,20
6070,20
6071,20
6072,20
6073,20
6074,20
6075,20
6076,20
6077,20
6078,20
6079,20
6080,20
6081,20
6082,20
6083,20
6084,20
6085,20
6086,3
6087,20
6088,20
6089,20
6090,20
6091,20
6092,20
6093,20
6094,20
6095,20
6096,20
6097,20
6098,20
6099,20
6100,20
6101,20
6102,20
6103,20
6104,20
6105,20
6106,20
6107,20
6108,20
6109,20
6110,20
6111,20
6112,2
6113,20
6114,20
6115,20
6116,20
6117,20
6118,20
6119,20
6120,20
6121,20
6122,20
6123,20
6124,20
6125,3
6126,20
6127,20
6128,20
6129,20
6130,20
6131,20
6132,20
6133,20
6134,20
6135,20
6136,20
6137,20
6138,20
6139,20
6140,20
6141,20
6142,20
6143,20
6144,20
6145,7
6146,20
6147,20
6148,20
6149,20
6150,20
6151,4
6152,4
6153,20
6154,20
6155,20
6156,4
6157,20
6158,20
6159,20
6160,20
6161,20
6162,20
6163,20
6164,20
6165,20
6166,20
6167,20
6168,20
6169,20
6170,9
6171,9
6172,12
6173,12
6174,9
6175,12
6176,12
6177,9
6178,9
6179,12
6180,12
6181,18
6182,12
6183,12
6184,12
6185,12
6186,17
6187,17
6188,17
6189,17
6190,17
6191,11
6192,17
6193,17
6194,17
6195,11
6196,17
6197,17
6198,21
6199,22
6200,17
6201,23
6202,23
6203,23
6204,17
6205,17
6206,17
6207,17
6208,17
6209,17
6210,17
6211,17
6212,9
6213,3
6214,9
6215,11
6216,11
6217,11
6218,17
6219,13
6220,21
6221,11
6222,17
6223,21
6224,11
6225,17
6226,11
6227,9
6228,9
6229,9
6230,9
6231,9
6232,9
6233,9
6234,17
6235,17
6236,12
6237,17
6238,9
6239,9
6240,9
6241,9
6242,23
6243,23
6244,17
6245,17
6246,11
6247,15
6248,15
6249,11
6250,8
6251,12
6252,17
6253,15
6254,15
6255,11
6256,15
6257,15
6258,15
6259,15
6260,12
6261,15
6262,15
6263,15
6264,15
6265,15
6266,15
6267,15
6268,12
6269,3
6270,17
6271,17
6272,17
6273,11
6274,11
6275,11
6276,18
6277,9
6278,9
6279,9
6280,7
6281,11
6282,9
6283,11
6284,9
6285,3
6286,7
6287,11
6288,23
6289,23
6290,4
6291,21
6292,4
6293,4
6294,4
6295,4
6296,4
6297,4
6298,17
6299,5
6300,17
6301,3
6302,9
6303,9
6304,17
6305,3
6306,11
6307,11
6308,11
6309,17
6310,11
6311,11
6312,10
6313,10
6314,10
6315,4
6316,10
6317,4
6318,11
6319,11
6320,11
6321,11
6322,11
6323,11
6324,11
6325,11
6326,11
6327,11
6328,11
6329,11
6330,12
6331,12
6332,12
6333,12
6334,12
6335,12
6336,11
6337,11
6338,9
6339,9
6340,9
6341,18
6342,7
6343,3
6344,18
6345,9
6346,9
6347,9
6348,9
6349,9
6350,17
6351,9
6352,9
6353,9
6354,9
6355,9
6356,9
6357,9
6358,13
6359,9
6360,9
6361,9
6362,9
6363,9
6364,9
6365,9
6366,9
6367,3
6368,9
6369,9
6370,9
6371,9
6372,9
6373,9
6374,9
6375,20
6376,9
6377,9
6378,9
6379,9
6380,9
6381,9
6382,9
6383,9
6384,10
6385,9
6386,9
6387,15
6388,9
6389,9
6390,9
6391,9
6392,13
6393,9
6394,9
6395,3
6396,7
6397,3
6398,2
6399,7
6400,9
6401,9
6402,9
6403,9
6404,9
6405,17
6406,9
6407,3
6408,9
6409,9
6410,18
6411,9
6412,9
6413,9
6414,7
6415,9
6416,9
6417,9
6418,9
6419,9
6420,9
6421,9
6422,18
6423,7
6424,9
6425,9
6426,9
6427,9
6428,9
6429,7
6430,9
6431,9
6432,3
6433,7
6434,9
6435,9
6436,9
6437,9
6438,9
6439,12
6440,13
6441,3
6442,9
6443,17
6444,3
6445,11
6446,7
6447,7
6448,7
6449,7
6450,7
6451,7
6452,9
6453,7
6454,7
6455,7
6456,7
6457,7
6458,7
6459,7
6460,7
6461,7
6462,3
6463,7
6464,7
6465,7
6466,7
6467,9
6468,7
6469,7
6470,7
6471,7
6472,7
6473,3
6474,7
6475,7
6476,7
6477,7
6478,3
6479,7
6480,7
6481,3
6482,9
6483,9
6484,9
6485,9
6486,9
6487,9
6488,9
6489,9
6490,3
6491,3
6492,9
6493,3
6494,9
6495,9
6496,9
6497,7
6498,7
6499,7
6500,7
6501,7
6502,9
6503,7
6504,7
6505,9
6506,9
6507,9
6508,9
6509,9
6510,9
6511,9
6512,7
6513,9
6514,3
6515,9
6516,9
6517,9
6518,9
6519,13
6520,3
6521,9
6522,9
6523,17
6524,12
6525,9
6526,9
6527,9
6528,9
6529,9
6530,9
6531,4
6532,4
6533,4
6534,4
6535,4
6536,4
6537,4
6538,4
6539,4
6540,4
6541,4
6542,4
6543,7
6544,9
6545,3
6546,11
6547,13
6548,11
6549,9
6550,9
6551,9
6552,9
6553,9
6554,9
6555,3
6556,9
6557,9
6558,9
6559,9
6560,7
6561,9
6562,9
6563,12
6564,12
6565,17
6566,9
6567,7
6568,7
6569,7
6570,9
6571,9
6572,9
6573,9
6574,12
6575,12
6576,9
6577,11
6578,7
6579,11
6580,7
6581,12
6582,9
6583,7
6584,7
6585,7
6586,7
6587,7
6588,7
6589,7
6590,7
6591,7
6592,7
6593,7
6594,7
6595,7
6596,12
6597,12
6598,12
6599,12
6600,12
6601,12
6602,12
6603,9
6604,9
6605,7
6606,9
6607,9
6608,9
6609,9
6610,9
6611,9
6612,9
6613,9
6614,9
6615,9
6616,9
6617,9
6618,9
6619,9
6620,9
6621,9
6622,9
6623,9
6624,9
6625,9
6626,9
6627,9
6628,9
6629,12
6630,15
6631,12
6632,18
6633,10
6634,17
6635,17
6636,17
6637,11
6638,12
6639,12
6640,12
6641,12
6642,12
6643,12
6644,12
6645,12
6646,7
6647,21
6648,7
6649,7
6650,7
6651,7
6652,7
6653,7
6654,21
6655,21
6656,21
6657,21
6658,7
6659,21
6660,21
6661,21
6662,21
6663,21
6664,21
6665,21
6666,21
6667,21
6668,21
6669,21
6670,21
6671,21
6672,21
6673,21
6674,21
6675,21
6676,21
6677,21
6678,21
6679,21
6680,21
6681,21
6682,21
6683,21
6684,21
6685,5
6686,21
6687,7
6688,21
6689,21
6690,21
6691,21
6692,21
6693,21
6694,21
6695,21
6696,21
6697,21
6698,21
6699,21
6700,21
6701,21
6702,21
6703,21
6704,21
6705,21
6706,21
6707,21
6708,21
6709,21
6710,21
6711,21
6712,21
6713,21
6714,21
6715,21
6716,21
6717,21
6718,21
6719,21
6720,21
6721,21
6722,21
6723,21
6724,21
6725,21
6726,21
6727,21
6728,21
6729,21
6730,21
6731,7
6732,21
6733,21
6734,21
6735,21
6736,21
6737,21
6738,21
6739,7
6740,21
6741,21
6742,21
6743,21
6744,21
6745,21
6746,21
6747,21
6748,21
6749,21
6750,21
6751,21
6752,21
6753,21
6754,21
6755,21
6756,11
6757,11
6758,11
6759,11
6760,3
6761,9
6762,18
6763,18
6764,18
6765,18
6766,18
6767,18
6768,18
6769,7
6770,11
6771,18
6772,18
6773,18
6774,18
6775,18
6776,18
6777,3
6778,3
6779,3
6780,3
6781,9
6782,3
6783,3
6784,3
6785,3
6786,3
6787,3
6788,3
6789,3
6790,3
6791,11
6792,11
6793,26
6794,7
6795,7
6796,7
6797,3
6798,7
6799,7
6800,3
6801,11
6802,3
6803,3
6804,9
6805,11
6806,11
6807,9
6808,9
6809,7
6810,3
6811,9
6812,13
6813,3
6814,3
6815,3
6816,3
6817,3
6818,9
6819,3
6820,3
6821,3
6822,3
6823,3
6824,3
6825,3
6826,3
6827,3
6828,3
6829,3
6830,3
6831,3
6832,3
6833,3
6834,3
6835,3
6836,9
6837,3
6838,3
6839,3
6840,3
6841,3
6842,3
6843,3
6844,3
6845,9
6846,9
6847,9
6848,8
6849,9
6850,9
6851,9
6852,9
6853,9
6854,7
6855,7
6856,7
6857,3
6858,3
6859,3
6860,3
6861,3
6862,26
6863,9
6864,3
6865,3
6866,3
6867,3
6868,3
6869,3
6870,3
6871,3
6872,3
6873,3
6874,3
6875,3
6876,3
6877,3
6878,3
6879,9
6880,3
6881,3
6882,3
6883,3
6884,3
6885,3
6886,14
6887,14
6888,14
6889,14
6890,14
6891,14
6892,14
6893,14
6894,14
6895,14
6896,14
6897,14
6898,14
6899,14
6900,14
6901,14
6902,14
6903,14
6904,14
6905,14
6906,14
6907,14
6908,14
6909,14
6910,14
6911,14
6912,14
6913,14
6914,14
6915,14
6916,14
6917,14
6918,14
6919,14
6920,3
6921,14
6922,14
6923,14
6924,14
6925,14
6926,14
6927,14
6928,14
6929,14
6930,7
6931,14
6932,14
6933,14
6934,14
6935,14
6936,14
6937,14
6938,14
6939,14
6940,7
6941,14
6942,7
6943,7
6944,7
6945,7
6946,7
6947,7
6948,14
6949,14
6950,14
6951,14
6952,14
6953,14
6954,14
6955,14
6956,14
6957,14
6958,7
6959,7
6960,21
6961,21
6962,21
6963,21
6964,17
6965,12
6966,12
6967,12
6968,12
6969,12
6970,12
6971,12
6972,12
6973,13
6974,12
6975,11
6976,11
6977,12
6978,12
6979,12
6980,12
6981,12
6982,12
6983,12
6984,12
6985,12
6986,12
6987,12
6988,12
6989,12
6990,12
6991,12
6992,12
6993,10
6994,12
6995,10
6996,12
6997,12
6998,12
6999,12
7000,12
7001,12
7002,23
7003,4
7004,10
7005,4
7006,17
7007,4
7008,4
7009,4
7010,12
7011,11
7012,5
7013,11
7014,12
7015,12
7016,12
7017,12
7018,23
7019,12
7020,12
7021,12
7022,5
7023,4
7024,23
7025,12
7026,12
7027,5
7028,12
7029,12
7030,12
7031,12
7032,27
7033,4
7034,12
7035,10
7036,12
7037,10
7038,15
7039,15
7040,15
7041,15
7042,17
7043,9
7044,9
7045,10
7046,10
7047,9
7048,12
7049,9
7050,9
7051,15
7052,17
7053,5
7054,5
7055,5
7056,15
7057,15
7058,15
7059,15
7060,15
7061,15
7062,17
7063,15
7064,10
7065,15
7066,15
7067,7
7068,10
7069,17
7070,17
7071,17
7072,17
7073,9
7074,9
7075,17
7076,17
7077,3
7078,18
7079,9
7080,11
7081,12
7082,9
7083,9
7084,11
7085,11
7086,11
7087,12
7088,12
7089,5
7090,15
7091,15
7092,15
7093,5
7094,4
7095,17
7096,4
7097,10
7098,4
7099,4
7100,4
7101,10
7102,11
7103,11
7104,11
7105,11
7106,13
7107,11
7108,13
7109,13
7110,11
7111,11
7112,17
7113,4
7114,4
7115,4
7116,4
7117,23
7118,4
7119,4
7120,4
7121,4
7122,4
7123,4
7124,4
7125,4
7126,4
7127,4
7128,4
7129,4
7130,4
7131,4
7132,4
7133,4
7134,4
7135,4
7136,4
7137,4
7138,4
7139,4
7140,4
7141,4
7142,4
7143,21
7144,4
7145,15
7146,12
7147,4
7148,12
7149,3
7150,7
7151,7
7152,3
7153,3
7154,3
7155,3
7156,3
7157,3
7158,3
7159,3
7160,3
7161,7
7162,7
7163,7
7164,7
7165,7
7166,7
7167,7
7168,7
7169,7
7170,7
7171,7
7172,7
7173,7
7174,7
7175,7
7176,7
7177,7
7178,3
7179,3
7180,3
7181,7
7182,7
7183,7
7184,7
7185,7
7186,7
7187,3
7188,7
7189,7
7190,7
7191,7
7192,7
7193,9
7194,9
7195,7
7196,7
7197,7
7198,7
7199,7
7200,7
7201,7
7202,7
7203,7
7204,7
7205,7
7206,7
7207,1
7208,7
7209,7
7210,7
7211,7
7212,7
7213,7
7214,9
7215,9
7216,9
7217,9
7218,9
7219,3
7220,3
7221,3
7222,3
7223,3
7224,3
7225,3
7226,3
7227,26
7228,3
7229,3
7230,3
7231,3
7232,3
7233,3
7234,3
7235,3
7236,3
7237,3
7238,3
7239,3
7240,3
7241,3
7242,3
7243,3
7244,3
7245,3
7246,3
7247,3
7248,3
7249,3
7250,3
7251,3
7252,3
7253,3
7254,3
7255,3
7256,3
7257,3
7258,3
7259,3
7260,3
7261,3
7262,3
7263,3
7264,3
7265,3
7266,3
7267,3
7268,3
7269,3
7270,9
7271,9
7272,9
7273,9
7274,3
7275,9
7276,3
7277,9
7278,9
7279,9
7280,9
7281,3
7282,7
7283,18
7284,18
7285,9
7286,9
7287,7
7288,9
7289,9
7290,7
7291,3
7292,7
7293,7
7294,7
7295,7
7296,9
7297,9
7298,9
7299,9
7300,3
7301,3
7302,3
7303,3
7304,7
7305,9
7306,3
7307,3
7308,3
7309,7
7310,3
7311,7
7312,3
7313,3
7314,3
7315,9
7316,9
7317,3
7318,3
7319,3
7320,3
7321,3
7322,3
7323,3
7324,3
7325,3
7326,3
7327,3
7328,3
7329,3
7330,3
7331,3
7332,3
7333,3
7334,3
7335,3
7336,3
7337,3
7338,3
7339,9
7340,3
7341,3
7342,3
7343,3
7344,3
7345,3
7346,3
7347,3
7348,3
7349,3
7350,3
7351,20
7352,20
7353,4
7354,9
7355,13
7356,9
7357,9
7358,7
7359,17
7360,9
7361,23
7362,18
7363,3
7364,11
7365,9
7366,18
7367,3
7368,9
7369,18
7370,9
7371,18
7372,3
7373,18
7374,18
7375,18
7376,23
7377,9
7378,18
7379,18
7380,18
7381,7
7382,3
7383,7
7384,3
7385,7
7386,7
7387,7
7388,7
7389,7
7390,3
7391,7
7392,27
7393,3
7394,7
7395,27
7396,7
7397,7
7398,3
7399,7
7400,3
7401,18
7402,11
7403,17
7404,17
7405,9
7406,9
7407,9
7408,9
7409,9
7410,9
7411,11
7412,11
7413,11
7414,11
7415,11
7416,11
7417,13
7418,13
7419,10
7420,9
7421,9
7422,9
7423,9
7424,9
7425,9
7426,9
7427,9
7428,9
7429,9
7430,11
7431,11
7432,11
7433,11
7434,11
7435,11
7436,11
7437,11
7438,9
7439,9
7440,9
7441,17
7442,17
7443,3
7444,9
7445,9
7446,9
7447,3
7448,9
7449,9
7450,3
7451,3
7452,9
7453,3
7454,7
7455,9
7456,9
7457,9
7458,3
7459,7
7460,3
7461,7
7462,9
7463,7
7464,7
7465,7
7466,9
7467,9
7468,9
7469,3
7470,3
7471,3
7472,3
7473,6
7474,3
7475,3
7476,3
7477,3
7478,3
7479,3
7480,3
7481,3
7482,3
7483,3
7484,3
7485,3
7486,3
7487,18
7488,18
7489,18
7490,3
7491,3
7492,3
7493,3
7494,3
7495,9
7496,9
7497,9
7498,9
7499,9
7500,9
7501,3
7502,3
7503,3
7504,3
7505,3
7506,3
7507,3
7508,3
7509,3
7510,3
7511,3
7512,3
7513,3
7514,3
7515,3
7516,5
7517,26
7518,22
7519,9
7520,17
7521,20
7522,20
7523,11
7524,20
7525,20
7526,20
7527,4
7528,4
7529,4
7530,9
7531,9
7532,4
7533,21
7534,3
7535,3
7536,3
7537,3
7538,3
7539,3
7540,3
7541,3
7542,3
7543,3
7544,3
7545,3
7546,9
7547,3
7548,9
7549,9
7550,9
7551,9
7552,9
7553,3
7554,3
7555,3
7556,3
7557,3
7558,3
7559,3
7560,3
7561,3
7562,3
7563,3
7564,3
7565,9
7566,9
7567,18
7568,3
7569,3
7570,7
7571,9
7572,9
7573,3
7574,7
7575,3
7576,9
7577,9
7578,9
7579,18
7580,3
7581,18
7582,7
7583,7
7584,7
7585,3
7586,3
7587,3
7588,3
7589,3
7590,3
7591,3
7592,7
7593,13
7594,13
7595,3
7596,13
7597,13
7598,7
7599,13
7600,13
7601,3
7602,13
7603,13
7604,3
7605,3
7606,7
7607,7
7608,16
7609,7
7610,7
7611,7
7612,7
7613,7
7614,7
7615,7
7616,7
7617,7
7618,7
7619,7
7620,7
7621,7
7622,7
7623,7
7624,7
7625,7
7626,7
7627,7
7628,7
7629,7
7630,7
7631,7
7632,7
7633,7
7634,7
7635,7
7636,7
7637,7
7638,9
7639,3
7640,3
7641,3
7642,27
7643,3
7644,3
7645,3
7646,7
7647,3
7648,7
7649,3
7650,27
7651,3
7652,11
7653,11
7654,9
7655,27
7656,7
7657,7
7658,21
7659,18
7660,18
7661,18
7662,18
7663,9
7664,13
7665,5
7666,5
7667,5
7668,5
7669,5
7670,5
7671,5
7672,5
7673,5
7674,5
7675,22
7676,5
7677,2
7678,4
7679,20
7680,5
7681,5
7682,5
7683,5
7684,3
7685,3
7686,3
7687,3
7688,3
7689,3
7690,3
7691,3
7692,3
7693,3
7694,3
7695,3
7696,3
7697,3
7698,3
7699,3
7700,3
7701,15
7702,3
7703,3
7704,3
7705,3
7706,3
7707,3
7708,3
7709,3
7710,3
7711,27
7712,3
7713,3
7714,13
7715,3
7716,3
7717,3
7718,3
7719,18
7720,3
7721,3
7722,3
7723,3
7724,3
7725,3
7726,3
7727,3
7728,3
7729,3
7730,3
7731,3
7732,3
7733,3
7734,3
7735,3
7736,3
7737,3
7738,9
7739,3
7740,9
7741,3
7742,3
7743,3
7744,3
7745,3
7746,3
7747,3
7748,3
7749,3
7750,23
7751,9
7752,9
7753,1
7754,3
7755,3
7756,3
7757,9
7758,3
7759,3
7760,3
7761,3
7762,3
7763,3
7764,3
7765,3
7766,26
7767,26
7768,26
7769,26
7770,3
7771,3
7772,3
7773,3
7774,3
7775,3
7776,3
7777,3
7778,3
7779,3
7780,7
7781,9
7782,3
7783,3
7784,3
7785,3
7786,3
7787,3
7788,3
7789,3
7790,3
7791,3
7792,3
7793,3
7794,3
7795,3
7796,3
7797,3
7798,6
7799,4
7800,3
7801,13
7802,3
7803,3
7804,3
7805,3
7806,3
7807,3
7808,3
7809,3
7810,3
7811,3
7812,3
7813,5
7814,3
7815,3
7816,3
7817,3
7818,13
7819,3
7820,3
7821,3
7822,7
7823,3
7824,3
7825,3
7826,3
7827,3
7828,3
7829,3
7830,3
7831,3
7832,3
7833,3
7834,3
7835,3
7836,3
7837,7
7838,7
7839,22
7840,3
7841,3
7842,3
7843,3
7844,7
7845,3
7846,3
7847,3
7848,3
7849,3
7850,12
7851,3
7852,3
7853,13
7854,3
7855,3
7856,3
7857,3
7858,3
7859,3
7860,3
7861,3
7862,3
7863,3
7864,3
7865,3
7866,9
7867,3
7868,3
7869,3
7870,3
7871,3
7872,14
7873,10
7874,23
7875,20
7876,9
7877,9
7878,5
7879,3
7880,3
7881,3
7882,9
7883,3
7884,26
7885,26
7886,26
7887,3
7888,9
7889,21
7890,21
7891,3
7892,3
7893,3
7894,3
7895,3
7896,3
7897,3
7898,3
7899,3
7900,3
7901,3
7902,26
7903,26
7904,27
7905,27
7906,27
7907,4
7908,20
7909,20
7910,3
7911,3
7912,5
7913,23
7914,5
7915,5
7916,5
7917,1
7918,5
7919,5
7920,5
7921,5
7922,1
7923,9
7924,7
7925,9
7926,3
7927,3
7928,3
7929,3
7930,3
7931,3
7932,3
7933,3
7934,3
7935,3
7936,3
7937,3
7938,3
7939,3
7940,11
7941,8
7942,8
7943,9
7944,9
7945,3
7946,3
7947,3
7948,3
7949,3
7950,6
7951,6
7952,6
7953,6
7954,6
7955,6
7956,6
7957,6
7958,6
7959,6
7960,3
7961,3
7962,6
7963,6
7964,6
7965,6
7966,3
7967,3
7968,3
7969,3
7970,6
7971,6
7972,6
7973,6
7974,6
7975,6
7976,6
7977,6
7978,6
7979,3
7980,6
7981,6
7982,3
7983,3
7984,3
7985,3
7986,9
7987,9
7988,23
7989,9
7990,9
7991,9
7992,18
7993,9
7994,8
7995,9
7996,9
7997,9
7998,23
7999,9
8000,9
8001,9
8002,9
8003,9
8004,9
8005,9
8006,9
8007,9
8008,9
8009,9
8010,9
8011,9
8012,9
8013,9
8014,9
8015,9
8016,20
8017,20
8018,5
8019,20
8020,20
8021,20
8022,5
8023,5
8024,20
8025,5
8026,2
8027,2
8028,21
8029,7
8030,5
8031,20
8032,20
8033,5
8034,7
8035,7
8036,2
8037,2
8038,20
8039,20
8040,20
8041,20
8042,20
8043,5
8044,5
8045,5
8046,5
8047,5
8048,5
8049,5
8050,5
8051,5
8052,5
8053,5
8054,5
8055,20
8056,5
8057,5
8058,5
8059,20
8060,5
8061,20
8062,20
8063,20
8064,20
8065,20
8066,20
8067,20
8068,20
8069,20
8070,20
8071,20
8072,20
8073,20
8074,20
8075,20
8076,7
8077,7
8078,5
8079,5
8080,20
8081,5
8082,5
8083,5
8084,5
8085,5
8086,5
8087,5
8088,5
8089,5
8090,5
8091,5
8092,5
8093,5
8094,5
8095,5
8096,5
8097,5
8098,5
8099,5
8100,5
8101,5
8102,5
8103,5
8104,5
8105,5
8106,5
8107,5
8108,5
8109,5
8110,5
8111,5
8112,21
8113,5
8114,5
8115,5
8116,5
8117,5
8118,5
8119,5
8120,5
8121,5
8122,5
8123,23
8124,5
8125,5
8126,20
8127,5
8128,5
8129,10
8130,5
8131,5
8132,5
8133,5
8134,5
8135,5
8136,5
8137,5
8138,5
8139,5
8140,5
8141,5
8142,5
8143,5
8144,5
8145,5
8146,23
8147,5
8148,5
8149,5
8150,4
8151,20
8152,5
8153,5
8154,5
8155,5
8156,5
8157,5
8158,5
8159,5
8160,5
8161,5
8162,5
8163,5
8164,5
8165,5
8166,5
8167,5
8168,5
8169,5
8170,5
8171,5
8172,5
8173,5
8174,5
8175,5
8176,5
8177,5
8178,4
8179,5
8180,5
8181,5
8182,5
8183,5
8184,5
8185,1
8186,1
8187,1
8188,5
8189,5
8190,5
8191,5
8192,5
8193,5
8194,5
8195,5
8196,5
8197,5
8198,4
8199,5
8200,5
8201,5
8202,5
8203,5
8204,5
8205,20
8206,4
8207,20
8208,5
8209,21
8210,21
8211,21
8212,21
8213,21
8214,2
8215,20
8216,20
8217,20
8218,7
8219,7
8220,7
8221,7
8222,7
8223,7
8224,7
8225,20
8226,20
8227,20
8228,7
8229,20
8230,20
8231,5
8232,5
8233,7
8234,7
8235,20
8236,7
8237,7
8238,7
8239,7
8240,7
8241,7
8242,7
8243,23
8244,20
8245,20
8246,20
8247,4
8248,4
8249,20
8250,20
8251,20
8252,20
8253,20
8254,20
8255,20
8256,20
8257,5
8258,5
8259,5
8260,20
8261,5
8262,20
8263,20
8264,4
8265,20
8266,20
8267,20
8268,5
8269,20
8270,20
8271,20
8272,20
8273,20
8274,20
8275,20
8276,20
8277,20
8278,20
8279,20
8280,20
8281,20
8282,20
8283,20
8284,20
8285,20
8286,1
8287,20
8288,5
8289,20
8290,20
8291,20
8292,20
8293,4
8294,20
8295,20
8296,20
8297,20
8298,20
8299,7
8300,21
8301,21
8302,21
8303,7
8304,16
8305,7
8306,7
8307,7
8308,7
8309,7
8310,7
8311,7
8312,7
8313,7
8314,7
8315,7
8316,7
8317,7
8318,7
8319,20
8320,20
8321,5
8322,5
8323,5
8324,7
8325,7
8326,7
8327,7
8328,7
8329,7
8330,3
8331,26
8332,3
8333,3
8334,3
8335,3
8336,3
8337,3
8338,3
8339,3
8340,3
8341,3
8342,3
8343,3
8344,26
8345,26
8346,26
8347,26
8348,26
8349,3
8350,3
8351,3
8352,3
8353,7
8354,7
8355,7
8356,7
8357,7
8358,7
8359,7
8360,7
8361,7
8362,7
8363,7
8364,7
8365,7
8366,7
8367,7
8368,7
8369,20
8370,7
8371,7
8372,3
8373,14
8374,14
8375,20
8376,7
8377,14
8378,14
8379,7
8380,14
8381,7
8382,14
8383,14
8384,7
8385,14
8386,7
8387,7
8388,3
8389,3
8390,3
8391,3
8392,3
8393,9
8394,9
8395,9
8396,9
8397,9
8398,9
8399,18
8400,9
8401,9
8402,22
8403,13
8404,12
8405,4
8406,7
8407,7
8408,7
8409,7
8410,7
8411,7
8412,7
8413,7
8414,21
8415,7
8416,7
8417,7
8418,7
8419,7
8420,7
8421,7
8422,20
8423,20
8424,18
8425,3
8426,7
8427,7
8428,7
8429,14
8430,14
8431,14
8432,14
8433,20
8434,14
8435,14
8436,14
8437,14
8438,14
8439,14
8440,14
8441,14
8442,21
8443,21
8444,20
8445,20
8446,7
8447,7
8448,7
8449,14
8450,7
8451,7
8452,21
8453,21
8454,7
8455,7
8456,7
8457,7
8458,7
8459,7
8460,7
8461,14
8462,14
8463,14
8464,14
8465,7
8466,7
8467,7
8468,7
8469,7
8470,7
8471,7
8472,7
8473,14
8474,14
8475,14
8476,4
8477,7
8478,7
8479,7
8480,7
8481,12
8482,7
8483,7
8484,7
8485,7
8486,7
8487,21
8488,20
8489,14
8490,14
8491,7
8492,7
8493,7
8494,21
8495,7
8496,7
8497,11
8498,7
8499,7
8500,7
8501,7
8502,11
8503,11
8504,11
8505,11
8506,11
8507,11
8508,11
8509,11
8510,11
8511,11
8512,11
8513,11
8514,7
8515,22
8516,9
8517,18
8518,9
8519,18
8520,3
8521,18
8522,10
8523,9
8524,23
8525,7
8526,9
8527,11
8528,11
8529,11
8530,11
8531,18
8532,18
8533,18
8534,18
8535,11
8536,11
8537,7
8538,16
8539,7
8540,7
8541,4
8542,20
8543,16
8544,16
8545,16
8546,7
8547,7
8548,7
8549,11
8550,11
8551,23
8552,13
8553,13
8554,13
8555,3
8556,3
8557,26
8558,26
8559,13
8560,13
8561,13
8562,9
8563,17
8564,9
8565,9
8566,9
8567,9
8568,13
8569,9
8570,9
8571,9
8572,9
8573,26
8574,17
8575,17
8576,17
8577,17
8578,10
8579,1
8580,26
8581,26
8582,26
8583,26
8584,26
8585,26
8586,26
8587,26
8588,26
8589,26
8590,26
8591,9
8592,9
8593,10
8594,10
8595,9
8596,26
8597,9
8598,26
8599,9
8600,9
8601,9
8602,9
8603,9
8604,9
8605,15
8606,9
8607,9
8608,3
8609,26
8610,26
8611,5
8612,9
8613,9
8614,4
8615,4
8616,4
8617,2
8618,4
8619,7
8620,7
8621,7
8622,7
8623,7
8624,7
8625,7
8626,7
8627,9
8628,7
8629,17
8630,1
8631,9
8632,9
8633,9
8634,9
8635,1
8636,13
8637,1
8638,3
8639,20
8640,1
8641,1
8642,3
8643,3
8644,3
8645,18
8646,7
8647,9
8648,11
8649,12
8650,12
8651,12
8652,9
8653,20
8654,13
8655,9
8656,10
8657,9
8658,9
8659,9
8660,9
8661,1
8662,20
8663,1
8664,1
8665,1
8666,1
8667,1
8668,1
8669,1
8670,4
8671,4
8672,20
8673,4
8674,4
8675,1
8676,1
8677,1
8678,1
8679,1
8680,4
8681,23
8682,23
8683,23
8684,23
8685,23
8686,23
8687,23
8688,23
8689,23
8690,23
8691,22
8692,23
8693,23
8694,23
8695,23
8696,23
8697,23
8698,20
8699,20
8700,20
8701,20
8702,20
8703,20
8704,20
8705,1
8706,1
8707,1
8708,1
8709,1
8710,1
8711,4
8712,1
8713,1
8714,1
8715,22
8716,1
8717,1
8718,9
8719,23
8720,1
8721,23
8722,23
8723,23
8724,23
8725,9
8726,12
8727,22
8728,23
8729,23
8730,23
8731,18
8732,11
8733,11
8734,11
8735,11
8736,5
8737,5
8738,5
8739,11
8740,5
8741,9
8742,9
8743,9
8744,21
8745,9
8746,9
8747,9
8748,9
8749,9
8750,9
8751,13
8752,3
8753,5
8754,11
8755,9
8756,9
8757,22
8758,22
8759,12
8760,26
8761,23
8762,23
8763,26
8764,3
8765,3
8766,9
8767,9
8768,12
8769,12
8770,8
8771,12
8772,26
8773,26
8774,26
8775,17
8776,17
8777,26
8778,26
8779,23
8780,21
8781,21
8782,21
8783,21
8784,21
8785,21
8786,21
8787,21
8788,4
8789,4
8790,20
8791,4
8792,4
8793,4
8794,4
8795,4
8796,4
8797,4
8798,4
8799,4
8800,4
8801,4
8802,4
8803,4
8804,4
8805,4
8806,4
8807,4
8808,4
8809,4
8810,22
8811,9
8812,22
8813,23
8814,23
8815,5
8816,21
8817,5
8818,5
8819,5
8820,5
8821,5
8822,5
8823,23
8824,1
8825,1
8826,1
8827,1
8828,1
8829,20
8830,23
8831,4
8832,1
8833,4
8834,5
8835,4
8836,1
8837,4
8838,21
8839,21
8840,21
8841,21
8842,21
8843,21
8844,21
8845,21
8846,21
8847,21
8848,21
8849,21
8850,21
8851,21
8852,21
8853,23
8854,23
8855,22
8856,22
8857,23
8858,22
8859,23
8860,20
8861,20
8862,20
8863,20
8864,20
8865,20
8866,20
8867,23
8868,4
8869,23
8870,13
8871,23
8872,12
8873,12
8874,17
8875,11
8876,12
8877,17
8878,17
8879,21
8880,1
8881,1
8882,21
8883,21
8884,21
8885,1
8886,1
8887,1
8888,1
8889,1
8890,1
8891,1
8892,21
8893,1
8894,1
8895,21
8896,1
8897,4
8898,4
8899,4
8900,4
8901,4
8902,4
8903,4
8904,4
8905,4
8906,4
8907,4
8908,4
8909,4
8910,4
8911,4
8912,4
8913,4
8914,4
8915,4
8916,4
8917,4
8918,4
8919,4
8920,4
8921,4
8922,4
8923,1
8924,1
8925,1
8926,1
8927,1
8928,1
8929,1
8930,1
8931,1
8932,1
8933,1
8934,1
8935,1
8936,1
8937,1
8938,1
8939,1
8940,21
8941,21
8942,21
8943,21
8944,21
8945,21
8946,4
8947,21
8948,21
8949,21
8950,21
8951,21
8952,21
8953,21
8954,21
8955,21
8956,20
8957,1
8958,21
8959,21
8960,21
8961,4
8962,4
8963,4
8964,4
8965,4
8966,4
8967,4
8968,4
8969,4
8970,4
8971,4
8972,4
8973,4
8974,4
8975,4
8976,4
8977,4
8978,4
8979,4
8980,4
8981,4
8982,26
8983,4
8984,4
8985,4
8986,4
8987,4
8988,4
8989,4
8990,4
8991,4
8992,4
8993,4
8994,4
8995,4
8996,4
8997,4
8998,4
8999,4
9000,4
9001,4
9002,4
9003,4
9004,4
9005,4
9006,4
9007,4
9008,4
9009,4
9010,22
9011,4
9012,5
9013,4
9014,22
9015,4
9016,4
9017,4
9018,4
9019,4
9020,4
9021,4
9022,4
9023,4
9024,4
9025,4
9026,4
9027,7
9028,7
9029,7
9030,7
9031,7
9032,7
9033,21
9034,7
9035,7
9036,7
9037,21
9038,21
9039,21
9040,21
9041,21
9042,2
9043,2
9044,16
9045,21
9046,7
9047,2
9048,5
9049,20
9050,20
9051,21
9052,2
9053,2
9054,2
9055,2
9056,2
9057,2
9058,2
9059,2
9060,2
9061,2
9062,16
9063,16
9064,16
9065,16
9066,16
9067,16
9068,16
9069,21
9070,21
9071,21
9072,21
9073,7
9074,2
9075,2
9076,2
9077,2
9078,2
9079,2
9080,7
9081,7
9082,7
9083,7
9084,5
9085,5
9086,20
9087,20
9088,7
9089,7
9090,7
9091,20
9092,20
9093,7
9094,7
9095,7
9096,23
9097,23
9098,23
9099,23
9100,23
9101,23
9102,23
9103,23
9104,22
9105,23
9106,9
9107,9
9108,9
9109,9
9110,23
9111,23
9112,20
9113,20
9114,20
9115,20
9116,20
9117,20
9118,20
9119,20
9120,20
9121,20
9122,4
9123,20
9124,20
9125,20
9126,20
9127,20
9128,20
9129,20
9130,20
9131,20
9132,20
9133,20
9134,20
9135,20
9136,4
9137,20
9138,20
9139,20
9140,20
9141,20
9142,20
9143,20
9144,7
9145,7
9146,3
9147,11
9148,10
9149,13
9150,18
9151,4
9152,3
9153,3
9154,7
9155,7
9156,7
9157,7
9158,7
9159,7
9160,7
9161,9
9162,1
9163,7
9164,7
9165,7
9166,7
9167,7
9168,7
9169,7
9170,7
9171,7
9172,7
9173,9
9174,9
9175,9
9176,9
9177,18
9178,7
9179,7
9180,2
9181,2
9182,2
9183,2
9184,20
9185,21
9186,2
9187,2
9188,2
9189,2
9190,2
9191,2
9192,2
9193,2
9194,2
9195,2
9196,2
9197,21
9198,7
9199,7
9200,4
9201,20
9202,4
9203,11
9204,5
9205,11
9206,11
9207,20
9208,7
9209,4
9210,10
9211,20
9212,20
9213,20
9214,20
9215,20
9216,20
9217,20
9218,20
9219,3
9220,4
9221,20
9222,2
9223,2
9224,2
9225,2
9226,21
9227,21
9228,2
9229,2
9230,2
9231,2
9232,2
9233,2
9234,21
9235,21
9236,21
9237,21
9238,21
9239,2
9240,2
9241,2
9242,2
9243,21
9244,2
9245,2
9246,7
9247,5
9248,5
9249,23
9250,23
9251,10
9252,10
9253,10
9254,11
9255,11
9256,11
9257,11
9258,11
9259,10
9260,10
9261,10
9262,10
9263,5
9264,10
9265,10
9266,10
9267,11
9268,11
9269,11
9270,11
9271,11
9272,11
9273,11
9274,11
9275,5
9276,5
9277,4
9278,4
9279,5
9280,5
9281,5
9282,5
9283,4
9284,3
9285,10
9286,21
9287,22
9288,21
9289,21
9290,21
9291,21
9292,21
9293,17
9294,3
9295,5
9296,4
9297,4
9298,4
9299,4
9300,10
9301,10
9302,20
9303,20
9304,20
9305,20
9306,4
9307,20
9308,9
9309,9
9310,27
9311,27
9312,27
9313,27
9314,27
9315,27
9316,27
9317,27
9318,21
9319,27
9320,27
9321,27
9322,27
9323,20
9324,20
9325,20
9326,20
9327,10
9328,20
9329,20
9330,20
9331,10
9332,20
9333,20
9334,4
9335,4
9336,20
9337,20
9338,20
9339,20
9340,20
9341,20
9342,1
9343,20
9344,20
9345,4
9346,20
9347,4
9348,4
9349,4
9350,4
9351,20
9352,20
9353,20
9354,20
9355,4
9356,20
9357,20
9358,20
9359,20
9360,20
9361,20
9362,20
9363,20
9364,4
9365,4
9366,4
9367,4
9368,20
9369,4
9370,20
9371,20
9372,20
9373,20
9374,20
9375,20
9376,20
9377,20
9378,20
9379,20
9380,20
9381,20
9382,20
9383,20
9384,20
9385,20
9386,20
9387,20
9388,20
9389,20
9390,4
9391,4
9392,4
9393,4
9394,4
9395,4
9396,4
9397,4
9398,4
9399,4
9400,10
9401,20
9402,10
9403,10
9404,20
9405,20
9406,20
9407,20
9408,20
9409,20
9410,20
9411,20
9412,20
9413,20
9414,20
9415,20
9416,20
9417,20
9418,5
9419,20
9420,20
9421,20
9422,10
9423,4
9424,4
9425,20
9426,20
9427,21
9428,20
9429,20
9430,20
9431,20
9432,20
9433,20
9434,20
9435,20
9436,20
9437,4
9438,4
9439,4
9440,20
9441,4
9442,20
9443,20
9444,20
9445,20
9446,4
9447,23
9448,12
9449,11
9450,5
9451,5
9452,5
9453,5
9454,5
9455,5
9456,5
9457,5
9458,5
9459,5
9460,5
9461,5
9462,5
9463,20
9464,5
9465,5
9466,5
9467,3
9468,14
9469,14
9470,3
9471,5
9472,20
9473,5
9474,5
9475,5
9476,5
9477,5
9478,5
9479,5
9480,5
9481,5
9482,5
9483,5
9484,5
9485,5
9486,5
9487,4
9488,4
9489,5
9490,11
9491,11
9492,11
9493,4
9494,11
9495,11
9496,11
9497,23
9498,23
9499,5
9500,5
9501,4
9502,20
9503,5
9504,20
9505,20
9506,4
9507,20
9508,4
9509,5
9510,20
9511,20
9512,20
9513,20
9514,20
9515,11
9516,11
9517,17
9518,10
9519,11
9520,1
9521,1
9522,1
9523,1
9524,1
9525,1
9526,5
9527,10
9528,4
9529,23
9530,5
9531,23
9532,23
9533,23
9534,23
9535,23
9536,23
9537,23
9538,23
9539,1
9540,23
9541,20
9542,1
9543,1
9544,1
9545,23
9546,21
9547,15
9548,15
9549,15
9550,1
9551,1
9552,1
9553,1
9554,1
9555,1
9556,23
9557,23
9558,23
9559,1
9560,1
9561,21
9562,4
9563,4
9564,22
9565,20
9566,4
9567,4
9568,22
9569,4
9570,22
9571,23
9572,22
9573,19
9574,23
9575,21
9576,23
9577,23
9578,1
9579,4
9580,23
9581,23
9582,23
9583,23
9584,10
9585,10
9586,10
9587,23
9588,23
9589,9
9590,7
9591,7
9592,7
9593,7
9594,7
9595,7
9596,7
9597,7
9598,7
9599,7
9600,7
9601,7
9602,7
9603,7
9604,7
9605,7
9606,7
9607,7
9608,7
9609,7
9610,7
9611,7
9612,7
9613,7
9614,7
9615,7
9616,7
9617,7
9618,7
9619,7
9620,7
9621,7
9622,7
9623,7
9624,4
9625,4
9626,4
9627,4
9628,4
9629,4
9630,23
9631,1
9632,4
9633,4
9634,4
9635,11
9636,11
9637,4
9638,4
9639,4
9640,4
9641,4
9642,4
9643,4
9644,4
9645,4
9646,4
9647,20
9648,20
9649,4
9650,4
9651,4
9652,27
9653,4
9654,4
9655,4
9656,4
9657,4
9658,4
9659,4
9660,4
9661,4
9662,4
9663,4
9664,4
9665,4
9666,4
9667,4
9668,4
9669,4
9670,20
9671,4
9672,4
9673,22
9674,22
9675,22
9676,22
9677,4
9678,4
9679,4
9680,4
9681,4
9682,4
9683,4
9684,4
9685,12
9686,4
9687,4
9688,4
9689,23
9690,20
9691,20
9692,4
9693,4
9694,4
9695,4
9696,4
9697,4
9698,4
9699,4
9700,4
9701,4
9702,4
9703,20
9704,20
9705,7
9706,7
9707,7
9708,7
9709,7
9710,7
9711,20
9712,20
9713,20
9714,7
9715,7
9716,7
9717,7
9718,7
9719,11
9720,11
9721,7
9722,7
9723,3
9724,7
9725,7
9726,7
9727,7
9728,7
9729,7
9730,7
9731,7
9732,7
9733,7
9734,7
9735,7
9736,7
9737,7
9738,7
9739,7
9740,7
9741,7
9742,7
9743,7
9744,20
9745,7
9746,7
9747,21
9748,7
9749,21
9750,7
9751,7
9752,21
9753,7
9754,7
9755,7
9756,7
9757,7
9758,7
9759,7
9760,7
9761,7
9762,7
9763,20
9764,20
9765,20
9766,20
9767,7
9768,7
9769,7
9770,21
9771,7
9772,7
9773,7
9774,3
9775,3
9776,3
9777,7
9778,21
9779,21
9780,21
9781,21
9782,21
9783,21
9784,21
9785,21
9786,21
9787,21
9788,21
9789,21
9790,21
9791,7
9792,21
9793,21
9794,21
9795,21
9796,21
9797,21
9798,21
9799,21
9800,21
9801,21
9802,21
9803,4
9804,21
9805,21
9806,21
9807,21
9808,21
9809,21
9810,21
9811,21
9812,22
9813,21
9814,4
9815,21
9816,21
9817,21
9818,5
9819,21
9820,4
9821,21
9822,21
9823,21
9824,21
9825,21
9826,22
9827,21
9828,21
9829,1
9830,7
9831,7
9832,7
9833,17
9834,21
9835,22
9836,22
9837,22
9838,21
9839,21
9840,21
9841,21
9842,21
9843,1
9844,21
9845,21
9846,21
9847,21
9848,21
9849,21
9850,7
9851,7
9852,7
9853,2
9854,5
9855,2
9856,21
9857,21
9858,21
9859,21
9860,21
9861,3
9862,16
9863,16
9864,16
9865,16
9866,16
9867,16
9868,21
9869,21
9870,21
9871,21
9872,21
9873,21
9874,21
9875,23
9876,21
9877,21
9878,21
9879,21
9880,21
9881,21
9882,21
9883,21
9884,21
9885,5
9886,21
9887,21
9888,21
9889,1
9890,7
9891,4
9892,4
9893,17
9894,5
9895,20
9896,20
9897,20
9898,20
9899,20
9900,20
9901,4
9902,4
9903,4
9904,4
9905,4
9906,10
9907,20
9908,20
9909,20
9910,20
9911,20
9912,20
9913,20
9914,20
9915,20
9916,4
9917,4
9918,4
9919,4
9920,22
9921,22
9922,22
9923,22
9924,22
9925,4
9926,20
9927,21
9928,4
9929,4
9930,4
9931,4
9932,4
9933,4
9934,4
9935,13
9936,2
9937,4
9938,4
9939,4
9940,4
9941,4
9942,4
9943,4
9944,4
9945,4
9946,4
9947,4
9948,4
9949,4
9950,22
9951,22
9952,4
9953,22
9954,4
9955,22
9956,22
9957,22
9958,22
9959,22
9960,22
9961,22
9962,22
9963,22
9964,22
9965,21
9966,4
9967,21
9968,4
9969,4
9970,22
9971,22
9972,22
9973,4
9974,22
9975,22
9976,22
9977,22
9978,22
9979,22
9980,16
9981,7
9982,16
9983,23
9984,5
9985,16
9986,16
9987,22
9988,22
9989,22
9990,22
9991,5
9992,5
9993,5
9994,5
9995,21
9996,5
9997,5
9998,16
9999,21
10000,21
10001,21
10002,14
10003,5
10004,5
10005,5
10006,22
10007,23
10008,5
10009,5
10010,5
10011,1
10012,1
10013,1
10014,21
10015,1
10016,1
10017,1
10018,1
10019,1
10020,1
10021,1
10022,1
10023,1
10024,1
10025,1
10026,21
10027,17
10028,21
10029,21
10030,21
10031,7
10032,21
10033,21
10034,21
10035,21
10036,7
10037,7
10038,1
10039,1
10040,1
10041,1
10042,1
10043,1
10044,1
10045,1
10046,1
10047,1
10048,1
10049,1
10050,1
10051,1
10052,1
10053,1
10054,1
10055,1
10056,16
10057,16
10058,11
10059,22
10060,22
10061,21
10062,22
10063,22
10064,22
10065,21
10066,21
10067,21
10068,13
10069,13
10070,13
10071,13
10072,13
10073,13
10074,13
10075,13
10076,13
10077,13
10078,9
10079,7
10080,13
10081,13
10082,13
10083,13
10084,13
10085,13
10086,13
10087,9
10088,9
10089,9
10090,9
10091,9
10092,13
10093,13
10094,13
10095,13
10096,13
10097,3
10098,3
10099,13
10100,13
10101,13
10102,13
10103,13
10104,13
10105,15
10106,13
10107,13
10108,13
10109,13
10110,13
10111,13
10112,13
10113,13
10114,13
10115,13
10116,7
10117,13
10118,13
10119,9
10120,13
10121,13
10122,13
10123,13
10124,13
10125,13
10126,13
10127,13
10128,9
10129,9
10130,9
10131,7
10132,9
10133,13
10134,13
10135,13
10136,13
10137,13
10138,23
10139,13
10140,13
10141,5
10142,13
10143,13
10144,13
10145,13
10146,22
10147,22
10148,22
10149,23
10150,22
10151,22
10152,22
10153,23
10154,23
10155,21
10156,23
10157,22
10158,22
10159,23
10160,23
10161,23
10162,5
10163,23
10164,23
10165,7
10166,4
10167,4
10168,4
10169,4
10170,4
10171,4
10172,4
10173,4
10174,4
10175,4
10176,4
10177,4
10178,4
10179,4
10180,4
10181,4
10182,4
10183,4
10184,4
10185,9
10186,7
10187,9
10188,9
10189,9
10190,13
10191,9
10192,7
10193,7
10194,13
10195,7
10196,7
10197,7
10198,7
10199,7
10200,7
10201,7
10202,7
10203,7
10204,7
10205,26
10206,7
10207,7
10208,7
10209,7
10210,7
10211,7
10212,13
10213,7
10214,7
10215,9
10216,11
10217,11
10218,11
10219,10
10220,11
10221,11
10222,11
10223,11
10224,11
10225,4
10226,17
10227,11
10228,11
10229,15
10230,11
10231,11
10232,11
10233,15
10234,9
10235,9
10236,4
10237,5
10238,5
10239,9
10240,9
10241,9
10242,4
10243,20
10244,9
10245,12
10246,12
10247,11
10248,11
10249,5
10250,5
10251,5
10252,5
10253,5
10254,5
10255,5
10256,11
10257,11
10258,11
10259,5
10260,5
10261,8
10262,8
10263,8
10264,12
10265,20
10266,20
10267,4
10268,21
10269,23
10270,26
10271,26
10272,26
10273,23
10274,23
10275,20
10276,20
10277,20
10278,8
10279,8
10280,6
10281,3
10282,3
10283,5
10284,22
10285,23
10286,7
10287,7
10288,7
10289,7
10290,22
10291,4
10292,4
10293,4
10294,22
10295,4
10296,4
10297,4
10298,4
10299,4
10300,4
10301,4
10302,4
10303,19
10304,19
10305,19
10306,19
10307,19
10308,21
10309,21
10310,1
10311,1
10312,1
10313,1
10314,1
10315,1
10316,11
10317,5
10318,5
10319,5
10320,5
10321,5
10322,21
10323,5
10324,5
10325,5
10326,5
10327,9
10328,12
10329,21
10330,15
10331,21
10332,15
10333,15
10334,15
10335,15
10336,15
10337,21
10338,21
10339,23
10340,15
10341,21
10342,21
10343,21
10344,21
10345,21
10346,21
10347,21
10348,21
10349,21
10350,21
10351,21
10352,21
10353,21
10354,5
10355,5
10356,1
10357,1
10358,23
10359,26
10360,23
10361,4
10362,4
10363,23
10364,18
10365,13
10366,13
10367,13
10368,3
10369,4
10370,21
10371,21
10372,21
10373,21
10374,9
10375,4
10376,1
10377,7
10378,7
10379,7
10380,21
10381,21
10382,21
10383,21
10384,21
10385,22
10386,22
10387,22
10388,22
10389,22
10390,5
10391,22
10392,23
10393,22
10394,23
10395,22
10396,21
10397,22
10398,4
10399,22
10400,4
10401,4
10402,4
10403,4
10404,4
10405,4
10406,4
10407,4
10408,4
10409,4
10410,4
10411,4
10412,4
10413,4
10414,20
10415,4
10416,4
10417,4
10418,4
10419,4
10420,4
10421,4
10422,4
10423,4
10424,4
10425,4
10426,4
10427,4
10428,4
10429,4
10430,4
10431,4
10432,4
10433,4
10434,4
10435,4
10436,5
10437,4
10438,5
10439,4
10440,4
10441,4
10442,4
10443,4
10444,4
10445,4
10446,4
10447,4
10448,4
10449,4
10450,4
10451,4
10452,4
10453,4
10454,20
10455,23
10456,4
10457,4
10458,4
10459,4
10460,4
10461,20
10462,4
10463,4
10464,4
10465,20
10466,20
10467,3
10468,9
10469,21
10470,9
10471,4
10472,21
10473,4
10474,2
10475,2
10476,2
10477,2
10478,2
10479,2
10480,2
10481,2
10482,2
10483,2
10484,2
10485,2
10486,2
10487,2
10488,2
10489,2
10490,2
10491,2
10492,2
10493,2
10494,2
10495,2
10496,2
10497,2
10498,2
10499,2
10500,2
10501,2
10502,2
10503,2
10504,2
10505,2
10506,2
10507,2
10508,2
10509,2
10510,2
10511,2
10512,2
10513,2
10514,2
10515,2
10516,2
10517,2
10518,2
10519,20
10520,20
10521,20
10522,2
10523,2
10524,10
10525,10
10526,22
10527,21
10528,21
10529,21
10530,21
10531,21
10532,21
10533,4
10534,12
10535,12
10536,12
10537,20
10538,1
10539,4
10540,4
10541,4
10542,4
10543,1
10544,1
10545,1
10546,1
10547,1
10548,1
10549,17
10550,20
10551,2
10552,20
10553,2
10554,2
10555,2
10556,4
10557,4
10558,4
10559,2
10560,2
10561,20
10562,4
10563,20
10564,10
10565,10
10566,10
10567,12
10568,10
10569,10
10570,10
10571,10
10572,7
10573,12
10574,10
10575,10
10576,10
10577,8
10578,8
10579,10
10580,3
10581,3
10582,3
10583,3
10584,3
10585,3
10586,3
10587,3
10588,7
10589,3
10590,3
10591,3
10592,3
10593,3
10594,14
10595,14
10596,14
10597,14
10598,20
10599,4
10600,4
10601,4
10602,4
10603,4
10604,4
10605,4
10606,4
10607,4
10608,4
10609,4
10610,4
10611,4
10612,4
10613,4
10614,4
10615,4
10616,4
10617,4
10618,4
10619,4
10620,1
10621,4
10622,4
10623,4
10624,4
10625,4
10626,4
10627,4
10628,1
10629,1
10630,4
10631,20
10632,5
10633,12
10634,12
10635,3
10636,3
10637,3
10638,3
10639,21
10640,21
10641,3
10642,3
10643,3
10644,16
10645,16
10646,7
10647,3
10648,3
10649,3
10650,21
10651,16
10652,16
10653,16
10654,16
10655,16
10656,1
10657,7
10658,21
10659,16
10660,21
10661,13
10662,11
10663,13
10664,21
10665,21
10666,7
10667,0
10668,0
10669,0
10670,0
10671,0
10672,0
10673,3
10674,13
10675,13
10676,7
10677,7
10678,7
10679,7
10680,7
10681,9
10682,7
10683,7
10684,7
10685,7
10686,3
10687,13
10688,3
10689,9
10690,7
10691,1
10692,20
10693,20
10694,20
10695,20
10696,3
10697,3
10698,23
10699,3
10700,4
10701,23
10702,23
10703,23
10704,23
10705,23
10706,13
10707,4
10708,4
10709,20
10710,20
10711,20
10712,4
10713,20
10714,20
10715,1
10716,20
10717,20
10718,20
10719,4
10720,20
10721,20
10722,1
10723,20
10724,20
10725,20
10726,20
10727,20
10728,21
10729,20
10730,7
10731,21
10732,21
10733,21
10734,21
10735,21
10736,20
10737,20
10738,2
10739,21
10740,17
10741,17
10742,23
10743,17
10744,7
10745,17
10746,17
10747,17
10748,17
10749,17
10750,17
10751,21
10752,7
10753,27
10754,1
10755,8
10756,8
10757,8
10758,20
10759,1
10760,1
10761,21
10762,21
10763,21
10764,21
10765,21
10766,21
10767,21
10768,21
10769,21
10770,5
10771,5
10772,21
10773,21
10774,21
10775,7
10776,21
10777,23
10778,23
10779,1
10780,1
10781,4
10782,12
10783,12
10784,12
10785,10
10786,21
10787,21
10788,9
10789,9
10790,4
10791,4
10792,22
10793,22
10794,22
10795,22
10796,22
10797,20
10798,4
10799,4
10800,4
10801,4
10802,22
10803,22
10804,22
10805,22
10806,22
10807,22
10808,22
10809,22
10810,22
10811,22
10812,22
10813,22
10814,4
10815,4
10816,4
10817,4
10818,4
10819,4
10820,4
10821,4
10822,4
10823,4
10824,4
10825,20
10826,20
10827,4
10828,4
10829,4
10830,4
10831,4
10832,4
10833,22
10834,21
10835,20
10836,20
10837,20
10838,1
10839,20
10840,20
10841,20
10842,16
10843,20
10844,2
10845,2
10846,2
10847,2
10848,21
10849,21
10850,1
10851,1
10852,4
10853,4
10854,4
10855,4
10856,4
10857,4
10858,4
10859,4
10860,5
10861,5
10862,11
10863,11
10864,4
10865,10
10866,4
10867,4
10868,4
10869,4
10870,4
10871,4
10872,4
10873,4
10874,11
10875,20
10876,20
10877,20
10878,5
10879,5
10880,5
10881,2
10882,2
10883,20
10884,23
10885,20
10886,3
10887,5
10888,5
10889,5
10890,5
10891,21
10892,21
10893,5
10894,5
10895,5
10896,10
10897,20
10898,20
10899,2
10900,2
10901,2
10902,2
10903,4
10904,20
10905,1
10906,10
10907,3
10908,3
10909,3
10910,4
10911,20
10912,4
10913,4
10914,4
10915,4
10916,4
10917,21
10918,21
10919,12
10920,2
10921,2
10922,2
10923,2
10924,2
10925,2
10926,20
10927,2
10928,21
10929,21
10930,21
10931,21
10932,21
10933,21
10934,21
10935,23
10936,18
10937,11
10938,23
10939,12
10940,22
10941,22
10942,22
10943,17
10944,21
10945,21
10946,21
10947,21
10948,21
10949,7
10950,7
10951,7
10952,21
10953,21
10954,21
10955,1
10956,1
10957,21
10958,7
10959,21
10960,7
10961,7
10962,1
10963,7
10964,7
10965,7
10966,7
10967,18
10968,18
10969,18
10970,18
10971,18
10972,18
10973,23
10974,7
10975,7
10976,7
10977,7
10978,7
10979,7
10980,7
10981,7
10982,7
10983,7
10984,1
10985,1
10986,1
10987,1
10988,1
10989,24
10990,1
10991,12
10992,12
10993,7
10994,12
10995,7
10996,7
10997,7
10998,7
10999,7
11000,7
11001,7
11002,7
11003,5
11004,5
11005,5
11006,5
11007,5
11008,5
11009,13
11010,13
11011,13
11012,13
11013,13
11014,13
11015,13
11016,4
11017,5
11018,11
11019,11
11020,13
11021,7
11022,11
11023,11
11024,11
11025,3
11026,3
11027,23
11028,11
11029,17
11030,11
11031,7
11032,7
11033,22
11034,7
11035,11
11036,11
11037,11
11038,18
11039,18
11040,9
11041,9
11042,21
11043,11
11044,3
11045,3
11046,3
11047,3
11048,3
11049,3
11050,3
11051,3
11052,3
11053,3
11054,3
11055,3
11056,3
11057,9
11058,23
11059,23
11060,12
11061,12
11062,12
11063,3
11064,3
11065,23
11066,23
11067,9
11068,9
11069,3
11070,3
11071,3
11072,3
11073,3
11074,3
11075,3
11076,3
11077,3
11078,3
11079,3
11080,3
11081,3
11082,3
11083,3
11084,3
11085,3
11086,3
11087,3
11088,3
11089,3
11090,3
11091,3
11092,3
11093,3
11094,3
11095,3
11096,3
11097,3
11098,3
11099,3
11100,3
11101,3
11102,3
11103,3
11104,3
11105,7
11106,3
11107,3
11108,3
11109,3
11110,3
11111,3
11112,3
11113,3
11114,3
11115,3
11116,3
11117,3
11118,3
11119,3
11120,3
11121,18
11122,3
11123,3
11124,3
11125,3
11126,3
11127,3
11128,20
11129,3
11130,3
11131,3
11132,3
11133,3
11134,3
11135,3
11136,3
11137,3
11138,3
11139,3
11140,3
11141,3
11142,27
11143,27
11144,21
11145,21
11146,4
11147,7
11148,7
11149,9
11150,7
11151,7
11152,7
11153,7
11154,7
11155,18
11156,5
11157,21
11158,21
11159,21
11160,10
11161,11
11162,21
11163,3
11164,3
11165,9
11166,9
11167,21
11168,23
11169,23
11170,5
11171,16
11172,12
11173,21
11174,21
11175,1
11176,22
11177,21
11178,7
11179,4
11180,7
11181,7
11182,7
11183,1
11184,7
11185,13
11186,13
11187,13
11188,20
11189,20
11190,20
11191,20
11192,3
11193,23
11194,21
11195,7
11196,15
11197,15
11198,7
11199,20
11200,11
11201,11
11202,11
11203,20
11204,3
11205,3
11206,3
11207,3
11208,3
11209,3
11210,3
11211,21
11212,7
11213,12
11214,12
11215,12
11216,22
11217,4
11218,4
11219,17
11220,17
11221,4
11222,11
11223,11
11224,7
11225,3
11226,13
11227,17
11228,21
11229,7
11230,7
11231,7
11232,22
11233,22
11234,22
11235,22
11236,23
11237,23
11238,3
11239,3
11240,3
11241,3
11242,3
11243,3
11244,3
11245,3
11246,3
11247,3
11248,3
11249,3
11250,3
11251,3
11252,3
11253,3
11254,3
11255,9
11256,3
11257,3
11258,3
11259,3
11260,3
11261,3
11262,3
11263,3
11264,3
11265,3
11266,3
11267,3
11268,26
11269,3
11270,3
11271,3
11272,3
11273,3
11274,3
11275,3
11276,3
11277,3
11278,3
11279,3
11280,13
11281,9
11282,13
11283,14
11284,4
11285,22
11286,4
11287,4
11288,7
11289,3
11290,3
11291,3
11292,3
11293,3
11294,3
11295,3
11296,3
11297,4
11298,22
11299,4
11300,4
11301,9
11302,1
11303,20
11304,20
11305,20
11306,3
11307,21
11308,21
11309,21
11310,22
11311,1
11312,3
11313,3
11314,3
11315,3
11316,3
11317,3
11318,3
11319,3
11320,3
11321,3
11322,3
11323,3
11324,21
11325,6
11326,22
11327,21
11328,21
11329,21
11330,21
11331,21
11332,5
11333,5
11334,12
11335,1
11336,23
11337,7
11338,7
11339,7
11340,21
11341,12
11342,12
11343,12
11344,12
11345,23
11346,23
11347,22
11348,7
11349,7
11350,12
11351,12
11352,12
11353,7
11354,7
11355,21
11356,21
11357,21
11358,22
11359,22
11360,22
11361,7
11362,4
11363,4
11364,9
11365,11
11366,27
11367,5
11368,5
11369,5
11370,21
11371,21
11372,4
11373,22
11374,21
11375,21
11376,21
11377,5
11378,12
11379,13
11380,18
11381,18
11382,18
11383,18
11384,23
11385,23
11386,4
11387,22
11388,22
11389,22
11390,22
11391,12
11392,21
11393,21
11394,21
11395,21
11396,21
11397,21
11398,4
11399,4
11400,4
11401,20
11402,21
11403,21
11404,21
11405,21
11406,3
11407,3
11408,3
11409,3
11410,5
11411,5
11412,18
11413,13
11414,23
11415,23
11416,23
11417,23
11418,23
11419,23
11420,20
11421,7
11422,7
11423,7
11424,7
11425,20
11426,20
11427,20
11428,7
11429,21
11430,21
11431,12
11432,12
11433,15
11434,15
11435,9
11436,23
11437,24
11438,24
11439,24
11440,24
11441,24
11442,24
11443,24
11444,23
11445,22
11446,22
11447,4
11448,4
11449,13
11450,4
11451,11
11452,20
11453,3
11454,4
11455,21
11456,21
11457,7
11458,7
11459,7
11460,3
11461,3
11462,7
11463,7
11464,7
11465,7
11466,7
11467,13
11468,7
11469,7
11470,13
11471,13
11472,21
11473,21
11474,20
11475,26
11476,26
11477,26
11478,26
11479,4
11480,4
11481,4
11482,12
11483,25
11484,25
11485,25
11486,22
11487,22
11488,22
11489,23
11490,7
11491,21
11492,5
11493,17
11494,1
11495,1
11496,3
11497,3
11498,3
11499,3
11500,18
11501,3
11502,3
11503,3
11504,3
11505,20
11506,4
11507,4
11508,4
11509,4
11510,26
11511,20
11512,20
11513,17
11514,5
11515,5
11516,21
11517,21
11518,21
11519,21
11520,21
11521,20
11522,9
11523,3
11524,7
11525,3
11526,3
11527,3
11528,3
11529,3
11530,3
11531,3
11532,21
11533,1
11534,23
11535,23
11536,5
11537,5
11538,23
11539,7
11540,5
11541,23
11542,21
11543,23
11544,23
11545,23
11546,23
11547,23
11548,20
11549,7
11550,7
11551,23
11552,21
11553,21
11554,5
11555,7
11556,3
11557,7
11558,23
11559,22
11560,21
11561,21
11562,12
11563,12
11564,22
11565,9
11566,9
11567,7
11568,7
11569,4
11570,21
11571,7
11572,7
11573,7
11574,11
11575,11
11576,9
11577,12
11578,15
11579,9
11580,12
11581,5
11582,12
11583,12
11584,12
11585,3
11586,3
11587,4
11588,3
11589,16
11590,16
11591,16
11592,16
11593,16
11594,16
11595,16
11596,16
11597,16
11598,16
11599,16
11600,16
11601,16
11602,16
11603,9
11604,18
11605,18
11606,9
11607,22
11608,22
11609,22
11610,22
11611,22
11612,7
11613,7
11614,3
11615,6
11616,6
11617,1
11618,1
11619,7
11620,7
11621,12
11622,12
11623,9
11624,13
11625,23
11626,7
11627,4
11628,4
11629,11
11630,7
11631,3
11632,3
11633,7
11634,7
11635,10
11636,10
11637,10
11638,10
11639,10
11640,10
11641,10
11642,10
11643,11
11644,11
11645,7
11646,7
11647,21
11648,9
11649,13
11650,13
11651,9
11652,1
11653,5
11654,5
11655,10
11656,10
11657,10
11658,4
11659,21
11660,5
11661,1
11662,1
11663,1
11664,1
11665,1
11666,1
11667,1
11668,7
11669,7
11670,7
11671,26
11672,26
11673,15
11674,15
11675,15
11676,20
11677,20
11678,20
11679,20
11680,18
11681,1
11682,1
11683,21
11684,21
11685,21
11686,21
11687,10
11688,21
11689,21
11690,21
11691,21
11692,7
11693,3
11694,3
11695,3
11696,3
11697,3
11698,3
11699,12
11700,5
11701,5
11702,5
11703,16
11704,16
11705,16
11706,16
11707,16
11708,16
11709,2
11710,2
11711,2
11712,4
11713,23
11714,20
11715,20
11716,20
11717,20
11718,20
11719,1
11720,1
11721,1
11722,1
11723,21
11724,1
11725,1
11726,23
11727,21
11728,21
11729,21
11730,20
11731,9
11732,21
11733,21
11734,7
11735,12
11736,7
11737,7
11738,12
11739,12
11740,12
11741,12
11742,17
11743,1
11744,9
11745,4
11746,20
11747,4
11748,4
11749,4
11750,21
11751,21
11752,23
11753,2
11754,2
11755,15
11756,4
11757,23
11758,16
11759,21
11760,7
11761,7
11762,7
11763,23
11764,21
11765,21
11766,21
11767,21
11768,23
11769,9
11770,22
11771,13
11772,13
11773,15
11774,15
11775,15
11776,27
11777,27
11778,2
11779,2
11780,9
11781,9
11782,7
11783,13
11784,12
11785,13
11786,21
11787,9
11788,4
11789,22
11790,21
11791,21
11792,21
11793,21
11794,3
11795,3
11796,4
11797,11
11798,11
11799,20
11800,20
11801,2
11802,2
11803,20
11804,20
11805,20
11806,4
11807,4
11808,4
11809,3
11810,4
11811,20
11812,21
11813,21
11814,21
11815,7
11816,7
11817,12
11818,20
11819,2
11820,7
11821,14
11822,14
11823,15
11824,21
11825,21
11826,21
11827,4
11828,4
11829,4
11830,7
11831,22
11832,4
11833,4
11834,4
11835,1
11836,21
11837,21
11838,21
11839,2
11840,2
11841,20
11842,23
11843,22
11844,22
11845,22
11846,22
11847,4
11848,5
11849,5
11850,11
11851,2
11852,4
11853,12
11854,23
11855,23
11856,23
11857,21
11858,21
11859,20
11860,20
11861,7
11862,21
11863,12
11864,12
11865,7
11866,21
11867,1
11868,7
11869,7
11870,3
11871,21
11872,13
11873,11
11874,4
11875,13
11876,13
11877,13
11878,13
11879,3
11880,20
11881,11
11882,11
11883,23
11884,22
11885,22
11886,22
11887,11
11888,11
11889,2
11890,3
11891,3
11892,3
11893,21
11894,21
11895,21
11896,21
11897,21
11898,20
11899,7
11900,4
11901,12
11902,12
11903,21
11904,11
11905,7
11906,4
11907,3
11908,3
11909,2
11910,2
11911,2
11912,21
11913,7
11914,7
11915,7
11916,21
11917,11
11918,11
11919,3
11920,7
11921,20
11922,20
11923,22
11924,22
11925,21
11926,10
11927,20
11928,20
11929,20
11930,20
11931,20
11932,20
11933,22
11934,10
11935,3
11936,5
11937,20
11938,20
11939,20
11940,20
11941,2
11942,2
11943,4
11944,11
11945,11
11946,11
11947,20
11948,20
11949,20
11950,20
11951,20
11952,7
11953,12
11954,12
11955,21
11956,7
11957,10
11958,10
11959,7
11960,7
11961,20
11962,12
11963,12
11964,4
11965,16
11966,9
11967,9
11968,20
11969,10
11970,10
11971,3
11972,3
11973,10
11974,7
11975,12
11976,7
11977,7
11978,7
11979,16
11980,21
11981,16
11982,16
11983,7
11984,7
11985,4
11986,11
11987,11
11988,6
11989,2
11990,20
11991,20
11992,21
11993,2
11994,2
11995,22
11996,20
11997,20
11998,20
11999,20
12000,20
12001,23
12002,3
12003,3
12004,16
12005,15
12006,15
12007,23
12008,12
12009,12
12010,21
12011,21
12012,21
12013,20
12014,13
12015,5
12016,20
12017,18
12018,11
12019,5
12020,9
12021,3
12022,21
12023,1
12024,1
12025,9
12026,26
12027,7
12028,4
12029,3
12030,21
12031,21
12032,21
12033,21
12034,21
12035,21
12036,21
12037,11
12038,11
12039,11
12040,20
12041,21
12042,21
12043,1
12044,10
12045,2
12046,2
12047,2
12048,5
12049,5
12050,20
12051,20
12052,20
12053,23
12054,21
12055,7
12056,7
12057,7
12058,7
12059,7
12060,7
12061,21
12062,21
12063,1
12064,1
12065,21
12066,21
12067,18
12068,4
12069,21
12070,7
12071,3
12072,3
12073,21
12074,4
12075,12
12076,2
12077,21
12078,21
12079,2
12080,21
12081,3
12082,3
12083,11
12084,11
12085,11
12086,12
12087,23
12088,9
12089,3
12090,3
12091,23
12092,20
12093,20
12094,20
12095,4
12096,12
12097,26
12098,22
12099,21
12100,21
12101,7
12102,21
12103,2
12104,11
12105,26
12106,26
12107,16
12108,10
12109,4
12110,17
12111,2
12112,4
12113,4
12114,17
12115,15
12116,7
12117,7
12118,4
12119,11
12120,20
12121,3
12122,21
12123,9
12124,12
12125,12
12126,12
12127,12
12128,1
12129,12
12130,5
12131,1
12132,1
12133,20
12134,3
12135,14
12136,21
12137,21
12138,23
12139,11
12140,21
12141,11
12142,3
12143,11
12144,20
12145,11
12146,21
12147,4
12148,4
12149,7
12150,7
12151,20
12152,7
12153,24
12154,22
12155,4
12156,26
12157,4
12158,26
12159,4
12160,21
12161,21
12162,4
12163,3
12164,23
12165,7
12166,11
12167,9
12168,9
12169,15
12170,22
12171,1
12172,1
12173,21
12174,7
12175,4
12176,5
12177,2
12178,11
12179,16
12180,13
12181,13
12182,13
12183,10
12184,10
12185,18
12186,10
12187,3
12188,16
12189,21
12190,21
12191,11
12192,13
12193,13
12194,3
12195,21
12196,7
12197,10
12198,4
12199,21
12200,23
12201,18
12202,7
12203,9
12204,20
12205,20
12206,21
12207,21
12208,2
12209,2
12210,14
12211,9
12212,9
12213,2
12214,11
12215,4
12216,4
12217,9
12218,20
12219,7
12220,15
12221,21
12222,3
12223,7
12224,20
12225,4
