node,community
0,11
1,11
2,11
3,11
4,3
5,11
6,11
7,1
8,1
9,11
10,11
11,11
12,11
13,11
14,11
15,11
16,11
17,11
18,11
19,1
20,1
21,1
22,1
23,1
24,1
25,11
26,3
27,6
28,3
29,3
30,3
31,3
32,3
33,3
34,3
35,3
36,3
37,6
38,3
39,3
40,3
41,3
42,3
43,3
44,1
45,3
46,3
47,3
48,9
49,9
50,3
51,3
52,3
53,3
54,3
55,3
56,3
57,3
58,3
59,1
60,1
61,1
62,1
63,7
64,1
65,3
66,1
67,6
68,1
69,7
70,1
71,1
72,1
73,1
74,6
75,1
76,18
77,3
78,18
79,1
80,1
81,1
82,1
83,1
84,1
85,7
86,3
87,3
88,1
89,1
90,3
91,6
92,6
93,3
94,1
95,7
96,7
97,1
98,1
99,1
100,1
101,3
102,3
103,3
104,1
105,1
106,1
107,6
108,7
109,3
110,21
111,1
112,1
113,1
114,1
115,1
116,1
117,7
118,7
119,7
120,18
121,1
122,1
123,7
124,3
125,3
126,3
127,3
128,7
129,6
130,6
131,6
132,3
133,6
134,6
135,6
136,7
137,7
138,7
139,3
140,3
141,3
142,3
143,18
144,7
145,7
146,7
147,7
148,7
149,7
150,7
151,7
152,6
153,11
154,7
155,7
156,7
157,7
158,18
159,7
160,7
161,7
162,7
163,3
164,7
165,7
166,7
167,7
168,7
169,7
170,7
171,7
172,7
173,7
174,7
175,11
176,7
177,11
178,7
179,6
180,10
181,7
182,7
183,7
184,7
185,11
186,11
187,1
188,3
189,3
190,1
191,3
192,3
193,3
194,7
195,3
196,3
197,1
198,11
199,7
200,1
201,11
202,11
203,11
204,11
205,11
206,11
207,11
208,11
209,11
210,6
211,11
212,21
213,11
214,9
215,1
216,1
217,9
218,3
219,7
220,3
221,3
222,3
223,3
224,3
225,3
226,3
227,3
228,3
229,11
230,3
231,11
232,3
233,3
234,3
235,7
236,7
237,7
238,1
239,3
240,3
241,7
242,3
243,3
244,3
245,9
246,9
247,9
248,12
249,9
250,9
251,9
252,9
253,9
254,9
255,9
256,9
257,9
258,9
259,9
260,9
261,9
262,9
263,9
264,9
265,9
266,9
267,9
268,9
269,9
270,9
271,9
272,9
273,9
274,9
275,9
276,9
277,9
278,9
279,9
280,9
281,9
282,9
283,9
284,9
285,9
286,9
287,1
288,1
289,1
290,1
291,1
292,1
293,1
294,1
295,1
296,1
297,3
298,1
299,1
300,1
301,1
302,1
303,1
304,1
305,1
306,1
307,1
308,1
309,1
310,1
311,1
312,1
313,1
314,1
315,21
316,1
317,1
318,1
319,1
320,1
321,1
322,1
323,1
324,3
325,3
326,1
327,1
328,1
329,1
330,1
331,3
332,1
333,1
334,1
335,3
336,1
337,9
338,9
339,3
340,9
341,9
342,9
343,7
344,7
345,7
346,7
347,3
348,3
349,3
350,3
351,3
352,1
353,3
354,3
355,3
356,11
357,3
358,3
359,1
360,9
361,3
362,6
363,3
364,1
365,21
366,3
367,10
368,3
369,3
370,3
371,3
372,1
373,3
374,3
375,3
376,3
377,3
378,3
379,3
380,3
381,3
382,1
383,3
384,3
385,1
386,3
387,3
388,3
389,3
390,3
391,3
392,3
393,10
394,1
395,1
396,6
397,3
398,6
399,3
400,1
401,11
402,3
403,1
404,1
405,1
406,1
407,1
408,1
409,1
410,1
411,1
412,1
413,1
414,9
415,9
416,9
417,9
418,9
419,9
420,9
421,17
422,6
423,3
424,3
425,3
426,1
427,21
428,0
429,21
430,21
431,21
432,21
433,21
434,21
435,21
436,3
437,3
438,3
439,3
440,3
441,3
442,3
443,3
444,3
445,3
446,3
447,3
448,10
449,10
450,3
451,3
452,21
453,3
454,3
455,3
456,3
457,3
458,3
459,7
460,3
461,3
462,3
463,3
464,3
465,3
466,3
467,3
468,3
469,9
470,9
471,3
472,3
473,3
474,3
475,6
476,3
477,3
478,3
479,3
480,3
481,0
482,1
483,1
484,1
485,1
486,1
487,1
488,1
489,9
490,1
491,12
492,1
493,1
494,1
495,1
496,3
497,3
498,3
499,3
500,3
501,3
502,3
503,11
504,3
505,3
506,3
507,3
508,3
509,3
510,3
511,1
512,3
513,3
514,3
515,3
516,3
517,3
518,7
519,3
520,3
521,3
522,3
523,3
524,3
525,3
526,3
527,3
528,3
529,3
530,11
531,3
532,3
533,3
534,3
535,3
536,3
537,3
538,3
539,3
540,3
541,3
542,3
543,3
544,3
545,3
546,3
547,3
548,3
549,10
550,3
551,1
552,1
553,1
554,3
555,1
556,3
557,3
558,3
559,10
560,7
561,3
562,3
563,3
564,3
565,3
566,3
567,3
568,3
569,3
570,3
571,3
572,3
573,10
574,10
575,7
576,7
577,3
578,17
579,11
580,3
581,7
582,3
583,3
584,7
585,3
586,1
587,3
588,3
589,11
590,3
591,3
592,3
593,3
594,3
595,3
596,3
597,3
598,10
599,3
600,3
601,3
602,3
603,3
604,7
605,10
606,3
607,3
608,3
609,3
610,3
611,3
612,3
613,3
614,20
615,3
616,3
617,3
618,3
619,1
620,3
621,10
622,10
623,3
624,3
625,9
626,1
627,9
628,3
629,1
630,6
631,9
632,6
633,3
634,6
635,3
636,6
637,9
638,9
639,17
640,9
641,9
642,9
643,6
644,9
645,9
646,9
647,6
648,9
649,9
650,0
651,9
652,9
653,9
654,9
655,9
656,9
657,9
658,1
659,1
660,1
661,18
662,1
663,1
664,1
665,1
666,1
667,1
668,1
669,1
670,1
671,17
672,1
673,1
674,1
675,1
676,1
677,1
678,1
679,1
680,1
681,1
682,9
683,9
684,9
685,9
686,9
687,3
688,6
689,9
690,6
691,9
692,9
693,6
694,3
695,9
696,3
697,3
698,3
699,3
700,3
701,9
702,6
703,9
704,9
705,9
706,1
707,1
708,3
709,21
710,11
711,11
712,11
713,11
714,11
715,11
716,11
717,1
718,11
719,11
720,11
721,11
722,11
723,21
724,3
725,3
726,21
727,21
728,21
729,21
730,21
731,21
732,21
733,21
734,11
735,11
736,11
737,11
738,3
739,10
740,3
741,3
742,3
743,3
744,3
745,3
746,10
747,3
748,7
749,3
750,3
751,3
752,3
753,3
754,1
755,11
756,1
757,1
758,1
759,1
760,1
761,1
762,1
763,1
764,6
765,21
766,1
767,1
768,1
769,1
770,1
771,1
772,1
773,1
774,17
775,1
776,1
777,1
778,1
779,22
780,1
781,1
782,1
783,1
784,1
785,1
786,1
787,9
788,1
789,1
790,1
791,1
792,1
793,1
794,1
795,1
796,1
797,1
798,1
799,1
800,9
801,17
802,1
803,1
804,1
805,1
806,1
807,18
808,1
809,1
810,1
811,1
812,18
813,11
814,17
815,17
816,1
817,21
818,1
819,17
820,17
821,1
822,1
823,17
824,3
825,1
826,1
827,1
828,1
829,1
830,1
831,1
832,1
833,1
834,1
835,1
836,17
837,1
838,17
839,1
840,17
841,1
842,1
843,17
844,1
845,1
846,1
847,1
848,1
849,1
850,1
851,1
852,20
853,17
854,1
855,1
856,17
857,1
858,18
859,18
860,18
861,18
862,22
863,18
864,18
865,18
866,18
867,18
868,18
869,18
870,18
871,18
872,18
873,18
874,18
875,18
876,18
877,18
878,18
879,0
880,12
881,18
882,0
883,18
884,12
885,20
886,20
887,20
888,17
889,0
890,20
891,22
892,18
893,17
894,0
895,20
896,12
897,12
898,12
899,18
900,18
901,18
902,18
903,18
904,18
905,18
906,18
907,18
908,18
909,18
910,18
911,18
912,12
913,18
914,18
915,20
916,18
917,18
918,18
919,18
920,18
921,18
922,18
923,18
924,18
925,20
926,18
927,18
928,18
929,18
930,18
931,18
932,18
933,18
934,18
935,18
936,12
937,20
938,18
939,18
940,20
941,18
942,18
943,18
944,18
945,18
946,18
947,18
948,18
949,20
950,18
951,18
952,1
953,22
954,12
955,20
956,18
957,18
958,18
959,18
960,18
961,20
962,18
963,18
964,18
965,18
966,20
967,20
968,18
969,12
970,18
971,18
972,1
973,1
974,1
975,1
976,17
977,1
978,1
979,1
980,1
981,1
982,0
983,1
984,1
985,1
986,1
987,1
988,1
989,1
990,1
991,10
992,1
993,1
994,1
995,1
996,1
997,1
998,1
999,1
1000,1
1001,1
1002,1
1003,1
1004,1
1005,1
1006,1
1007,1
1008,1
1009,1
1010,1
1011,1
1012,1
1013,6
1014,1
1015,6
1016,1
1017,1
1018,0
1019,1
1020,17
1021,17
1022,17
1023,17
1024,17
1025,17
1026,17
1027,17
1028,17
1029,17
1030,17
1031,17
1032,17
1033,17
1034,17
1035,17
1036,17
1037,17
1038,17
1039,22
1040,17
1041,17
1042,17
1043,17
1044,17
1045,17
1046,17
1047,17
1048,17
1049,17
1050,17
1051,17
1052,17
1053,22
1054,17
1055,0
1056,17
1057,17
1058,17
1059,17
1060,17
1061,17
1062,17
1063,17
1064,17
1065,17
1066,17
1067,17
1068,22
1069,17
1070,22
1071,22
1072,20
1073,22
1074,22
1075,18
1076,17
1077,17
1078,17
1079,0
1080,17
1081,17
1082,1
1083,17
1084,22
1085,20
1086,17
1087,18
1088,22
1089,17
1090,17
1091,17
1092,1
1093,17
1094,17
1095,17
1096,17
1097,17
1098,17
1099,1
1100,1
1101,1
1102,1
1103,1
1104,1
1105,1
1106,1
1107,1
1108,17
1109,1
1110,1
1111,1
1112,1
1113,1
1114,1
1115,1
1116,1
1117,1
1118,1
1119,1
1120,1
1121,1
1122,1
1123,1
1124,1
1125,1
1126,1
1127,1
1128,1
1129,1
1130,1
1131,1
1132,1
1133,1
1134,1
1135,1
1136,1
1137,1
1138,1
1139,1
1140,3
1141,3
1142,1
1143,3
1144,1
1145,1
1146,1
1147,1
1148,1
1149,1
1150,1
1151,1
1152,1
1153,1
1154,1
1155,1
1156,1
1157,1
1158,1
1159,1
1160,1
1161,1
1162,1
1163,1
1164,1
1165,1
1166,1
1167,1
1168,10
1169,10
1170,1
1171,10
1172,1
1173,1
1174,10
1175,1
1176,1
1177,1
1178,1
1179,1
1180,1
1181,1
1182,1
1183,1
1184,10
1185,10
1186,10
1187,10
1188,10
1189,10
1190,1
1191,1
1192,10
1193,1
1194,12
1195,6
1196,10
1197,10
1198,10
1199,10
1200,10
1201,10
1202,10
1203,10
1204,1
1205,10
1206,10
1207,16
1208,10
1209,10
1210,10
1211,10
1212,10
1213,10
1214,1
1215,1
1216,1
1217,1
1218,1
1219,1
1220,1
1221,1
1222,1
1223,1
1224,1
1225,1
1226,1
1227,1
1228,1
1229,1
1230,1
1231,1
1232,1
1233,1
1234,1
1235,1
1236,1
1237,1
1238,1
1239,17
1240,17
1241,17
1242,1
1243,1
1244,1
1245,1
1246,1
1247,1
1248,1
1249,1
1250,1
1251,1
1252,1
1253,1
1254,1
1255,1
1256,1
1257,1
1258,1
1259,1
1260,1
1261,1
1262,1
1263,1
1264,1
1265,1
1266,1
1267,1
1268,1
1269,1
1270,1
1271,1
1272,1
1273,1
1274,1
1275,1
1276,1
1277,1
1278,1
1279,1
1280,1
1281,1
1282,21
1283,1
1284,1
1285,1
1286,1
1287,1
1288,1
1289,1
1290,1
1291,1
1292,1
1293,1
1294,11
1295,3
1296,1
1297,1
1298,1
1299,1
1300,1
1301,1
1302,1
1303,1
1304,1
1305,1
1306,1
1307,1
1308,1
1309,1
1310,1
1311,1
1312,1
1313,1
1314,1
1315,1
1316,1
1317,1
1318,1
1319,1
1320,1
1321,1
1322,1
1323,1
1324,1
1325,1
1326,1
1327,1
1328,1
1329,1
1330,1
1331,1
1332,1
1333,1
1334,1
1335,1
1336,1
1337,1
1338,1
1339,1
1340,1
1341,1
1342,1
1343,1
1344,21
1345,1
1346,1
1347,1
1348,1
1349,1
1350,1
1351,1
1352,1
1353,21
1354,1
1355,1
1356,1
1357,1
1358,1
1359,1
1360,1
1361,1
1362,1
1363,1
1364,1
1365,1
1366,1
1367,1
1368,1
1369,1
1370,1
1371,1
1372,1
1373,1
1374,1
1375,1
1376,1
1377,1
1378,1
1379,1
1380,1
1381,1
1382,1
1383,1
1384,1
1385,1
1386,1
1387,1
1388,1
1389,1
1390,17
1391,17
1392,17
1393,17
1394,17
1395,17
1396,17
1397,1
1398,17
1399,17
1400,1
1401,9
1402,1
1403,0
1404,0
1405,0
1406,12
1407,17
1408,17
1409,17
1410,17
1411,17
1412,17
1413,17
1414,17
1415,17
1416,17
1417,17
1418,17
1419,17
1420,17
1421,17
1422,17
1423,17
1424,17
1425,17
1426,17
1427,17
1428,17
1429,1
1430,17
1431,17
1432,17
1433,17
1434,17
1435,17
1436,17
1437,17
1438,17
1439,17
1440,17
1441,17
1442,17
1443,1
1444,17
1445,17
1446,1
1447,17
1448,17
1449,17
1450,12
1451,17
1452,9
1453,17
1454,17
1455,0
1456,17
1457,17
1458,1
1459,17
1460,17
1461,17
1462,17
1463,17
1464,17
1465,0
1466,17
1467,0
1468,17
1469,17
1470,17
1471,16
1472,1
1473,1
1474,1
1475,1
1476,17
1477,17
1478,13
1479,1
1480,1
1481,1
1482,1
1483,9
1484,17
1485,0
1486,0
1487,17
1488,0
1489,0
1490,0
1491,18
1492,0
1493,17
1494,17
1495,17
1496,0
1497,0
1498,0
1499,0
1500,18
1501,22
1502,17
1503,0
1504,17
1505,17
1506,17
1507,17
1508,22
1509,0
1510,0
1511,0
1512,0
1513,17
1514,0
1515,0
1516,0
1517,0
1518,17
1519,1
1520,17
1521,17
1522,17
1523,17
1524,17
1525,17
1526,17
1527,17
1528,17
1529,1
1530,17
1531,17
1532,17
1533,17
1534,17
1535,17
1536,17
1537,17
1538,17
1539,17
1540,17
1541,17
1542,17
1543,1
1544,17
1545,1
1546,17
1547,17
1548,17
1549,17
1550,17
1551,17
1552,1
1553,1
1554,1
1555,1
1556,1
1557,1
1558,1
1559,1
1560,1
1561,1
1562,1
1563,1
1564,1
1565,1
1566,1
1567,1
1568,1
1569,1
1570,1
1571,1
1572,1
1573,1
1574,1
1575,1
1576,1
1577,1
1578,1
1579,1
1580,1
1581,1
1582,1
1583,1
1584,1
1585,1
1586,1
1587,1
1588,1
1589,1
1590,1
1591,1
1592,1
1593,1
1594,1
1595,1
1596,1
1597,1
1598,1
1599,1
1600,1
1601,1
1602,1
1603,1
1604,1
1605,1
1606,1
1607,1
1608,1
1609,1
1610,21
1611,17
1612,1
1613,1
1614,1
1615,1
1616,1
1617,10
1618,1
1619,1
1620,1
1621,1
1622,1
1623,1
1624,1
1625,1
1626,1
1627,1
1628,21
1629,21
1630,1
1631,1
1632,1
1633,10
1634,1
1635,1
1636,21
1637,3
1638,17
1639,1
1640,1
1641,21
1642,21
1643,21
1644,1
1645,1
1646,1
1647,3
1648,1
1649,1
1650,1
1651,0
1652,21
1653,1
1654,17
1655,1
1656,11
1657,1
1658,1
1659,1
1660,1
1661,1
1662,20
1663,1
1664,1
1665,1
1666,16
1667,12
1668,12
1669,1
1670,12
1671,3
1672,12
1673,15
1674,1
1675,1
1676,1
1677,1
1678,1
1679,1
1680,1
1681,1
1682,1
1683,1
1684,1
1685,1
1686,1
1687,1
1688,1
1689,1
1690,1
1691,1
1692,1
1693,1
1694,1
1695,1
1696,1
1697,21
1698,1
1699,1
1700,10
1701,1
1702,1
1703,1
1704,1
1705,1
1706,1
1707,21
1708,1
1709,1
1710,1
1711,1
1712,1
1713,1
1714,1
1715,21
1716,1
1717,1
1718,1
1719,1
1720,1
1721,1
1722,21
1723,1
1724,1
1725,1
1726,21
1727,1
1728,1
1729,1
1730,1
1731,1
1732,1
1733,1
1734,1
1735,1
1736,1
1737,1
1738,1
1739,1
1740,1
1741,1
1742,1
1743,1
1744,1
1745,1
1746,1
1747,1
1748,1
1749,1
1750,1
1751,1
1752,1
1753,0
1754,18
1755,1
1756,17
1757,1
1758,17
1759,9
1760,12
1761,0
1762,1
1763,1
1764,1
1765,1
1766,1
1767,1
1768,1
1769,1
1770,1
1771,1
1772,9
1773,17
1774,17
1775,17
1776,17
1777,17
1778,17
1779,17
1780,17
1781,17
1782,17
1783,17
1784,17
1785,17
1786,17
1787,17
1788,17
1789,17
1790,17
1791,17
1792,17
1793,17
1794,17
1795,17
1796,17
1797,17
1798,17
1799,17
1800,9
1801,17
1802,17
1803,17
1804,0
1805,20
1806,17
1807,17
1808,17
1809,17
1810,17
1811,17
1812,17
1813,17
1814,17
1815,17
1816,0
1817,17
1818,17
1819,17
1820,17
1821,17
1822,17
1823,17
1824,17
1825,17
1826,17
1827,17
1828,17
1829,17
1830,17
1831,17
1832,17
1833,17
1834,17
1835,17
1836,17
1837,17
1838,17
1839,17
1840,17
1841,20
1842,17
1843,17
1844,17
1845,17
1846,17
1847,17
1848,17
1849,17
1850,17
1851,17
1852,17
1853,17
1854,17
1855,17
1856,17
1857,17
1858,17
1859,17
1860,17
1861,17
1862,17
1863,17
1864,17
1865,17
1866,17
1867,20
1868,17
1869,17
1870,17
1871,17
1872,17
1873,17
1874,17
1875,17
1876,17
1877,17
1878,17
1879,17
1880,17
1881,17
1882,17
1883,17
1884,9
1885,17
1886,17
1887,17
1888,17
1889,17
1890,17
1891,17
1892,17
1893,17
1894,17
1895,17
1896,17
1897,17
1898,17
1899,17
1900,22
1901,22
1902,17
1903,17
1904,17
1905,17
1906,17
1907,17
1908,17
1909,17
1910,17
1911,17
1912,17
1913,9
1914,17
1915,17
1916,22
1917,17
1918,17
1919,17
1920,17
1921,17
1922,9
1923,22
1924,17
1925,17
1926,18
1927,17
1928,17
1929,22
1930,17
1931,17
1932,20
1933,20
1934,17
1935,17
1936,17
1937,17
1938,17
1939,17
1940,17
1941,17
1942,17
1943,17
1944,17
1945,17
1946,17
1947,17
1948,17
1949,17
1950,17
1951,17
1952,17
1953,17
1954,17
1955,17
1956,17
1957,17
1958,17
1959,17
1960,17
1961,17
1962,17
1963,17
1964,17
1965,17
1966,17
1967,17
1968,17
1969,17
1970,17
1971,17
1972,17
1973,17
1974,17
1975,17
1976,17
1977,9
1978,3
1979,0
1980,20
1981,1
1982,1
1983,0
1984,0
1985,1
1986,1
1987,9
1988,1
1989,1
1990,1
1991,21
1992,1
1993,17
1994,20
1995,1
1996,17
1997,1
1998,1
1999,1
2000,1
2001,17
2002,17
2003,1
2004,17
2005,12
2006,6
2007,12
2008,1
2009,1
2010,1
2011,1
2012,1
2013,9
2014,0
2015,9
2016,9
2017,10
2018,1
2019,1
2020,1
2021,1
2022,1
2023,1
2024,9
2025,1
2026,1
2027,1
2028,1
2029,1
2030,1
2031,1
2032,1
2033,10
2034,1
2035,1
2036,1
2037,12
2038,1
2039,1
2040,1
2041,21
2042,6
2043,6
2044,1
2045,6
2046,1
2047,6
2048,6
2049,6
2050,1
2051,1
2052,1
2053,1
2054,12
2055,12
2056,12
2057,1
2058,1
2059,12
2060,12
2061,1
2062,9
2063,1
2064,16
2065,1
2066,17
2067,10
2068,12
2069,1
2070,1
2071,1
2072,1
2073,1
2074,1
2075,1
2076,21
2077,1
2078,1
2079,1
2080,1
2081,1
2082,1
2083,1
2084,1
2085,0
2086,1
2087,1
2088,0
2089,1
2090,1
2091,1
2092,1
2093,17
2094,1
2095,1
2096,17
2097,1
2098,1
2099,1
2100,1
2101,1
2102,1
2103,1
2104,1
2105,1
2106,1
2107,0
2108,17
2109,17
2110,17
2111,9
2112,17
2113,17
2114,17
2115,17
2116,17
2117,1
2118,1
2119,1
2120,1
2121,6
2122,1
2123,1
2124,1
2125,1
2126,1
2127,0
2128,1
2129,21
2130,17
2131,1
2132,6
2133,1
2134,21
2135,1
2136,10
2137,10
2138,10
2139,10
2140,10
2141,1
2142,3
2143,1
2144,10
2145,1
2146,22
2147,1
2148,1
2149,1
2150,1
2151,12
2152,6
2153,6
2154,1
2155,1
2156,10
2157,1
2158,21
2159,1
2160,1
2161,10
2162,1
2163,10
2164,6
2165,6
2166,10
2167,10
2168,10
2169,10
2170,6
2171,21
2172,16
2173,12
2174,1
2175,1
2176,1
2177,1
2178,1
2179,3
2180,3
2181,1
2182,1
2183,1
2184,1
2185,3
2186,1
2187,1
2188,1
2189,1
2190,1
2191,3
2192,1
2193,17
2194,9
2195,1
2196,1
2197,1
2198,17
2199,1
2200,0
2201,1
2202,1
2203,1
2204,1
2205,1
2206,1
2207,1
2208,1
2209,1
2210,1
2211,1
2212,1
2213,17
2214,1
2215,12
2216,10
2217,12
2218,1
2219,1
2220,1
2221,7
2222,1
2223,1
2224,10
2225,10
2226,21
2227,1
2228,1
2229,11
2230,1
2231,1
2232,1
2233,1
2234,6
2235,6
2236,6
2237,6
2238,1
2239,10
2240,17
2241,1
2242,1
2243,6
2244,10
2245,11
2246,1
2247,1
2248,1
2249,9
2250,10
2251,1
2252,1
2253,1
2254,1
2255,18
2256,18
2257,18
2258,18
2259,18
2260,18
2261,18
2262,18
2263,18
2264,18
2265,18
2266,18
2267,18
2268,18
2269,18
2270,18
2271,18
2272,18
2273,18
2274,22
2275,18
2276,18
2277,18
2278,18
2279,18
2280,18
2281,18
2282,18
2283,18
2284,18
2285,18
2286,18
2287,18
2288,18
2289,18
2290,18
2291,18
2292,18
2293,18
2294,18
2295,18
2296,20
2297,18
2298,18
2299,18
2300,18
2301,18
2302,18
2303,18
2304,18
2305,18
2306,18
2307,18
2308,18
2309,18
2310,18
2311,18
2312,18
2313,18
2314,18
2315,18
2316,18
2317,18
2318,18
2319,18
2320,18
2321,18
2322,18
2323,18
2324,18
2325,18
2326,18
2327,18
2328,18
2329,18
2330,18
2331,18
2332,18
2333,18
2334,18
2335,18
2336,18
2337,18
2338,18
2339,18
2340,18
2341,18
2342,18
2343,18
2344,18
2345,18
2346,18
2347,18
2348,18
2349,18
2350,18
2351,18
2352,21
2353,21
2354,21
2355,21
2356,21
2357,21
2358,21
2359,21
2360,21
2361,21
2362,21
2363,21
2364,21
2365,21
2366,21
2367,21
2368,21
2369,21
2370,21
2371,21
2372,21
2373,21
2374,21
2375,21
2376,21
2377,21
2378,21
2379,21
2380,21
2381,10
2382,1
2383,9
2384,9
2385,1
2386,1
2387,1
2388,1
2389,1
2390,1
2391,1
2392,1
2393,1
2394,17
2395,1
2396,1
2397,1
2398,1
2399,1
2400,1
2401,17
2402,17
2403,17
2404,17
2405,1
2406,1
2407,17
2408,1
2409,0
2410,18
2411,18
2412,18
2413,18
2414,18
2415,18
2416,12
2417,1
2418,21
2419,21
2420,1
2421,21
2422,21
2423,21
2424,17
2425,1
2426,21
2427,21
2428,21
2429,21
2430,1
2431,21
2432,6
2433,21
2434,12
2435,21
2436,1
2437,6
2438,21
2439,9
2440,17
2441,9
2442,17
2443,9
2444,6
2445,9
2446,1
2447,1
2448,12
2449,10
2450,12
2451,12
2452,12
2453,12
2454,12
2455,12
2456,12
2457,12
2458,12
2459,12
2460,12
2461,10
2462,12
2463,9
2464,17
2465,17
2466,9
2467,0
2468,21
2469,21
2470,9
2471,1
2472,1
2473,10
2474,1
2475,1
2476,1
2477,1
2478,1
2479,0
2480,1
2481,1
2482,1
2483,1
2484,17
2485,1
2486,1
2487,1
2488,16
2489,1
2490,1
2491,1
2492,21
2493,21
2494,1
2495,9
2496,9
2497,3
2498,9
2499,10
2500,6
2501,0
2502,0
2503,22
2504,9
2505,9
2506,0
2507,0
2508,0
2509,9
2510,0
2511,0
2512,0
2513,9
2514,9
2515,9
2516,0
2517,9
2518,0
2519,9
2520,0
2521,0
2522,17
2523,0
2524,9
2525,1
2526,1
2527,17
2528,0
2529,1
2530,0
2531,0
2532,17
2533,17
2534,17
2535,17
2536,0
2537,22
2538,22
2539,22
2540,1
2541,17
2542,17
2543,9
2544,0
2545,1
2546,0
2547,0
2548,0
2549,0
2550,0
2551,0
2552,9
2553,0
2554,9
2555,0
2556,0
2557,22
2558,0
2559,0
2560,17
2561,22
2562,22
2563,22
2564,9
2565,9
2566,9
2567,9
2568,1
2569,12
2570,0
2571,0
2572,0
2573,0
2574,0
2575,9
2576,0
2577,0
2578,0
2579,0
2580,0
2581,0
2582,0
2583,0
2584,0
2585,0
2586,0
2587,0
2588,0
2589,22
2590,0
2591,15
2592,0
2593,0
2594,0
2595,0
2596,0
2597,0
2598,0
2599,0
2600,20
2601,17
2602,17
2603,17
2604,20
2605,17
2606,17
2607,22
2608,17
2609,1
2610,20
2611,17
2612,20
2613,22
2614,22
2615,20
2616,9
2617,9
2618,9
2619,9
2620,9
2621,9
2622,9
2623,9
2624,9
2625,17
2626,9
2627,21
2628,9
2629,10
2630,9
2631,9
2632,9
2633,9
2634,9
2635,18
2636,9
2637,9
2638,9
2639,9
2640,0
2641,0
2642,0
2643,0
2644,12
2645,12
2646,21
2647,22
2648,22
2649,0
2650,0
2651,0
2652,0
2653,0
2654,0
2655,0
2656,0
2657,9
2658,9
2659,9
2660,9
2661,9
2662,9
2663,9
2664,17
2665,9
2666,17
2667,17
2668,0
2669,0
2670,0
2671,9
2672,9
2673,9
2674,9
2675,9
2676,9
2677,9
2678,9
2679,9
2680,9
2681,9
2682,9
2683,9
2684,9
2685,9
2686,9
2687,9
2688,9
2689,9
2690,9
2691,9
2692,9
2693,9
2694,9
2695,9
2696,9
2697,9
2698,9
2699,9
2700,9
2701,0
2702,0
2703,0
2704,0
2705,9
2706,9
2707,17
2708,9
2709,9
2710,9
2711,22
2712,17
2713,17
2714,20
2715,17
2716,22
2717,17
2718,0
2719,9
2720,12
2721,9
2722,9
2723,13
2724,9
2725,9
2726,17
2727,9
2728,9
2729,13
2730,9
2731,9
2732,9
2733,9
2734,12
2735,9
2736,9
2737,9
2738,9
2739,9
2740,22
2741,20
2742,9
2743,1
2744,9
2745,9
2746,9
2747,9
2748,9
2749,9
2750,22
2751,17
2752,17
2753,9
2754,17
2755,17
2756,1
2757,6
2758,6
2759,17
2760,0
2761,20
2762,20
2763,22
2764,0
2765,20
2766,0
2767,0
2768,0
2769,0
2770,0
2771,0
2772,0
2773,22
2774,20
2775,0
2776,0
2777,1
2778,9
2779,0
2780,20
2781,9
2782,21
2783,9
2784,9
2785,9
2786,9
2787,9
2788,9
2789,9
2790,17
2791,17
2792,17
2793,17
2794,12
2795,6
2796,0
2797,9
2798,18
2799,22
2800,22
2801,22
2802,22
2803,18
2804,18
2805,18
2806,18
2807,18
2808,18
2809,18
2810,18
2811,18
2812,18
2813,18
2814,18
2815,18
2816,18
2817,18
2818,18
2819,18
2820,18
2821,18
2822,18
2823,18
2824,18
2825,18
2826,20
2827,22
2828,22
2829,22
2830,18
2831,18
2832,18
2833,17
2834,22
2835,18
2836,18
2837,18
2838,18
2839,12
2840,22
2841,18
2842,7
2843,10
2844,18
2845,18
2846,18
2847,1
2848,18
2849,22
2850,18
2851,18
2852,18
2853,18
2854,18
2855,20
2856,18
2857,0
2858,18
2859,20
2860,18
2861,5
2862,17
2863,18
2864,18
2865,1
2866,17
2867,7
2868,18
2869,18
2870,18
2871,18
2872,18
2873,18
2874,18
2875,18
2876,18
2877,18
2878,0
2879,18
2880,18
2881,18
2882,18
2883,17
2884,18
2885,17
2886,17
2887,17
2888,20
2889,22
2890,22
2891,22
2892,18
2893,18
2894,18
2895,18
2896,18
2897,18
2898,18
2899,18
2900,18
2901,18
2902,18
2903,18
2904,18
2905,20
2906,18
2907,17
2908,17
2909,18
2910,17
2911,17
2912,17
2913,17
2914,17
2915,18
2916,6
2917,17
2918,18
2919,18
2920,20
2921,18
2922,18
2923,12
2924,1
2925,0
2926,12
2927,1
2928,1
2929,1
2930,1
2931,21
2932,21
2933,1
2934,11
2935,1
2936,11
2937,1
2938,1
2939,21
2940,21
2941,21
2942,21
2943,21
2944,21
2945,21
2946,21
2947,21
2948,21
2949,21
2950,21
2951,10
2952,21
2953,21
2954,21
2955,21
2956,10
2957,1
2958,1
2959,1
2960,17
2961,17
2962,17
2963,17
2964,17
2965,22
2966,18
2967,17
2968,17
2969,17
2970,17
2971,17
2972,17
2973,21
2974,7
2975,1
2976,12
2977,1
2978,0
2979,1
2980,11
2981,11
2982,10
2983,10
2984,11
2985,11
2986,11
2987,11
2988,1
2989,1
2990,1
2991,1
2992,1
2993,1
2994,1
2995,17
2996,0
2997,1
2998,1
2999,1
3000,0
3001,0
3002,22
3003,0
3004,7
3005,0
3006,3
3007,3
3008,3
3009,3
3010,3
3011,3
3012,3
3013,3
3014,9
3015,9
3016,9
3017,11
3018,12
3019,12
3020,10
3021,10
3022,1
3023,10
3024,10
3025,10
3026,10
3027,10
3028,1
3029,21
3030,17
3031,9
3032,18
3033,1
3034,12
3035,1
3036,17
3037,1
3038,1
3039,6
3040,10
3041,6
3042,6
3043,12
3044,6
3045,6
3046,6
3047,10
3048,12
3049,12
3050,10
3051,10
3052,10
3053,6
3054,10
3055,10
3056,10
3057,10
3058,6
3059,10
3060,10
3061,12
3062,6
3063,6
3064,10
3065,10
3066,10
3067,10
3068,10
3069,10
3070,21
3071,10
3072,12
3073,12
3074,12
3075,12
3076,12
3077,12
3078,12
3079,12
3080,9
3081,12
3082,12
3083,17
3084,12
3085,12
3086,17
3087,17
3088,12
3089,12
3090,20
3091,9
3092,9
3093,12
3094,15
3095,12
3096,12
3097,12
3098,22
3099,12
3100,12
3101,12
3102,22
3103,12
3104,12
3105,12
3106,20
3107,17
3108,12
3109,12
3110,12
3111,12
3112,12
3113,12
3114,12
3115,17
3116,12
3117,16
3118,17
3119,17
3120,12
3121,12
3122,12
3123,12
3124,9
3125,9
3126,9
3127,9
3128,6
3129,9
3130,9
3131,9
3132,9
3133,9
3134,9
3135,9
3136,9
3137,0
3138,12
3139,12
3140,9
3141,9
3142,9
3143,12
3144,9
3145,9
3146,9
3147,9
3148,12
3149,12
3150,12
3151,12
3152,9
3153,12
3154,9
3155,17
3156,12
3157,9
3158,9
3159,9
3160,9
3161,9
3162,9
3163,20
3164,16
3165,17
3166,16
3167,12
3168,12
3169,12
3170,20
3171,9
3172,12
3173,12
3174,12
3175,15
3176,12
3177,17
3178,17
3179,17
3180,17
3181,17
3182,17
3183,6
3184,17
3185,17
3186,17
3187,17
3188,17
3189,17
3190,6
3191,12
3192,12
3193,6
3194,12
3195,12
3196,12
3197,6
3198,12
3199,12
3200,12
3201,12
3202,12
3203,9
3204,12
3205,12
3206,12
3207,12
3208,12
3209,9
3210,6
3211,12
3212,12
3213,12
3214,12
3215,12
3216,12
3217,12
3218,12
3219,17
3220,17
3221,17
3222,17
3223,17
3224,22
3225,17
3226,18
3227,17
3228,17
3229,17
3230,17
3231,17
3232,17
3233,20
3234,17
3235,17
3236,17
3237,12
3238,17
3239,17
3240,9
3241,17
3242,17
3243,12
3244,12
3245,17
3246,12
3247,12
3248,17
3249,17
3250,17
3251,12
3252,17
3253,17
3254,17
3255,12
3256,17
3257,17
3258,9
3259,9
3260,9
3261,9
3262,9
3263,9
3264,9
3265,9
3266,9
3267,9
3268,9
3269,9
3270,9
3271,9
3272,6
3273,17
3274,9
3275,17
3276,20
3277,9
3278,9
3279,9
3280,9
3281,12
3282,9
3283,9
3284,17
3285,17
3286,12
3287,17
3288,17
3289,17
3290,17
3291,17
3292,17
3293,17
3294,9
3295,12
3296,17
3297,17
3298,17
3299,6
3300,12
3301,17
3302,17
3303,9
3304,17
3305,17
3306,17
3307,17
3308,9
3309,17
3310,17
3311,17
3312,12
3313,9
3314,12
3315,20
3316,9
3317,12
3318,12
3319,12
3320,12
3321,12
3322,12
3323,12
3324,12
3325,9
3326,12
3327,9
3328,12
3329,9
3330,9
3331,12
3332,12
3333,12
3334,12
3335,9
3336,21
3337,17
3338,12
3339,12
3340,9
3341,12
3342,6
3343,12
3344,17
3345,12
3346,6
3347,6
3348,12
3349,6
3350,6
3351,17
3352,12
3353,12
3354,12
3355,12
3356,12
3357,12
3358,12
3359,17
3360,12
3361,12
3362,12
3363,12
3364,12
3365,12
3366,12
3367,0
3368,12
3369,12
3370,17
3371,17
3372,12
3373,17
3374,12
3375,12
3376,12
3377,12
3378,9
3379,12
3380,12
3381,12
3382,12
3383,9
3384,12
3385,12
3386,12
3387,12
3388,12
3389,12
3390,17
3391,17
3392,12
3393,17
3394,12
3395,12
3396,12
3397,10
3398,12
3399,12
3400,12
3401,22
3402,21
3403,12
3404,12
3405,16
3406,12
3407,16
3408,9
3409,16
3410,16
3411,12
3412,21
3413,16
3414,12
3415,21
3416,12
3417,12
3418,12
3419,12
3420,12
3421,12
3422,12
3423,12
3424,12
3425,12
3426,12
3427,12
3428,12
3429,20
3430,12
3431,17
3432,17
3433,17
3434,16
3435,16
3436,16
3437,16
3438,16
3439,16
3440,16
3441,16
3442,17
3443,17
3444,12
3445,12
3446,17
3447,12
3448,9
3449,9
3450,9
3451,9
3452,10
3453,9
3454,9
3455,9
3456,17
3457,6
3458,20
3459,9
3460,9
3461,9
3462,9
3463,9
3464,9
3465,9
3466,9
3467,0
3468,0
3469,0
3470,17
3471,9
3472,0
3473,0
3474,12
3475,12
3476,12
3477,12
3478,9
3479,9
3480,9
3481,9
3482,9
3483,9
3484,9
3485,12
3486,12
3487,12
3488,12
3489,12
3490,9
3491,9
3492,9
3493,9
3494,9
3495,9
3496,6
3497,9
3498,9
3499,6
3500,9
3501,9
3502,6
3503,9
3504,9
3505,9
3506,9
3507,9
3508,9
3509,9
3510,9
3511,9
3512,9
3513,9
3514,9
3515,9
3516,9
3517,9
3518,9
3519,9
3520,9
3521,9
3522,9
3523,9
3524,6
3525,6
3526,12
3527,12
3528,17
3529,12
3530,9
3531,6
3532,6
3533,17
3534,12
3535,6
3536,12
3537,12
3538,6
3539,9
3540,9
3541,9
3542,17
3543,17
3544,21
3545,17
3546,12
3547,12
3548,12
3549,9
3550,9
3551,12
3552,9
3553,9
3554,9
3555,9
3556,20
3557,10
3558,9
3559,9
3560,21
3561,21
3562,21
3563,17
3564,21
3565,7
3566,17
3567,10
3568,10
3569,17
3570,16
3571,16
3572,16
3573,16
3574,21
3575,21
3576,21
3577,21
3578,21
3579,17
3580,17
3581,17
3582,9
3583,10
3584,16
3585,16
3586,10
3587,21
3588,10
3589,21
3590,16
3591,16
3592,16
3593,10
3594,10
3595,10
3596,10
3597,21
3598,7
3599,16
3600,3
3601,17
3602,21
3603,21
3604,21
3605,21
3606,21
3607,16
3608,21
3609,21
3610,21
3611,10
3612,21
3613,16
3614,16
3615,21
3616,12
3617,9
3618,9
3619,12
3620,9
3621,9
3622,17
3623,9
3624,0
3625,17
3626,9
3627,9
3628,17
3629,9
3630,9
3631,4
3632,17
3633,4
3634,9
3635,9
3636,9
3637,9
3638,17
3639,17
3640,17
3641,17
3642,6
3643,17
3644,0
3645,17
3646,17
3647,17
3648,17
3649,17
3650,17
3651,9
3652,17
3653,17
3654,17
3655,17
3656,17
3657,17
3658,17
3659,17
3660,20
3661,9
3662,17
3663,17
3664,17
3665,17
3666,17
3667,17
3668,17
3669,17
3670,17
3671,17
3672,17
3673,9
3674,18
3675,18
3676,9
3677,9
3678,9
3679,9
3680,9
3681,9
3682,9
3683,9
3684,9
3685,9
3686,9
3687,9
3688,9
3689,9
3690,17
3691,17
3692,17
3693,17
3694,17
3695,17
3696,17
3697,17
3698,17
3699,12
3700,12
3701,12
3702,12
3703,12
3704,12
3705,12
3706,12
3707,12
3708,12
3709,12
3710,12
3711,12
3712,22
3713,22
3714,9
3715,12
3716,9
3717,18
3718,18
3719,18
3720,9
3721,22
3722,0
3723,0
3724,0
3725,0
3726,20
3727,20
3728,22
3729,0
3730,22
3731,20
3732,9
3733,0
3734,9
3735,9
3736,12
3737,12
3738,9
3739,12
3740,12
3741,12
3742,9
3743,12
3744,12
3745,12
3746,9
3747,12
3748,12
3749,12
3750,12
3751,12
3752,12
3753,9
3754,9
3755,12
3756,9
3757,9
3758,12
3759,21
3760,16
3761,16
3762,21
3763,16
3764,16
3765,21
3766,12
3767,21
3768,21
3769,21
3770,21
3771,16
3772,21
3773,12
3774,10
3775,10
3776,12
3777,7
3778,10
3779,21
3780,16
3781,21
3782,21
3783,21
3784,10
3785,10
3786,17
3787,17
3788,9
3789,9
3790,17
3791,9
3792,12
3793,9
3794,13
3795,13
3796,6
3797,17
3798,18
3799,18
3800,17
3801,17
3802,6
3803,9
3804,17
3805,17
3806,17
3807,17
3808,17
3809,6
3810,17
3811,12
3812,17
3813,17
3814,9
3815,17
3816,17
3817,17
3818,17
3819,6
3820,7
3821,17
3822,17
3823,17
3824,17
3825,17
3826,17
3827,17
3828,17
3829,17
3830,17
3831,17
3832,17
3833,17
3834,17
3835,17
3836,17
3837,17
3838,17
3839,17
3840,17
3841,17
3842,17
3843,9
3844,9
3845,0
3846,13
3847,17
3848,17
3849,17
3850,17
3851,17
3852,12
3853,17
3854,17
3855,17
3856,20
3857,17
3858,17
3859,17
3860,12
3861,9
3862,9
3863,9
3864,9
3865,9
3866,16
3867,9
3868,7
3869,9
3870,9
3871,9
3872,9
3873,17
3874,20
3875,17
3876,17
3877,17
3878,9
3879,17
3880,17
3881,17
3882,9
3883,21
3884,22
3885,21
3886,21
3887,21
3888,21
3889,21
3890,10
3891,21
3892,12
3893,21
3894,21
3895,21
3896,6
3897,6
3898,6
3899,6
3900,6
3901,6
3902,6
3903,6
3904,6
3905,6
3906,6
3907,6
3908,9
3909,6
3910,6
3911,6
3912,6
3913,6
3914,17
3915,6
3916,6
3917,6
3918,6
3919,6
3920,9
3921,9
3922,9
3923,12
3924,9
3925,9
3926,9
3927,22
3928,13
3929,13
3930,13
3931,13
3932,13
3933,13
3934,13
3935,13
3936,13
3937,13
3938,13
3939,13
3940,13
3941,13
3942,13
3943,13
3944,13
3945,13
3946,22
3947,13
3948,13
3949,13
3950,13
3951,13
3952,13
3953,13
3954,13
3955,20
3956,13
3957,15
3958,13
3959,9
3960,13
3961,13
3962,13
3963,13
3964,13
3965,13
3966,13
3967,13
3968,13
3969,9
3970,9
3971,9
3972,9
3973,9
3974,9
3975,9
3976,9
3977,12
3978,9
3979,12
3980,12
3981,12
3982,9
3983,6
3984,9
3985,21
3986,21
3987,21
3988,21
3989,21
3990,21
3991,16
3992,16
3993,21
3994,16
3995,10
3996,21
3997,16
3998,10
3999,21
4000,10
4001,16
4002,16
4003,21
4004,21
4005,21
4006,21
4007,21
4008,21
4009,21
4010,12
4011,21
4012,6
4013,16
4014,21
4015,16
4016,21
4017,22
4018,21
4019,17
4020,9
4021,16
4022,9
4023,9
4024,9
4025,9
4026,1
4027,9
4028,17
4029,17
4030,17
4031,17
4032,22
4033,17
4034,17
4035,17
4036,17
4037,17
4038,22
4039,17
4040,17
4041,17
4042,17
4043,17
4044,17
4045,17
4046,17
4047,12
4048,17
4049,17
4050,17
4051,17
4052,12
4053,12
4054,12
4055,12
4056,12
4057,12
4058,12
4059,12
4060,9
4061,9
4062,9
4063,9
4064,9
4065,9
4066,9
4067,17
4068,17
4069,17
4070,17
4071,17
4072,17
4073,17
4074,17
4075,17
4076,17
4077,17
4078,6
4079,1
4080,6
4081,17
4082,6
4083,6
4084,6
4085,17
4086,17
4087,18
4088,6
4089,6
4090,6
4091,6
4092,6
4093,6
4094,6
4095,6
4096,6
4097,6
4098,6
4099,6
4100,12
4101,6
4102,6
4103,20
4104,1
4105,1
4106,1
4107,1
4108,1
4109,9
4110,1
4111,1
4112,9
4113,9
4114,12
4115,9
4116,9
4117,0
4118,12
4119,9
4120,1
4121,9
4122,9
4123,9
4124,9
4125,17
4126,17
4127,17
4128,13
4129,17
4130,17
4131,12
4132,17
4133,9
4134,9
4135,12
4136,21
4137,12
4138,12
4139,12
4140,12
4141,12
4142,12
4143,10
4144,10
4145,12
4146,21
4147,16
4148,16
4149,16
4150,16
4151,12
4152,16
4153,16
4154,16
4155,16
4156,16
4157,16
4158,16
4159,16
4160,16
4161,16
4162,16
4163,1
4164,1
4165,6
4166,6
4167,12
4168,12
4169,12
4170,9
4171,12
4172,12
4173,17
4174,17
4175,17
4176,17
4177,17
4178,17
4179,17
4180,17
4181,17
4182,17
4183,17
4184,22
4185,17
4186,17
4187,12
4188,0
4189,0
4190,0
4191,0
4192,0
4193,12
4194,9
4195,7
4196,21
4197,12
4198,9
4199,9
4200,9
4201,9
4202,9
4203,9
4204,9
4205,9
4206,9
4207,9
4208,9
4209,9
4210,9
4211,9
4212,9
4213,6
4214,9
4215,9
4216,9
4217,9
4218,9
4219,9
4220,9
4221,9
4222,9
4223,9
4224,9
4225,9
4226,9
4227,9
4228,12
4229,6
4230,6
4231,12
4232,12
4233,17
4234,12
4235,6
4236,1
4237,12
4238,12
4239,9
4240,22
4241,9
4242,12
4243,12
4244,12
4245,12
4246,1
4247,1
4248,1
4249,20
4250,20
4251,17
4252,17
4253,12
4254,12
4255,12
4256,12
4257,11
4258,12
4259,11
4260,12
4261,12
4262,12
4263,12
4264,12
4265,12
4266,16
4267,16
4268,10
4269,21
4270,12
4271,10
4272,10
4273,10
4274,10
4275,10
4276,10
4277,18
4278,10
4279,10
4280,12
4281,12
4282,12
4283,12
4284,12
4285,9
4286,16
4287,12
4288,12
4289,22
4290,22
4291,22
4292,22
4293,22
4294,12
4295,22
4296,22
4297,22
4298,17
4299,22
4300,12
4301,12
4302,12
4303,12
4304,12
4305,12
4306,1
4307,12
4308,12
4309,21
4310,21
4311,21
4312,12
4313,12
4314,12
4315,12
4316,12
4317,12
4318,12
4319,12
4320,12
4321,12
4322,12
4323,12
4324,12
4325,12
4326,12
4327,16
4328,16
4329,16
4330,16
4331,16
4332,16
4333,16
4334,10
4335,16
4336,12
4337,16
4338,21
4339,16
4340,16
4341,16
4342,16
4343,16
4344,16
4345,16
4346,12
4347,12
4348,12
4349,1
4350,15
4351,6
4352,6
4353,6
4354,16
4355,16
4356,16
4357,12
4358,21
4359,21
4360,21
4361,18
4362,11
4363,18
4364,16
4365,16
4366,15
4367,12
4368,10
4369,21
4370,21
4371,21
4372,10
4373,17
4374,17
4375,20
4376,17
4377,17
4378,6
4379,17
4380,17
4381,17
4382,17
4383,17
4384,17
4385,17
4386,17
4387,17
4388,17
4389,17
4390,16
4391,16
4392,16
4393,16
4394,16
4395,16
4396,16
4397,16
4398,16
4399,16
4400,16
4401,16
4402,16
4403,16
4404,16
4405,16
4406,16
4407,16
4408,16
4409,16
4410,10
4411,16
4412,16
4413,15
4414,16
4415,15
4416,16
4417,16
4418,16
4419,16
4420,16
4421,16
4422,16
4423,16
4424,15
4425,15
4426,15
4427,16
4428,16
4429,16
4430,16
4431,16
4432,16
4433,16
4434,16
4435,16
4436,16
4437,16
4438,16
4439,16
4440,16
4441,16
4442,16
4443,16
4444,16
4445,16
4446,16
4447,16
4448,16
4449,16
4450,16
4451,16
4452,16
4453,15
4454,16
4455,16
4456,16
4457,16
4458,16
4459,16
4460,16
4461,16
4462,16
4463,16
4464,16
4465,15
4466,16
4467,16
4468,16
4469,16
4470,16
4471,16
4472,16
4473,18
4474,16
4475,16
4476,16
4477,16
4478,16
4479,16
4480,16
4481,16
4482,16
4483,16
4484,16
4485,16
4486,16
4487,16
4488,16
4489,16
4490,16
4491,12
4492,12
4493,0
4494,12
4495,12
4496,12
4497,12
4498,9
4499,9
4500,9
4501,9
4502,9
4503,9
4504,9
4505,9
4506,9
4507,9
4508,9
4509,9
4510,9
4511,17
4512,9
4513,9
4514,9
4515,9
4516,3
4517,18
4518,1
4519,1
4520,1
4521,1
4522,18
4523,18
4524,18
4525,9
4526,9
4527,9
4528,9
4529,9
4530,9
4531,9
4532,17
4533,22
4534,17
4535,17
4536,9
4537,9
4538,9
4539,9
4540,20
4541,9
4542,0
4543,9
4544,11
4545,0
4546,9
4547,17
4548,17
4549,12
4550,17
4551,17
4552,17
4553,17
4554,17
4555,22
4556,17
4557,17
4558,17
4559,22
4560,17
4561,17
4562,17
4563,20
4564,17
4565,17
4566,17
4567,17
4568,17
4569,17
4570,9
4571,17
4572,17
4573,17
4574,17
4575,17
4576,9
4577,9
4578,9
4579,9
4580,20
4581,17
4582,17
4583,17
4584,1
4585,13
4586,1
4587,9
4588,9
4589,6
4590,6
4591,6
4592,6
4593,9
4594,9
4595,9
4596,9
4597,6
4598,6
4599,6
4600,6
4601,6
4602,6
4603,21
4604,6
4605,6
4606,6
4607,6
4608,6
4609,22
4610,18
4611,18
4612,0
4613,22
4614,0
4615,6
4616,18
4617,17
4618,17
4619,18
4620,9
4621,9
4622,22
4623,20
4624,22
4625,0
4626,17
4627,18
4628,22
4629,22
4630,22
4631,1
4632,1
4633,6
4634,1
4635,9
4636,12
4637,12
4638,12
4639,12
4640,10
4641,10
4642,9
4643,9
4644,9
4645,9
4646,9
4647,9
4648,9
4649,9
4650,9
4651,9
4652,9
4653,9
4654,9
4655,9
4656,9
4657,9
4658,6
4659,6
4660,6
4661,6
4662,6
4663,9
4664,9
4665,17
4666,17
4667,17
4668,17
4669,17
4670,17
4671,17
4672,17
4673,17
4674,6
4675,17
4676,22
4677,17
4678,17
4679,17
4680,17
4681,22
4682,17
4683,22
4684,17
4685,17
4686,17
4687,17
4688,17
4689,17
4690,17
4691,17
4692,17
4693,17
4694,17
4695,17
4696,17
4697,17
4698,17
4699,17
4700,17
4701,20
4702,20
4703,17
4704,17
4705,17
4706,17
4707,17
4708,17
4709,17
4710,17
4711,20
4712,17
4713,17
4714,17
4715,17
4716,20
4717,20
4718,20
4719,17
4720,17
4721,21
4722,20
4723,20
4724,20
4725,17
4726,20
4727,17
4728,17
4729,17
4730,17
4731,17
4732,17
4733,17
4734,22
4735,17
4736,17
4737,12
4738,17
4739,17
4740,17
4741,6
4742,17
4743,20
4744,17
4745,22
4746,17
4747,20
4748,22
4749,22
4750,20
4751,20
4752,20
4753,20
4754,14
4755,20
4756,20
4757,20
4758,20
4759,20
4760,20
4761,20
4762,22
4763,20
4764,22
4765,20
4766,0
4767,17
4768,17
4769,20
4770,20
4771,20
4772,20
4773,20
4774,20
4775,17
4776,20
4777,20
4778,17
4779,22
4780,0
4781,6
4782,6
4783,17
4784,17
4785,17
4786,20
4787,20
4788,20
4789,20
4790,20
4791,0
4792,17
4793,20
4794,20
4795,1
4796,20
4797,20
4798,20
4799,20
4800,6
4801,20
4802,20
4803,17
4804,20
4805,20
4806,9
4807,20
4808,20
4809,20
4810,20
4811,20
4812,20
4813,20
4814,20
4815,20
4816,20
4817,20
4818,20
4819,20
4820,20
4821,20
4822,20
4823,17
4824,17
4825,17
4826,20
4827,20
4828,20
4829,18
4830,20
4831,20
4832,20
4833,20
4834,20
4835,20
4836,20
4837,22
4838,20
4839,20
4840,17
4841,12
4842,10
4843,10
4844,10
4845,10
4846,10
4847,3
4848,10
4849,10
4850,10
4851,10
4852,10
4853,17
4854,17
4855,18
4856,17
4857,17
4858,22
4859,17
4860,6
4861,9
4862,17
4863,17
4864,17
4865,17
4866,17
4867,17
4868,17
4869,6
4870,17
4871,17
4872,17
4873,17
4874,22
4875,17
4876,17
4877,17
4878,17
4879,17
4880,17
4881,20
4882,17
4883,17
4884,22
4885,17
4886,17
4887,17
4888,17
4889,17
4890,17
4891,17
4892,17
4893,17
4894,22
4895,18
4896,18
4897,17
4898,17
4899,17
4900,17
4901,20
4902,3
4903,17
4904,17
4905,17
4906,17
4907,18
4908,18
4909,18
4910,18
4911,18
4912,18
4913,18
4914,18
4915,18
4916,18
4917,18
4918,18
4919,18
4920,17
4921,12
4922,12
4923,12
4924,12
4925,12
4926,12
4927,17
4928,17
4929,20
4930,17
4931,20
4932,17
4933,22
4934,22
4935,17
4936,17
4937,17
4938,17
4939,20
4940,20
4941,17
4942,17
4943,17
4944,17
4945,17
4946,17
4947,17
4948,17
4949,17
4950,17
4951,17
4952,17
4953,20
4954,17
4955,17
4956,17
4957,6
4958,6
4959,6
4960,6
4961,6
4962,6
4963,6
4964,6
4965,6
4966,6
4967,20
4968,6
4969,6
4970,6
4971,6
4972,10
4973,21
4974,22
4975,16
4976,10
4977,21
4978,16
4979,18
4980,7
4981,18
4982,18
4983,18
4984,18
4985,18
4986,7
4987,7
4988,7
4989,7
4990,7
4991,7
4992,7
4993,7
4994,7
4995,7
4996,7
4997,7
4998,7
4999,7
5000,7
5001,7
5002,7
5003,7
5004,7
5005,7
5006,7
5007,7
5008,7
5009,20
5010,7
5011,7
5012,7
5013,7
5014,7
5015,7
5016,7
5017,7
5018,7
5019,7
5020,7
5021,7
5022,7
5023,7
5024,7
5025,7
5026,7
5027,7
5028,7
5029,7
5030,7
5031,7
5032,7
5033,7
5034,7
5035,7
5036,7
5037,7
5038,7
5039,7
5040,7
5041,7
5042,7
5043,7
5044,7
5045,7
5046,7
5047,7
5048,7
5049,18
5050,18
5051,18
5052,7
5053,7
5054,7
5055,7
5056,7
5057,7
5058,7
5059,7
5060,7
5061,7
5062,0
5063,0
5064,0
5065,0
5066,22
5067,17
5068,0
5069,0
5070,0
5071,0
5072,17
5073,0
5074,22
5075,0
5076,17
5077,0
5078,0
5079,22
5080,22
5081,22
5082,22
5083,22
5084,22
5085,22
5086,22
5087,22
5088,22
5089,22
5090,22
5091,22
5092,22
5093,22
5094,0
5095,0
5096,12
5097,20
5098,20
5099,20
5100,22
5101,20
5102,22
5103,0
5104,22
5105,22
5106,9
5107,9
5108,9
5109,0
5110,0
5111,6
5112,22
5113,17
5114,17
5115,17
5116,22
5117,20
5118,22
5119,22
5120,22
5121,22
5122,22
5123,17
5124,22
5125,22
5126,22
5127,22
5128,22
5129,22
5130,22
5131,22
5132,22
5133,22
5134,22
5135,22
5136,22
5137,22
5138,22
5139,22
5140,22
5141,22
5142,22
5143,17
5144,22
5145,22
5146,22
5147,22
5148,22
5149,22
5150,22
5151,17
5152,17
5153,17
5154,17
5155,17
5156,17
5157,17
5158,17
5159,17
5160,17
5161,17
5162,20
5163,20
5164,20
5165,22
5166,22
5167,22
5168,22
5169,5
5170,0
5171,22
5172,22
5173,22
5174,22
5175,22
5176,22
5177,17
5178,22
5179,17
5180,22
5181,22
5182,22
5183,22
5184,22
5185,15
5186,15
5187,15
5188,15
5189,15
5190,15
5191,15
5192,15
5193,15
5194,15
5195,15
5196,15
5197,15
5198,15
5199,15
5200,15
5201,15
5202,15
5203,15
5204,15
5205,15
5206,15
5207,15
5208,15
5209,15
5210,15
5211,15
5212,15
5213,15
5214,15
5215,15
5216,15
5217,15
5218,18
5219,15
5220,15
5221,15
5222,15
5223,15
5224,15
5225,15
5226,15
5227,15
5228,15
5229,15
5230,15
5231,15
5232,18
5233,18
5234,18
5235,18
5236,18
5237,18
5238,18
5239,15
5240,15
5241,15
5242,15
5243,15
5244,15
5245,15
5246,15
5247,15
5248,15
5249,15
5250,18
5251,7
5252,7
5253,7
5254,6
5255,0
5256,6
5257,6
5258,1
5259,6
5260,6
5261,6
5262,6
5263,6
5264,6
5265,6
5266,15
5267,9
5268,9
5269,6
5270,10
5271,10
5272,4
5273,11
5274,10
5275,10
5276,9
5277,6
5278,6
5279,6
5280,21
5281,9
5282,6
5283,6
5284,6
5285,6
5286,6
5287,6
5288,6
5289,6
5290,6
5291,6
5292,6
5293,6
5294,6
5295,6
5296,6
5297,6
5298,6
5299,6
5300,6
5301,6
5302,6
5303,6
5304,6
5305,6
5306,21
5307,10
5308,10
5309,10
5310,21
5311,6
5312,10
5313,12
5314,6
5315,6
5316,17
5317,7
5318,6
5319,17
5320,6
5321,17
5322,17
5323,17
5324,12
5325,6
5326,6
5327,6
5328,17
5329,17
5330,12
5331,17
5332,17
5333,6
5334,6
5335,6
5336,6
5337,6
5338,21
5339,21
5340,9
5341,9
5342,9
5343,9
5344,9
5345,12
5346,12
5347,10
5348,6
5349,6
5350,4
5351,4
5352,4
5353,4
5354,16
5355,4
5356,9
5357,9
5358,9
5359,9
5360,10
5361,16
5362,10
5363,10
5364,10
5365,10
5366,10
5367,1
5368,10
5369,10
5370,10
5371,10
5372,10
5373,10
5374,10
5375,10
5376,10
5377,10
5378,10
5379,10
5380,10
5381,10
5382,10
5383,10
5384,10
5385,10
5386,10
5387,10
5388,10
5389,10
5390,10
5391,10
5392,10
5393,10
5394,10
5395,6
5396,6
5397,6
5398,6
5399,6
5400,6
5401,9
5402,20
5403,20
5404,20
5405,20
5406,22
5407,20
5408,20
5409,22
5410,20
5411,22
5412,20
5413,20
5414,20
5415,20
5416,20
5417,20
5418,20
5419,20
5420,20
5421,20
5422,20
5423,20
5424,20
5425,20
5426,20
5427,20
5428,20
5429,20
5430,20
5431,20
5432,20
5433,20
5434,20
5435,18
5436,20
5437,20
5438,20
5439,20
5440,20
5441,20
5442,15
5443,20
5444,17
5445,20
5446,17
5447,20
5448,20
5449,20
5450,20
5451,18
5452,20
5453,18
5454,18
5455,20
5456,17
5457,17
5458,17
5459,17
5460,22
5461,22
5462,22
5463,22
5464,22
5465,22
5466,22
5467,22
5468,22
5469,22
5470,22
5471,22
5472,22
5473,22
5474,22
5475,22
5476,22
5477,22
5478,22
5479,22
5480,22
5481,22
5482,22
5483,22
5484,22
5485,22
5486,22
5487,17
5488,17
5489,17
5490,17
5491,17
5492,22
5493,17
5494,17
5495,17
5496,17
5497,17
5498,22
5499,18
5500,0
5501,0
5502,20
5503,17
5504,17
5505,17
5506,20
5507,20
5508,17
5509,20
5510,20
5511,20
5512,20
5513,20
5514,20
5515,20
5516,20
5517,22
5518,20
5519,20
5520,0
5521,20
5522,20
5523,20
5524,17
5525,20
5526,22
5527,22
5528,20
5529,17
5530,22
5531,22
5532,22
5533,20
5534,20
5535,22
5536,20
5537,22
5538,17
5539,22
5540,1
5541,22
5542,12
5543,20
5544,17
5545,17
5546,17
5547,17
5548,17
5549,17
5550,17
5551,17
5552,17
5553,17
5554,0
5555,17
5556,17
5557,17
5558,9
5559,9
5560,9
5561,9
5562,9
5563,17
5564,17
5565,17
5566,9
5567,9
5568,9
5569,9
5570,9
5571,9
5572,9
5573,9
5574,9
5575,15
5576,15
5577,6
5578,9
5579,9
5580,9
5581,9
5582,9
5583,9
5584,9
5585,9
5586,9
5587,9
5588,1
5589,17
5590,1
5591,22
5592,17
5593,17
5594,17
5595,17
5596,22
5597,22
5598,22
5599,22
5600,22
5601,22
5602,22
5603,22
5604,22
5605,22
5606,22
5607,22
5608,22
5609,22
5610,17
5611,22
5612,17
5613,17
5614,17
5615,17
5616,17
5617,18
5618,20
5619,20
5620,20
5621,20
5622,20
5623,20
5624,20
5625,20
5626,22
5627,22
5628,22
5629,22
5630,22
5631,22
5632,22
5633,22
5634,22
5635,22
5636,22
5637,2
5638,22
5639,22
5640,22
5641,22
5642,22
5643,22
5644,22
5645,22
5646,22
5647,22
5648,22
5649,22
5650,22
5651,0
5652,0
5653,0
5654,19
5655,22
5656,22
5657,22
5658,22
5659,22
5660,22
5661,22
5662,22
5663,17
5664,17
5665,17
5666,17
5667,17
5668,17
5669,22
5670,13
5671,22
5672,22
5673,22
5674,22
5675,22
5676,22
5677,22
5678,22
5679,22
5680,22
5681,22
5682,22
5683,22
5684,22
5685,21
5686,0
5687,21
5688,12
5689,12
5690,3
5691,17
5692,20
5693,20
5694,20
5695,20
5696,20
5697,17
5698,17
5699,16
5700,16
5701,16
5702,17
5703,20
5704,16
5705,16
5706,16
5707,16
5708,16
5709,16
5710,16
5711,16
5712,16
5713,17
5714,17
5715,17
5716,20
5717,6
5718,17
5719,20
5720,17
5721,17
5722,17
5723,1
5724,10
5725,17
5726,22
5727,22
5728,22
5729,22
5730,22
5731,22
5732,22
5733,22
5734,22
5735,22
5736,22
5737,22
5738,22
5739,22
5740,22
5741,22
5742,22
5743,22
5744,22
5745,22
5746,22
5747,22
5748,22
5749,22
5750,22
5751,22
5752,17
5753,17
5754,17
5755,17
5756,17
5757,17
5758,17
5759,22
5760,22
5761,22
5762,22
5763,22
5764,22
5765,22
5766,22
5767,22
5768,22
5769,22
5770,22
5771,22
5772,17
5773,8
5774,22
5775,17
5776,17
5777,17
5778,17
5779,0
5780,0
5781,0
5782,0
5783,22
5784,22
5785,20
5786,20
5787,17
5788,17
5789,22
5790,17
5791,17
5792,17
5793,22
5794,22
5795,22
5796,1
5797,1
5798,1
5799,17
5800,0
5801,0
5802,22
5803,22
5804,22
5805,22
5806,22
5807,22
5808,22
5809,22
5810,22
5811,22
5812,22
5813,22
5814,22
5815,6
5816,22
5817,22
5818,22
5819,22
5820,22
5821,22
5822,22
5823,22
5824,22
5825,22
5826,22
5827,22
5828,22
5829,22
5830,22
5831,22
5832,22
5833,22
5834,22
5835,22
5836,22
5837,22
5838,22
5839,22
5840,22
5841,22
5842,22
5843,22
5844,22
5845,22
5846,22
5847,22
5848,22
5849,17
5850,22
5851,22
5852,22
5853,22
5854,22
5855,22
5856,22
5857,22
5858,22
5859,22
5860,22
5861,22
5862,0
5863,10
5864,22
5865,22
5866,22
5867,22
5868,17
5869,17
5870,22
5871,17
5872,22
5873,22
5874,22
5875,22
5876,22
5877,22
5878,22
5879,22
5880,22
5881,22
5882,17
5883,22
5884,22
5885,20
5886,17
5887,17
5888,3
5889,22
5890,22
5891,22
5892,22
5893,22
5894,22
5895,20
5896,20
5897,22
5898,22
5899,22
5900,22
5901,22
5902,22
5903,22
5904,22
5905,22
5906,22
5907,22
5908,22
5909,22
5910,22
5911,22
5912,22
5913,22
5914,13
5915,15
5916,22
5917,22
5918,22
5919,22
5920,20
5921,22
5922,17
5923,17
5924,21
5925,22
5926,22
5927,20
5928,11
5929,11
5930,17
5931,22
5932,22
5933,22
5934,22
5935,22
5936,22
5937,22
5938,22
5939,22
5940,0
5941,0
5942,0
5943,0
5944,0
5945,0
5946,0
5947,0
5948,22
5949,22
5950,22
5951,22
5952,16
5953,16
5954,21
5955,21
5956,21
5957,1
5958,21
5959,11
5960,21
5961,21
5962,21
5963,21
5964,11
5965,22
5966,22
5967,22
5968,17
5969,15
5970,20
5971,22
5972,16
5973,22
5974,22
5975,13
5976,22
5977,22
5978,22
5979,22
5980,22
5981,22
5982,22
5983,17
5984,15
5985,22
5986,16
5987,22
5988,22
5989,22
5990,22
5991,22
5992,0
5993,17
5994,17
5995,17
5996,22
5997,22
5998,22
5999,22
6000,22
6001,22
6002,2
6003,2
6004,2
6005,2
6006,2
6007,2
6008,2
6009,22
6010,6
6011,22
6012,22
6013,22
6014,22
6015,22
6016,20
6017,17
6018,17
6019,17
6020,17
6021,17
6022,17
6023,17
6024,17
6025,17
6026,17
6027,17
6028,17
6029,17
6030,17
6031,17
6032,17
6033,17
6034,15
6035,17
6036,17
6037,17
6038,17
6039,22
6040,21
6041,16
6042,21
6043,21
6044,21
6045,21
6046,21
6047,21
6048,21
6049,16
6050,21
6051,21
6052,21
6053,21
6054,21
6055,21
6056,21
6057,21
6058,21
6059,21
6060,21
6061,21
6062,21
6063,21
6064,21
6065,12
6066,21
6067,7
6068,21
6069,21
6070,21
6071,21
6072,21
6073,21
6074,21
6075,21
6076,1
6077,21
6078,21
6079,21
6080,12
6081,21
6082,21
6083,21
6084,21
6085,21
6086,21
6087,21
6088,21
6089,21
6090,21
6091,21
6092,21
6093,21
6094,21
6095,21
6096,21
6097,21
6098,21
6099,21
6100,21
6101,10
6102,21
6103,16
6104,21
6105,21
6106,21
6107,21
6108,21
6109,21
6110,21
6111,21
6112,21
6113,21
6114,21
6115,21
6116,21
6117,21
6118,21
6119,21
6120,21
6121,21
6122,21
6123,21
6124,21
6125,21
6126,21
6127,21
6128,21
6129,21
6130,21
6131,21
6132,21
6133,10
6134,21
6135,21
6136,21
6137,21
6138,21
6139,11
6140,11
6141,11
6142,21
6143,16
6144,16
6145,7
6146,7
6147,7
6148,7
6149,7
6150,18
6151,7
6152,7
6153,7
6154,18
6155,7
6156,7
6157,7
6158,7
6159,7
6160,7
6161,7
6162,7
6163,7
6164,7
6165,7
6166,21
6167,21
6168,21
6169,18
6170,21
6171,21
6172,21
6173,16
6174,21
6175,21
6176,21
6177,21
6178,21
6179,21
6180,21
6181,16
6182,18
6183,18
6184,18
6185,18
6186,18
6187,18
6188,18
6189,18
6190,18
6191,16
6192,16
6193,16
6194,16
6195,22
6196,5
6197,22
6198,22
6199,22
6200,22
6201,22
6202,22
6203,22
6204,22
6205,22
6206,22
6207,22
6208,22
6209,5
6210,5
6211,5
6212,5
6213,22
6214,22
6215,20
6216,18
6217,18
6218,20
6219,20
6220,20
6221,20
6222,18
6223,20
6224,20
6225,20
6226,20
6227,20
6228,20
6229,12
6230,9
6231,17
6232,9
6233,0
6234,0
6235,0
6236,9
6237,9
6238,9
6239,9
6240,9
6241,20
6242,20
6243,1
6244,17
6245,17
6246,1
6247,17
6248,17
6249,12
6250,1
6251,22
6252,15
6253,22
6254,22
6255,22
6256,9
6257,9
6258,9
6259,9
6260,9
6261,22
6262,0
6263,22
6264,22
6265,0
6266,13
6267,13
6268,20
6269,20
6270,16
6271,16
6272,16
6273,16
6274,16
6275,16
6276,16
6277,16
6278,16
6279,16
6280,16
6281,3
6282,21
6283,21
6284,16
6285,16
6286,16
6287,16
6288,16
6289,16
6290,21
6291,16
6292,16
6293,16
6294,16
6295,16
6296,16
6297,16
6298,16
6299,16
6300,16
6301,16
6302,16
6303,16
6304,10
6305,16
6306,16
6307,16
6308,16
6309,16
6310,16
6311,16
6312,16
6313,16
6314,16
6315,16
6316,16
6317,10
6318,10
6319,18
6320,18
6321,18
6322,18
6323,18
6324,18
6325,18
6326,18
6327,20
6328,22
6329,17
6330,17
6331,17
6332,17
6333,17
6334,22
6335,17
6336,17
6337,17
6338,17
6339,17
6340,17
6341,17
6342,0
6343,22
6344,22
6345,22
6346,15
6347,15
6348,20
6349,22
6350,22
6351,20
6352,20
6353,17
6354,12
6355,17
6356,17
6357,17
6358,16
6359,10
6360,10
6361,10
6362,10
6363,10
6364,10
6365,10
6366,10
6367,10
6368,16
6369,10
6370,10
6371,1
6372,1
6373,7
6374,1
6375,1
6376,1
6377,1
6378,1
6379,1
6380,1
6381,1
6382,1
6383,3
6384,1
6385,1
6386,1
6387,1
6388,1
6389,1
6390,16
6391,16
6392,16
6393,16
6394,16
6395,15
6396,15
6397,15
6398,16
6399,16
6400,16
6401,16
6402,10
6403,10
6404,10
6405,10
6406,10
6407,10
6408,10
6409,10
6410,3
6411,10
6412,11
6413,1
6414,1
6415,10
6416,1
6417,1
6418,1
6419,1
6420,1
6421,3
6422,1
6423,17
6424,9
6425,21
6426,9
6427,9
6428,9
6429,9
6430,9
6431,9
6432,21
6433,21
6434,21
6435,17
6436,17
6437,17
6438,17
6439,12
6440,17
6441,17
6442,17
6443,3
6444,13
6445,17
6446,6
6447,20
6448,6
6449,17
6450,1
6451,1
6452,1
6453,1
6454,1
6455,1
6456,3
6457,3
6458,15
6459,18
6460,17
6461,17
6462,17
6463,17
6464,12
6465,12
6466,12
6467,12
6468,12
6469,12
6470,12
6471,1
6472,1
6473,11
6474,1
6475,1
6476,1
6477,1
6478,12
6479,12
6480,12
6481,12
6482,1
6483,1
6484,1
6485,3
6486,3
6487,3
6488,3
6489,3
6490,1
6491,1
6492,11
6493,21
6494,1
6495,1
6496,10
6497,1
6498,3
6499,3
6500,3
6501,3
6502,11
6503,3
6504,3
6505,11
6506,3
6507,11
6508,3
6509,3
6510,3
6511,10
6512,7
6513,1
6514,11
6515,1
6516,1
6517,3
6518,3
6519,1
6520,16
6521,1
6522,1
6523,20
6524,20
6525,20
6526,12
6527,12
6528,17
6529,9
6530,9
6531,12
6532,17
6533,17
6534,11
6535,11
6536,11
6537,11
6538,11
6539,11
6540,11
6541,11
6542,11
6543,11
6544,11
6545,11
6546,11
6547,11
6548,11
6549,11
6550,11
6551,11
6552,11
6553,11
6554,11
6555,11
6556,11
6557,11
6558,11
6559,11
6560,11
6561,11
6562,11
6563,11
6564,10
6565,11
6566,11
6567,11
6568,11
6569,11
6570,11
6571,11
6572,11
6573,11
6574,16
6575,11
6576,11
6577,11
6578,11
6579,11
6580,10
6581,10
6582,10
6583,10
6584,10
6585,10
6586,10
6587,10
6588,10
6589,10
6590,10
6591,10
6592,10
6593,10
6594,10
6595,10
6596,10
6597,10
6598,10
6599,10
6600,10
6601,10
6602,10
6603,10
6604,10
6605,10
6606,10
6607,10
6608,10
6609,10
6610,10
6611,10
6612,10
6613,10
6614,1
6615,3
6616,10
6617,10
6618,10
6619,6
6620,3
6621,10
6622,10
6623,10
6624,10
6625,10
6626,10
6627,10
6628,10
6629,10
6630,10
6631,10
6632,10
6633,10
6634,10
6635,10
6636,10
6637,10
6638,3
6639,10
6640,10
6641,10
6642,10
6643,10
6644,10
6645,10
6646,10
6647,10
6648,10
6649,10
6650,21
6651,10
6652,20
6653,20
6654,20
6655,20
6656,18
6657,20
6658,18
6659,7
6660,7
6661,7
6662,7
6663,18
6664,7
6665,16
6666,7
6667,7
6668,16
6669,20
6670,7
6671,7
6672,7
6673,7
6674,7
6675,18
6676,6
6677,1
6678,1
6679,1
6680,1
6681,1
6682,1
6683,1
6684,1
6685,1
6686,1
6687,3
6688,1
6689,17
6690,17
6691,17
6692,17
6693,17
6694,17
6695,17
6696,20
6697,17
6698,17
6699,1
6700,20
6701,20
6702,1
6703,20
6704,20
6705,20
6706,20
6707,20
6708,22
6709,18
6710,18
6711,18
6712,18
6713,17
6714,0
6715,18
6716,18
6717,18
6718,7
6719,18
6720,18
6721,18
6722,18
6723,18
6724,18
6725,11
6726,18
6727,18
6728,18
6729,18
6730,18
6731,18
6732,18
6733,18
6734,18
6735,18
6736,18
6737,18
6738,18
6739,7
6740,18
6741,18
6742,18
6743,18
6744,18
6745,18
6746,18
6747,7
6748,7
6749,7
6750,18
6751,18
6752,18
6753,18
6754,20
6755,3
6756,18
6757,18
6758,18
6759,18
6760,18
6761,20
6762,18
6763,18
6764,18
6765,18
6766,18
6767,18
6768,18
6769,20
6770,17
6771,17
6772,17
6773,17
6774,22
6775,18
6776,18
6777,18
6778,18
6779,18
6780,18
6781,18
6782,18
6783,18
6784,7
6785,7
6786,7
6787,7
6788,7
6789,7
6790,7
6791,7
6792,7
6793,16
6794,14
6795,14
6796,14
6797,14
6798,7
6799,7
6800,7
6801,7
6802,7
6803,7
6804,7
6805,18
6806,18
6807,18
6808,18
6809,10
6810,10
6811,16
6812,16
6813,10
6814,16
6815,21
6816,14
6817,14
6818,7
6819,7
6820,7
6821,7
6822,7
6823,7
6824,7
6825,7
6826,7
6827,7
6828,7
6829,7
6830,7
6831,7
6832,7
6833,7
6834,7
6835,7
6836,7
6837,14
6838,7
6839,7
6840,7
6841,7
6842,7
6843,9
6844,9
6845,9
6846,9
6847,9
6848,9
6849,9
6850,16
6851,12
6852,12
6853,12
6854,12
6855,12
6856,12
6857,12
6858,12
6859,9
6860,9
6861,16
6862,10
6863,17
6864,17
6865,17
6866,17
6867,17
6868,20
6869,17
6870,20
6871,13
6872,0
6873,0
6874,21
6875,1
6876,1
6877,1
6878,6
6879,6
6880,3
6881,16
6882,16
6883,16
6884,16
6885,16
6886,15
6887,16
6888,16
6889,16
6890,16
6891,16
6892,16
6893,16
6894,16
6895,16
6896,16
6897,7
6898,16
6899,16
6900,16
6901,16
6902,16
6903,10
6904,16
6905,16
6906,16
6907,16
6908,16
6909,16
6910,16
6911,16
6912,16
6913,16
6914,16
6915,16
6916,16
6917,16
6918,16
6919,16
6920,16
6921,16
6922,16
6923,16
6924,16
6925,16
6926,16
6927,16
6928,16
6929,16
6930,16
6931,16
6932,16
6933,16
6934,16
6935,16
6936,16
6937,16
6938,16
6939,16
6940,16
6941,16
6942,16
6943,10
6944,16
6945,16
6946,21
6947,16
6948,16
6949,16
6950,12
6951,12
6952,12
6953,16
6954,16
6955,16
6956,16
6957,16
6958,16
6959,16
6960,16
6961,16
6962,16
6963,16
6964,16
6965,16
6966,16
6967,16
6968,16
6969,21
6970,16
6971,16
6972,16
6973,16
6974,16
6975,16
6976,21
6977,15
6978,16
6979,16
6980,16
6981,16
6982,15
6983,15
6984,15
6985,15
6986,15
6987,15
6988,15
6989,15
6990,15
6991,15
6992,16
6993,16
6994,16
6995,16
6996,12
6997,12
6998,12
6999,12
7000,12
7001,16
7002,16
7003,10
7004,16
7005,16
7006,16
7007,16
7008,16
7009,21
7010,21
7011,12
7012,16
7013,16
7014,16
7015,16
7016,16
7017,16
7018,16
7019,21
7020,21
7021,21
7022,21
7023,21
7024,21
7025,21
7026,21
7027,21
7028,21
7029,21
7030,21
7031,21
7032,15
7033,15
7034,15
7035,15
7036,15
7037,15
7038,15
7039,15
7040,9
7041,15
7042,12
7043,12
7044,9
7045,12
7046,12
7047,9
7048,9
7049,9
7050,1
7051,1
7052,9
7053,21
7054,21
7055,12
7056,21
7057,12
7058,9
7059,9
7060,9
7061,9
7062,12
7063,9
7064,9
7065,9
7066,9
7067,6
7068,12
7069,10
7070,17
7071,17
7072,12
7073,12
7074,9
7075,12
7076,21
7077,1
7078,11
7079,11
7080,11
7081,11
7082,11
7083,11
7084,10
7085,10
7086,10
7087,10
7088,3
7089,10
7090,10
7091,3
7092,1
7093,1
7094,1
7095,1
7096,3
7097,1
7098,1
7099,21
7100,11
7101,1
7102,1
7103,11
7104,1
7105,1
7106,11
7107,11
7108,11
7109,11
7110,12
7111,1
7112,1
7113,17
7114,18
7115,18
7116,18
7117,18
7118,18
7119,18
7120,18
7121,18
7122,18
7123,18
7124,18
7125,18
7126,18
7127,18
7128,18
7129,18
7130,18
7131,18
7132,18
7133,18
7134,18
7135,18
7136,18
7137,18
7138,18
7139,18
7140,18
7141,18
7142,18
7143,20
7144,15
7145,15
7146,20
7147,20
7148,20
7149,20
7150,15
7151,20
7152,18
7153,18
7154,10
7155,10
7156,10
7157,10
7158,10
7159,10
7160,10
7161,10
7162,10
7163,1
7164,16
7165,16
7166,16
7167,16
7168,10
7169,1
7170,7
7171,15
7172,10
7173,10
7174,10
7175,10
7176,10
7177,10
7178,10
7179,10
7180,10
7181,10
7182,10
7183,10
7184,10
7185,6
7186,6
7187,1
7188,18
7189,18
7190,18
7191,18
7192,18
7193,18
7194,18
7195,18
7196,18
7197,18
7198,18
7199,18
7200,18
7201,18
7202,18
7203,18
7204,18
7205,18
7206,18
7207,18
7208,18
7209,18
7210,18
7211,18
7212,18
7213,18
7214,18
7215,18
7216,19
7217,18
7218,18
7219,18
7220,18
7221,18
7222,18
7223,18
7224,18
7225,18
7226,18
7227,18
7228,7
7229,18
7230,18
7231,7
7232,18
7233,7
7234,18
7235,18
7236,11
7237,7
7238,18
7239,7
7240,18
7241,18
7242,18
7243,16
7244,18
7245,10
7246,10
7247,7
7248,7
7249,18
7250,7
7251,7
7252,7
7253,18
7254,18
7255,18
7256,18
7257,18
7258,18
7259,18
7260,7
7261,7
7262,18
7263,18
7264,18
7265,18
7266,18
7267,19
7268,19
7269,19
7270,18
7271,7
7272,18
7273,7
7274,7
7275,18
7276,7
7277,7
7278,7
7279,7
7280,7
7281,7
7282,7
7283,7
7284,7
7285,7
7286,7
7287,7
7288,7
7289,7
7290,7
7291,7
7292,7
7293,7
7294,7
7295,7
7296,7
7297,7
7298,7
7299,7
7300,7
7301,3
7302,18
7303,7
7304,7
7305,7
7306,7
7307,7
7308,3
7309,7
7310,7
7311,18
7312,7
7313,3
7314,7
7315,7
7316,7
7317,11
7318,7
7319,3
7320,3
7321,7
7322,7
7323,7
7324,7
7325,11
7326,7
7327,7
7328,7
7329,7
7330,7
7331,7
7332,7
7333,18
7334,18
7335,18
7336,18
7337,7
7338,7
7339,7
7340,7
7341,7
7342,7
7343,7
7344,7
7345,21
7346,21
7347,18
7348,18
7349,18
7350,18
7351,18
7352,18
7353,18
7354,19
7355,7
7356,7
7357,7
7358,7
7359,7
7360,7
7361,7
7362,11
7363,11
7364,11
7365,11
7366,11
7367,11
7368,11
7369,11
7370,11
7371,11
7372,7
7373,21
7374,11
7375,11
7376,11
7377,11
7378,18
7379,18
7380,18
7381,20
7382,10
7383,16
7384,12
7385,10
7386,21
7387,16
7388,6
7389,16
7390,16
7391,21
7392,21
7393,16
7394,16
7395,10
7396,16
7397,21
7398,10
7399,10
7400,10
7401,21
7402,12
7403,10
7404,10
7405,10
7406,10
7407,10
7408,6
7409,10
7410,10
7411,10
7412,10
7413,16
7414,10
7415,3
7416,21
7417,3
7418,3
7419,3
7420,3
7421,3
7422,10
7423,3
7424,3
7425,16
7426,21
7427,21
7428,21
7429,3
7430,21
7431,21
7432,21
7433,16
7434,15
7435,16
7436,3
7437,3
7438,1
7439,1
7440,1
7441,21
7442,21
7443,1
7444,21
7445,21
7446,21
7447,21
7448,21
7449,21
7450,11
7451,1
7452,1
7453,21
7454,21
7455,21
7456,11
7457,21
7458,9
7459,9
7460,11
7461,11
7462,11
7463,11
7464,11
7465,11
7466,11
7467,11
7468,11
7469,7
7470,18
7471,18
7472,18
7473,18
7474,18
7475,11
7476,11
7477,11
7478,11
7479,11
7480,11
7481,11
7482,11
7483,11
7484,11
7485,11
7486,11
7487,11
7488,11
7489,11
7490,11
7491,11
7492,11
7493,7
7494,7
7495,7
7496,7
7497,7
7498,7
7499,7
7500,7
7501,19
7502,19
7503,18
7504,10
7505,10
7506,7
7507,10
7508,10
7509,10
7510,10
7511,3
7512,3
7513,3
7514,3
7515,3
7516,3
7517,7
7518,3
7519,3
7520,7
7521,20
7522,20
7523,20
7524,20
7525,20
7526,20
7527,20
7528,20
7529,20
7530,20
7531,20
7532,20
7533,18
7534,6
7535,6
7536,15
7537,20
7538,20
7539,20
7540,20
7541,20
7542,20
7543,20
7544,20
7545,20
7546,20
7547,15
7548,15
7549,15
7550,15
7551,15
7552,15
7553,15
7554,15
7555,15
7556,6
7557,6
7558,6
7559,6
7560,6
7561,6
7562,6
7563,6
7564,0
7565,6
7566,6
7567,13
7568,20
7569,20
7570,20
7571,20
7572,20
7573,20
7574,20
7575,18
7576,20
7577,20
7578,20
7579,20
7580,20
7581,20
7582,20
7583,20
7584,20
7585,20
7586,20
7587,20
7588,20
7589,20
7590,20
7591,20
7592,20
7593,20
7594,20
7595,20
7596,12
7597,6
7598,6
7599,6
7600,0
7601,0
7602,6
7603,1
7604,6
7605,6
7606,6
7607,6
7608,3
7609,21
7610,1
7611,1
7612,1
7613,1
7614,1
7615,1
7616,3
7617,3
7618,1
7619,1
7620,1
7621,21
7622,10
7623,10
7624,10
7625,10
7626,10
7627,10
7628,10
7629,10
7630,10
7631,10
7632,10
7633,10
7634,10
7635,10
7636,17
7637,12
7638,17
7639,13
7640,0
7641,20
7642,18
7643,18
7644,18
7645,18
7646,22
7647,20
7648,20
7649,20
7650,20
7651,18
7652,18
7653,18
7654,17
7655,5
7656,20
7657,17
7658,17
7659,17
7660,20
7661,17
7662,17
7663,17
7664,17
7665,17
7666,9
7667,9
7668,9
7669,9
7670,9
7671,9
7672,9
7673,9
7674,9
7675,21
7676,9
7677,9
7678,9
7679,3
7680,9
7681,9
7682,9
7683,9
7684,9
7685,9
7686,12
7687,12
7688,12
7689,12
7690,17
7691,9
7692,9
7693,21
7694,21
7695,21
7696,21
7697,21
7698,21
7699,21
7700,21
7701,21
7702,21
7703,21
7704,21
7705,21
7706,21
7707,21
7708,21
7709,21
7710,21
7711,21
7712,21
7713,21
7714,21
7715,21
7716,21
7717,21
7718,21
7719,21
7720,21
7721,9
7722,9
7723,12
7724,17
7725,16
7726,16
7727,16
7728,17
7729,12
7730,12
7731,17
7732,17
7733,21
7734,1
7735,1
7736,1
7737,1
7738,1
7739,1
7740,1
7741,1
7742,1
7743,1
7744,1
7745,1
7746,1
7747,1
7748,1
7749,19
7750,2
7751,2
7752,2
7753,22
7754,2
7755,2
7756,2
7757,10
7758,21
7759,3
7760,1
7761,17
7762,17
7763,18
7764,18
7765,18
7766,18
7767,18
7768,18
7769,18
7770,3
7771,10
7772,10
7773,1
7774,10
7775,10
7776,10
7777,10
7778,10
7779,10
7780,10
7781,3
7782,10
7783,10
7784,10
7785,10
7786,10
7787,10
7788,3
7789,10
7790,10
7791,1
7792,1
7793,1
7794,1
7795,1
7796,11
7797,17
7798,21
7799,21
7800,1
7801,1
7802,1
7803,1
7804,21
7805,21
7806,1
7807,6
7808,6
7809,6
7810,6
7811,6
7812,6
7813,6
7814,6
7815,6
7816,6
7817,6
7818,6
7819,6
7820,6
7821,1
7822,17
7823,22
7824,11
7825,6
7826,21
7827,7
7828,7
7829,7
7830,7
7831,1
7832,1
7833,10
7834,10
7835,10
7836,10
7837,10
7838,10
7839,16
7840,10
7841,10
7842,10
7843,0
7844,1
7845,16
7846,22
7847,1
7848,0
7849,22
7850,22
7851,22
7852,12
7853,0
7854,13
7855,13
7856,22
7857,9
7858,7
7859,15
7860,15
7861,15
7862,7
7863,7
7864,3
7865,3
7866,7
7867,7
7868,11
7869,20
7870,22
7871,20
7872,3
7873,3
7874,3
7875,3
7876,3
7877,3
7878,1
7879,3
7880,1
7881,3
7882,3
7883,3
7884,3
7885,3
7886,11
7887,10
7888,3
7889,10
7890,3
7891,3
7892,3
7893,10
7894,10
7895,10
7896,10
7897,10
7898,10
7899,10
7900,10
7901,3
7902,10
7903,10
7904,10
7905,10
7906,10
7907,10
7908,10
7909,10
7910,10
7911,10
7912,10
7913,10
7914,10
7915,10
7916,10
7917,10
7918,10
7919,10
7920,10
7921,10
7922,10
7923,10
7924,10
7925,10
7926,10
7927,10
7928,10
7929,10
7930,10
7931,10
7932,10
7933,10
7934,10
7935,10
7936,10
7937,10
7938,10
7939,10
7940,10
7941,10
7942,10
7943,10
7944,10
7945,10
7946,10
7947,10
7948,10
7949,16
7950,10
7951,10
7952,10
7953,10
7954,10
7955,10
7956,10
7957,10
7958,10
7959,10
7960,22
7961,5
7962,3
7963,17
7964,10
7965,10
7966,10
7967,3
7968,3
7969,3
7970,14
7971,14
7972,14
7973,14
7974,14
7975,14
7976,14
7977,14
7978,14
7979,14
7980,14
7981,7
7982,14
7983,14
7984,14
7985,14
7986,14
7987,14
7988,14
7989,14
7990,14
7991,14
7992,14
7993,14
7994,14
7995,14
7996,14
7997,14
7998,7
7999,7
8000,7
8001,7
8002,16
8003,16
8004,16
8005,16
8006,16
8007,21
8008,21
8009,22
8010,12
8011,12
8012,16
8013,16
8014,16
8015,16
8016,16
8017,16
8018,6
8019,12
8020,10
8021,10
8022,10
8023,21
8024,21
8025,10
8026,10
8027,10
8028,10
8029,11
8030,11
8031,11
8032,11
8033,1
8034,11
8035,21
8036,21
8037,21
8038,21
8039,21
8040,21
8041,3
8042,3
8043,6
8044,6
8045,14
8046,14
8047,14
8048,14
8049,14
8050,14
8051,16
8052,16
8053,16
8054,16
8055,16
8056,16
8057,12
8058,12
8059,12
8060,12
8061,12
8062,12
8063,12
8064,12
8065,12
8066,12
8067,12
8068,12
8069,12
8070,12
8071,7
8072,12
8073,12
8074,12
8075,12
8076,9
8077,17
8078,9
8079,12
8080,10
8081,7
8082,12
8083,12
8084,15
8085,15
8086,15
8087,15
8088,15
8089,15
8090,15
8091,15
8092,15
8093,18
8094,15
8095,15
8096,15
8097,15
8098,15
8099,15
8100,15
8101,15
8102,15
8103,15
8104,15
8105,15
8106,15
8107,15
8108,15
8109,15
8110,10
8111,10
8112,10
8113,10
8114,10
8115,12
8116,9
8117,22
8118,22
8119,22
8120,22
8121,7
8122,7
8123,7
8124,19
8125,19
8126,19
8127,19
8128,19
8129,19
8130,19
8131,19
8132,19
8133,19
8134,19
8135,19
8136,22
8137,22
8138,20
8139,20
8140,20
8141,20
8142,18
8143,19
8144,19
8145,19
8146,7
8147,20
8148,15
8149,15
8150,20
8151,20
8152,20
8153,20
8154,20
8155,17
8156,20
8157,18
8158,18
8159,18
8160,22
8161,20
8162,22
8163,18
8164,18
8165,6
8166,17
8167,1
8168,1
8169,22
8170,19
8171,22
8172,10
8173,22
8174,22
8175,12
8176,12
8177,16
8178,16
8179,16
8180,18
8181,1
8182,1
8183,1
8184,1
8185,1
8186,1
8187,1
8188,12
8189,13
8190,6
8191,10
8192,10
8193,10
8194,10
8195,10
8196,10
8197,10
8198,11
8199,11
8200,10
8201,1
8202,11
8203,10
8204,10
8205,16
8206,16
8207,10
8208,10
8209,10
8210,10
8211,10
8212,10
8213,10
8214,10
8215,10
8216,10
8217,7
8218,10
8219,16
8220,21
8221,16
8222,16
8223,16
8224,16
8225,16
8226,16
8227,16
8228,14
8229,7
8230,21
8231,21
8232,21
8233,7
8234,0
8235,0
8236,0
8237,18
8238,18
8239,18
8240,18
8241,6
8242,6
8243,6
8244,6
8245,3
8246,3
8247,3
8248,7
8249,1
8250,7
8251,7
8252,3
8253,21
8254,1
8255,1
8256,11
8257,10
8258,10
8259,16
8260,10
8261,18
8262,18
8263,18
8264,18
8265,18
8266,12
8267,12
8268,12
8269,1
8270,16
8271,16
8272,10
8273,7
8274,7
8275,3
8276,3
8277,7
8278,7
8279,17
8280,10
8281,10
8282,16
8283,7
8284,7
8285,7
8286,7
8287,7
8288,7
8289,7
8290,3
8291,3
8292,3
8293,3
8294,3
8295,3
8296,3
8297,3
8298,10
8299,10
8300,21
8301,10
8302,10
8303,10
8304,10
8305,10
8306,10
8307,10
8308,10
8309,10
8310,10
8311,10
8312,10
8313,3
8314,3
8315,3
8316,3
8317,21
8318,17
8319,3
8320,16
8321,16
8322,16
8323,16
8324,16
8325,7
8326,7
8327,21
8328,21
8329,16
8330,16
8331,16
8332,14
8333,14
8334,7
8335,10
8336,10
8337,10
8338,9
8339,9
8340,10
8341,16
8342,10
8343,10
8344,10
8345,10
8346,10
8347,10
8348,10
8349,10
8350,10
8351,10
8352,10
8353,10
8354,10
8355,10
8356,16
8357,16
8358,10
8359,3
8360,11
8361,3
8362,21
8363,14
8364,14
8365,21
8366,21
8367,21
8368,21
8369,1
8370,16
8371,11
8372,11
8373,21
8374,21
8375,21
8376,14
8377,14
8378,16
8379,16
8380,16
8381,16
8382,22
8383,16
8384,3
8385,3
8386,3
8387,3
8388,15
8389,14
8390,11
8391,11
8392,11
8393,11
8394,11
8395,18
8396,18
8397,18
8398,18
8399,15
8400,15
8401,17
8402,17
8403,1
8404,3
8405,3
8406,3
8407,3
8408,11
8409,11
8410,11
8411,11
8412,11
8413,11
8414,9
8415,11
8416,11
8417,11
8418,11
8419,11
8420,10
8421,10
8422,11
8423,11
8424,3
8425,11
8426,11
8427,18
8428,18
8429,18
8430,18
8431,18
8432,18
8433,0
8434,0
8435,0
8436,0
8437,22
8438,22
8439,1
8440,20
8441,20
8442,20
8443,20
8444,20
8445,10
8446,10
8447,10
8448,17
8449,12
8450,18
8451,18
8452,18
8453,18
8454,18
8455,18
8456,18
8457,18
8458,18
8459,18
8460,18
8461,18
8462,18
8463,18
8464,18
8465,18
8466,18
8467,18
8468,18
8469,18
8470,21
8471,21
8472,21
8473,21
8474,21
8475,21
8476,21
8477,12
8478,21
8479,21
8480,6
8481,6
8482,6
8483,6
8484,6
8485,6
8486,6
8487,10
8488,21
8489,10
8490,9
8491,9
8492,13
8493,10
8494,10
8495,16
8496,1
8497,9
8498,1
8499,1
8500,6
8501,9
8502,9
8503,9
8504,20
8505,10
8506,20
8507,20
8508,20
8509,22
8510,0
8511,22
8512,17
8513,17
8514,17
8515,0
8516,9
8517,22
8518,22
8519,22
8520,22
8521,22
8522,22
8523,22
8524,22
8525,22
8526,22
8527,22
8528,22
8529,22
8530,22
8531,22
8532,22
8533,22
8534,20
8535,22
8536,22
8537,17
8538,17
8539,1
8540,1
8541,1
8542,1
8543,18
8544,17
8545,12
8546,12
8547,12
8548,1
8549,12
8550,22
8551,1
8552,1
8553,22
8554,22
8555,22
8556,22
8557,22
8558,22
8559,22
8560,22
8561,22
8562,22
8563,22
8564,22
8565,22
8566,22
8567,22
8568,22
8569,22
8570,22
8571,22
8572,22
8573,22
8574,22
8575,22
8576,22
8577,22
8578,22
8579,22
8580,22
8581,22
8582,22
8583,22
8584,22
8585,22
8586,22
8587,22
8588,20
8589,22
8590,22
8591,22
8592,22
8593,22
8594,22
8595,22
8596,22
8597,22
8598,22
8599,20
8600,22
8601,22
8602,22
8603,22
8604,22
8605,22
8606,22
8607,22
8608,22
8609,22
8610,22
8611,22
8612,22
8613,22
8614,22
8615,22
8616,0
8617,22
8618,22
8619,22
8620,22
8621,22
8622,22
8623,22
8624,22
8625,10
8626,22
8627,22
8628,22
8629,22
8630,22
8631,22
8632,22
8633,22
8634,22
8635,22
8636,22
8637,22
8638,22
8639,22
8640,22
8641,22
8642,22
8643,6
8644,7
8645,10
8646,22
8647,9
8648,6
8649,9
8650,18
8651,20
8652,20
8653,17
8654,17
8655,18
8656,18
8657,18
8658,18
8659,18
8660,1
8661,21
8662,9
8663,7
8664,19
8665,19
8666,12
8667,1
8668,17
8669,17
8670,1
8671,1
8672,21
8673,6
8674,7
8675,6
8676,10
8677,19
8678,10
8679,10
8680,3
8681,3
8682,18
8683,18
8684,12
8685,18
8686,7
8687,18
8688,18
8689,18
8690,18
8691,18
8692,11
8693,7
8694,7
8695,7
8696,0
8697,0
8698,0
8699,16
8700,16
8701,22
8702,1
8703,11
8704,11
8705,1
8706,3
8707,3
8708,3
8709,3
8710,1
8711,3
8712,15
8713,21
8714,17
8715,18
8716,16
8717,0
8718,0
8719,0
8720,0
8721,16
8722,22
8723,22
8724,22
8725,22
8726,22
8727,22
8728,22
8729,7
8730,18
8731,16
8732,3
8733,3
8734,18
8735,6
8736,6
8737,22
8738,12
8739,12
8740,9
8741,17
8742,3
8743,11
8744,12
8745,20
8746,18
8747,18
8748,18
8749,7
8750,18
8751,20
8752,20
8753,1
8754,1
8755,0
8756,0
8757,0
8758,0
8759,22
8760,22
8761,22
8762,22
8763,22
8764,22
8765,22
8766,22
8767,22
8768,22
8769,22
8770,22
8771,22
8772,22
8773,22
8774,22
8775,22
8776,22
8777,15
8778,22
8779,22
8780,20
8781,22
8782,22
8783,15
8784,20
8785,22
8786,22
8787,22
8788,22
8789,12
8790,15
8791,22
8792,22
8793,22
8794,22
8795,22
8796,1
8797,22
8798,22
8799,22
8800,22
8801,22
8802,22
8803,22
8804,22
8805,22
8806,22
8807,22
8808,13
8809,17
8810,13
8811,15
8812,1
8813,1
8814,10
8815,10
8816,15
8817,15
8818,7
8819,22
8820,18
8821,22
8822,22
8823,22
8824,22
8825,22
8826,22
8827,22
8828,22
8829,7
8830,3
8831,7
8832,7
8833,10
8834,10
8835,10
8836,22
8837,22
8838,22
8839,2
8840,16
8841,16
8842,22
8843,22
8844,22
8845,11
8846,11
8847,11
8848,3
8849,15
8850,15
8851,15
8852,15
8853,15
8854,15
8855,15
8856,15
8857,15
8858,15
8859,15
8860,22
8861,15
8862,9
8863,3
8864,1
8865,1
8866,21
8867,21
8868,6
8869,11
8870,11
8871,11
8872,11
8873,11
8874,11
8875,17
8876,21
8877,6
8878,6
8879,6
8880,12
8881,3
8882,20
8883,20
8884,20
8885,17
8886,9
8887,7
8888,7
8889,6
8890,6
8891,6
8892,10
8893,21
8894,17
8895,21
8896,21
8897,21
8898,21
8899,7
8900,10
8901,3
8902,3
8903,11
8904,11
8905,11
8906,11
8907,21
8908,17
8909,6
8910,0
8911,0
8912,0
8913,0
8914,1
8915,1
8916,10
8917,17
8918,3
8919,3
8920,3
8921,3
8922,7
8923,7
8924,7
8925,7
8926,19
8927,19
8928,19
8929,19
8930,9
8931,21
8932,0
8933,13
8934,6
8935,15
8936,15
8937,22
8938,22
8939,1
8940,1
8941,1
8942,1
8943,1
8944,1
8945,1
8946,1
8947,1
8948,1
8949,10
8950,18
8951,18
8952,18
8953,16
8954,16
8955,16
8956,18
8957,1
8958,12
8959,12
8960,7
8961,7
8962,7
8963,7
8964,17
8965,17
8966,17
8967,1
8968,1
8969,1
8970,3
8971,3
8972,10
8973,10
8974,16
8975,15
8976,15
8977,15
8978,22
8979,22
8980,12
8981,12
8982,12
8983,10
8984,10
8985,1
8986,21
8987,21
8988,22
8989,16
8990,11
8991,20
8992,20
8993,20
8994,20
8995,20
8996,20
8997,20
8998,20
8999,20
9000,20
9001,20
9002,20
9003,20
9004,20
9005,20
9006,20
9007,20
9008,20
9009,20
9010,20
9011,7
9012,3
9013,3
9014,0
9015,0
9016,0
9017,0
9018,17
9019,9
9020,3
9021,1
9022,18
9023,18
9024,18
9025,16
9026,12
9027,7
9028,9
9029,10
9030,10
9031,15
9032,22
9033,22
9034,15
9035,15
9036,0
9037,0
9038,22
9039,22
9040,22
9041,22
9042,22
9043,10
9044,10
9045,10
9046,10
9047,10
9048,10
9049,1
9050,10
9051,16
9052,16
9053,21
9054,21
9055,18
9056,18
9057,18
9058,18
9059,18
9060,22
9061,22
9062,18
9063,22
9064,22
9065,22
9066,22
9067,22
9068,22
9069,22
9070,22
9071,16
9072,16
9073,7
9074,11
9075,11
9076,11
9077,11
9078,11
9079,1
9080,1
9081,21
9082,21
9083,1
9084,18
9085,21
9086,1
9087,3
9088,1
9089,1
9090,18
9091,1
9092,1
9093,1
9094,16
9095,18
9096,18
9097,16
9098,1
9099,3
9100,3
9101,21
9102,18
9103,22
9104,20
9105,1
9106,1
9107,1
9108,1
9109,1
9110,0
9111,11
9112,3
9113,6
9114,6
9115,6
9116,7
9117,7
9118,7
9119,7
9120,3
9121,3
9122,3
9123,3
9124,20
9125,20
9126,15
9127,15
9128,18
9129,6
9130,10
9131,1
9132,1
9133,1
9134,18
9135,18
9136,18
9137,18
9138,9
9139,0
9140,11
9141,11
9142,11
9143,9
9144,6
9145,17
9146,12
9147,12
9148,12
9149,12
9150,12
9151,22
9152,22
9153,19
9154,19
9155,7
9156,7
9157,7
9158,7
9159,7
9160,7
9161,7
9162,7
9163,7
9164,7
9165,7
9166,7
9167,7
9168,7
9169,7
9170,17
9171,0
9172,0
9173,17
9174,3
9175,3
9176,3
9177,3
9178,18
9179,18
9180,11
9181,22
9182,10
9183,2
9184,2
9185,2
9186,10
9187,10
9188,18
9189,18
9190,6
9191,6
9192,6
9193,6
9194,17
9195,13
9196,1
9197,18
9198,10
9199,10
9200,16
9201,0
9202,18
9203,18
9204,18
9205,18
9206,15
9207,15
9208,9
9209,9
9210,9
9211,9
9212,9
9213,9
9214,11
9215,4
9216,11
9217,11
9218,9
9219,9
9220,9
9221,12
9222,1
9223,11
9224,11
9225,11
9226,11
9227,10
9228,18
9229,16
9230,16
9231,16
9232,16
9233,21
9234,21
9235,21
9236,17
9237,22
9238,11
9239,11
9240,7
9241,7
9242,7
9243,7
9244,7
9245,22
9246,22
9247,22
9248,22
9249,22
9250,22
9251,6
9252,12
9253,21
9254,21
9255,21
9256,21
9257,20
9258,20
9259,20
9260,7
9261,7
9262,7
9263,7
9264,7
9265,7
9266,7
9267,7
9268,7
9269,7
9270,7
9271,1
9272,21
9273,21
9274,21
9275,16
9276,16
9277,11
9278,11
9279,11
9280,11
9281,1
9282,21
9283,11
9284,11
9285,11
9286,11
9287,11
9288,18
9289,17
9290,7
9291,9
9292,9
9293,6
9294,20
9295,20
9296,21
9297,21
9298,6
9299,6
9300,6
9301,6
9302,1
9303,1
9304,1
9305,7
9306,10
9307,10
9308,10
9309,11
9310,11
9311,11
9312,1
9313,7
9314,7
9315,10
9316,10
9317,1
9318,7
9319,7
9320,1
9321,1
9322,1
9323,16
9324,1
9325,1
9326,1
9327,1
9328,11
9329,11
9330,11
9331,11
9332,3
9333,1
9334,1
9335,9
9336,8
9337,13
9338,13
9339,6
9340,6
9341,6
9342,6
9343,6
9344,6
9345,14
9346,14
9347,20
9348,20
9349,20
9350,12
9351,20
9352,3
9353,20
9354,10
9355,10
9356,3
9357,18
9358,19
9359,19
9360,19
9361,19
9362,19
9363,1
9364,22
9365,22
9366,15
9367,22
9368,10
9369,0
9370,0
9371,1
9372,16
9373,16
9374,16
9375,16
9376,18
9377,5
9378,5
9379,10
9380,11
9381,11
9382,16
9383,16
9384,16
9385,16
9386,16
9387,16
9388,16
9389,22
9390,10
9391,15
9392,15
9393,21
9394,21
9395,3
9396,20
9397,20
9398,20
9399,20
9400,16
9401,7
9402,18
9403,15
9404,15
9405,6
9406,1
9407,1
9408,1
9409,10
9410,10
9411,10
9412,10
9413,10
9414,18
9415,17
9416,21
9417,21
9418,1
9419,10
9420,10
9421,10
9422,10
9423,10
9424,10
9425,10
9426,10
9427,10
9428,10
9429,10
9430,10
9431,10
9432,10
9433,10
9434,10
9435,10
9436,10
9437,10
9438,10
9439,10
9440,10
9441,9
9442,9
9443,10
9444,7
9445,7
9446,6
9447,3
9448,3
9449,3
9450,3
9451,11
9452,12
9453,12
9454,9
9455,14
9456,10
9457,1
9458,1
9459,7
9460,7
9461,16
9462,16
9463,16
9464,18
9465,9
9466,9
9467,18
9468,7
9469,18
9470,12
9471,12
9472,18
9473,3
9474,11
9475,18
9476,18
9477,22
9478,3
9479,10
9480,10
9481,12
9482,17
9483,22
9484,21
9485,10
9486,17
9487,17
9488,17
9489,17
9490,17
9491,18
9492,9
9493,9
9494,0
9495,0
9496,9
9497,9
9498,22
9499,22
9500,22
9501,19
9502,19
9503,19
9504,19
9505,19
9506,3
9507,21
9508,7
9509,10
9510,9
9511,9
9512,7
9513,16
9514,16
9515,22
9516,22
9517,15
9518,15
9519,15
9520,15
9521,15
9522,11
9523,18
9524,18
9525,18
9526,3
9527,9
9528,9
9529,22
9530,18
9531,21
9532,10
9533,21
9534,3
9535,3
9536,3
9537,1
9538,0
9539,16
9540,16
9541,16
9542,16
9543,16
9544,16
9545,1
9546,1
9547,4
9548,22
9549,21
9550,10
9551,10
9552,10
9553,10
9554,10
9555,14
9556,14
9557,20
9558,10
9559,10
9560,17
9561,16
9562,16
9563,16
9564,16
9565,7
9566,17
9567,17
9568,18
9569,9
9570,9
9571,20
9572,20
9573,16
9574,16
9575,16
9576,12
9577,6
9578,16
9579,7
9580,17
9581,17
9582,7
9583,12
9584,12
9585,8
9586,8
9587,12
9588,18
9589,6
9590,18
9591,18
9592,18
9593,7
9594,7
9595,7
9596,7
9597,9
9598,9
9599,2
9600,7
9601,16
9602,16
9603,15
9604,14
9605,14
9606,3
9607,16
9608,16
9609,16
9610,16
9611,16
9612,1
9613,17
9614,17
9615,7
9616,6
9617,6
9618,1
9619,12
9620,12
9621,19
9622,19
9623,19
9624,16
9625,20
9626,10
9627,1
9628,16
9629,9
9630,21
9631,21
9632,12
9633,22
9634,19
9635,11
9636,11
9637,17
9638,5
9639,18
9640,16
9641,7
9642,7
9643,7
9644,11
9645,11
9646,11
9647,11
9648,11
9649,9
9650,9
9651,9
9652,9
9653,21
9654,21
9655,11
9656,12
9657,7
9658,7
9659,7
9660,21
9661,21
9662,16
9663,16
9664,16
9665,16
9666,1
9667,21
9668,3
9669,20
9670,20
9671,20
9672,20
9673,20
9674,20
9675,21
9676,11
9677,11
9678,22
9679,11
9680,20
9681,1
9682,1
9683,7
9684,12
9685,7
9686,7
9687,3
9688,3
9689,3
9690,7
9691,7
9692,15
9693,15
9694,12
9695,1
9696,17
9697,22
9698,22
9699,0
9700,16
9701,16
9702,16
9703,10
9704,20
9705,1
9706,11
9707,11
9708,11
9709,3
9710,15
9711,9
9712,1
9713,1
9714,7
9715,12
9716,10
9717,9
9718,7
9719,17
9720,6
9721,6
9722,20
9723,20
9724,10
9725,9
9726,10
9727,19
9728,3
9729,6
9730,6
9731,6
9732,12
9733,12
9734,1
9735,6
9736,21
9737,11
9738,11
9739,16
9740,12
9741,15
9742,19
9743,19
9744,19
9745,1
9746,9
9747,7
9748,9
9749,22
9750,9
9751,10
9752,17
9753,3
9754,10
9755,10
9756,10
9757,22
9758,18
9759,18
9760,16
9761,20
9762,3
9763,10
9764,11
9765,11
9766,1
9767,10
9768,1
9769,10
9770,11
9771,19
9772,22
9773,1
9774,18
9775,0
9776,17
9777,17
9778,17
9779,3
9780,10
9781,10
9782,3
9783,18
9784,6
9785,21
9786,7
9787,7
9788,13
9789,20
9790,20
9791,12
9792,12
9793,12
9794,7
9795,0
9796,12
9797,22
9798,7
9799,11
9800,20
9801,7
9802,20
9803,20
9804,19
9805,7
9806,18
9807,12
9808,1
9809,10
9810,9
9811,0
9812,18
9813,20
9814,12
9815,12
9816,10
9817,21
9818,6
9819,7
9820,7
9821,15
9822,22
9823,22
9824,7
9825,9
9826,10
9827,17
9828,10
9829,15
9830,7
9831,6
9832,17
9833,18
9834,7
