node,community
0,13
1,13
2,13
3,13
4,29
5,13
6,13
7,13
8,13
9,13
10,13
11,13
12,13
13,13
14,13
15,13
16,13
17,13
18,13
19,13
20,13
21,12
22,13
23,13
24,13
25,14
26,14
27,13
28,13
29,13
30,13
31,13
32,13
33,13
34,13
35,12
36,0
37,0
38,0
39,13
40,14
41,25
42,8
43,25
44,14
45,13
46,13
47,13
48,13
49,13
50,13
51,13
52,13
53,13
54,13
55,13
56,13
57,13
58,13
59,13
60,8
61,13
62,13
63,13
64,13
65,13
66,13
67,13
68,13
69,16
70,13
71,13
72,12
73,14
74,14
75,14
76,14
77,14
78,14
79,0
80,14
81,14
82,14
83,0
84,14
85,14
86,14
87,14
88,14
89,14
90,5
91,14
92,14
93,14
94,14
95,14
96,25
97,25
98,25
99,25
100,25
101,25
102,25
103,25
104,8
105,25
106,25
107,25
108,25
109,25
110,25
111,25
112,25
113,25
114,25
115,25
116,8
117,1
118,25
119,8
120,8
121,13
122,13
123,25
124,1
125,12
126,8
127,8
128,8
129,8
130,8
131,12
132,8
133,8
134,12
135,8
136,8
137,8
138,29
139,8
140,8
141,8
142,8
143,1
144,8
145,8
146,8
147,8
148,25
149,25
150,25
151,25
152,25
153,19
154,8
155,25
156,25
157,25
158,25
159,25
160,25
161,25
162,25
163,25
164,25
165,25
166,8
167,25
168,8
169,25
170,25
171,25
172,25
173,25
174,14
175,14
176,13
177,8
178,14
179,14
180,13
181,13
182,13
183,13
184,13
185,13
186,14
187,13
188,13
189,13
190,13
191,13
192,13
193,13
194,13
195,25
196,2
197,25
198,2
199,25
200,25
201,13
202,16
203,25
204,25
205,25
206,25
207,25
208,25
209,25
210,16
211,12
212,12
213,13
214,13
215,13
216,13
217,13
218,13
219,8
220,8
221,8
222,13
223,8
224,8
225,29
226,8
227,8
228,25
229,8
230,8
231,19
232,8
233,8
234,5
235,8
236,8
237,8
238,5
239,5
240,29
241,25
242,8
243,5
244,8
245,8
246,8
247,5
248,8
249,8
250,5
251,8
252,8
253,8
254,8
255,8
256,8
257,8
258,8
259,5
260,8
261,14
262,8
263,8
264,8
265,8
266,8
267,8
268,25
269,8
270,8
271,8
272,13
273,13
274,13
275,13
276,8
277,8
278,5
279,29
280,5
281,2
282,8
283,8
284,18
285,8
286,8
287,8
288,8
289,8
290,8
291,8
292,8
293,8
294,8
295,8
296,8
297,8
298,8
299,8
300,8
301,8
302,8
303,8
304,8
305,21
306,5
307,8
308,8
309,8
310,8
311,8
312,18
313,18
314,18
315,18
316,18
317,18
318,18
319,18
320,18
321,18
322,18
323,18
324,18
325,5
326,18
327,18
328,14
329,14
330,18
331,5
332,18
333,18
334,5
335,18
336,4
337,0
338,18
339,18
340,18
341,3
342,18
343,18
344,18
345,23
346,18
347,18
348,18
349,18
350,18
351,18
352,18
353,18
354,18
355,18
356,3
357,18
358,18
359,0
360,28
361,3
362,18
363,18
364,18
365,18
366,18
367,18
368,18
369,3
370,18
371,28
372,18
373,29
374,18
375,28
376,0
377,18
378,18
379,18
380,5
381,18
382,18
383,18
384,18
385,18
386,0
387,18
388,18
389,8
390,5
391,8
392,12
393,8
394,8
395,8
396,8
397,0
398,8
399,8
400,8
401,8
402,8
403,8
404,8
405,25
406,5
407,8
408,5
409,8
410,5
411,8
412,8
413,8
414,8
415,8
416,29
417,8
418,8
419,8
420,8
421,25
422,8
423,8
424,29
425,5
426,21
427,8
428,5
429,5
430,5
431,5
432,5
433,5
434,5
435,5
436,28
437,5
438,5
439,5
440,5
441,14
442,5
443,5
444,5
445,5
446,5
447,2
448,28
449,28
450,28
451,21
452,28
453,28
454,2
455,28
456,5
457,29
458,28
459,21
460,8
461,28
462,5
463,5
464,5
465,29
466,12
467,8
468,8
469,8
470,8
471,8
472,8
473,8
474,8
475,8
476,8
477,8
478,8
479,8
480,8
481,8
482,8
483,8
484,8
485,8
486,8
487,8
488,29
489,25
490,8
491,8
492,8
493,8
494,8
495,8
496,8
497,25
498,29
499,25
500,29
501,25
502,8
503,25
504,25
505,25
506,25
507,25
508,8
509,25
510,25
511,25
512,5
513,25
514,8
515,8
516,8
517,1
518,1
519,25
520,29
521,29
522,8
523,8
524,8
525,8
526,8
527,8
528,8
529,8
530,19
531,1
532,1
533,1
534,1
535,1
536,1
537,1
538,8
539,1
540,1
541,1
542,1
543,1
544,1
545,1
546,1
547,1
548,24
549,1
550,1
551,1
552,1
553,1
554,29
555,29
556,25
557,25
558,25
559,29
560,29
561,29
562,25
563,25
564,29
565,25
566,25
567,25
568,25
569,29
570,25
571,29
572,29
573,29
574,29
575,29
576,29
577,29
578,29
579,29
580,29
581,29
582,29
583,29
584,29
585,29
586,29
587,29
588,29
589,29
590,29
591,29
592,29
593,29
594,5
595,29
596,29
597,29
598,29
599,29
600,29
601,19
602,29
603,29
604,19
605,29
606,29
607,29
608,29
609,29
610,29
611,5
612,29
613,29
614,29
615,29
616,29
617,29
618,29
619,29
620,29
621,29
622,29
623,29
624,29
625,29
626,29
627,29
628,29
629,19
630,29
631,29
632,29
633,29
634,29
635,29
636,29
637,29
638,29
639,29
640,29
641,29
642,29
643,29
644,8
645,8
646,8
647,8
648,8
649,5
650,5
651,5
652,5
653,5
654,5
655,5
656,5
657,14
658,14
659,5
660,5
661,5
662,5
663,5
664,5
665,5
666,5
667,5
668,5
669,5
670,5
671,5
672,5
673,5
674,5
675,5
676,5
677,5
678,5
679,5
680,5
681,25
682,5
683,5
684,5
685,5
686,5
687,5
688,5
689,5
690,5
691,5
692,5
693,5
694,5
695,5
696,5
697,5
698,5
699,5
700,5
701,19
702,5
703,5
704,5
705,5
706,5
707,5
708,5
709,5
710,5
711,5
712,5
713,5
714,5
715,5
716,5
717,5
718,3
719,25
720,5
721,5
722,5
723,5
724,5
725,5
726,25
727,8
728,25
729,8
730,8
731,5
732,5
733,5
734,5
735,5
736,5
737,5
738,5
739,5
740,5
741,5
742,25
743,5
744,3
745,14
746,5
747,28
748,5
749,5
750,5
751,8
752,14
753,5
754,5
755,12
756,5
757,8
758,5
759,5
760,5
761,5
762,5
763,5
764,5
765,22
766,8
767,29
768,5
769,5
770,25
771,8
772,4
773,29
774,5
775,8
776,5
777,5
778,5
779,29
780,29
781,29
782,29
783,29
784,29
785,29
786,29
787,29
788,29
789,29
790,29
791,29
792,29
793,29
794,25
795,29
796,29
797,29
798,29
799,29
800,29
801,29
802,29
803,29
804,29
805,29
806,29
807,29
808,29
809,29
810,29
811,25
812,29
813,29
814,29
815,29
816,29
817,29
818,29
819,19
820,29
821,29
822,29
823,29
824,29
825,25
826,29
827,29
828,29
829,19
830,19
831,25
832,5
833,25
834,19
835,29
836,19
837,29
838,29
839,13
840,29
841,29
842,21
843,29
844,19
845,24
846,29
847,29
848,29
849,12
850,1
851,25
852,25
853,25
854,29
855,29
856,29
857,29
858,29
859,29
860,29
861,29
862,29
863,29
864,29
865,29
866,29
867,29
868,29
869,29
870,29
871,29
872,29
873,29
874,29
875,25
876,29
877,29
878,29
879,25
880,19
881,29
882,29
883,29
884,29
885,29
886,29
887,29
888,29
889,29
890,29
891,29
892,29
893,29
894,29
895,29
896,29
897,29
898,25
899,25
900,29
901,25
902,25
903,29
904,29
905,29
906,29
907,29
908,29
909,29
910,25
911,29
912,29
913,25
914,29
915,29
916,29
917,29
918,5
919,5
920,5
921,5
922,5
923,25
924,5
925,19
926,5
927,8
928,5
929,29
930,29
931,29
932,8
933,29
934,29
935,5
936,5
937,5
938,5
939,5
940,5
941,8
942,8
943,5
944,5
945,5
946,5
947,5
948,5
949,5
950,5
951,5
952,5
953,5
954,5
955,5
956,5
957,5
958,5
959,5
960,5
961,5
962,5
963,5
964,5
965,5
966,5
967,5
968,5
969,5
970,5
971,5
972,5
973,5
974,5
975,5
976,5
977,5
978,5
979,5
980,5
981,5
982,5
983,5
984,5
985,5
986,5
987,5
988,5
989,5
990,5
991,5
992,5
993,5
994,5
995,5
996,5
997,5
998,5
999,5
1000,5
1001,21
1002,5
1003,5
1004,5
1005,5
1006,5
1007,5
1008,5
1009,5
1010,5
1011,5
1012,5
1013,5
1014,5
1015,5
1016,5
1017,5
1018,5
1019,5
1020,5
1021,5
1022,14
1023,5
1024,5
1025,2
1026,5
1027,5
1028,5
1029,5
1030,5
1031,5
1032,5
1033,5
1034,5
1035,21
1036,5
1037,5
1038,5
1039,5
1040,5
1041,21
1042,21
1043,5
1044,5
1045,5
1046,5
1047,5
1048,5
1049,5
1050,5
1051,5
1052,5
1053,14
1054,5
1055,5
1056,5
1057,5
1058,5
1059,5
1060,5
1061,5
1062,5
1063,5
1064,5
1065,5
1066,5
1067,5
1068,5
1069,5
1070,5
1071,5
1072,5
1073,5
1074,8
1075,8
1076,21
1077,8
1078,8
1079,8
1080,8
1081,8
1082,29
1083,4
1084,8
1085,29
1086,19
1087,5
1088,5
1089,5
1090,5
1091,12
1092,12
1093,29
1094,8
1095,29
1096,29
1097,14
1098,25
1099,14
1100,8
1101,25
1102,8
1103,25
1104,25
1105,25
1106,25
1107,25
1108,25
1109,25
1110,25
1111,29
1112,29
1113,1
1114,29
1115,29
1116,12
1117,29
1118,0
1119,29
1120,19
1121,2
1122,2
1123,2
1124,2
1125,29
1126,29
1127,29
1128,12
1129,2
1130,29
1131,29
1132,29
1133,29
1134,29
1135,25
1136,29
1137,5
1138,29
1139,4
1140,8
1141,9
1142,9
1143,5
1144,25
1145,29
1146,5
1147,5
1148,8
1149,5
1150,0
1151,5
1152,19
1153,25
1154,5
1155,29
1156,25
1157,5
1158,8
1159,5
1160,5
1161,5
1162,18
1163,5
1164,5
1165,5
1166,29
1167,29
1168,29
1169,4
1170,19
1171,4
1172,19
1173,29
1174,5
1175,8
1176,13
1177,29
1178,2
1179,25
1180,8
1181,25
1182,19
1183,2
1184,8
1185,8
1186,25
1187,28
1188,8
1189,25
1190,8
1191,2
1192,2
1193,2
1194,2
1195,25
1196,8
1197,29
1198,5
1199,12
1200,8
1201,8
1202,2
1203,12
1204,2
1205,29
1206,19
1207,2
1208,29
1209,2
1210,2
1211,2
1212,2
1213,2
1214,12
1215,24
1216,0
1217,2
1218,18
1219,28
1220,18
1221,18
1222,18
1223,18
1224,18
1225,18
1226,18
1227,18
1228,18
1229,18
1230,18
1231,23
1232,23
1233,23
1234,23
1235,18
1236,18
1237,18
1238,18
1239,18
1240,18
1241,18
1242,18
1243,18
1244,18
1245,18
1246,18
1247,18
1248,18
1249,18
1250,18
1251,18
1252,18
1253,18
1254,18
1255,18
1256,18
1257,18
1258,18
1259,18
1260,18
1261,18
1262,18
1263,18
1264,18
1265,18
1266,18
1267,18
1268,18
1269,18
1270,18
1271,18
1272,18
1273,18
1274,18
1275,18
1276,18
1277,18
1278,18
1279,18
1280,3
1281,18
1282,18
1283,18
1284,18
1285,18
1286,18
1287,18
1288,18
1289,18
1290,18
1291,18
1292,18
1293,18
1294,18
1295,18
1296,18
1297,18
1298,18
1299,18
1300,18
1301,18
1302,18
1303,18
1304,18
1305,18
1306,18
1307,18
1308,18
1309,18
1310,18
1311,18
1312,18
1313,18
1314,28
1315,23
1316,18
1317,18
1318,18
1319,18
1320,18
1321,18
1322,18
1323,18
1324,23
1325,0
1326,16
1327,18
1328,18
1329,18
1330,25
1331,8
1332,25
1333,25
1334,8
1335,25
1336,25
1337,25
1338,4
1339,4
1340,25
1341,25
1342,29
1343,25
1344,25
1345,25
1346,18
1347,18
1348,0
1349,18
1350,28
1351,18
1352,23
1353,18
1354,5
1355,21
1356,8
1357,5
1358,5
1359,5
1360,5
1361,5
1362,5
1363,5
1364,5
1365,14
1366,5
1367,14
1368,5
1369,5
1370,5
1371,28
1372,5
1373,16
1374,5
1375,8
1376,8
1377,8
1378,8
1379,8
1380,8
1381,8
1382,1
1383,1
1384,1
1385,1
1386,1
1387,1
1388,1
1389,1
1390,1
1391,18
1392,7
1393,16
1394,1
1395,13
1396,1
1397,1
1398,16
1399,1
1400,1
1401,16
1402,13
1403,16
1404,13
1405,1
1406,2
1407,16
1408,1
1409,1
1410,1
1411,25
1412,25
1413,25
1414,25
1415,25
1416,14
1417,14
1418,14
1419,14
1420,14
1421,13
1422,14
1423,14
1424,13
1425,13
1426,2
1427,2
1428,2
1429,2
1430,12
1431,12
1432,2
1433,2
1434,2
1435,2
1436,2
1437,2
1438,24
1439,12
1440,2
1441,2
1442,2
1443,2
1444,2
1445,2
1446,2
1447,12
1448,12
1449,12
1450,12
1451,0
1452,12
1453,0
1454,12
1455,12
1456,5
1457,0
1458,12
1459,12
1460,21
1461,14
1462,0
1463,14
1464,12
1465,11
1466,12
1467,12
1468,12
1469,12
1470,12
1471,5
1472,12
1473,28
1474,12
1475,12
1476,5
1477,12
1478,21
1479,5
1480,0
1481,0
1482,0
1483,12
1484,12
1485,12
1486,0
1487,5
1488,0
1489,24
1490,5
1491,5
1492,0
1493,0
1494,0
1495,5
1496,0
1497,14
1498,14
1499,14
1500,14
1501,14
1502,14
1503,14
1504,12
1505,14
1506,14
1507,14
1508,14
1509,14
1510,14
1511,14
1512,12
1513,21
1514,12
1515,5
1516,12
1517,12
1518,12
1519,0
1520,21
1521,14
1522,0
1523,12
1524,12
1525,12
1526,0
1527,12
1528,5
1529,5
1530,5
1531,5
1532,5
1533,21
1534,23
1535,21
1536,0
1537,0
1538,2
1539,0
1540,0
1541,0
1542,0
1543,0
1544,0
1545,0
1546,0
1547,0
1548,0
1549,14
1550,14
1551,14
1552,14
1553,14
1554,14
1555,22
1556,14
1557,21
1558,22
1559,14
1560,14
1561,14
1562,0
1563,14
1564,14
1565,0
1566,0
1567,0
1568,14
1569,14
1570,14
1571,14
1572,14
1573,14
1574,14
1575,5
1576,14
1577,14
1578,28
1579,14
1580,14
1581,14
1582,0
1583,14
1584,14
1585,14
1586,14
1587,0
1588,0
1589,14
1590,0
1591,0
1592,0
1593,0
1594,2
1595,14
1596,5
1597,21
1598,14
1599,14
1600,5
1601,5
1602,5
1603,5
1604,5
1605,0
1606,0
1607,5
1608,5
1609,5
1610,5
1611,5
1612,5
1613,5
1614,14
1615,2
1616,5
1617,12
1618,5
1619,12
1620,5
1621,21
1622,12
1623,12
1624,5
1625,0
1626,12
1627,12
1628,12
1629,12
1630,12
1631,12
1632,12
1633,12
1634,12
1635,0
1636,12
1637,12
1638,5
1639,0
1640,12
1641,12
1642,12
1643,12
1644,12
1645,12
1646,12
1647,12
1648,12
1649,12
1650,12
1651,12
1652,12
1653,0
1654,12
1655,12
1656,0
1657,2
1658,2
1659,5
1660,0
1661,0
1662,5
1663,12
1664,12
1665,12
1666,2
1667,12
1668,19
1669,12
1670,12
1671,23
1672,12
1673,19
1674,12
1675,12
1676,12
1677,24
1678,12
1679,24
1680,12
1681,12
1682,12
1683,12
1684,12
1685,12
1686,12
1687,12
1688,12
1689,12
1690,12
1691,12
1692,12
1693,19
1694,12
1695,12
1696,12
1697,19
1698,19
1699,12
1700,12
1701,12
1702,12
1703,0
1704,0
1705,5
1706,0
1707,0
1708,5
1709,5
1710,0
1711,0
1712,24
1713,24
1714,24
1715,24
1716,24
1717,24
1718,24
1719,24
1720,5
1721,14
1722,5
1723,5
1724,0
1725,0
1726,0
1727,18
1728,14
1729,14
1730,10
1731,14
1732,14
1733,14
1734,14
1735,14
1736,14
1737,14
1738,14
1739,14
1740,5
1741,14
1742,14
1743,21
1744,12
1745,12
1746,14
1747,14
1748,14
1749,14
1750,14
1751,12
1752,14
1753,14
1754,14
1755,14
1756,14
1757,14
1758,14
1759,21
1760,0
1761,14
1762,14
1763,14
1764,0
1765,14
1766,14
1767,14
1768,10
1769,14
1770,14
1771,14
1772,10
1773,12
1774,12
1775,10
1776,10
1777,10
1778,5
1779,5
1780,4
1781,5
1782,10
1783,10
1784,2
1785,10
1786,10
1787,10
1788,2
1789,10
1790,19
1791,5
1792,10
1793,12
1794,10
1795,2
1796,2
1797,10
1798,24
1799,10
1800,19
1801,19
1802,1
1803,10
1804,5
1805,10
1806,10
1807,12
1808,10
1809,10
1810,10
1811,10
1812,10
1813,10
1814,10
1815,10
1816,0
1817,14
1818,14
1819,14
1820,14
1821,5
1822,5
1823,5
1824,14
1825,2
1826,14
1827,14
1828,14
1829,14
1830,5
1831,5
1832,5
1833,5
1834,8
1835,0
1836,29
1837,5
1838,5
1839,5
1840,5
1841,5
1842,5
1843,5
1844,5
1845,5
1846,5
1847,5
1848,5
1849,5
1850,5
1851,5
1852,5
1853,5
1854,5
1855,5
1856,5
1857,5
1858,5
1859,14
1860,14
1861,14
1862,14
1863,14
1864,14
1865,14
1866,14
1867,14
1868,14
1869,14
1870,14
1871,14
1872,14
1873,14
1874,14
1875,14
1876,14
1877,14
1878,14
1879,14
1880,14
1881,14
1882,14
1883,14
1884,5
1885,5
1886,5
1887,5
1888,5
1889,5
1890,5
1891,2
1892,14
1893,0
1894,0
1895,0
1896,0
1897,0
1898,0
1899,0
1900,0
1901,14
1902,23
1903,14
1904,12
1905,14
1906,14
1907,18
1908,18
1909,14
1910,14
1911,18
1912,5
1913,5
1914,5
1915,0
1916,5
1917,5
1918,2
1919,14
1920,5
1921,5
1922,16
1923,5
1924,5
1925,5
1926,5
1927,5
1928,5
1929,5
1930,5
1931,5
1932,25
1933,5
1934,5
1935,5
1936,5
1937,5
1938,5
1939,5
1940,0
1941,5
1942,5
1943,5
1944,5
1945,0
1946,0
1947,0
1948,0
1949,0
1950,0
1951,0
1952,13
1953,0
1954,12
1955,0
1956,0
1957,0
1958,0
1959,0
1960,0
1961,0
1962,25
1963,14
1964,14
1965,12
1966,14
1967,29
1968,29
1969,2
1970,10
1971,12
1972,0
1973,14
1974,16
1975,14
1976,14
1977,14
1978,0
1979,5
1980,0
1981,5
1982,5
1983,5
1984,5
1985,28
1986,10
1987,12
1988,12
1989,19
1990,12
1991,19
1992,19
1993,12
1994,13
1995,5
1996,18
1997,12
1998,12
1999,12
2000,2
2001,2
2002,2
2003,2
2004,2
2005,2
2006,2
2007,2
2008,2
2009,2
2010,2
2011,2
2012,2
2013,2
2014,2
2015,2
2016,2
2017,2
2018,2
2019,2
2020,2
2021,5
2022,2
2023,14
2024,14
2025,14
2026,14
2027,22
2028,0
2029,5
2030,0
2031,0
2032,0
2033,0
2034,2
2035,2
2036,2
2037,0
2038,0
2039,23
2040,22
2041,22
2042,22
2043,22
2044,22
2045,22
2046,22
2047,22
2048,22
2049,22
2050,22
2051,22
2052,22
2053,22
2054,28
2055,22
2056,22
2057,22
2058,22
2059,22
2060,22
2061,22
2062,22
2063,22
2064,21
2065,22
2066,21
2067,22
2068,10
2069,22
2070,22
2071,22
2072,22
2073,22
2074,22
2075,22
2076,22
2077,22
2078,0
2079,0
2080,0
2081,0
2082,0
2083,0
2084,0
2085,0
2086,0
2087,0
2088,0
2089,0
2090,0
2091,0
2092,14
2093,14
2094,12
2095,12
2096,19
2097,4
2098,19
2099,12
2100,12
2101,12
2102,24
2103,12
2104,28
2105,12
2106,12
2107,5
2108,5
2109,19
2110,5
2111,8
2112,14
2113,8
2114,8
2115,8
2116,5
2117,8
2118,0
2119,5
2120,5
2121,5
2122,5
2123,8
2124,5
2125,5
2126,5
2127,5
2128,5
2129,8
2130,21
2131,5
2132,5
2133,5
2134,5
2135,5
2136,5
2137,5
2138,5
2139,5
2140,8
2141,12
2142,12
2143,12
2144,12
2145,12
2146,12
2147,12
2148,12
2149,0
2150,12
2151,12
2152,12
2153,29
2154,29
2155,29
2156,29
2157,29
2158,29
2159,29
2160,14
2161,0
2162,0
2163,14
2164,0
2165,0
2166,0
2167,0
2168,0
2169,0
2170,0
2171,0
2172,0
2173,0
2174,0
2175,14
2176,0
2177,0
2178,0
2179,0
2180,0
2181,0
2182,0
2183,29
2184,29
2185,2
2186,2
2187,2
2188,22
2189,5
2190,5
2191,0
2192,0
2193,0
2194,14
2195,12
2196,14
2197,12
2198,12
2199,10
2200,10
2201,10
2202,10
2203,9
2204,12
2205,12
2206,12
2207,12
2208,2
2209,12
2210,12
2211,12
2212,12
2213,19
2214,10
2215,10
2216,28
2217,24
2218,24
2219,10
2220,10
2221,24
2222,10
2223,29
2224,29
2225,2
2226,2
2227,13
2228,13
2229,13
2230,13
2231,13
2232,13
2233,5
2234,8
2235,8
2236,5
2237,5
2238,5
2239,5
2240,5
2241,5
2242,5
2243,5
2244,0
2245,28
2246,5
2247,5
2248,21
2249,5
2250,21
2251,5
2252,12
2253,12
2254,12
2255,12
2256,12
2257,24
2258,12
2259,12
2260,12
2261,12
2262,12
2263,12
2264,2
2265,24
2266,19
2267,12
2268,12
2269,12
2270,2
2271,12
2272,12
2273,12
2274,12
2275,12
2276,12
2277,2
2278,2
2279,2
2280,2
2281,2
2282,2
2283,2
2284,2
2285,18
2286,2
2287,2
2288,2
2289,2
2290,2
2291,19
2292,19
2293,12
2294,12
2295,12
2296,12
2297,12
2298,12
2299,19
2300,19
2301,2
2302,19
2303,19
2304,12
2305,12
2306,0
2307,12
2308,12
2309,23
2310,23
2311,23
2312,21
2313,23
2314,5
2315,23
2316,23
2317,23
2318,2
2319,12
2320,12
2321,12
2322,12
2323,12
2324,1
2325,12
2326,19
2327,19
2328,19
2329,29
2330,12
2331,12
2332,12
2333,12
2334,12
2335,12
2336,10
2337,12
2338,12
2339,12
2340,12
2341,12
2342,12
2343,12
2344,12
2345,24
2346,24
2347,24
2348,12
2349,24
2350,24
2351,24
2352,24
2353,24
2354,12
2355,12
2356,12
2357,12
2358,10
2359,12
2360,12
2361,20
2362,2
2363,2
2364,2
2365,29
2366,2
2367,5
2368,5
2369,28
2370,8
2371,5
2372,5
2373,12
2374,8
2375,5
2376,5
2377,5
2378,8
2379,5
2380,5
2381,5
2382,5
2383,5
2384,5
2385,27
2386,27
2387,24
2388,24
2389,24
2390,24
2391,24
2392,12
2393,24
2394,24
2395,24
2396,24
2397,24
2398,11
2399,24
2400,20
2401,24
2402,24
2403,24
2404,24
2405,24
2406,24
2407,24
2408,24
2409,20
2410,20
2411,20
2412,24
2413,24
2414,24
2415,24
2416,24
2417,24
2418,24
2419,24
2420,24
2421,24
2422,24
2423,24
2424,7
2425,24
2426,24
2427,24
2428,24
2429,24
2430,24
2431,24
2432,24
2433,24
2434,24
2435,24
2436,11
2437,24
2438,24
2439,24
2440,24
2441,24
2442,24
2443,24
2444,24
2445,24
2446,24
2447,24
2448,20
2449,24
2450,24
2451,24
2452,24
2453,24
2454,24
2455,24
2456,18
2457,24
2458,24
2459,24
2460,24
2461,24
2462,24
2463,24
2464,24
2465,24
2466,24
2467,24
2468,24
2469,24
2470,24
2471,5
2472,5
2473,5
2474,0
2475,5
2476,5
2477,5
2478,5
2479,5
2480,5
2481,0
2482,12
2483,0
2484,0
2485,0
2486,0
2487,0
2488,4
2489,0
2490,0
2491,0
2492,0
2493,14
2494,14
2495,14
2496,14
2497,14
2498,12
2499,12
2500,14
2501,14
2502,14
2503,14
2504,14
2505,14
2506,14
2507,14
2508,14
2509,14
2510,14
2511,14
2512,14
2513,14
2514,14
2515,25
2516,25
2517,25
2518,25
2519,25
2520,25
2521,8
2522,14
2523,14
2524,14
2525,14
2526,14
2527,14
2528,14
2529,14
2530,5
2531,28
2532,5
2533,5
2534,14
2535,14
2536,14
2537,14
2538,21
2539,14
2540,14
2541,14
2542,13
2543,14
2544,14
2545,14
2546,5
2547,5
2548,5
2549,5
2550,5
2551,5
2552,19
2553,5
2554,5
2555,29
2556,5
2557,5
2558,18
2559,5
2560,28
2561,0
2562,0
2563,5
2564,5
2565,5
2566,5
2567,5
2568,5
2569,5
2570,8
2571,21
2572,5
2573,5
2574,15
2575,2
2576,5
2577,5
2578,14
2579,14
2580,0
2581,5
2582,4
2583,21
2584,12
2585,12
2586,0
2587,12
2588,2
2589,12
2590,12
2591,12
2592,12
2593,12
2594,12
2595,2
2596,12
2597,12
2598,2
2599,2
2600,2
2601,2
2602,2
2603,2
2604,2
2605,2
2606,2
2607,2
2608,2
2609,2
2610,2
2611,2
2612,2
2613,12
2614,12
2615,2
2616,2
2617,2
2618,2
2619,2
2620,2
2621,5
2622,5
2623,5
2624,5
2625,5
2626,5
2627,5
2628,5
2629,5
2630,5
2631,5
2632,5
2633,5
2634,5
2635,5
2636,12
2637,5
2638,5
2639,28
2640,18
2641,5
2642,5
2643,0
2644,9
2645,9
2646,9
2647,9
2648,9
2649,9
2650,9
2651,9
2652,5
2653,5
2654,5
2655,5
2656,0
2657,0
2658,2
2659,0
2660,0
2661,0
2662,12
2663,2
2664,2
2665,0
2666,12
2667,5
2668,0
2669,0
2670,0
2671,5
2672,2
2673,5
2674,14
2675,2
2676,2
2677,2
2678,2
2679,2
2680,2
2681,2
2682,21
2683,21
2684,2
2685,18
2686,18
2687,16
2688,18
2689,18
2690,18
2691,18
2692,13
2693,16
2694,16
2695,16
2696,16
2697,16
2698,16
2699,16
2700,16
2701,16
2702,16
2703,16
2704,16
2705,18
2706,16
2707,16
2708,16
2709,16
2710,16
2711,16
2712,16
2713,25
2714,16
2715,16
2716,16
2717,16
2718,16
2719,16
2720,1
2721,1
2722,1
2723,1
2724,1
2725,16
2726,16
2727,16
2728,16
2729,16
2730,16
2731,16
2732,16
2733,16
2734,16
2735,18
2736,16
2737,16
2738,16
2739,16
2740,22
2741,22
2742,22
2743,22
2744,14
2745,5
2746,21
2747,14
2748,14
2749,5
2750,23
2751,5
2752,18
2753,23
2754,14
2755,14
2756,14
2757,18
2758,14
2759,18
2760,14
2761,14
2762,14
2763,28
2764,14
2765,5
2766,4
2767,4
2768,4
2769,4
2770,23
2771,28
2772,23
2773,23
2774,23
2775,18
2776,23
2777,23
2778,23
2779,23
2780,23
2781,23
2782,23
2783,23
2784,28
2785,10
2786,14
2787,5
2788,5
2789,5
2790,14
2791,5
2792,28
2793,18
2794,5
2795,18
2796,18
2797,18
2798,28
2799,18
2800,14
2801,23
2802,14
2803,23
2804,14
2805,21
2806,21
2807,21
2808,14
2809,14
2810,23
2811,5
2812,23
2813,23
2814,21
2815,23
2816,23
2817,23
2818,23
2819,23
2820,22
2821,23
2822,23
2823,23
2824,23
2825,23
2826,28
2827,23
2828,28
2829,23
2830,28
2831,28
2832,23
2833,28
2834,28
2835,28
2836,28
2837,28
2838,28
2839,28
2840,5
2841,23
2842,23
2843,23
2844,23
2845,23
2846,23
2847,5
2848,5
2849,5
2850,5
2851,5
2852,5
2853,5
2854,5
2855,28
2856,5
2857,5
2858,5
2859,5
2860,5
2861,5
2862,5
2863,18
2864,18
2865,18
2866,23
2867,23
2868,28
2869,23
2870,14
2871,22
2872,22
2873,22
2874,22
2875,8
2876,28
2877,8
2878,8
2879,0
2880,28
2881,23
2882,22
2883,22
2884,22
2885,22
2886,22
2887,23
2888,23
2889,23
2890,23
2891,23
2892,23
2893,14
2894,14
2895,0
2896,10
2897,0
2898,0
2899,0
2900,23
2901,5
2902,23
2903,23
2904,28
2905,5
2906,5
2907,23
2908,5
2909,5
2910,23
2911,20
2912,20
2913,20
2914,20
2915,20
2916,20
2917,20
2918,20
2919,20
2920,20
2921,20
2922,20
2923,20
2924,20
2925,20
2926,20
2927,20
2928,20
2929,20
2930,20
2931,20
2932,20
2933,20
2934,11
2935,20
2936,20
2937,20
2938,20
2939,3
2940,20
2941,20
2942,20
2943,20
2944,20
2945,20
2946,20
2947,20
2948,20
2949,20
2950,20
2951,20
2952,20
2953,20
2954,20
2955,20
2956,20
2957,20
2958,20
2959,20
2960,20
2961,20
2962,20
2963,20
2964,3
2965,13
2966,25
2967,13
2968,13
2969,25
2970,13
2971,25
2972,25
2973,25
2974,25
2975,25
2976,25
2977,25
2978,25
2979,25
2980,13
2981,13
2982,25
2983,13
2984,13
2985,7
2986,13
2987,25
2988,21
2989,13
2990,25
2991,25
2992,25
2993,25
2994,25
2995,16
2996,16
2997,25
2998,25
2999,25
3000,26
3001,25
3002,13
3003,5
3004,14
3005,2
3006,8
3007,2
3008,21
3009,21
3010,2
3011,2
3012,2
3013,13
3014,2
3015,2
3016,2
3017,2
3018,2
3019,2
3020,2
3021,2
3022,2
3023,2
3024,2
3025,2
3026,2
3027,2
3028,2
3029,2
3030,2
3031,2
3032,2
3033,2
3034,2
3035,2
3036,2
3037,2
3038,2
3039,2
3040,2
3041,5
3042,2
3043,2
3044,2
3045,2
3046,2
3047,2
3048,2
3049,2
3050,29
3051,2
3052,2
3053,25
3054,2
3055,19
3056,2
3057,2
3058,8
3059,8
3060,25
3061,19
3062,2
3063,2
3064,5
3065,5
3066,5
3067,5
3068,12
3069,12
3070,12
3071,12
3072,13
3073,13
3074,13
3075,13
3076,13
3077,13
3078,13
3079,12
3080,9
3081,2
3082,5
3083,2
3084,2
3085,24
3086,2
3087,2
3088,2
3089,2
3090,29
3091,29
3092,2
3093,2
3094,9
3095,2
3096,2
3097,2
3098,2
3099,2
3100,2
3101,2
3102,2
3103,2
3104,2
3105,9
3106,2
3107,2
3108,2
3109,2
3110,2
3111,2
3112,12
3113,2
3114,2
3115,2
3116,2
3117,18
3118,18
3119,18
3120,5
3121,5
3122,5
3123,5
3124,5
3125,5
3126,5
3127,5
3128,5
3129,28
3130,18
3131,18
3132,5
3133,5
3134,5
3135,5
3136,5
3137,5
3138,5
3139,21
3140,5
3141,28
3142,21
3143,5
3144,5
3145,5
3146,5
3147,5
3148,5
3149,5
3150,5
3151,5
3152,28
3153,28
3154,28
3155,28
3156,28
3157,28
3158,28
3159,28
3160,28
3161,5
3162,5
3163,5
3164,5
3165,5
3166,5
3167,5
3168,5
3169,5
3170,5
3171,21
3172,5
3173,5
3174,5
3175,5
3176,5
3177,5
3178,28
3179,5
3180,5
3181,5
3182,28
3183,5
3184,5
3185,5
3186,15
3187,15
3188,15
3189,15
3190,15
3191,15
3192,15
3193,15
3194,15
3195,15
3196,15
3197,15
3198,14
3199,5
3200,5
3201,28
3202,5
3203,28
3204,5
3205,5
3206,28
3207,28
3208,28
3209,0
3210,28
3211,5
3212,5
3213,5
3214,28
3215,8
3216,28
3217,5
3218,28
3219,5
3220,4
3221,5
3222,5
3223,5
3224,5
3225,21
3226,21
3227,5
3228,21
3229,5
3230,5
3231,5
3232,5
3233,28
3234,5
3235,28
3236,28
3237,5
3238,5
3239,28
3240,5
3241,28
3242,5
3243,5
3244,5
3245,5
3246,28
3247,28
3248,18
3249,28
3250,17
3251,28
3252,28
3253,23
3254,28
3255,23
3256,5
3257,5
3258,23
3259,5
3260,5
3261,28
3262,5
3263,3
3264,5
3265,5
3266,5
3267,5
3268,5
3269,5
3270,5
3271,22
3272,21
3273,21
3274,5
3275,21
3276,28
3277,28
3278,5
3279,18
3280,28
3281,28
3282,28
3283,18
3284,18
3285,18
3286,18
3287,18
3288,18
3289,5
3290,5
3291,21
3292,5
3293,21
3294,5
3295,5
3296,21
3297,5
3298,5
3299,5
3300,5
3301,5
3302,5
3303,14
3304,14
3305,21
3306,5
3307,5
3308,5
3309,28
3310,18
3311,14
3312,14
3313,28
3314,21
3315,28
3316,28
3317,28
3318,28
3319,28
3320,28
3321,28
3322,28
3323,28
3324,21
3325,21
3326,28
3327,28
3328,28
3329,28
3330,18
3331,18
3332,18
3333,18
3334,18
3335,3
3336,5
3337,5
3338,5
3339,4
3340,4
3341,4
3342,4
3343,4
3344,4
3345,4
3346,4
3347,4
3348,23
3349,5
3350,23
3351,23
3352,23
3353,23
3354,23
3355,23
3356,28
3357,28
3358,23
3359,23
3360,23
3361,23
3362,23
3363,23
3364,23
3365,23
3366,23
3367,23
3368,23
3369,23
3370,23
3371,23
3372,23
3373,4
3374,4
3375,4
3376,4
3377,4
3378,4
3379,4
3380,4
3381,28
3382,20
3383,4
3384,4
3385,4
3386,4
3387,4
3388,4
3389,4
3390,4
3391,4
3392,5
3393,28
3394,5
3395,5
3396,5
3397,23
3398,23
3399,23
3400,23
3401,23
3402,23
3403,23
3404,28
3405,23
3406,28
3407,23
3408,23
3409,23
3410,23
3411,23
3412,23
3413,23
3414,23
3415,8
3416,5
3417,5
3418,5
3419,5
3420,5
3421,8
3422,21
3423,0
3424,12
3425,15
3426,5
3427,5
3428,13
3429,13
3430,5
3431,28
3432,5
3433,28
3434,0
3435,28
3436,28
3437,28
3438,28
3439,28
3440,28
3441,28
3442,28
3443,28
3444,28
3445,28
3446,28
3447,28
3448,28
3449,28
3450,4
3451,19
3452,19
3453,18
3454,5
3455,8
3456,5
3457,0
3458,18
3459,18
3460,25
3461,18
3462,5
3463,5
3464,5
3465,5
3466,28
3467,19
3468,8
3469,8
3470,5
3471,5
3472,28
3473,5
3474,21
3475,5
3476,28
3477,0
3478,5
3479,5
3480,18
3481,0
3482,18
3483,0
3484,0
3485,28
3486,28
3487,28
3488,28
3489,28
3490,28
3491,28
3492,28
3493,28
3494,28
3495,28
3496,3
3497,28
3498,23
3499,28
3500,10
3501,5
3502,10
3503,21
3504,24
3505,10
3506,10
3507,13
3508,12
3509,10
3510,10
3511,28
3512,23
3513,28
3514,23
3515,23
3516,23
3517,23
3518,23
3519,23
3520,23
3521,23
3522,23
3523,23
3524,28
3525,28
3526,28
3527,28
3528,23
3529,23
3530,28
3531,23
3532,5
3533,5
3534,28
3535,28
3536,28
3537,5
3538,5
3539,5
3540,5
3541,28
3542,23
3543,23
3544,23
3545,23
3546,28
3547,28
3548,28
3549,28
3550,28
3551,28
3552,28
3553,28
3554,5
3555,5
3556,5
3557,5
3558,10
3559,5
3560,5
3561,0
3562,0
3563,0
3564,5
3565,5
3566,5
3567,5
3568,9
3569,5
3570,4
3571,28
3572,4
3573,4
3574,28
3575,28
3576,5
3577,5
3578,5
3579,18
3580,23
3581,23
3582,28
3583,28
3584,28
3585,28
3586,23
3587,28
3588,28
3589,28
3590,28
3591,23
3592,28
3593,28
3594,28
3595,23
3596,23
3597,23
3598,23
3599,23
3600,23
3601,23
3602,23
3603,23
3604,23
3605,28
3606,23
3607,23
3608,23
3609,28
3610,28
3611,28
3612,28
3613,4
3614,28
3615,28
3616,22
3617,28
3618,28
3619,28
3620,28
3621,28
3622,28
3623,23
3624,24
3625,10
3626,19
3627,28
3628,28
3629,28
3630,28
3631,28
3632,28
3633,28
3634,5
3635,11
3636,28
3637,28
3638,28
3639,5
3640,2
3641,5
3642,5
3643,8
3644,5
3645,5
3646,23
3647,22
3648,22
3649,22
3650,22
3651,22
3652,28
3653,28
3654,28
3655,28
3656,28
3657,28
3658,28
3659,28
3660,28
3661,28
3662,28
3663,28
3664,5
3665,28
3666,28
3667,5
3668,21
3669,5
3670,28
3671,5
3672,5
3673,15
3674,15
3675,15
3676,15
3677,15
3678,15
3679,15
3680,15
3681,5
3682,19
3683,19
3684,19
3685,19
3686,19
3687,19
3688,19
3689,19
3690,19
3691,19
3692,19
3693,19
3694,19
3695,19
3696,19
3697,19
3698,1
3699,19
3700,29
3701,19
3702,19
3703,19
3704,19
3705,19
3706,19
3707,19
3708,29
3709,19
3710,19
3711,19
3712,19
3713,19
3714,19
3715,19
3716,19
3717,19
3718,19
3719,19
3720,19
3721,29
3722,29
3723,29
3724,19
3725,19
3726,19
3727,19
3728,19
3729,19
3730,19
3731,29
3732,2
3733,19
3734,19
3735,19
3736,19
3737,19
3738,19
3739,19
3740,9
3741,29
3742,19
3743,19
3744,19
3745,19
3746,19
3747,19
3748,19
3749,19
3750,19
3751,19
3752,19
3753,19
3754,19
3755,19
3756,19
3757,19
3758,19
3759,19
3760,19
3761,19
3762,19
3763,19
3764,19
3765,19
3766,19
3767,2
3768,19
3769,19
3770,19
3771,19
3772,19
3773,19
3774,19
3775,19
3776,19
3777,9
3778,19
3779,19
3780,19
3781,19
3782,19
3783,19
3784,13
3785,7
3786,7
3787,7
3788,7
3789,18
3790,7
3791,7
3792,18
3793,18
3794,7
3795,7
3796,7
3797,7
3798,7
3799,7
3800,19
3801,19
3802,19
3803,19
3804,19
3805,7
3806,19
3807,19
3808,19
3809,19
3810,19
3811,19
3812,19
3813,28
3814,8
3815,28
3816,18
3817,18
3818,28
3819,28
3820,28
3821,28
3822,28
3823,28
3824,28
3825,28
3826,28
3827,28
3828,28
3829,28
3830,8
3831,8
3832,28
3833,18
3834,18
3835,18
3836,18
3837,18
3838,18
3839,18
3840,18
3841,17
3842,17
3843,21
3844,17
3845,17
3846,17
3847,17
3848,28
3849,28
3850,21
3851,18
3852,18
3853,21
3854,21
3855,21
3856,28
3857,21
3858,0
3859,0
3860,10
3861,10
3862,10
3863,2
3864,2
3865,29
3866,20
3867,28
3868,28
3869,28
3870,28
3871,21
3872,28
3873,20
3874,28
3875,28
3876,28
3877,28
3878,18
3879,5
3880,5
3881,5
3882,5
3883,5
3884,5
3885,5
3886,13
3887,25
3888,21
3889,21
3890,24
3891,24
3892,24
3893,24
3894,24
3895,24
3896,13
3897,24
3898,24
3899,10
3900,24
3901,24
3902,19
3903,12
3904,12
3905,24
3906,24
3907,24
3908,24
3909,24
3910,24
3911,24
3912,24
3913,24
3914,1
3915,24
3916,24
3917,24
3918,24
3919,24
3920,24
3921,24
3922,24
3923,24
3924,24
3925,24
3926,24
3927,24
3928,24
3929,28
3930,28
3931,28
3932,28
3933,5
3934,5
3935,25
3936,25
3937,4
3938,5
3939,5
3940,5
3941,4
3942,4
3943,4
3944,4
3945,5
3946,5
3947,5
3948,5
3949,15
3950,5
3951,5
3952,4
3953,4
3954,4
3955,4
3956,4
3957,28
3958,28
3959,11
3960,11
3961,28
3962,28
3963,28
3964,28
3965,5
3966,28
3967,5
3968,5
3969,5
3970,5
3971,21
3972,8
3973,8
3974,8
3975,8
3976,8
3977,8
3978,8
3979,28
3980,13
3981,8
3982,8
3983,8
3984,8
3985,25
3986,25
3987,29
3988,25
3989,25
3990,25
3991,25
3992,25
3993,25
3994,25
3995,25
3996,25
3997,25
3998,25
3999,25
4000,25
4001,25
4002,25
4003,25
4004,25
4005,25
4006,25
4007,25
4008,25
4009,24
4010,24
4011,24
4012,24
4013,24
4014,24
4015,20
4016,20
4017,20
4018,24
4019,24
4020,24
4021,24
4022,1
4023,1
4024,1
4025,1
4026,9
4027,9
4028,9
4029,9
4030,1
4031,1
4032,1
4033,1
4034,1
4035,1
4036,1
4037,9
4038,1
4039,1
4040,1
4041,25
4042,25
4043,1
4044,8
4045,25
4046,19
4047,19
4048,25
4049,25
4050,25
4051,25
4052,12
4053,25
4054,25
4055,2
4056,5
4057,5
4058,12
4059,5
4060,5
4061,19
4062,28
4063,14
4064,28
4065,28
4066,28
4067,4
4068,8
4069,8
4070,8
4071,8
4072,0
4073,0
4074,0
4075,0
4076,0
4077,0
4078,0
4079,5
4080,5
4081,0
4082,0
4083,0
4084,0
4085,8
4086,5
4087,8
4088,13
4089,8
4090,5
4091,0
4092,0
4093,0
4094,5
4095,25
4096,25
4097,25
4098,25
4099,25
4100,25
4101,25
4102,25
4103,25
4104,25
4105,25
4106,25
4107,1
4108,25
4109,25
4110,25
4111,25
4112,25
4113,25
4114,25
4115,25
4116,25
4117,25
4118,25
4119,25
4120,25
4121,25
4122,25
4123,25
4124,25
4125,25
4126,25
4127,25
4128,25
4129,25
4130,25
4131,25
4132,25
4133,25
4134,25
4135,25
4136,9
4137,9
4138,8
4139,13
4140,13
4141,13
4142,13
4143,13
4144,13
4145,13
4146,13
4147,13
4148,13
4149,13
4150,13
4151,13
4152,29
4153,0
4154,25
4155,25
4156,25
4157,25
4158,25
4159,8
4160,5
4161,0
4162,0
4163,0
4164,0
4165,0
4166,0
4167,5
4168,13
4169,13
4170,13
4171,13
4172,13
4173,24
4174,18
4175,18
4176,18
4177,18
4178,13
4179,18
4180,16
4181,24
4182,24
4183,16
4184,24
4185,16
4186,16
4187,16
4188,16
4189,18
4190,14
4191,8
4192,8
4193,8
4194,8
4195,25
4196,25
4197,25
4198,24
4199,25
4200,25
4201,25
4202,25
4203,25
4204,25
4205,25
4206,25
4207,29
4208,13
4209,5
4210,5
4211,5
4212,5
4213,21
4214,5
4215,21
4216,5
4217,5
4218,5
4219,5
4220,5
4221,29
4222,23
4223,21
4224,21
4225,21
4226,21
4227,21
4228,21
4229,21
4230,21
4231,21
4232,22
4233,18
4234,18
4235,18
4236,18
4237,18
4238,18
4239,8
4240,18
4241,5
4242,5
4243,5
4244,5
4245,14
4246,14
4247,14
4248,14
4249,14
4250,18
4251,21
4252,21
4253,21
4254,21
4255,5
4256,5
4257,21
4258,7
4259,7
4260,7
4261,7
4262,7
4263,7
4264,7
4265,7
4266,7
4267,7
4268,16
4269,16
4270,16
4271,16
4272,16
4273,16
4274,16
4275,16
4276,7
4277,7
4278,7
4279,7
4280,12
4281,12
4282,12
4283,12
4284,14
4285,12
4286,12
4287,12
4288,23
4289,5
4290,2
4291,2
4292,2
4293,12
4294,12
4295,12
4296,29
4297,13
4298,24
4299,24
4300,24
4301,24
4302,20
4303,24
4304,24
4305,24
4306,24
4307,24
4308,24
4309,24
4310,1
4311,24
4312,2
4313,12
4314,10
4315,12
4316,10
4317,10
4318,24
4319,24
4320,24
4321,24
4322,24
4323,24
4324,24
4325,24
4326,9
4327,24
4328,24
4329,24
4330,24
4331,24
4332,24
4333,24
4334,24
4335,24
4336,24
4337,24
4338,24
4339,24
4340,24
4341,24
4342,24
4343,19
4344,24
4345,19
4346,10
4347,10
4348,12
4349,12
4350,12
4351,24
4352,10
4353,2
4354,10
4355,10
4356,10
4357,10
4358,19
4359,13
4360,13
4361,13
4362,19
4363,10
4364,13
4365,24
4366,2
4367,2
4368,9
4369,2
4370,2
4371,2
4372,2
4373,2
4374,2
4375,2
4376,2
4377,2
4378,2
4379,2
4380,19
4381,19
4382,19
4383,19
4384,19
4385,0
4386,19
4387,19
4388,19
4389,20
4390,20
4391,20
4392,20
4393,20
4394,20
4395,11
4396,20
4397,20
4398,20
4399,20
4400,20
4401,20
4402,20
4403,20
4404,20
4405,11
4406,29
4407,29
4408,0
4409,0
4410,0
4411,0
4412,0
4413,12
4414,12
4415,12
4416,12
4417,12
4418,14
4419,12
4420,12
4421,12
4422,10
4423,12
4424,12
4425,10
4426,10
4427,10
4428,10
4429,10
4430,10
4431,10
4432,10
4433,10
4434,10
4435,10
4436,0
4437,19
4438,19
4439,19
4440,19
4441,0
4442,0
4443,0
4444,0
4445,0
4446,0
4447,0
4448,0
4449,12
4450,12
4451,14
4452,19
4453,2
4454,2
4455,2
4456,14
4457,14
4458,12
4459,0
4460,0
4461,0
4462,0
4463,14
4464,19
4465,29
4466,29
4467,29
4468,29
4469,29
4470,8
4471,19
4472,29
4473,13
4474,13
4475,24
4476,13
4477,13
4478,29
4479,2
4480,29
4481,29
4482,29
4483,29
4484,29
4485,19
4486,19
4487,19
4488,19
4489,19
4490,19
4491,19
4492,19
4493,19
4494,19
4495,29
4496,19
4497,19
4498,19
4499,13
4500,29
4501,29
4502,29
4503,29
4504,29
4505,13
4506,13
4507,29
4508,29
4509,29
4510,29
4511,2
4512,2
4513,1
4514,5
4515,5
4516,23
4517,23
4518,11
4519,11
4520,21
4521,21
4522,21
4523,21
4524,11
4525,21
4526,21
4527,21
4528,3
4529,3
4530,3
4531,3
4532,3
4533,3
4534,3
4535,3
4536,3
4537,3
4538,3
4539,3
4540,3
4541,3
4542,3
4543,3
4544,3
4545,3
4546,3
4547,3
4548,3
4549,3
4550,3
4551,3
4552,3
4553,3
4554,3
4555,12
4556,24
4557,24
4558,24
4559,2
4560,12
4561,2
4562,1
4563,2
4564,19
4565,29
4566,2
4567,2
4568,2
4569,13
4570,2
4571,2
4572,2
4573,2
4574,2
4575,2
4576,13
4577,13
4578,2
4579,1
4580,2
4581,12
4582,12
4583,12
4584,12
4585,12
4586,18
4587,18
4588,18
4589,18
4590,18
4591,18
4592,18
4593,18
4594,18
4595,18
4596,18
4597,18
4598,18
4599,18
4600,18
4601,18
4602,18
4603,18
4604,18
4605,18
4606,18
4607,18
4608,20
4609,18
4610,18
4611,20
4612,18
4613,18
4614,19
4615,18
4616,18
4617,18
4618,19
4619,18
4620,18
4621,13
4622,24
4623,18
4624,24
4625,24
4626,24
4627,1
4628,1
4629,18
4630,18
4631,18
4632,18
4633,18
4634,18
4635,18
4636,18
4637,18
4638,18
4639,18
4640,18
4641,18
4642,18
4643,18
4644,18
4645,18
4646,18
4647,18
4648,18
4649,18
4650,18
4651,18
4652,18
4653,18
4654,18
4655,18
4656,18
4657,18
4658,18
4659,18
4660,18
4661,24
4662,24
4663,18
4664,18
4665,18
4666,18
4667,18
4668,18
4669,18
4670,18
4671,18
4672,18
4673,18
4674,18
4675,18
4676,24
4677,18
4678,18
4679,23
4680,23
4681,23
4682,18
4683,18
4684,18
4685,18
4686,18
4687,18
4688,18
4689,18
4690,18
4691,18
4692,18
4693,16
4694,16
4695,16
4696,16
4697,18
4698,7
4699,7
4700,7
4701,7
4702,7
4703,7
4704,7
4705,7
4706,7
4707,7
4708,7
4709,7
4710,7
4711,7
4712,7
4713,7
4714,7
4715,1
4716,1
4717,1
4718,1
4719,1
4720,1
4721,1
4722,1
4723,1
4724,1
4725,16
4726,16
4727,16
4728,18
4729,18
4730,18
4731,18
4732,19
4733,19
4734,7
4735,19
4736,19
4737,19
4738,19
4739,13
4740,13
4741,13
4742,13
4743,13
4744,13
4745,13
4746,13
4747,13
4748,13
4749,1
4750,1
4751,1
4752,1
4753,13
4754,9
4755,13
4756,13
4757,13
4758,13
4759,13
4760,13
4761,13
4762,13
4763,13
4764,13
4765,13
4766,13
4767,13
4768,13
4769,13
4770,13
4771,13
4772,13
4773,13
4774,13
4775,13
4776,18
4777,18
4778,18
4779,12
4780,10
4781,19
4782,10
4783,10
4784,10
4785,10
4786,10
4787,10
4788,10
4789,10
4790,12
4791,10
4792,10
4793,10
4794,24
4795,24
4796,24
4797,25
4798,25
4799,29
4800,25
4801,13
4802,19
4803,29
4804,19
4805,25
4806,19
4807,19
4808,19
4809,19
4810,16
4811,16
4812,6
4813,6
4814,6
4815,6
4816,6
4817,18
4818,3
4819,3
4820,3
4821,3
4822,3
4823,24
4824,24
4825,24
4826,1
4827,1
4828,1
4829,21
4830,21
4831,21
4832,21
4833,21
4834,21
4835,21
4836,21
4837,21
4838,21
4839,21
4840,21
4841,21
4842,18
4843,21
4844,21
4845,21
4846,21
4847,21
4848,21
4849,21
4850,21
4851,21
4852,21
4853,21
4854,21
4855,21
4856,12
4857,10
4858,21
4859,21
4860,11
4861,11
4862,11
4863,11
4864,11
4865,11
4866,11
4867,11
4868,11
4869,11
4870,11
4871,21
4872,21
4873,21
4874,21
4875,21
4876,21
4877,12
4878,0
4879,21
4880,21
4881,21
4882,22
4883,21
4884,21
4885,21
4886,21
4887,21
4888,21
4889,21
4890,18
4891,21
4892,21
4893,21
4894,21
4895,21
4896,21
4897,21
4898,21
4899,21
4900,21
4901,21
4902,21
4903,21
4904,21
4905,21
4906,21
4907,21
4908,21
4909,21
4910,13
4911,21
4912,21
4913,21
4914,21
4915,21
4916,21
4917,21
4918,21
4919,21
4920,21
4921,8
4922,21
4923,2
4924,21
4925,14
4926,21
4927,2
4928,21
4929,21
4930,25
4931,25
4932,19
4933,29
4934,8
4935,13
4936,25
4937,29
4938,25
4939,25
4940,25
4941,25
4942,23
4943,1
4944,1
4945,5
4946,5
4947,9
4948,9
4949,9
4950,9
4951,9
4952,9
4953,9
4954,9
4955,9
4956,9
4957,9
4958,9
4959,5
4960,5
4961,5
4962,5
4963,11
4964,18
4965,18
4966,18
4967,18
4968,28
4969,28
4970,18
4971,18
4972,18
4973,18
4974,18
4975,18
4976,18
4977,18
4978,25
4979,14
4980,0
4981,14
4982,14
4983,14
4984,14
4985,0
4986,14
4987,14
4988,14
4989,5
4990,18
4991,18
4992,18
4993,18
4994,0
4995,12
4996,2
4997,12
4998,1
4999,12
5000,12
5001,12
5002,0
5003,9
5004,21
5005,21
5006,5
5007,23
5008,1
5009,19
5010,15
5011,23
5012,3
5013,3
5014,3
5015,3
5016,3
5017,3
5018,10
5019,10
5020,10
5021,10
5022,10
5023,10
5024,10
5025,2
5026,2
5027,2
5028,2
5029,25
5030,13
5031,13
5032,13
5033,13
5034,13
5035,19
5036,13
5037,13
5038,13
5039,13
5040,29
5041,29
5042,29
5043,29
5044,29
5045,29
5046,29
5047,24
5048,1
5049,12
5050,12
5051,12
5052,12
5053,12
5054,12
5055,8
5056,12
5057,12
5058,12
5059,12
5060,12
5061,12
5062,12
5063,12
5064,12
5065,12
5066,8
5067,12
5068,12
5069,12
5070,12
5071,12
5072,12
5073,12
5074,8
5075,8
5076,5
5077,28
5078,8
5079,8
5080,8
5081,8
5082,19
5083,8
5084,8
5085,8
5086,23
5087,23
5088,5
5089,22
5090,14
5091,16
5092,16
5093,25
5094,25
5095,25
5096,25
5097,25
5098,25
5099,25
5100,25
5101,25
5102,25
5103,25
5104,25
5105,5
5106,9
5107,9
5108,9
5109,9
5110,9
5111,9
5112,9
5113,9
5114,9
5115,9
5116,9
5117,9
5118,9
5119,9
5120,9
5121,9
5122,9
5123,9
5124,9
5125,9
5126,9
5127,9
5128,2
5129,9
5130,9
5131,9
5132,9
5133,9
5134,9
5135,9
5136,9
5137,9
5138,9
5139,9
5140,19
5141,9
5142,9
5143,0
5144,28
5145,5
5146,13
5147,13
5148,13
5149,13
5150,13
5151,1
5152,13
5153,5
5154,5
5155,5
5156,5
5157,5
5158,21
5159,5
5160,8
5161,5
5162,5
5163,5
5164,13
5165,13
5166,13
5167,13
5168,13
5169,13
5170,10
5171,20
5172,20
5173,20
5174,20
5175,22
5176,22
5177,22
5178,14
5179,23
5180,23
5181,23
5182,23
5183,23
5184,24
5185,12
5186,14
5187,29
5188,0
5189,0
5190,0
5191,0
5192,9
5193,1
5194,9
5195,9
5196,9
5197,9
5198,13
5199,9
5200,9
5201,9
5202,9
5203,9
5204,19
5205,19
5206,19
5207,19
5208,19
5209,19
5210,19
5211,19
5212,19
5213,23
5214,24
5215,28
5216,24
5217,24
5218,24
5219,19
5220,19
5221,19
5222,12
5223,12
5224,12
5225,12
5226,12
5227,12
5228,12
5229,12
5230,12
5231,2
5232,10
5233,12
5234,12
5235,12
5236,12
5237,12
5238,12
5239,12
5240,12
5241,12
5242,12
5243,19
5244,19
5245,19
5246,19
5247,29
5248,29
5249,29
5250,12
5251,29
5252,2
5253,2
5254,19
5255,19
5256,11
5257,11
5258,11
5259,11
5260,11
5261,11
5262,11
5263,11
5264,11
5265,18
5266,11
5267,11
5268,11
5269,11
5270,11
5271,20
5272,20
5273,20
5274,20
5275,20
5276,20
5277,20
5278,20
5279,20
5280,20
5281,20
5282,20
5283,20
5284,20
5285,20
5286,20
5287,18
5288,18
5289,18
5290,18
5291,18
5292,18
5293,16
5294,16
5295,16
5296,23
5297,23
5298,23
5299,23
5300,2
5301,6
5302,6
5303,28
5304,6
5305,18
5306,28
5307,18
5308,18
5309,18
5310,23
5311,28
5312,28
5313,23
5314,23
5315,18
5316,11
5317,11
5318,14
5319,21
5320,21
5321,21
5322,21
5323,21
5324,5
5325,21
5326,3
5327,3
5328,3
5329,3
5330,28
5331,21
5332,23
5333,5
5334,18
5335,14
5336,5
5337,10
5338,10
5339,29
5340,29
5341,29
5342,12
5343,5
5344,14
5345,23
5346,23
5347,23
5348,23
5349,5
5350,23
5351,18
5352,28
5353,28
5354,3
5355,24
5356,24
5357,24
5358,14
5359,21
5360,13
5361,13
5362,8
5363,8
5364,8
5365,8
5366,8
5367,8
5368,8
5369,8
5370,19
5371,22
5372,22
5373,9
5374,9
5375,25
5376,24
5377,9
5378,2
5379,9
5380,9
5381,2
5382,2
5383,2
5384,2
5385,9
5386,9
5387,9
5388,8
5389,8
5390,16
5391,5
5392,5
5393,5
5394,14
5395,14
5396,14
5397,14
5398,13
5399,13
5400,1
5401,24
5402,13
5403,18
5404,18
5405,18
5406,18
5407,18
5408,29
5409,29
5410,29
5411,2
5412,2
5413,2
5414,2
5415,10
5416,2
5417,23
5418,18
5419,18
5420,18
5421,18
5422,18
5423,18
5424,0
5425,0
5426,0
5427,0
5428,25
5429,9
5430,9
5431,9
5432,9
5433,24
5434,24
5435,24
5436,1
5437,1
5438,10
5439,10
5440,10
5441,10
5442,25
5443,25
5444,25
5445,25
5446,25
5447,2
5448,2
5449,10
5450,10
5451,1
5452,1
5453,1
5454,1
5455,1
5456,1
5457,1
5458,2
5459,2
5460,10
5461,10
5462,10
5463,10
5464,1
5465,7
5466,19
5467,19
5468,19
5469,29
5470,1
5471,1
5472,7
5473,7
5474,24
5475,7
5476,7
5477,24
5478,9
5479,24
5480,9
5481,9
5482,9
5483,24
5484,24
5485,24
5486,10
5487,12
5488,12
5489,12
5490,12
5491,12
5492,12
5493,12
5494,10
5495,10
5496,10
5497,10
5498,10
5499,24
5500,24
5501,24
5502,9
5503,9
5504,9
5505,9
5506,10
5507,9
5508,2
5509,2
5510,14
5511,14
5512,2
5513,19
5514,9
5515,2
5516,10
5517,19
5518,19
5519,19
5520,19
5521,19
5522,19
5523,2
5524,2
5525,12
5526,2
5527,2
5528,12
5529,13
5530,14
5531,19
5532,20
5533,20
5534,19
5535,19
5536,10
5537,19
5538,19
5539,25
5540,19
5541,10
5542,24
5543,24
5544,10
5545,10
5546,8
5547,19
5548,19
5549,29
5550,29
5551,20
5552,3
5553,3
5554,3
5555,1
5556,1
5557,18
5558,18
5559,18
5560,18
5561,18
5562,18
5563,18
5564,18
5565,5
5566,29
5567,0
5568,23
5569,23
5570,3
5571,25
5572,25
5573,25
5574,13
5575,13
5576,13
5577,13
5578,13
5579,13
5580,13
5581,13
5582,18
5583,3
5584,18
5585,18
5586,18
5587,8
5588,21
5589,21
5590,21
5591,21
5592,21
5593,8
5594,8
5595,8
5596,1
5597,1
5598,8
5599,5
5600,5
5601,0
5602,2
5603,3
5604,3
5605,3
5606,3
5607,3
5608,3
5609,3
5610,3
5611,21
5612,3
5613,3
5614,3
5615,3
5616,3
5617,3
5618,3
5619,3
5620,18
5621,3
5622,3
5623,19
5624,19
5625,19
5626,19
5627,19
5628,21
5629,21
5630,21
5631,21
5632,21
5633,12
5634,9
5635,19
5636,0
5637,0
5638,22
5639,12
5640,8
5641,8
5642,8
5643,5
5644,5
5645,18
5646,28
5647,28
5648,4
5649,14
5650,4
5651,14
5652,28
5653,8
5654,8
5655,8
5656,8
5657,4
5658,12
5659,14
5660,28
5661,28
5662,28
5663,28
5664,28
5665,28
5666,28
5667,28
5668,28
5669,28
5670,28
5671,28
5672,4
5673,28
5674,28
5675,28
5676,28
5677,28
5678,23
5679,28
5680,28
5681,28
5682,18
5683,28
5684,28
5685,0
5686,8
5687,8
5688,8
5689,8
5690,8
5691,8
5692,4
5693,4
5694,8
5695,8
5696,8
5697,8
5698,8
5699,8
5700,5
5701,0
5702,0
5703,0
5704,0
5705,0
5706,0
5707,8
5708,8
5709,8
5710,5
5711,18
5712,0
5713,12
5714,28
5715,8
5716,8
5717,8
5718,28
5719,28
5720,28
5721,28
5722,28
5723,28
5724,28
5725,28
5726,28
5727,28
5728,28
5729,28
5730,28
5731,28
5732,28
5733,28
5734,28
5735,28
5736,28
5737,28
5738,28
5739,28
5740,28
5741,28
5742,28
5743,28
5744,28
5745,28
5746,28
5747,28
5748,28
5749,28
5750,28
5751,28
5752,28
5753,28
5754,28
5755,28
5756,28
5757,28
5758,28
5759,28
5760,28
5761,28
5762,28
5763,28
5764,28
5765,21
5766,28
5767,28
5768,28
5769,28
5770,28
5771,28
5772,28
5773,28
5774,28
5775,28
5776,28
5777,28
5778,28
5779,28
5780,28
5781,28
5782,28
5783,28
5784,28
5785,28
5786,4
5787,28
5788,28
5789,28
5790,28
5791,28
5792,28
5793,28
5794,28
5795,28
5796,28
5797,2
5798,28
5799,28
5800,21
5801,28
5802,28
5803,28
5804,28
5805,28
5806,28
5807,28
5808,28
5809,28
5810,28
5811,28
5812,28
5813,28
5814,28
5815,28
5816,28
5817,28
5818,28
5819,8
5820,8
5821,8
5822,8
5823,13
5824,18
5825,18
5826,18
5827,25
5828,25
5829,25
5830,5
5831,3
5832,3
5833,3
5834,3
5835,3
5836,8
5837,7
5838,23
5839,23
5840,19
5841,19
5842,28
5843,28
5844,2
5845,29
5846,29
5847,19
5848,2
5849,2
5850,2
5851,24
5852,1
5853,25
5854,19
5855,2
5856,2
5857,19
5858,2
5859,19
5860,25
5861,19
5862,18
5863,18
5864,18
5865,18
5866,18
5867,24
5868,24
5869,24
5870,24
5871,24
5872,24
5873,24
5874,24
5875,24
5876,24
5877,22
5878,13
5879,13
5880,24
5881,8
5882,24
5883,4
5884,28
5885,22
5886,22
5887,22
5888,24
5889,24
5890,28
5891,28
5892,28
5893,28
5894,28
5895,28
5896,28
5897,28
5898,28
5899,28
5900,28
5901,1
5902,16
5903,25
5904,25
5905,25
5906,24
5907,25
5908,25
5909,25
5910,0
5911,25
5912,25
5913,25
5914,13
5915,25
5916,25
5917,25
5918,25
5919,3
5920,23
5921,13
5922,13
5923,29
5924,0
5925,0
5926,0
5927,17
5928,17
5929,2
5930,2
5931,16
5932,3
5933,18
5934,18
5935,8
5936,8
5937,0
5938,21
5939,28
5940,28
5941,28
5942,28
5943,28
5944,28
5945,28
5946,28
5947,28
5948,28
5949,28
5950,28
5951,28
5952,28
5953,28
5954,28
5955,28
5956,28
5957,28
5958,1
5959,1
5960,1
5961,28
5962,28
5963,21
5964,28
5965,28
5966,11
5967,28
5968,28
5969,28
5970,28
5971,28
5972,19
5973,25
5974,28
5975,28
5976,28
5977,28
5978,28
5979,28
5980,28
5981,28
5982,28
5983,28
5984,28
5985,28
5986,28
5987,28
5988,28
5989,28
5990,28
5991,28
5992,22
5993,5
5994,0
5995,13
5996,20
5997,20
5998,0
5999,9
6000,9
6001,9
6002,9
6003,9
6004,9
6005,1
6006,1
6007,1
6008,1
6009,28
6010,28
6011,28
6012,28
6013,28
6014,28
6015,28
6016,28
6017,28
6018,28
6019,1
6020,1
6021,1
6022,2
6023,2
6024,2
6025,28
6026,28
6027,28
6028,5
6029,12
6030,12
6031,28
6032,28
6033,13
6034,13
6035,25
6036,11
6037,11
6038,11
6039,11
6040,11
6041,11
6042,11
6043,11
6044,24
6045,11
6046,11
6047,23
6048,11
6049,13
6050,13
6051,8
6052,8
6053,8
6054,10
6055,24
6056,24
6057,8
6058,13
6059,13
6060,10
6061,3
6062,3
6063,3
6064,14
6065,5
6066,10
6067,23
6068,23
6069,12
6070,12
6071,12
6072,12
6073,16
6074,22
6075,22
6076,22
6077,22
6078,5
6079,27
6080,27
6081,27
6082,27
6083,0
6084,25
6085,26
6086,26
6087,1
6088,8
6089,9
6090,0
6091,28
6092,1
6093,12
6094,9
6095,9
6096,19
6097,19
6098,19
6099,19
6100,25
6101,16
6102,16
6103,19
6104,19
6105,19
6106,13
6107,13
6108,13
6109,13
6110,13
6111,13
6112,21
6113,4
6114,4
6115,4
6116,4
6117,2
6118,2
6119,2
6120,5
6121,2
6122,5
6123,4
6124,22
6125,18
6126,18
6127,16
6128,29
6129,29
6130,29
6131,29
6132,29
6133,29
6134,29
6135,29
6136,29
6137,29
6138,9
6139,29
6140,18
6141,18
6142,18
6143,7
6144,7
6145,7
6146,18
6147,11
6148,0
6149,0
6150,5
6151,5
6152,5
6153,28
6154,5
6155,8
6156,8
6157,25
6158,25
6159,25
6160,25
6161,25
6162,25
6163,25
6164,13
6165,9
6166,9
6167,9
6168,9
6169,9
6170,9
6171,9
6172,9
6173,9
6174,9
6175,24
6176,11
6177,11
6178,11
6179,11
6180,12
6181,12
6182,12
6183,12
6184,14
6185,19
6186,19
6187,28
6188,28
6189,28
6190,28
6191,28
6192,21
6193,28
6194,28
6195,28
6196,18
6197,28
6198,28
6199,28
6200,28
6201,28
6202,28
6203,28
6204,28
6205,28
6206,21
6207,5
6208,5
6209,5
6210,28
6211,28
6212,21
6213,21
6214,21
6215,21
6216,21
6217,21
6218,21
6219,7
6220,13
6221,13
6222,4
6223,4
6224,4
6225,4
6226,28
6227,27
6228,4
6229,18
6230,25
6231,19
6232,1
6233,29
6234,18
6235,19
6236,19
6237,18
6238,18
6239,19
6240,19
6241,16
6242,8
6243,8
6244,1
6245,1
6246,11
6247,28
6248,28
6249,11
6250,11
6251,4
6252,4
6253,28
6254,28
6255,28
6256,28
6257,2
6258,2
6259,2
6260,2
6261,2
6262,2
6263,2
6264,2
6265,2
6266,2
6267,2
6268,24
6269,23
6270,19
6271,19
6272,28
6273,28
6274,28
6275,18
6276,28
6277,28
6278,28
6279,28
6280,23
6281,28
6282,28
6283,28
6284,14
6285,28
6286,28
6287,9
6288,9
6289,9
6290,13
6291,1
6292,13
6293,13
6294,13
6295,13
6296,13
6297,13
6298,13
6299,4
6300,13
6301,29
6302,29
6303,19
6304,19
6305,19
6306,19
6307,19
6308,8
6309,18
6310,29
6311,8
6312,8
6313,8
6314,13
6315,8
6316,8
6317,18
6318,25
6319,13
6320,16
6321,8
6322,8
6323,7
6324,18
6325,18
6326,24
6327,25
6328,13
6329,29
6330,29
6331,18
6332,28
6333,21
6334,8
6335,8
6336,8
6337,8
6338,8
6339,14
6340,8
6341,13
6342,13
6343,2
6344,2
6345,2
6346,24
6347,24
6348,7
6349,7
6350,21
6351,21
6352,11
6353,11
6354,18
6355,8
6356,29
6357,4
6358,18
6359,18
6360,18
6361,18
6362,0
6363,5
6364,5
6365,12
6366,5
6367,5
6368,0
6369,0
6370,0
6371,0
6372,0
6373,0
6374,0
6375,23
6376,23
6377,18
6378,18
6379,16
6380,16
6381,16
6382,16
6383,16
6384,16
6385,16
6386,16
6387,16
6388,16
6389,16
6390,16
6391,16
6392,16
6393,16
6394,16
6395,16
6396,16
6397,5
6398,4
6399,4
6400,4
6401,5
6402,5
6403,26
6404,26
6405,26
6406,26
6407,18
6408,6
6409,17
6410,17
6411,17
6412,21
6413,28
6414,9
6415,28
6416,2
6417,2
6418,2
6419,2
6420,2
6421,2
6422,5
6423,5
6424,22
6425,19
6426,3
6427,2
6428,19
6429,14
6430,3
6431,3
6432,3
6433,11
6434,11
6435,14
6436,14
6437,14
6438,14
6439,8
6440,13
6441,2
6442,2
6443,2
6444,19
6445,14
6446,14
6447,12
6448,14
6449,13
6450,24
6451,24
6452,24
6453,24
6454,24
6455,24
6456,25
6457,25
6458,2
6459,24
6460,24
6461,24
6462,24
6463,24
6464,24
6465,7
6466,7
6467,19
6468,19
6469,19
6470,6
6471,6
6472,2
6473,16
6474,16
6475,16
6476,16
6477,16
6478,16
6479,28
6480,28
6481,28
6482,28
6483,28
6484,28
6485,28
6486,28
6487,0
6488,2
6489,0
6490,0
6491,19
6492,19
6493,19
6494,19
6495,19
6496,21
6497,21
6498,21
6499,16
6500,16
6501,16
6502,16
6503,16
6504,16
6505,16
6506,16
6507,7
6508,7
6509,7
6510,7
6511,19
6512,19
6513,19
6514,24
6515,24
6516,13
6517,13
6518,13
6519,13
6520,13
6521,13
6522,13
6523,13
6524,1
6525,13
6526,13
6527,13
6528,13
6529,13
6530,13
6531,13
6532,13
6533,13
6534,3
6535,12
6536,18
6537,19
6538,19
6539,2
6540,2
6541,2
6542,2
6543,8
6544,1
6545,1
6546,9
6547,9
6548,9
6549,9
6550,13
6551,13
6552,13
6553,13
6554,29
6555,7
6556,7
6557,9
6558,16
6559,16
6560,29
6561,29
6562,29
6563,8
6564,12
6565,13
6566,13
6567,13
6568,13
6569,13
6570,13
6571,8
6572,8
6573,8
6574,4
6575,12
6576,22
6577,22
6578,22
6579,12
6580,12
6581,12
6582,12
6583,21
6584,21
6585,9
6586,21
6587,11
6588,21
6589,13
6590,21
6591,18
6592,9
6593,9
6594,9
6595,9
6596,16
6597,8
6598,2
6599,2
6600,2
6601,2
6602,2
6603,8
6604,28
6605,28
6606,1
6607,28
6608,10
6609,10
6610,25
6611,25
6612,24
6613,24
6614,24
6615,24
6616,9
6617,24
6618,24
6619,24
6620,24
6621,24
6622,24
6623,24
6624,24
6625,24
6626,24
6627,24
6628,24
6629,24
6630,24
6631,28
6632,9
6633,9
6634,1
6635,20
6636,20
6637,12
6638,12
6639,21
6640,21
6641,21
6642,21
6643,7
6644,20
6645,20
6646,20
6647,20
6648,20
6649,12
6650,12
6651,7
6652,18
6653,12
6654,20
6655,4
6656,8
6657,8
6658,8
6659,3
6660,10
6661,10
6662,8
6663,8
6664,8
6665,8
6666,9
6667,9
6668,9
6669,9
6670,9
6671,9
6672,9
6673,9
6674,9
6675,9
6676,9
6677,9
6678,9
6679,9
6680,9
6681,9
6682,9
6683,9
6684,9
6685,9
6686,9
6687,9
6688,9
6689,9
6690,9
6691,1
6692,1
6693,13
6694,13
6695,9
6696,4
6697,7
6698,7
6699,25
6700,25
6701,25
6702,0
6703,0
6704,14
6705,24
6706,24
6707,19
6708,24
6709,0
6710,13
6711,13
6712,13
6713,29
6714,16
6715,16
6716,24
6717,24
6718,24
6719,18
6720,18
6721,1
6722,18
6723,18
6724,0
6725,0
6726,13
6727,13
6728,24
6729,9
6730,18
6731,18
6732,21
6733,28
6734,28
6735,8
6736,2
6737,2
6738,12
6739,9
6740,0
6741,0
6742,0
6743,0
6744,0
6745,2
6746,2
6747,13
6748,28
6749,19
6750,19
6751,19
6752,28
6753,28
6754,28
6755,2
6756,2
6757,2
6758,2
6759,2
6760,2
6761,19
6762,2
6763,5
6764,24
6765,24
6766,28
6767,28
6768,8
6769,20
6770,20
6771,20
6772,20
6773,20
6774,13
6775,3
6776,3
6777,18
6778,18
6779,13
6780,2
6781,2
6782,2
6783,28
6784,18
6785,10
6786,19
6787,10
6788,19
6789,25
6790,25
6791,25
6792,25
6793,1
6794,5
6795,5
6796,24
6797,24
6798,24
6799,24
6800,24
6801,24
6802,24
6803,8
6804,25
6805,2
6806,2
6807,28
6808,19
6809,9
6810,9
6811,9
6812,9
6813,9
6814,9
6815,20
6816,18
6817,9
6818,19
6819,9
6820,9
6821,9
6822,12
6823,5
6824,24
6825,24
6826,24
6827,24
6828,29
6829,18
6830,5
6831,5
6832,18
6833,18
6834,14
6835,21
6836,21
6837,28
6838,24
6839,24
6840,24
6841,24
6842,2
6843,2
6844,16
6845,5
6846,5
6847,12
6848,12
6849,12
6850,18
6851,2
6852,29
6853,3
6854,3
6855,3
6856,16
6857,16
6858,16
6859,16
6860,12
6861,12
6862,22
6863,22
6864,22
6865,22
6866,22
6867,22
6868,7
6869,24
6870,24
6871,11
6872,20
6873,20
6874,2
6875,24
6876,24
6877,24
6878,24
6879,24
6880,25
6881,8
6882,8
6883,28
6884,28
6885,16
6886,12
6887,12
6888,12
6889,12
6890,1
6891,29
6892,11
6893,11
6894,2
6895,2
6896,2
6897,13
6898,24
6899,21
6900,1
6901,19
6902,19
6903,19
6904,18
6905,18
6906,2
6907,13
6908,13
6909,14
6910,24
6911,13
6912,13
6913,13
6914,2
6915,13
6916,13
6917,13
6918,13
6919,13
6920,13
6921,12
6922,12
6923,12
6924,12
6925,19
6926,19
6927,24
6928,12
6929,7
6930,7
6931,7
6932,19
6933,19
6934,24
6935,24
6936,24
6937,24
6938,29
6939,19
6940,21
6941,21
6942,21
6943,21
6944,21
6945,21
6946,19
6947,13
6948,13
6949,13
6950,13
6951,13
6952,4
6953,13
6954,21
6955,25
6956,25
6957,13
6958,13
6959,0
6960,7
6961,7
6962,13
6963,13
6964,13
6965,13
6966,11
6967,11
6968,0
6969,8
6970,0
6971,28
6972,28
6973,21
6974,21
6975,24
6976,24
6977,24
6978,9
6979,5
6980,1
6981,13
6982,13
6983,13
6984,20
6985,12
6986,19
6987,28
6988,28
6989,28
6990,16
6991,12
6992,2
6993,12
6994,14
6995,7
6996,5
6997,5
6998,12
6999,12
7000,21
7001,21
7002,7
7003,9
7004,14
7005,9
7006,23
7007,13
7008,2
7009,2
7010,2
7011,9
7012,0
7013,0
7014,21
7015,19
7016,25
7017,6
7018,6
7019,5
7020,24
7021,1
7022,19
7023,21
7024,20
7025,2
7026,2
7027,2
7028,29
7029,2
7030,14
7031,16
7032,14
7033,28
7034,9
7035,5
7036,22
7037,25
7038,22
7039,2
7040,9
7041,9
7042,14
7043,18
7044,18
7045,7
7046,28
7047,9
7048,13
7049,13
7050,8
7051,13
7052,2
7053,24
7054,28
7055,18
7056,14
7057,8
7058,1
7059,1
7060,13
7061,18
7062,1
7063,19
7064,7
7065,16
7066,22
7067,2
7068,0
7069,0
7070,12
7071,21
7072,21
7073,12
7074,12
7075,7
7076,28
7077,21
7078,23
7079,16
7080,13
7081,21
7082,25
7083,21
7084,21
7085,23
7086,16
7087,16
7088,18
7089,24
7090,8
7091,10
7092,12
7093,12
7094,14
7095,18
7096,5
7097,12
7098,12
7099,9
7100,19
7101,12
7102,28
7103,7
7104,20
7105,3
7106,5
7107,14
7108,14
7109,19
7110,2
7111,2
7112,19
7113,1
7114,12
7115,28
7116,3
7117,1
