node,community
0,6
1,6
2,6
3,10
4,6
5,7
6,10
7,6
8,7
9,6
10,6
11,6
12,6
13,6
14,6
15,6
16,6
17,6
18,6
19,7
20,7
21,7
22,7
23,7
24,7
25,6
26,6
27,11
28,19
29,6
30,6
31,6
32,6
33,6
34,6
35,6
36,6
37,6
38,6
39,6
40,6
41,6
42,6
43,6
44,6
45,6
46,6
47,6
48,6
49,6
50,6
51,6
52,6
53,6
54,13
55,13
56,6
57,6
58,6
59,6
60,6
61,6
62,6
63,6
64,6
65,7
66,7
67,7
68,7
69,5
70,7
71,6
72,7
73,11
74,7
75,6
76,7
77,7
78,7
79,7
80,7
81,7
82,11
83,11
84,7
85,6
86,20
87,6
88,6
89,6
90,20
91,7
92,7
93,10
94,7
95,7
96,7
97,19
98,6
99,6
100,7
101,7
102,6
103,11
104,11
105,6
106,7
107,19
108,7
109,19
110,7
111,7
112,7
113,7
114,7
115,6
116,6
117,6
118,19
119,7
120,7
121,11
122,6
123,6
124,6
125,6
126,7
127,7
128,7
129,7
130,7
131,7
132,6
133,5
134,19
135,21
136,7
137,7
138,6
139,19
140,6
141,6
142,6
143,7
144,19
145,21
146,11
147,11
148,11
149,6
150,11
151,11
152,11
153,19
154,6
155,19
156,19
157,6
158,6
159,6
160,6
161,19
162,5
163,20
164,6
165,6
166,6
167,6
168,6
169,6
170,6
171,5
172,5
173,6
174,5
175,6
176,19
177,19
178,6
179,20
180,20
181,19
182,6
183,5
184,6
185,19
186,6
187,6
188,19
189,6
190,6
191,6
192,0
193,19
194,6
195,19
196,19
197,6
198,19
199,6
200,6
201,5
202,5
203,19
204,6
205,6
206,19
207,0
208,6
209,6
210,6
211,6
212,7
213,6
214,9
215,6
216,6
217,6
218,6
219,19
220,6
221,6
222,6
223,6
224,19
225,1
226,11
227,11
228,11
229,11
230,11
231,5
232,5
233,7
234,7
235,11
236,11
237,11
238,11
239,11
240,11
241,11
242,11
243,13
244,11
245,13
246,7
247,7
248,13
249,6
250,19
251,6
252,6
253,6
254,6
255,6
256,6
257,6
258,6
259,6
260,6
261,6
262,6
263,6
264,6
265,6
266,6
267,19
268,19
269,19
270,6
271,6
272,6
273,6
274,19
275,6
276,6
277,6
278,13
279,13
280,13
281,13
282,13
283,13
284,13
285,13
286,13
287,13
288,13
289,13
290,13
291,13
292,13
293,13
294,13
295,13
296,13
297,13
298,13
299,13
300,13
301,13
302,13
303,13
304,13
305,13
306,13
307,13
308,13
309,13
310,13
311,21
312,13
313,13
314,13
315,13
316,13
317,13
318,13
319,13
320,13
321,13
322,13
323,13
324,7
325,7
326,7
327,7
328,7
329,7
330,7
331,7
332,7
333,7
334,6
335,7
336,7
337,7
338,7
339,7
340,7
341,7
342,7
343,7
344,7
345,7
346,7
347,7
348,7
349,7
350,7
351,7
352,7
353,7
354,7
355,7
356,7
357,7
358,7
359,7
360,7
361,7
362,7
363,6
364,6
365,7
366,7
367,7
368,7
369,7
370,7
371,7
372,7
373,7
374,7
375,6
376,7
377,21
378,13
379,6
380,6
381,7
382,13
383,13
384,19
385,13
386,19
387,19
388,19
389,6
390,6
391,6
392,6
393,6
394,6
395,7
396,6
397,6
398,6
399,6
400,6
401,6
402,6
403,6
404,6
405,7
406,21
407,6
408,11
409,6
410,7
411,6
412,6
413,5
414,6
415,6
416,6
417,6
418,7
419,6
420,6
421,6
422,6
423,6
424,6
425,6
426,6
427,6
428,7
429,6
430,6
431,7
432,6
433,6
434,6
435,6
436,6
437,6
438,6
439,5
440,7
441,7
442,11
443,6
444,11
445,7
446,5
447,7
448,6
449,6
450,7
451,7
452,7
453,7
454,7
455,7
456,7
457,7
458,7
459,7
460,7
461,13
462,21
463,21
464,21
465,21
466,21
467,13
468,21
469,2
470,5
471,11
472,6
473,6
474,6
475,7
476,7
477,6
478,4
479,6
480,6
481,6
482,6
483,7
484,6
485,6
486,6
487,6
488,6
489,6
490,6
491,6
492,6
493,6
494,6
495,6
496,6
497,6
498,6
499,5
500,5
501,5
502,6
503,6
504,7
505,6
506,6
507,6
508,6
509,6
510,6
511,19
512,6
513,6
514,6
515,7
516,6
517,6
518,6
519,6
520,6
521,6
522,6
523,13
524,6
525,13
526,6
527,6
528,6
529,6
530,6
531,6
532,7
533,6
534,6
535,7
536,6
537,6
538,1
539,7
540,7
541,7
542,7
543,7
544,7
545,7
546,21
547,2
548,7
549,13
550,7
551,21
552,7
553,7
554,7
555,7
556,7
557,6
558,6
559,6
560,6
561,6
562,6
563,6
564,6
565,6
566,6
567,6
568,6
569,6
570,6
571,6
572,6
573,6
574,7
575,6
576,6
577,6
578,6
579,6
580,6
581,5
582,6
583,6
584,6
585,6
586,6
587,6
588,6
589,6
590,6
591,6
592,6
593,6
594,6
595,6
596,6
597,6
598,6
599,6
600,6
601,6
602,6
603,6
604,6
605,6
606,6
607,6
608,6
609,6
610,6
611,6
612,6
613,6
614,6
615,6
616,6
617,6
618,7
619,7
620,6
621,6
622,7
623,7
624,6
625,6
626,6
627,5
628,6
629,6
630,6
631,6
632,6
633,6
634,6
635,6
636,6
637,6
638,6
639,7
640,6
641,6
642,6
643,6
644,6
645,6
646,6
647,5
648,6
649,6
650,5
651,6
652,19
653,19
654,6
655,2
656,6
657,19
658,6
659,6
660,6
661,6
662,6
663,6
664,6
665,6
666,7
667,6
668,6
669,6
670,7
671,6
672,6
673,6
674,6
675,6
676,6
677,6
678,6
679,6
680,6
681,6
682,5
683,6
684,6
685,6
686,6
687,6
688,19
689,5
690,6
691,6
692,6
693,6
694,6
695,6
696,6
697,6
698,3
699,6
700,6
701,6
702,6
703,6
704,9
705,6
706,5
707,5
708,5
709,5
710,6
711,6
712,6
713,13
714,7
715,13
716,6
717,7
718,7
719,13
720,11
721,7
722,6
723,9
724,6
725,9
726,13
727,13
728,2
729,13
730,13
731,13
732,21
733,21
734,13
735,13
736,13
737,13
738,13
739,13
740,12
741,13
742,13
743,13
744,13
745,21
746,13
747,21
748,13
749,7
750,7
751,7
752,20
753,7
754,7
755,7
756,7
757,7
758,7
759,7
760,7
761,7
762,2
763,7
764,7
765,7
766,7
767,7
768,7
769,7
770,7
771,7
772,7
773,7
774,13
775,21
776,13
777,13
778,13
779,6
780,8
781,13
782,21
783,13
784,13
785,8
786,6
787,13
788,6
789,6
790,6
791,6
792,6
793,13
794,8
795,13
796,13
797,13
798,7
799,13
800,8
801,7
802,6
803,9
804,6
805,10
806,6
807,6
808,6
809,10
810,6
811,6
812,6
813,7
814,6
815,6
816,6
817,6
818,6
819,9
820,6
821,6
822,9
823,9
824,9
825,9
826,9
827,9
828,9
829,9
830,10
831,6
832,6
833,6
834,6
835,10
836,10
837,6
838,6
839,7
840,6
841,6
842,6
843,7
844,6
845,19
846,6
847,19
848,5
849,6
850,6
851,6
852,6
853,6
854,6
855,5
856,6
857,6
858,6
859,6
860,6
861,6
862,7
863,10
864,7
865,7
866,7
867,7
868,7
869,7
870,7
871,7
872,7
873,7
874,7
875,6
876,9
877,7
878,7
879,7
880,7
881,7
882,7
883,2
884,7
885,7
886,2
887,7
888,7
889,7
890,7
891,7
892,7
893,7
894,7
895,7
896,2
897,7
898,7
899,21
900,7
901,7
902,7
903,7
904,7
905,7
906,7
907,7
908,7
909,7
910,7
911,7
912,13
913,21
914,7
915,7
916,7
917,7
918,7
919,7
920,20
921,7
922,7
923,7
924,7
925,20
926,10
927,2
928,2
929,7
930,6
931,9
932,7
933,2
934,2
935,7
936,7
937,6
938,2
939,6
940,7
941,7
942,7
943,6
944,5
945,5
946,2
947,7
948,2
949,2
950,7
951,6
952,6
953,6
954,6
955,6
956,6
957,21
958,6
959,6
960,11
961,6
962,7
963,6
964,13
965,7
966,19
967,7
968,7
969,7
970,7
971,7
972,7
973,7
974,7
975,21
976,7
977,7
978,7
979,7
980,7
981,7
982,7
983,2
984,7
985,7
986,7
987,7
988,7
989,7
990,7
991,7
992,7
993,3
994,7
995,7
996,2
997,7
998,20
999,20
1000,20
1001,20
1002,12
1003,20
1004,20
1005,20
1006,20
1007,20
1008,20
1009,20
1010,20
1011,20
1012,20
1013,20
1014,20
1015,20
1016,20
1017,20
1018,20
1019,1
1020,13
1021,20
1022,20
1023,12
1024,12
1025,20
1026,13
1027,22
1028,20
1029,20
1030,20
1031,2
1032,4
1033,20
1034,20
1035,20
1036,20
1037,20
1038,20
1039,20
1040,20
1041,20
1042,20
1043,20
1044,20
1045,20
1046,20
1047,20
1048,20
1049,12
1050,2
1051,4
1052,20
1053,7
1054,13
1055,13
1056,13
1057,20
1058,20
1059,20
1060,20
1061,20
1062,20
1063,20
1064,20
1065,20
1066,20
1067,20
1068,20
1069,20
1070,20
1071,20
1072,20
1073,20
1074,20
1075,20
1076,20
1077,20
1078,20
1079,20
1080,2
1081,20
1082,20
1083,20
1084,20
1085,20
1086,20
1087,2
1088,7
1089,20
1090,20
1091,20
1092,20
1093,20
1094,20
1095,20
1096,20
1097,20
1098,20
1099,20
1100,20
1101,20
1102,20
1103,20
1104,20
1105,13
1106,2
1107,20
1108,20
1109,7
1110,2
1111,13
1112,20
1113,20
1114,20
1115,20
1116,20
1117,20
1118,20
1119,20
1120,20
1121,20
1122,20
1123,20
1124,20
1125,20
1126,20
1127,2
1128,20
1129,20
1130,21
1131,7
1132,7
1133,7
1134,7
1135,7
1136,7
1137,7
1138,7
1139,7
1140,7
1141,7
1142,7
1143,7
1144,7
1145,7
1146,7
1147,7
1148,7
1149,7
1150,7
1151,7
1152,7
1153,7
1154,7
1155,7
1156,7
1157,2
1158,7
1159,7
1160,7
1161,7
1162,7
1163,7
1164,7
1165,7
1166,7
1167,7
1168,7
1169,7
1170,7
1171,1
1172,7
1173,7
1174,7
1175,7
1176,1
1177,8
1178,7
1179,8
1180,7
1181,7
1182,7
1183,7
1184,7
1185,2
1186,2
1187,7
1188,7
1189,2
1190,7
1191,7
1192,7
1193,7
1194,7
1195,7
1196,7
1197,7
1198,7
1199,2
1200,7
1201,7
1202,7
1203,7
1204,7
1205,7
1206,7
1207,7
1208,7
1209,7
1210,7
1211,7
1212,7
1213,7
1214,7
1215,7
1216,7
1217,7
1218,7
1219,7
1220,7
1221,7
1222,7
1223,7
1224,7
1225,7
1226,7
1227,7
1228,7
1229,7
1230,7
1231,7
1232,7
1233,7
1234,21
1235,7
1236,21
1237,7
1238,7
1239,7
1240,7
1241,7
1242,7
1243,7
1244,7
1245,3
1246,7
1247,7
1248,7
1249,7
1250,7
1251,7
1252,7
1253,7
1254,7
1255,7
1256,10
1257,1
1258,7
1259,7
1260,7
1261,7
1262,7
1263,3
1264,7
1265,17
1266,7
1267,7
1268,7
1269,3
1270,7
1271,7
1272,7
1273,7
1274,7
1275,7
1276,7
1277,7
1278,9
1279,7
1280,7
1281,7
1282,21
1283,7
1284,7
1285,7
1286,6
1287,6
1288,2
1289,11
1290,7
1291,7
1292,7
1293,7
1294,7
1295,7
1296,6
1297,7
1298,7
1299,7
1300,7
1301,7
1302,7
1303,7
1304,7
1305,7
1306,7
1307,7
1308,7
1309,7
1310,7
1311,7
1312,7
1313,7
1314,7
1315,7
1316,7
1317,7
1318,7
1319,7
1320,7
1321,7
1322,7
1323,7
1324,7
1325,7
1326,7
1327,7
1328,7
1329,7
1330,9
1331,7
1332,7
1333,7
1334,7
1335,7
1336,7
1337,7
1338,7
1339,7
1340,7
1341,7
1342,7
1343,7
1344,7
1345,7
1346,7
1347,7
1348,7
1349,7
1350,7
1351,7
1352,7
1353,7
1354,7
1355,7
1356,7
1357,7
1358,7
1359,7
1360,7
1361,7
1362,7
1363,7
1364,7
1365,7
1366,7
1367,7
1368,7
1369,7
1370,7
1371,7
1372,7
1373,7
1374,7
1375,7
1376,7
1377,7
1378,7
1379,7
1380,7
1381,7
1382,7
1383,7
1384,7
1385,7
1386,7
1387,7
1388,7
1389,7
1390,7
1391,7
1392,2
1393,2
1394,2
1395,2
1396,2
1397,7
1398,7
1399,2
1400,7
1401,21
1402,7
1403,1
1404,1
1405,7
1406,21
1407,2
1408,2
1409,2
1410,2
1411,2
1412,7
1413,2
1414,13
1415,21
1416,2
1417,2
1418,2
1419,2
1420,2
1421,2
1422,2
1423,2
1424,2
1425,2
1426,7
1427,2
1428,2
1429,2
1430,2
1431,21
1432,2
1433,7
1434,2
1435,2
1436,2
1437,2
1438,2
1439,2
1440,13
1441,2
1442,2
1443,2
1444,2
1445,2
1446,2
1447,2
1448,2
1449,2
1450,2
1451,7
1452,2
1453,4
1454,7
1455,7
1456,2
1457,2
1458,2
1459,21
1460,1
1461,2
1462,2
1463,2
1464,21
1465,2
1466,2
1467,2
1468,7
1469,2
1470,2
1471,2
1472,2
1473,2
1474,2
1475,1
1476,2
1477,1
1478,2
1479,2
1480,2
1481,10
1482,2
1483,2
1484,3
1485,7
1486,7
1487,7
1488,7
1489,21
1490,21
1491,21
1492,2
1493,2
1494,2
1495,2
1496,21
1497,21
1498,2
1499,21
1500,21
1501,1
1502,2
1503,2
1504,2
1505,2
1506,7
1507,2
1508,2
1509,2
1510,2
1511,2
1512,2
1513,2
1514,2
1515,7
1516,2
1517,7
1518,13
1519,2
1520,7
1521,2
1522,7
1523,2
1524,2
1525,2
1526,2
1527,7
1528,2
1529,7
1530,7
1531,7
1532,7
1533,7
1534,7
1535,7
1536,7
1537,7
1538,7
1539,7
1540,7
1541,7
1542,7
1543,7
1544,7
1545,7
1546,7
1547,7
1548,7
1549,7
1550,7
1551,7
1552,7
1553,7
1554,7
1555,7
1556,7
1557,7
1558,7
1559,7
1560,7
1561,7
1562,7
1563,7
1564,7
1565,7
1566,7
1567,7
1568,7
1569,7
1570,7
1571,7
1572,7
1573,7
1574,7
1575,7
1576,7
1577,7
1578,7
1579,7
1580,7
1581,7
1582,7
1583,7
1584,7
1585,7
1586,7
1587,7
1588,7
1589,7
1590,7
1591,7
1592,7
1593,7
1594,7
1595,7
1596,7
1597,9
1598,2
1599,7
1600,7
1601,7
1602,7
1603,7
1604,7
1605,7
1606,7
1607,7
1608,5
1609,7
1610,7
1611,7
1612,7
1613,7
1614,7
1615,7
1616,7
1617,7
1618,7
1619,9
1620,7
1621,7
1622,7
1623,7
1624,7
1625,7
1626,7
1627,6
1628,7
1629,5
1630,7
1631,9
1632,6
1633,21
1634,7
1635,7
1636,7
1637,7
1638,19
1639,9
1640,7
1641,7
1642,9
1643,6
1644,7
1645,7
1646,8
1647,7
1648,7
1649,7
1650,7
1651,7
1652,7
1653,7
1654,7
1655,21
1656,7
1657,7
1658,7
1659,7
1660,7
1661,7
1662,7
1663,7
1664,3
1665,7
1666,7
1667,7
1668,7
1669,7
1670,7
1671,7
1672,21
1673,21
1674,2
1675,7
1676,7
1677,7
1678,21
1679,21
1680,7
1681,2
1682,7
1683,16
1684,1
1685,7
1686,7
1687,7
1688,7
1689,7
1690,7
1691,7
1692,7
1693,7
1694,7
1695,7
1696,7
1697,7
1698,7
1699,21
1700,2
1701,2
1702,2
1703,2
1704,21
1705,2
1706,2
1707,2
1708,2
1709,4
1710,7
1711,7
1712,6
1713,3
1714,7
1715,7
1716,7
1717,12
1718,12
1719,7
1720,7
1721,21
1722,7
1723,7
1724,21
1725,2
1726,7
1727,9
1728,7
1729,21
1730,7
1731,7
1732,7
1733,21
1734,21
1735,7
1736,2
1737,2
1738,2
1739,2
1740,7
1741,7
1742,7
1743,7
1744,7
1745,7
1746,2
1747,21
1748,7
1749,2
1750,7
1751,7
1752,13
1753,11
1754,21
1755,7
1756,16
1757,7
1758,7
1759,7
1760,7
1761,7
1762,7
1763,7
1764,7
1765,5
1766,7
1767,7
1768,7
1769,7
1770,7
1771,7
1772,7
1773,21
1774,7
1775,7
1776,7
1777,7
1778,7
1779,7
1780,7
1781,7
1782,7
1783,8
1784,7
1785,7
1786,7
1787,7
1788,2
1789,7
1790,2
1791,7
1792,7
1793,7
1794,2
1795,21
1796,7
1797,2
1798,5
1799,7
1800,13
1801,7
1802,7
1803,7
1804,7
1805,7
1806,2
1807,7
1808,7
1809,7
1810,7
1811,7
1812,7
1813,7
1814,7
1815,4
1816,7
1817,7
1818,7
1819,7
1820,7
1821,7
1822,7
1823,7
1824,7
1825,7
1826,7
1827,7
1828,7
1829,7
1830,7
1831,7
1832,7
1833,7
1834,7
1835,7
1836,7
1837,7
1838,7
1839,7
1840,7
1841,7
1842,5
1843,7
1844,7
1845,5
1846,7
1847,7
1848,5
1849,16
1850,16
1851,16
1852,8
1853,8
1854,7
1855,7
1856,7
1857,7
1858,2
1859,8
1860,8
1861,7
1862,7
1863,7
1864,7
1865,7
1866,7
1867,9
1868,5
1869,5
1870,7
1871,9
1872,7
1873,7
1874,7
1875,7
1876,7
1877,7
1878,7
1879,7
1880,7
1881,7
1882,7
1883,7
1884,2
1885,7
1886,7
1887,7
1888,7
1889,7
1890,7
1891,2
1892,1
1893,7
1894,7
1895,7
1896,7
1897,7
1898,7
1899,21
1900,21
1901,7
1902,5
1903,7
1904,7
1905,7
1906,7
1907,7
1908,7
1909,7
1910,7
1911,9
1912,7
1913,7
1914,7
1915,7
1916,7
1917,7
1918,20
1919,7
1920,7
1921,9
1922,9
1923,9
1924,7
1925,16
1926,21
1927,7
1928,7
1929,7
1930,7
1931,7
1932,2
1933,4
1934,2
1935,1
1936,21
1937,12
1938,4
1939,13
1940,21
1941,7
1942,4
1943,4
1944,4
1945,2
1946,21
1947,4
1948,12
1949,12
1950,2
1951,21
1952,21
1953,21
1954,12
1955,21
1956,2
1957,21
1958,1
1959,21
1960,4
1961,2
1962,4
1963,21
1964,21
1965,2
1966,21
1967,2
1968,21
1969,7
1970,2
1971,2
1972,2
1973,2
1974,2
1975,2
1976,2
1977,2
1978,2
1979,2
1980,2
1981,2
1982,2
1983,2
1984,2
1985,2
1986,2
1987,2
1988,2
1989,2
1990,2
1991,2
1992,2
1993,2
1994,2
1995,2
1996,2
1997,2
1998,2
1999,2
2000,2
2001,2
2002,2
2003,2
2004,2
2005,12
2006,2
2007,2
2008,2
2009,2
2010,2
2011,4
2012,12
2013,2
2014,2
2015,2
2016,2
2017,2
2018,2
2019,2
2020,2
2021,2
2022,2
2023,2
2024,2
2025,2
2026,17
2027,2
2028,2
2029,2
2030,2
2031,17
2032,17
2033,3
2034,17
2035,17
2036,20
2037,2
2038,2
2039,2
2040,2
2041,12
2042,2
2043,2
2044,2
2045,2
2046,17
2047,3
2048,2
2049,2
2050,17
2051,2
2052,11
2053,2
2054,2
2055,1
2056,2
2057,2
2058,7
2059,7
2060,7
2061,7
2062,7
2063,7
2064,7
2065,7
2066,7
2067,7
2068,7
2069,7
2070,7
2071,7
2072,7
2073,7
2074,7
2075,7
2076,7
2077,7
2078,6
2079,7
2080,7
2081,7
2082,7
2083,7
2084,7
2085,7
2086,7
2087,7
2088,7
2089,7
2090,7
2091,7
2092,7
2093,5
2094,5
2095,7
2096,7
2097,5
2098,7
2099,7
2100,7
2101,7
2102,7
2103,7
2104,7
2105,5
2106,5
2107,5
2108,5
2109,5
2110,5
2111,7
2112,5
2113,5
2114,7
2115,5
2116,5
2117,5
2118,5
2119,5
2120,5
2121,5
2122,5
2123,5
2124,5
2125,10
2126,5
2127,5
2128,5
2129,10
2130,5
2131,5
2132,5
2133,5
2134,5
2135,5
2136,5
2137,7
2138,7
2139,7
2140,7
2141,7
2142,7
2143,7
2144,7
2145,7
2146,7
2147,7
2148,7
2149,7
2150,2
2151,7
2152,7
2153,7
2154,7
2155,7
2156,7
2157,7
2158,7
2159,7
2160,7
2161,7
2162,7
2163,7
2164,7
2165,7
2166,7
2167,7
2168,7
2169,7
2170,7
2171,7
2172,7
2173,7
2174,7
2175,7
2176,7
2177,7
2178,7
2179,9
2180,7
2181,7
2182,7
2183,7
2184,7
2185,10
2186,6
2187,2
2188,2
2189,2
2190,2
2191,2
2192,2
2193,2
2194,2
2195,2
2196,2
2197,2
2198,17
2199,17
2200,2
2201,7
2202,2
2203,2
2204,1
2205,2
2206,2
2207,2
2208,2
2209,2
2210,2
2211,2
2212,2
2213,1
2214,2
2215,2
2216,2
2217,17
2218,17
2219,1
2220,17
2221,2
2222,2
2223,2
2224,2
2225,2
2226,2
2227,2
2228,2
2229,2
2230,2
2231,2
2232,2
2233,2
2234,2
2235,21
2236,2
2237,2
2238,2
2239,2
2240,2
2241,2
2242,2
2243,2
2244,2
2245,2
2246,2
2247,2
2248,2
2249,2
2250,1
2251,4
2252,2
2253,1
2254,2
2255,2
2256,2
2257,3
2258,1
2259,21
2260,2
2261,1
2262,1
2263,1
2264,2
2265,2
2266,1
2267,2
2268,2
2269,2
2270,2
2271,20
2272,2
2273,2
2274,1
2275,2
2276,2
2277,2
2278,2
2279,2
2280,2
2281,2
2282,2
2283,2
2284,13
2285,2
2286,2
2287,12
2288,2
2289,2
2290,2
2291,17
2292,2
2293,2
2294,2
2295,2
2296,17
2297,2
2298,2
2299,2
2300,17
2301,17
2302,17
2303,2
2304,3
2305,17
2306,17
2307,2
2308,2
2309,17
2310,2
2311,2
2312,3
2313,17
2314,11
2315,2
2316,2
2317,2
2318,7
2319,4
2320,17
2321,2
2322,4
2323,12
2324,2
2325,2
2326,17
2327,17
2328,17
2329,17
2330,2
2331,2
2332,2
2333,2
2334,2
2335,2
2336,2
2337,2
2338,2
2339,2
2340,2
2341,7
2342,3
2343,1
2344,21
2345,21
2346,2
2347,1
2348,2
2349,1
2350,20
2351,1
2352,17
2353,2
2354,2
2355,1
2356,17
2357,1
2358,21
2359,1
2360,1
2361,1
2362,1
2363,1
2364,16
2365,10
2366,16
2367,7
2368,7
2369,6
2370,16
2371,5
2372,7
2373,6
2374,7
2375,7
2376,7
2377,7
2378,7
2379,7
2380,7
2381,7
2382,7
2383,7
2384,7
2385,7
2386,7
2387,7
2388,7
2389,7
2390,7
2391,7
2392,7
2393,7
2394,7
2395,7
2396,5
2397,7
2398,7
2399,7
2400,7
2401,7
2402,7
2403,7
2404,7
2405,7
2406,7
2407,9
2408,7
2409,7
2410,7
2411,9
2412,7
2413,7
2414,7
2415,7
2416,7
2417,7
2418,7
2419,7
2420,7
2421,7
2422,7
2423,7
2424,7
2425,2
2426,13
2427,2
2428,2
2429,2
2430,2
2431,2
2432,2
2433,2
2434,2
2435,21
2436,2
2437,21
2438,2
2439,2
2440,2
2441,2
2442,2
2443,2
2444,2
2445,13
2446,2
2447,2
2448,2
2449,2
2450,2
2451,2
2452,4
2453,2
2454,2
2455,2
2456,2
2457,2
2458,2
2459,2
2460,2
2461,4
2462,2
2463,4
2464,2
2465,2
2466,2
2467,2
2468,2
2469,2
2470,2
2471,2
2472,2
2473,2
2474,2
2475,2
2476,2
2477,2
2478,2
2479,13
2480,2
2481,2
2482,2
2483,2
2484,2
2485,2
2486,2
2487,2
2488,2
2489,2
2490,2
2491,2
2492,2
2493,2
2494,2
2495,2
2496,2
2497,2
2498,2
2499,2
2500,2
2501,2
2502,2
2503,2
2504,2
2505,2
2506,2
2507,2
2508,2
2509,3
2510,2
2511,2
2512,4
2513,2
2514,2
2515,13
2516,2
2517,2
2518,2
2519,2
2520,2
2521,2
2522,2
2523,2
2524,21
2525,2
2526,13
2527,2
2528,2
2529,2
2530,21
2531,2
2532,2
2533,2
2534,2
2535,2
2536,21
2537,2
2538,12
2539,2
2540,12
2541,2
2542,2
2543,2
2544,2
2545,2
2546,2
2547,2
2548,2
2549,2
2550,2
2551,2
2552,2
2553,2
2554,2
2555,2
2556,2
2557,2
2558,2
2559,20
2560,2
2561,2
2562,2
2563,2
2564,2
2565,3
2566,3
2567,2
2568,2
2569,2
2570,2
2571,2
2572,20
2573,2
2574,2
2575,2
2576,2
2577,2
2578,2
2579,2
2580,21
2581,2
2582,2
2583,2
2584,2
2585,2
2586,2
2587,2
2588,2
2589,2
2590,2
2591,2
2592,2
2593,2
2594,21
2595,2
2596,2
2597,2
2598,2
2599,2
2600,2
2601,2
2602,2
2603,2
2604,2
2605,2
2606,2
2607,21
2608,1
2609,21
2610,21
2611,7
2612,5
2613,7
2614,7
2615,16
2616,7
2617,7
2618,4
2619,21
2620,8
2621,8
2622,8
2623,21
2624,8
2625,8
2626,21
2627,21
2628,16
2629,16
2630,7
2631,16
2632,16
2633,13
2634,10
2635,13
2636,5
2637,16
2638,7
2639,7
2640,7
2641,9
2642,7
2643,7
2644,7
2645,4
2646,7
2647,7
2648,7
2649,7
2650,7
2651,7
2652,7
2653,7
2654,7
2655,7
2656,7
2657,7
2658,13
2659,2
2660,2
2661,2
2662,2
2663,7
2664,7
2665,7
2666,7
2667,2
2668,8
2669,7
2670,7
2671,7
2672,5
2673,5
2674,5
2675,5
2676,7
2677,6
2678,5
2679,5
2680,7
2681,7
2682,6
2683,5
2684,5
2685,5
2686,8
2687,5
2688,5
2689,5
2690,5
2691,5
2692,8
2693,8
2694,5
2695,5
2696,9
2697,7
2698,13
2699,5
2700,2
2701,7
2702,7
2703,6
2704,6
2705,7
2706,7
2707,7
2708,7
2709,6
2710,7
2711,7
2712,7
2713,7
2714,7
2715,6
2716,7
2717,7
2718,16
2719,5
2720,16
2721,7
2722,16
2723,7
2724,5
2725,7
2726,7
2727,19
2728,7
2729,7
2730,5
2731,5
2732,5
2733,9
2734,7
2735,6
2736,6
2737,7
2738,7
2739,7
2740,7
2741,11
2742,11
2743,5
2744,11
2745,5
2746,5
2747,21
2748,7
2749,7
2750,8
2751,21
2752,8
2753,5
2754,7
2755,21
2756,16
2757,7
2758,20
2759,20
2760,20
2761,20
2762,20
2763,20
2764,20
2765,20
2766,20
2767,20
2768,20
2769,20
2770,20
2771,20
2772,20
2773,20
2774,20
2775,20
2776,12
2777,20
2778,20
2779,20
2780,20
2781,20
2782,20
2783,20
2784,20
2785,20
2786,20
2787,20
2788,20
2789,20
2790,20
2791,20
2792,20
2793,20
2794,20
2795,20
2796,20
2797,20
2798,20
2799,20
2800,20
2801,20
2802,20
2803,20
2804,20
2805,20
2806,20
2807,20
2808,20
2809,20
2810,20
2811,20
2812,20
2813,20
2814,20
2815,20
2816,20
2817,20
2818,20
2819,20
2820,20
2821,20
2822,20
2823,20
2824,20
2825,20
2826,20
2827,20
2828,20
2829,20
2830,20
2831,20
2832,20
2833,20
2834,20
2835,20
2836,20
2837,20
2838,20
2839,20
2840,20
2841,20
2842,20
2843,20
2844,20
2845,20
2846,20
2847,20
2848,20
2849,20
2850,20
2851,20
2852,20
2853,20
2854,20
2855,20
2856,20
2857,20
2858,20
2859,9
2860,9
2861,9
2862,9
2863,9
2864,9
2865,9
2866,9
2867,9
2868,9
2869,9
2870,9
2871,9
2872,9
2873,9
2874,9
2875,9
2876,9
2877,9
2878,9
2879,9
2880,9
2881,9
2882,7
2883,9
2884,9
2885,9
2886,9
2887,9
2888,7
2889,9
2890,9
2891,5
2892,7
2893,13
2894,13
2895,13
2896,7
2897,7
2898,7
2899,7
2900,7
2901,7
2902,7
2903,7
2904,5
2905,7
2906,7
2907,7
2908,7
2909,7
2910,7
2911,21
2912,2
2913,2
2914,4
2915,7
2916,7
2917,7
2918,4
2919,20
2920,20
2921,20
2922,20
2923,20
2924,20
2925,20
2926,20
2927,16
2928,7
2929,7
2930,7
2931,13
2932,13
2933,13
2934,7
2935,9
2936,9
2937,9
2938,7
2939,9
2940,9
2941,9
2942,16
2943,9
2944,8
2945,9
2946,21
2947,21
2948,21
2949,21
2950,21
2951,9
2952,7
2953,8
2954,7
2955,7
2956,7
2957,16
2958,5
2959,16
2960,16
2961,16
2962,16
2963,16
2964,16
2965,16
2966,16
2967,16
2968,16
2969,16
2970,16
2971,16
2972,16
2973,16
2974,13
2975,2
2976,13
2977,7
2978,9
2979,21
2980,7
2981,7
2982,5
2983,7
2984,5
2985,7
2986,5
2987,7
2988,7
2989,7
2990,1
2991,7
2992,7
2993,7
2994,7
2995,7
2996,4
2997,7
2998,7
2999,7
3000,7
3001,7
3002,7
3003,7
3004,7
3005,7
3006,13
3007,13
3008,6
3009,13
3010,2
3011,5
3012,8
3013,2
3014,4
3015,4
3016,4
3017,2
3018,21
3019,1
3020,1
3021,1
3022,1
3023,1
3024,1
3025,2
3026,21
3027,21
3028,12
3029,12
3030,12
3031,12
3032,12
3033,2
3034,13
3035,13
3036,13
3037,13
3038,7
3039,13
3040,4
3041,4
3042,4
3043,4
3044,4
3045,21
3046,21
3047,4
3048,4
3049,4
3050,4
3051,4
3052,4
3053,4
3054,4
3055,4
3056,4
3057,4
3058,4
3059,4
3060,4
3061,4
3062,4
3063,22
3064,4
3065,4
3066,4
3067,4
3068,4
3069,4
3070,4
3071,4
3072,4
3073,4
3074,2
3075,2
3076,17
3077,2
3078,2
3079,17
3080,2
3081,21
3082,21
3083,13
3084,21
3085,21
3086,21
3087,21
3088,21
3089,21
3090,16
3091,21
3092,21
3093,21
3094,21
3095,21
3096,21
3097,21
3098,9
3099,5
3100,21
3101,21
3102,21
3103,21
3104,21
3105,21
3106,21
3107,21
3108,21
3109,21
3110,21
3111,21
3112,4
3113,4
3114,1
3115,1
3116,13
3117,13
3118,13
3119,13
3120,13
3121,12
3122,12
3123,12
3124,12
3125,12
3126,12
3127,12
3128,3
3129,12
3130,12
3131,21
3132,13
3133,21
3134,13
3135,13
3136,13
3137,13
3138,12
3139,13
3140,13
3141,21
3142,21
3143,2
3144,9
3145,21
3146,2
3147,21
3148,2
3149,7
3150,2
3151,21
3152,21
3153,21
3154,10
3155,21
3156,21
3157,21
3158,21
3159,21
3160,21
3161,21
3162,21
3163,21
3164,21
3165,2
3166,21
3167,21
3168,21
3169,21
3170,21
3171,21
3172,21
3173,21
3174,21
3175,21
3176,21
3177,21
3178,21
3179,21
3180,21
3181,21
3182,21
3183,21
3184,21
3185,21
3186,21
3187,21
3188,12
3189,12
3190,13
3191,12
3192,21
3193,21
3194,21
3195,21
3196,21
3197,21
3198,12
3199,2
3200,2
3201,20
3202,17
3203,2
3204,4
3205,21
3206,13
3207,21
3208,21
3209,21
3210,21
3211,21
3212,21
3213,3
3214,21
3215,13
3216,21
3217,3
3218,21
3219,21
3220,21
3221,13
3222,21
3223,21
3224,21
3225,21
3226,17
3227,2
3228,21
3229,20
3230,21
3231,21
3232,1
3233,21
3234,21
3235,21
3236,13
3237,21
3238,13
3239,21
3240,12
3241,21
3242,2
3243,21
3244,21
3245,21
3246,2
3247,11
3248,2
3249,7
3250,20
3251,20
3252,12
3253,4
3254,4
3255,4
3256,3
3257,4
3258,4
3259,4
3260,4
3261,4
3262,4
3263,4
3264,12
3265,20
3266,4
3267,4
3268,7
3269,21
3270,21
3271,3
3272,21
3273,9
3274,21
3275,21
3276,21
3277,21
3278,21
3279,21
3280,21
3281,21
3282,21
3283,21
3284,2
3285,2
3286,13
3287,11
3288,21
3289,13
3290,7
3291,12
3292,12
3293,20
3294,12
3295,12
3296,20
3297,20
3298,20
3299,20
3300,20
3301,20
3302,20
3303,20
3304,20
3305,20
3306,20
3307,20
3308,20
3309,20
3310,20
3311,20
3312,20
3313,20
3314,20
3315,20
3316,20
3317,20
3318,20
3319,20
3320,20
3321,12
3322,12
3323,12
3324,20
3325,20
3326,20
3327,2
3328,20
3329,20
3330,20
3331,20
3332,20
3333,20
3334,13
3335,12
3336,20
3337,19
3338,20
3339,5
3340,20
3341,20
3342,20
3343,7
3344,5
3345,5
3346,5
3347,5
3348,5
3349,5
3350,5
3351,5
3352,5
3353,5
3354,5
3355,5
3356,6
3357,5
3358,5
3359,5
3360,5
3361,1
3362,11
3363,7
3364,6
3365,7
3366,7
3367,20
3368,20
3369,20
3370,20
3371,20
3372,20
3373,20
3374,20
3375,20
3376,3
3377,20
3378,20
3379,20
3380,20
3381,20
3382,7
3383,2
3384,19
3385,20
3386,2
3387,20
3388,20
3389,20
3390,20
3391,20
3392,20
3393,20
3394,20
3395,20
3396,20
3397,4
3398,20
3399,20
3400,20
3401,20
3402,2
3403,20
3404,20
3405,20
3406,20
3407,20
3408,20
3409,20
3410,20
3411,20
3412,20
3413,20
3414,20
3415,20
3416,20
3417,20
3418,20
3419,20
3420,20
3421,2
3422,2
3423,2
3424,2
3425,2
3426,2
3427,2
3428,2
3429,2
3430,2
3431,21
3432,2
3433,2
3434,8
3435,2
3436,20
3437,20
3438,20
3439,20
3440,20
3441,21
3442,21
3443,9
3444,9
3445,9
3446,9
3447,9
3448,7
3449,7
3450,7
3451,9
3452,7
3453,9
3454,7
3455,7
3456,7
3457,7
3458,5
3459,7
3460,9
3461,7
3462,5
3463,7
3464,9
3465,13
3466,7
3467,12
3468,7
3469,7
3470,7
3471,7
3472,7
3473,7
3474,7
3475,7
3476,7
3477,7
3478,7
3479,7
3480,7
3481,7
3482,7
3483,21
3484,2
3485,2
3486,12
3487,2
3488,2
3489,2
3490,2
3491,2
3492,2
3493,2
3494,2
3495,2
3496,9
3497,19
3498,7
3499,13
3500,7
3501,7
3502,7
3503,10
3504,7
3505,5
3506,7
3507,7
3508,7
3509,7
3510,7
3511,7
3512,7
3513,7
3514,7
3515,7
3516,7
3517,7
3518,7
3519,7
3520,7
3521,7
3522,7
3523,7
3524,7
3525,21
3526,19
3527,7
3528,7
3529,1
3530,1
3531,1
3532,1
3533,1
3534,1
3535,1
3536,17
3537,19
3538,1
3539,7
3540,7
3541,7
3542,6
3543,6
3544,6
3545,6
3546,6
3547,21
3548,21
3549,6
3550,16
3551,16
3552,5
3553,7
3554,5
3555,5
3556,5
3557,5
3558,5
3559,7
3560,9
3561,2
3562,7
3563,7
3564,20
3565,7
3566,16
3567,7
3568,21
3569,11
3570,5
3571,5
3572,5
3573,13
3574,8
3575,8
3576,8
3577,5
3578,5
3579,5
3580,5
3581,5
3582,8
3583,13
3584,13
3585,5
3586,5
3587,5
3588,5
3589,5
3590,8
3591,5
3592,5
3593,13
3594,5
3595,8
3596,5
3597,5
3598,5
3599,5
3600,5
3601,5
3602,9
3603,5
3604,7
3605,13
3606,13
3607,13
3608,13
3609,13
3610,13
3611,13
3612,13
3613,13
3614,13
3615,2
3616,13
3617,13
3618,13
3619,2
3620,13
3621,13
3622,2
3623,2
3624,13
3625,13
3626,16
3627,3
3628,13
3629,13
3630,16
3631,3
3632,13
3633,13
3634,13
3635,17
3636,2
3637,13
3638,13
3639,17
3640,13
3641,13
3642,13
3643,13
3644,3
3645,2
3646,13
3647,13
3648,13
3649,13
3650,16
3651,13
3652,13
3653,2
3654,13
3655,10
3656,2
3657,2
3658,13
3659,13
3660,13
3661,13
3662,13
3663,13
3664,13
3665,13
3666,13
3667,11
3668,13
3669,13
3670,13
3671,19
3672,21
3673,21
3674,13
3675,13
3676,13
3677,4
3678,2
3679,13
3680,16
3681,13
3682,13
3683,13
3684,16
3685,13
3686,13
3687,13
3688,13
3689,13
3690,13
3691,13
3692,13
3693,13
3694,13
3695,13
3696,13
3697,13
3698,13
3699,13
3700,13
3701,13
3702,13
3703,13
3704,13
3705,2
3706,13
3707,2
3708,13
3709,13
3710,2
3711,20
3712,20
3713,2
3714,2
3715,20
3716,20
3717,2
3718,2
3719,2
3720,2
3721,2
3722,2
3723,2
3724,3
3725,10
3726,2
3727,10
3728,13
3729,16
3730,13
3731,3
3732,13
3733,13
3734,10
3735,13
3736,13
3737,2
3738,2
3739,2
3740,2
3741,2
3742,2
3743,2
3744,2
3745,2
3746,2
3747,2
3748,13
3749,13
3750,2
3751,2
3752,13
3753,13
3754,8
3755,8
3756,13
3757,13
3758,13
3759,13
3760,13
3761,13
3762,13
3763,13
3764,13
3765,13
3766,13
3767,13
3768,13
3769,13
3770,13
3771,13
3772,13
3773,13
3774,8
3775,13
3776,13
3777,13
3778,13
3779,13
3780,13
3781,13
3782,13
3783,2
3784,2
3785,2
3786,21
3787,2
3788,2
3789,20
3790,2
3791,2
3792,2
3793,2
3794,21
3795,2
3796,2
3797,2
3798,2
3799,2
3800,2
3801,2
3802,2
3803,2
3804,13
3805,2
3806,2
3807,13
3808,2
3809,2
3810,13
3811,13
3812,2
3813,13
3814,16
3815,2
3816,2
3817,2
3818,13
3819,2
3820,2
3821,2
3822,13
3823,2
3824,2
3825,2
3826,2
3827,2
3828,13
3829,2
3830,13
3831,13
3832,13
3833,13
3834,13
3835,13
3836,13
3837,13
3838,13
3839,13
3840,13
3841,13
3842,13
3843,13
3844,13
3845,8
3846,13
3847,13
3848,13
3849,13
3850,16
3851,2
3852,13
3853,3
3854,13
3855,13
3856,13
3857,13
3858,13
3859,13
3860,13
3861,13
3862,13
3863,13
3864,13
3865,13
3866,13
3867,2
3868,2
3869,2
3870,13
3871,13
3872,2
3873,21
3874,2
3875,2
3876,2
3877,2
3878,2
3879,13
3880,13
3881,13
3882,13
3883,8
3884,21
3885,2
3886,13
3887,13
3888,2
3889,13
3890,13
3891,2
3892,13
3893,13
3894,2
3895,2
3896,21
3897,21
3898,13
3899,13
3900,13
3901,3
3902,13
3903,21
3904,13
3905,13
3906,13
3907,13
3908,21
3909,13
3910,16
3911,13
3912,13
3913,13
3914,13
3915,13
3916,13
3917,9
3918,13
3919,13
3920,13
3921,13
3922,13
3923,9
3924,2
3925,13
3926,13
3927,13
3928,13
3929,8
3930,13
3931,13
3932,13
3933,8
3934,8
3935,8
3936,8
3937,8
3938,13
3939,8
3940,13
3941,16
3942,13
3943,13
3944,13
3945,13
3946,16
3947,13
3948,13
3949,13
3950,13
3951,13
3952,13
3953,13
3954,13
3955,13
3956,13
3957,2
3958,13
3959,13
3960,16
3961,7
3962,16
3963,16
3964,16
3965,13
3966,16
3967,16
3968,16
3969,16
3970,13
3971,16
3972,13
3973,10
3974,13
3975,13
3976,13
3977,13
3978,2
3979,11
3980,13
3981,2
3982,16
3983,9
3984,16
3985,5
3986,16
3987,16
3988,9
3989,12
3990,9
3991,16
3992,16
3993,9
3994,16
3995,9
3996,13
3997,9
3998,9
3999,16
4000,9
4001,16
4002,16
4003,9
4004,9
4005,9
4006,16
4007,8
4008,9
4009,16
4010,16
4011,16
4012,16
4013,16
4014,16
4015,16
4016,16
4017,16
4018,16
4019,16
4020,13
4021,13
4022,2
4023,13
4024,2
4025,2
4026,2
4027,10
4028,10
4029,10
4030,10
4031,10
4032,10
4033,10
4034,10
4035,10
4036,21
4037,2
4038,13
4039,13
4040,13
4041,2
4042,13
4043,13
4044,13
4045,13
4046,13
4047,13
4048,13
4049,13
4050,21
4051,13
4052,5
4053,2
4054,13
4055,13
4056,8
4057,13
4058,3
4059,13
4060,13
4061,13
4062,13
4063,13
4064,13
4065,13
4066,4
4067,13
4068,13
4069,4
4070,4
4071,4
4072,13
4073,13
4074,4
4075,4
4076,4
4077,16
4078,16
4079,16
4080,16
4081,16
4082,13
4083,13
4084,13
4085,13
4086,13
4087,13
4088,13
4089,16
4090,16
4091,16
4092,16
4093,16
4094,16
4095,13
4096,16
4097,13
4098,13
4099,13
4100,13
4101,8
4102,13
4103,13
4104,8
4105,21
4106,13
4107,13
4108,13
4109,13
4110,13
4111,13
4112,13
4113,13
4114,13
4115,13
4116,13
4117,13
4118,13
4119,13
4120,13
4121,21
4122,21
4123,13
4124,13
4125,13
4126,16
4127,13
4128,13
4129,13
4130,13
4131,13
4132,2
4133,8
4134,8
4135,13
4136,13
4137,13
4138,13
4139,13
4140,13
4141,8
4142,8
4143,13
4144,13
4145,13
4146,13
4147,8
4148,13
4149,13
4150,13
4151,13
4152,13
4153,13
4154,13
4155,9
4156,13
4157,2
4158,13
4159,13
4160,13
4161,13
4162,21
4163,21
4164,7
4165,13
4166,13
4167,21
4168,8
4169,2
4170,13
4171,13
4172,13
4173,2
4174,13
4175,2
4176,2
4177,2
4178,2
4179,2
4180,2
4181,2
4182,2
4183,2
4184,20
4185,20
4186,2
4187,2
4188,2
4189,2
4190,20
4191,2
4192,2
4193,2
4194,20
4195,20
4196,20
4197,20
4198,20
4199,20
4200,20
4201,2
4202,3
4203,20
4204,20
4205,2
4206,20
4207,2
4208,2
4209,2
4210,2
4211,2
4212,2
4213,13
4214,21
4215,21
4216,21
4217,3
4218,2
4219,21
4220,21
4221,9
4222,9
4223,9
4224,9
4225,21
4226,21
4227,2
4228,9
4229,10
4230,2
4231,5
4232,2
4233,2
4234,5
4235,21
4236,10
4237,16
4238,16
4239,16
4240,5
4241,9
4242,9
4243,9
4244,9
4245,9
4246,9
4247,9
4248,2
4249,13
4250,5
4251,10
4252,10
4253,5
4254,5
4255,9
4256,5
4257,10
4258,10
4259,16
4260,5
4261,5
4262,9
4263,9
4264,9
4265,9
4266,5
4267,9
4268,13
4269,5
4270,16
4271,6
4272,21
4273,9
4274,5
4275,9
4276,9
4277,9
4278,10
4279,9
4280,9
4281,9
4282,16
4283,9
4284,9
4285,21
4286,21
4287,21
4288,21
4289,21
4290,21
4291,21
4292,21
4293,16
4294,16
4295,21
4296,21
4297,4
4298,2
4299,9
4300,2
4301,21
4302,21
4303,16
4304,21
4305,16
4306,21
4307,21
4308,21
4309,21
4310,21
4311,21
4312,21
4313,2
4314,21
4315,21
4316,2
4317,21
4318,21
4319,21
4320,8
4321,2
4322,21
4323,21
4324,21
4325,21
4326,21
4327,12
4328,2
4329,2
4330,21
4331,21
4332,21
4333,7
4334,2
4335,2
4336,2
4337,2
4338,2
4339,20
4340,2
4341,21
4342,2
4343,2
4344,2
4345,21
4346,2
4347,2
4348,2
4349,2
4350,2
4351,21
4352,2
4353,2
4354,21
4355,20
4356,20
4357,21
4358,21
4359,21
4360,21
4361,21
4362,21
4363,21
4364,21
4365,21
4366,21
4367,21
4368,21
4369,21
4370,21
4371,21
4372,2
4373,2
4374,2
4375,2
4376,2
4377,19
4378,2
4379,4
4380,2
4381,2
4382,21
4383,21
4384,21
4385,21
4386,13
4387,21
4388,13
4389,13
4390,13
4391,13
4392,21
4393,13
4394,21
4395,12
4396,12
4397,21
4398,16
4399,21
4400,20
4401,20
4402,20
4403,13
4404,12
4405,12
4406,12
4407,12
4408,12
4409,4
4410,3
4411,3
4412,12
4413,12
4414,12
4415,21
4416,12
4417,2
4418,21
4419,13
4420,13
4421,13
4422,13
4423,13
4424,13
4425,13
4426,13
4427,13
4428,13
4429,13
4430,13
4431,13
4432,13
4433,21
4434,13
4435,13
4436,13
4437,13
4438,13
4439,13
4440,13
4441,16
4442,21
4443,9
4444,9
4445,9
4446,9
4447,9
4448,9
4449,9
4450,17
4451,9
4452,10
4453,9
4454,9
4455,5
4456,9
4457,9
4458,9
4459,9
4460,9
4461,5
4462,9
4463,9
4464,9
4465,9
4466,10
4467,9
4468,9
4469,9
4470,5
4471,5
4472,5
4473,10
4474,9
4475,9
4476,9
4477,9
4478,16
4479,9
4480,9
4481,5
4482,5
4483,9
4484,10
4485,9
4486,9
4487,9
4488,10
4489,9
4490,9
4491,9
4492,9
4493,5
4494,5
4495,21
4496,21
4497,21
4498,21
4499,21
4500,21
4501,21
4502,13
4503,21
4504,21
4505,3
4506,3
4507,8
4508,21
4509,21
4510,21
4511,2
4512,2
4513,8
4514,21
4515,2
4516,2
4517,2
4518,8
4519,2
4520,21
4521,8
4522,2
4523,16
4524,21
4525,2
4526,21
4527,2
4528,21
4529,3
4530,21
4531,20
4532,13
4533,8
4534,19
4535,2
4536,2
4537,2
4538,2
4539,2
4540,2
4541,2
4542,2
4543,2
4544,2
4545,2
4546,9
4547,2
4548,2
4549,2
4550,2
4551,2
4552,21
4553,2
4554,21
4555,13
4556,4
4557,3
4558,2
4559,2
4560,2
4561,2
4562,2
4563,2
4564,2
4565,2
4566,2
4567,2
4568,2
4569,2
4570,2
4571,13
4572,8
4573,8
4574,8
4575,8
4576,8
4577,13
4578,13
4579,2
4580,2
4581,12
4582,2
4583,13
4584,2
4585,13
4586,2
4587,2
4588,2
4589,2
4590,2
4591,2
4592,21
4593,2
4594,2
4595,2
4596,2
4597,2
4598,2
4599,2
4600,2
4601,2
4602,12
4603,12
4604,12
4605,12
4606,12
4607,12
4608,12
4609,12
4610,12
4611,12
4612,12
4613,12
4614,12
4615,12
4616,12
4617,10
4618,12
4619,2
4620,2
4621,2
4622,8
4623,12
4624,12
4625,2
4626,2
4627,2
4628,7
4629,17
4630,7
4631,2
4632,2
4633,2
4634,7
4635,2
4636,2
4637,2
4638,2
4639,2
4640,2
4641,21
4642,2
4643,2
4644,2
4645,2
4646,2
4647,2
4648,20
4649,2
4650,2
4651,2
4652,2
4653,2
4654,4
4655,4
4656,2
4657,2
4658,13
4659,2
4660,2
4661,2
4662,7
4663,2
4664,2
4665,2
4666,2
4667,2
4668,2
4669,2
4670,20
4671,20
4672,2
4673,2
4674,2
4675,3
4676,20
4677,2
4678,2
4679,2
4680,12
4681,2
4682,8
4683,8
4684,8
4685,8
4686,21
4687,13
4688,13
4689,13
4690,13
4691,8
4692,2
4693,16
4694,21
4695,21
4696,4
4697,13
4698,13
4699,13
4700,13
4701,2
4702,2
4703,21
4704,2
4705,2
4706,2
4707,21
4708,2
4709,2
4710,2
4711,2
4712,2
4713,2
4714,2
4715,21
4716,2
4717,21
4718,13
4719,13
4720,13
4721,13
4722,8
4723,8
4724,8
4725,8
4726,13
4727,13
4728,21
4729,21
4730,7
4731,16
4732,13
4733,19
4734,13
4735,13
4736,13
4737,13
4738,2
4739,2
4740,13
4741,2
4742,2
4743,2
4744,13
4745,2
4746,2
4747,2
4748,13
4749,13
4750,9
4751,9
4752,9
4753,9
4754,9
4755,9
4756,9
4757,9
4758,9
4759,5
4760,9
4761,9
4762,16
4763,9
4764,9
4765,9
4766,8
4767,8
4768,8
4769,8
4770,21
4771,21
4772,21
4773,8
4774,13
4775,21
4776,21
4777,21
4778,8
4779,21
4780,8
4781,8
4782,21
4783,8
4784,13
4785,13
4786,13
4787,13
4788,13
4789,13
4790,12
4791,3
4792,3
4793,3
4794,3
4795,3
4796,3
4797,3
4798,3
4799,3
4800,3
4801,3
4802,3
4803,3
4804,3
4805,3
4806,3
4807,3
4808,3
4809,17
4810,3
4811,3
4812,3
4813,3
4814,3
4815,3
4816,3
4817,3
4818,3
4819,3
4820,3
4821,3
4822,3
4823,13
4824,3
4825,3
4826,3
4827,3
4828,3
4829,3
4830,3
4831,3
4832,3
4833,13
4834,13
4835,13
4836,13
4837,13
4838,13
4839,13
4840,13
4841,13
4842,13
4843,13
4844,13
4845,13
4846,13
4847,13
4848,21
4849,8
4850,8
4851,13
4852,9
4853,21
4854,10
4855,5
4856,5
4857,9
4858,9
4859,9
4860,9
4861,9
4862,9
4863,5
4864,5
4865,9
4866,9
4867,9
4868,5
4869,9
4870,9
4871,9
4872,16
4873,9
4874,16
4875,5
4876,3
4877,16
4878,9
4879,9
4880,9
4881,4
4882,9
4883,10
4884,9
4885,9
4886,16
4887,9
4888,8
4889,9
4890,9
4891,9
4892,17
4893,9
4894,17
4895,9
4896,21
4897,9
4898,13
4899,16
4900,13
4901,13
4902,13
4903,13
4904,7
4905,13
4906,13
4907,13
4908,13
4909,13
4910,6
4911,7
4912,9
4913,5
4914,16
4915,9
4916,9
4917,17
4918,10
4919,9
4920,10
4921,9
4922,9
4923,10
4924,9
4925,5
4926,10
4927,9
4928,5
4929,9
4930,17
4931,13
4932,7
4933,7
4934,7
4935,13
4936,7
4937,16
4938,16
4939,16
4940,16
4941,16
4942,16
4943,16
4944,9
4945,13
4946,9
4947,13
4948,13
4949,21
4950,13
4951,13
4952,13
4953,13
4954,8
4955,8
4956,8
4957,8
4958,8
4959,5
4960,8
4961,8
4962,8
4963,8
4964,8
4965,8
4966,16
4967,16
4968,8
4969,8
4970,8
4971,8
4972,8
4973,8
4974,8
4975,8
4976,8
4977,7
4978,7
4979,7
4980,7
4981,7
4982,13
4983,13
4984,7
4985,7
4986,13
4987,21
4988,7
4989,7
4990,13
4991,13
4992,13
4993,13
4994,13
4995,13
4996,7
4997,7
4998,8
4999,2
5000,2
5001,5
5002,5
5003,13
5004,13
5005,13
5006,13
5007,21
5008,13
5009,21
5010,12
5011,12
5012,13
5013,13
5014,13
5015,13
5016,3
5017,2
5018,2
5019,13
5020,13
5021,13
5022,13
5023,16
5024,16
5025,16
5026,9
5027,16
5028,16
5029,16
5030,16
5031,16
5032,16
5033,16
5034,16
5035,16
5036,5
5037,16
5038,9
5039,9
5040,9
5041,9
5042,9
5043,9
5044,9
5045,9
5046,16
5047,10
5048,9
5049,9
5050,9
5051,17
5052,10
5053,10
5054,9
5055,10
5056,9
5057,7
5058,8
5059,12
5060,2
5061,2
5062,8
5063,21
5064,21
5065,21
5066,13
5067,21
5068,21
5069,2
5070,21
5071,21
5072,21
5073,21
5074,21
5075,21
5076,21
5077,21
5078,21
5079,21
5080,2
5081,13
5082,2
5083,5
5084,12
5085,12
5086,12
5087,12
5088,12
5089,13
5090,9
5091,19
5092,9
5093,16
5094,13
5095,13
5096,13
5097,13
5098,13
5099,13
5100,13
5101,13
5102,13
5103,13
5104,13
5105,13
5106,13
5107,13
5108,13
5109,13
5110,21
5111,13
5112,13
5113,13
5114,13
5115,13
5116,13
5117,13
5118,13
5119,13
5120,13
5121,13
5122,13
5123,13
5124,13
5125,16
5126,8
5127,16
5128,16
5129,16
5130,16
5131,16
5132,8
5133,16
5134,16
5135,16
5136,13
5137,13
5138,12
5139,16
5140,16
5141,16
5142,16
5143,9
5144,16
5145,9
5146,16
5147,9
5148,9
5149,16
5150,16
5151,16
5152,16
5153,16
5154,9
5155,16
5156,16
5157,16
5158,16
5159,5
5160,16
5161,21
5162,9
5163,22
5164,10
5165,16
5166,16
5167,16
5168,9
5169,7
5170,16
5171,13
5172,13
5173,13
5174,16
5175,16
5176,16
5177,16
5178,16
5179,13
5180,21
5181,13
5182,21
5183,16
5184,21
5185,21
5186,21
5187,21
5188,21
5189,21
5190,21
5191,21
5192,13
5193,21
5194,13
5195,2
5196,2
5197,2
5198,2
5199,2
5200,2
5201,11
5202,8
5203,13
5204,8
5205,11
5206,21
5207,11
5208,2
5209,2
5210,21
5211,3
5212,2
5213,16
5214,16
5215,16
5216,16
5217,16
5218,14
5219,10
5220,16
5221,16
5222,16
5223,19
5224,16
5225,10
5226,9
5227,5
5228,10
5229,5
5230,5
5231,5
5232,5
5233,5
5234,8
5235,5
5236,5
5237,16
5238,16
5239,16
5240,16
5241,16
5242,21
5243,16
5244,16
5245,16
5246,12
5247,13
5248,12
5249,16
5250,16
5251,16
5252,16
5253,16
5254,16
5255,16
5256,16
5257,16
5258,16
5259,16
5260,16
5261,16
5262,16
5263,9
5264,5
5265,5
5266,9
5267,9
5268,9
5269,9
5270,9
5271,5
5272,16
5273,16
5274,10
5275,9
5276,9
5277,9
5278,9
5279,9
5280,9
5281,9
5282,9
5283,9
5284,9
5285,13
5286,16
5287,16
5288,7
5289,22
5290,8
5291,8
5292,8
5293,16
5294,10
5295,9
5296,9
5297,16
5298,16
5299,9
5300,9
5301,20
5302,7
5303,16
5304,16
5305,16
5306,5
5307,9
5308,9
5309,9
5310,9
5311,10
5312,5
5313,17
5314,9
5315,9
5316,9
5317,9
5318,16
5319,8
5320,9
5321,9
5322,9
5323,9
5324,9
5325,9
5326,10
5327,2
5328,2
5329,11
5330,2
5331,2
5332,2
5333,10
5334,10
5335,10
5336,10
5337,10
5338,10
5339,10
5340,10
5341,10
5342,10
5343,10
5344,10
5345,10
5346,10
5347,10
5348,10
5349,10
5350,10
5351,10
5352,10
5353,10
5354,10
5355,5
5356,10
5357,10
5358,3
5359,10
5360,10
5361,10
5362,10
5363,10
5364,10
5365,10
5366,10
5367,10
5368,10
5369,10
5370,10
5371,10
5372,10
5373,10
5374,10
5375,10
5376,10
5377,10
5378,10
5379,10
5380,10
5381,10
5382,10
5383,10
5384,19
5385,10
5386,10
5387,10
5388,10
5389,10
5390,10
5391,10
5392,10
5393,10
5394,10
5395,10
5396,10
5397,3
5398,10
5399,10
5400,10
5401,10
5402,10
5403,10
5404,10
5405,10
5406,10
5407,10
5408,10
5409,10
5410,10
5411,10
5412,10
5413,10
5414,10
5415,10
5416,10
5417,20
5418,10
5419,10
5420,10
5421,10
5422,16
5423,9
5424,10
5425,10
5426,10
5427,16
5428,10
5429,10
5430,10
5431,10
5432,10
5433,10
5434,10
5435,10
5436,10
5437,10
5438,10
5439,13
5440,13
5441,4
5442,13
5443,13
5444,13
5445,13
5446,21
5447,21
5448,21
5449,13
5450,21
5451,21
5452,21
5453,21
5454,21
5455,21
5456,21
5457,21
5458,19
5459,21
5460,13
5461,13
5462,13
5463,6
5464,21
5465,5
5466,7
5467,7
5468,21
5469,21
5470,21
5471,21
5472,21
5473,21
5474,21
5475,21
5476,21
5477,2
5478,12
5479,2
5480,2
5481,13
5482,13
5483,13
5484,21
5485,3
5486,19
5487,12
5488,6
5489,12
5490,21
5491,13
5492,2
5493,2
5494,2
5495,2
5496,2
5497,2
5498,21
5499,21
5500,21
5501,21
5502,2
5503,2
5504,2
5505,2
5506,7
5507,7
5508,7
5509,21
5510,21
5511,8
5512,21
5513,21
5514,21
5515,13
5516,7
5517,13
5518,13
5519,8
5520,8
5521,21
5522,21
5523,11
5524,11
5525,9
5526,11
5527,11
5528,11
5529,11
5530,21
5531,8
5532,12
5533,21
5534,21
5535,12
5536,12
5537,12
5538,4
5539,2
5540,13
5541,2
5542,20
5543,13
5544,13
5545,13
5546,12
5547,20
5548,12
5549,2
5550,21
5551,7
5552,7
5553,7
5554,21
5555,1
5556,5
5557,19
5558,5
5559,5
5560,5
5561,5
5562,5
5563,21
5564,9
5565,21
5566,13
5567,21
5568,17
5569,12
5570,21
5571,13
5572,21
5573,13
5574,12
5575,13
5576,13
5577,13
5578,21
5579,13
5580,13
5581,16
5582,16
5583,16
5584,16
5585,5
5586,16
5587,13
5588,13
5589,13
5590,13
5591,13
5592,13
5593,13
5594,13
5595,13
5596,13
5597,13
5598,13
5599,8
5600,8
5601,8
5602,8
5603,8
5604,13
5605,13
5606,2
5607,2
5608,2
5609,4
5610,20
5611,17
5612,4
5613,2
5614,2
5615,2
5616,2
5617,2
5618,2
5619,21
5620,2
5621,2
5622,2
5623,2
5624,2
5625,2
5626,2
5627,2
5628,2
5629,3
5630,2
5631,2
5632,2
5633,2
5634,2
5635,2
5636,2
5637,2
5638,17
5639,2
5640,2
5641,2
5642,2
5643,2
5644,2
5645,2
5646,2
5647,2
5648,2
5649,2
5650,2
5651,2
5652,2
5653,2
5654,2
5655,16
5656,2
5657,7
5658,11
5659,2
5660,2
5661,2
5662,17
5663,2
5664,3
5665,2
5666,17
5667,20
5668,20
5669,12
5670,15
5671,20
5672,2
5673,20
5674,2
5675,2
5676,17
5677,2
5678,4
5679,2
5680,2
5681,2
5682,3
5683,3
5684,2
5685,2
5686,3
5687,2
5688,2
5689,2
5690,4
5691,20
5692,2
5693,2
5694,2
5695,2
5696,2
5697,20
5698,2
5699,2
5700,17
5701,20
5702,4
5703,2
5704,2
5705,2
5706,7
5707,8
5708,3
5709,20
5710,21
5711,2
5712,2
5713,20
5714,13
5715,20
5716,20
5717,20
5718,20
5719,20
5720,20
5721,20
5722,20
5723,20
5724,20
5725,20
5726,20
5727,20
5728,20
5729,20
5730,2
5731,2
5732,20
5733,20
5734,20
5735,20
5736,20
5737,20
5738,20
5739,20
5740,20
5741,20
5742,17
5743,20
5744,20
5745,17
5746,2
5747,2
5748,2
5749,2
5750,3
5751,2
5752,2
5753,12
5754,12
5755,2
5756,12
5757,2
5758,2
5759,2
5760,2
5761,2
5762,20
5763,20
5764,20
5765,20
5766,20
5767,20
5768,20
5769,20
5770,20
5771,2
5772,20
5773,20
5774,2
5775,12
5776,2
5777,20
5778,2
5779,2
5780,2
5781,2
5782,2
5783,2
5784,2
5785,2
5786,2
5787,2
5788,2
5789,2
5790,2
5791,5
5792,5
5793,5
5794,21
5795,5
5796,5
5797,5
5798,5
5799,5
5800,5
5801,20
5802,2
5803,17
5804,13
5805,8
5806,13
5807,2
5808,2
5809,2
5810,2
5811,2
5812,2
5813,12
5814,2
5815,2
5816,2
5817,2
5818,2
5819,2
5820,2
5821,2
5822,2
5823,21
5824,2
5825,12
5826,20
5827,20
5828,2
5829,2
5830,2
5831,2
5832,2
5833,2
5834,13
5835,2
5836,2
5837,13
5838,20
5839,20
5840,20
5841,20
5842,20
5843,20
5844,20
5845,20
5846,20
5847,20
5848,20
5849,20
5850,20
5851,2
5852,2
5853,8
5854,8
5855,13
5856,13
5857,13
5858,13
5859,13
5860,13
5861,2
5862,2
5863,2
5864,2
5865,2
5866,3
5867,2
5868,2
5869,2
5870,2
5871,2
5872,2
5873,2
5874,2
5875,2
5876,2
5877,2
5878,2
5879,2
5880,2
5881,2
5882,2
5883,2
5884,2
5885,13
5886,13
5887,7
5888,2
5889,2
5890,13
5891,7
5892,16
5893,8
5894,8
5895,8
5896,8
5897,8
5898,8
5899,8
5900,8
5901,8
5902,8
5903,8
5904,9
5905,20
5906,19
5907,20
5908,20
5909,20
5910,20
5911,20
5912,19
5913,19
5914,19
5915,19
5916,19
5917,19
5918,19
5919,19
5920,19
5921,19
5922,19
5923,19
5924,19
5925,19
5926,19
5927,19
5928,19
5929,19
5930,19
5931,19
5932,19
5933,19
5934,19
5935,19
5936,19
5937,19
5938,19
5939,20
5940,19
5941,19
5942,19
5943,19
5944,19
5945,19
5946,19
5947,19
5948,19
5949,19
5950,19
5951,19
5952,19
5953,19
5954,19
5955,19
5956,19
5957,19
5958,19
5959,19
5960,19
5961,19
5962,19
5963,19
5964,19
5965,19
5966,19
5967,19
5968,19
5969,19
5970,19
5971,19
5972,19
5973,19
5974,19
5975,19
5976,19
5977,19
5978,19
5979,19
5980,19
5981,19
5982,19
5983,20
5984,19
5985,19
5986,19
5987,6
5988,19
5989,19
5990,19
5991,20
5992,20
5993,20
5994,19
5995,19
5996,19
5997,19
5998,19
5999,19
6000,19
6001,19
6002,19
6003,19
6004,19
6005,19
6006,12
6007,12
6008,12
6009,12
6010,21
6011,12
6012,2
6013,4
6014,4
6015,4
6016,4
6017,4
6018,4
6019,4
6020,4
6021,4
6022,4
6023,4
6024,4
6025,4
6026,4
6027,4
6028,4
6029,12
6030,12
6031,12
6032,12
6033,12
6034,2
6035,12
6036,12
6037,12
6038,12
6039,12
6040,12
6041,12
6042,12
6043,13
6044,12
6045,1
6046,20
6047,20
6048,20
6049,12
6050,20
6051,20
6052,12
6053,12
6054,12
6055,12
6056,13
6057,13
6058,13
6059,21
6060,21
6061,8
6062,17
6063,2
6064,3
6065,12
6066,12
6067,12
6068,12
6069,12
6070,2
6071,12
6072,12
6073,12
6074,12
6075,17
6076,12
6077,17
6078,12
6079,12
6080,12
6081,12
6082,12
6083,12
6084,17
6085,17
6086,12
6087,12
6088,2
6089,12
6090,12
6091,12
6092,12
6093,12
6094,12
6095,12
6096,12
6097,2
6098,2
6099,2
6100,12
6101,2
6102,2
6103,2
6104,2
6105,2
6106,20
6107,20
6108,20
6109,12
6110,12
6111,17
6112,12
6113,12
6114,12
6115,21
6116,12
6117,12
6118,12
6119,12
6120,12
6121,12
6122,12
6123,12
6124,12
6125,12
6126,12
6127,12
6128,12
6129,12
6130,12
6131,12
6132,17
6133,12
6134,12
6135,22
6136,22
6137,22
6138,22
6139,22
6140,22
6141,22
6142,22
6143,22
6144,22
6145,22
6146,22
6147,22
6148,22
6149,22
6150,22
6151,22
6152,22
6153,22
6154,22
6155,22
6156,22
6157,22
6158,22
6159,22
6160,22
6161,22
6162,22
6163,22
6164,22
6165,22
6166,22
6167,22
6168,22
6169,3
6170,22
6171,22
6172,22
6173,22
6174,22
6175,22
6176,22
6177,22
6178,20
6179,22
6180,22
6181,22
6182,22
6183,22
6184,22
6185,22
6186,22
6187,22
6188,20
6189,22
6190,20
6191,20
6192,20
6193,20
6194,20
6195,20
6196,22
6197,22
6198,22
6199,22
6200,22
6201,22
6202,22
6203,22
6204,22
6205,20
6206,20
6207,19
6208,19
6209,19
6210,19
6211,21
6212,8
6213,8
6214,13
6215,13
6216,13
6217,13
6218,13
6219,13
6220,3
6221,13
6222,13
6223,13
6224,8
6225,8
6226,8
6227,8
6228,8
6229,8
6230,8
6231,8
6232,8
6233,8
6234,8
6235,8
6236,8
6237,8
6238,8
6239,8
6240,16
6241,8
6242,16
6243,8
6244,8
6245,8
6246,8
6247,8
6248,21
6249,5
6250,5
6251,16
6252,21
6253,5
6254,5
6255,5
6256,9
6257,13
6258,8
6259,8
6260,8
6261,8
6262,7
6263,8
6264,8
6265,8
6266,8
6267,9
6268,5
6269,7
6270,8
6271,8
6272,11
6273,11
6274,2
6275,11
6276,21
6277,2
6278,16
6279,16
6280,16
6281,8
6282,2
6283,13
6284,2
6285,2
6286,11
6287,21
6288,21
6289,7
6290,9
6291,11
6292,10
6293,11
6294,2
6295,2
6296,2
6297,2
6298,2
6299,16
6300,11
6301,16
6302,11
6303,20
6304,16
6305,21
6306,21
6307,21
6308,21
6309,21
6310,2
6311,2
6312,21
6313,7
6314,4
6315,21
6316,13
6317,13
6318,21
6319,17
6320,13
6321,13
6322,13
6323,13
6324,13
6325,16
6326,5
6327,5
6328,21
6329,9
6330,16
6331,16
6332,9
6333,9
6334,16
6335,21
6336,13
6337,13
6338,13
6339,9
6340,5
6341,5
6342,5
6343,5
6344,5
6345,5
6346,5
6347,5
6348,5
6349,5
6350,5
6351,5
6352,5
6353,5
6354,5
6355,5
6356,5
6357,5
6358,5
6359,5
6360,5
6361,5
6362,5
6363,5
6364,5
6365,5
6366,5
6367,5
6368,5
6369,5
6370,5
6371,8
6372,16
6373,8
6374,8
6375,8
6376,8
6377,12
6378,20
6379,20
6380,17
6381,20
6382,17
6383,17
6384,20
6385,17
6386,20
6387,20
6388,20
6389,20
6390,20
6391,20
6392,20
6393,20
6394,20
6395,20
6396,20
6397,20
6398,20
6399,20
6400,20
6401,20
6402,20
6403,20
6404,20
6405,20
6406,20
6407,20
6408,20
6409,20
6410,20
6411,20
6412,20
6413,3
6414,3
6415,2
6416,2
6417,20
6418,20
6419,20
6420,20
6421,20
6422,20
6423,20
6424,20
6425,20
6426,20
6427,20
6428,20
6429,20
6430,20
6431,2
6432,2
6433,2
6434,2
6435,2
6436,12
6437,12
6438,12
6439,12
6440,12
6441,12
6442,12
6443,12
6444,12
6445,12
6446,12
6447,12
6448,12
6449,12
6450,12
6451,12
6452,1
6453,12
6454,12
6455,12
6456,12
6457,12
6458,12
6459,12
6460,12
6461,12
6462,12
6463,12
6464,12
6465,19
6466,12
6467,12
6468,12
6469,12
6470,17
6471,17
6472,17
6473,12
6474,12
6475,12
6476,12
6477,2
6478,2
6479,2
6480,2
6481,17
6482,2
6483,17
6484,2
6485,2
6486,2
6487,17
6488,12
6489,20
6490,4
6491,4
6492,2
6493,3
6494,2
6495,3
6496,20
6497,20
6498,20
6499,20
6500,20
6501,20
6502,2
6503,2
6504,2
6505,2
6506,20
6507,17
6508,17
6509,20
6510,20
6511,2
6512,17
6513,17
6514,20
6515,20
6516,17
6517,20
6518,12
6519,17
6520,17
6521,2
6522,12
6523,12
6524,12
6525,12
6526,12
6527,12
6528,12
6529,12
6530,12
6531,17
6532,12
6533,12
6534,12
6535,12
6536,17
6537,12
6538,12
6539,12
6540,12
6541,12
6542,12
6543,12
6544,12
6545,12
6546,12
6547,12
6548,12
6549,12
6550,12
6551,12
6552,16
6553,16
6554,16
6555,2
6556,3
6557,2
6558,2
6559,20
6560,2
6561,2
6562,7
6563,4
6564,2
6565,20
6566,13
6567,2
6568,13
6569,12
6570,2
6571,4
6572,2
6573,4
6574,2
6575,4
6576,7
6577,7
6578,2
6579,4
6580,4
6581,4
6582,4
6583,20
6584,17
6585,20
6586,12
6587,20
6588,20
6589,20
6590,8
6591,20
6592,12
6593,20
6594,12
6595,12
6596,20
6597,12
6598,6
6599,20
6600,17
6601,20
6602,17
6603,4
6604,13
6605,2
6606,2
6607,2
6608,2
6609,2
6610,2
6611,2
6612,13
6613,13
6614,13
6615,13
6616,13
6617,13
6618,13
6619,13
6620,3
6621,3
6622,16
6623,2
6624,2
6625,2
6626,2
6627,4
6628,2
6629,2
6630,2
6631,2
6632,21
6633,1
6634,13
6635,13
6636,13
6637,13
6638,13
6639,13
6640,13
6641,13
6642,13
6643,13
6644,2
6645,2
6646,2
6647,21
6648,21
6649,7
6650,12
6651,2
6652,2
6653,17
6654,17
6655,17
6656,17
6657,17
6658,12
6659,12
6660,12
6661,2
6662,2
6663,2
6664,2
6665,12
6666,20
6667,3
6668,20
6669,20
6670,20
6671,3
6672,3
6673,2
6674,12
6675,12
6676,12
6677,12
6678,17
6679,12
6680,12
6681,12
6682,12
6683,12
6684,12
6685,12
6686,12
6687,12
6688,12
6689,12
6690,4
6691,4
6692,4
6693,12
6694,12
6695,12
6696,12
6697,12
6698,2
6699,2
6700,2
6701,2
6702,2
6703,2
6704,17
6705,17
6706,17
6707,17
6708,12
6709,17
6710,17
6711,17
6712,17
6713,17
6714,17
6715,17
6716,17
6717,17
6718,12
6719,9
6720,1
6721,13
6722,6
6723,2
6724,2
6725,21
6726,10
6727,16
6728,16
6729,16
6730,9
6731,10
6732,16
6733,16
6734,2
6735,5
6736,2
6737,19
6738,12
6739,12
6740,12
6741,12
6742,12
6743,12
6744,12
6745,12
6746,12
6747,17
6748,17
6749,12
6750,2
6751,17
6752,2
6753,2
6754,2
6755,2
6756,2
6757,17
6758,12
6759,12
6760,12
6761,12
6762,12
6763,17
6764,17
6765,17
6766,12
6767,17
6768,17
6769,2
6770,2
6771,4
6772,17
6773,17
6774,20
6775,2
6776,2
6777,17
6778,2
6779,20
6780,10
6781,5
6782,17
6783,2
6784,2
6785,2
6786,4
6787,17
6788,4
6789,20
6790,20
6791,20
6792,17
6793,3
6794,3
6795,17
6796,17
6797,17
6798,17
6799,20
6800,3
6801,3
6802,3
6803,3
6804,3
6805,3
6806,3
6807,3
6808,3
6809,3
6810,3
6811,17
6812,20
6813,20
6814,20
6815,20
6816,20
6817,20
6818,20
6819,20
6820,20
6821,2
6822,20
6823,20
6824,20
6825,20
6826,20
6827,20
6828,20
6829,20
6830,20
6831,20
6832,20
6833,20
6834,20
6835,20
6836,20
6837,20
6838,20
6839,20
6840,20
6841,20
6842,20
6843,2
6844,12
6845,17
6846,12
6847,12
6848,12
6849,20
6850,3
6851,20
6852,12
6853,12
6854,12
6855,13
6856,13
6857,2
6858,12
6859,20
6860,20
6861,19
6862,4
6863,4
6864,4
6865,4
6866,2
6867,2
6868,11
6869,13
6870,9
6871,9
6872,9
6873,9
6874,9
6875,9
6876,9
6877,9
6878,6
6879,9
6880,6
6881,19
6882,9
6883,12
6884,12
6885,12
6886,12
6887,17
6888,17
6889,12
6890,17
6891,17
6892,17
6893,12
6894,12
6895,17
6896,17
6897,11
6898,17
6899,17
6900,17
6901,17
6902,17
6903,12
6904,17
6905,12
6906,12
6907,12
6908,12
6909,12
6910,3
6911,12
6912,12
6913,12
6914,17
6915,12
6916,12
6917,12
6918,12
6919,12
6920,12
6921,12
6922,12
6923,12
6924,12
6925,12
6926,17
6927,17
6928,17
6929,17
6930,2
6931,17
6932,2
6933,17
6934,17
6935,17
6936,17
6937,17
6938,17
6939,17
6940,17
6941,17
6942,2
6943,4
6944,5
6945,17
6946,17
6947,17
6948,2
6949,12
6950,12
6951,12
6952,12
6953,12
6954,17
6955,12
6956,12
6957,12
6958,12
6959,17
6960,12
6961,17
6962,20
6963,17
6964,17
6965,17
6966,17
6967,17
6968,17
6969,17
6970,17
6971,17
6972,17
6973,17
6974,17
6975,17
6976,17
6977,20
6978,20
6979,6
6980,17
6981,12
6982,12
6983,20
6984,12
6985,17
6986,12
6987,17
6988,17
6989,17
6990,12
6991,12
6992,12
6993,12
6994,12
6995,12
6996,17
6997,17
6998,17
6999,17
7000,17
7001,17
7002,17
7003,3
7004,17
7005,17
7006,17
7007,3
7008,3
7009,17
7010,17
7011,17
7012,17
7013,2
7014,3
7015,17
7016,17
7017,17
7018,17
7019,22
7020,16
7021,10
7022,2
7023,2
7024,7
7025,17
7026,17
7027,17
7028,3
7029,17
7030,1
7031,1
7032,1
7033,1
7034,1
7035,1
7036,17
7037,12
7038,2
7039,6
7040,6
7041,3
7042,17
7043,3
7044,12
7045,12
7046,12
7047,12
7048,12
7049,12
7050,12
7051,12
7052,12
7053,17
7054,1
7055,1
7056,12
7057,12
7058,12
7059,12
7060,10
7061,5
7062,9
7063,7
7064,7
7065,7
7066,7
7067,7
7068,7
7069,7
7070,9
7071,7
7072,9
7073,7
7074,12
7075,2
7076,3
7077,3
7078,17
7079,7
7080,20
7081,8
7082,12
7083,12
7084,12
7085,17
7086,12
7087,17
7088,17
7089,17
7090,17
7091,17
7092,12
7093,12
7094,12
7095,12
7096,12
7097,12
7098,12
7099,2
7100,2
7101,17
7102,12
7103,12
7104,12
7105,12
7106,17
7107,17
7108,17
7109,17
7110,17
7111,17
7112,17
7113,17
7114,17
7115,17
7116,17
7117,17
7118,17
7119,17
7120,12
7121,12
7122,12
7123,17
7124,2
7125,2
7126,2
7127,2
7128,2
7129,2
7130,2
7131,2
7132,2
7133,2
7134,2
7135,2
7136,2
7137,2
7138,2
7139,10
7140,10
7141,9
7142,10
7143,10
7144,10
7145,9
7146,10
7147,9
7148,19
7149,19
7150,19
7151,20
7152,10
7153,10
7154,10
7155,20
7156,20
7157,19
7158,19
7159,10
7160,10
7161,19
7162,9
7163,10
7164,9
7165,9
7166,9
7167,9
7168,9
7169,9
7170,10
7171,9
7172,9
7173,9
7174,10
7175,9
7176,10
7177,10
7178,10
7179,10
7180,10
7181,10
7182,20
7183,10
7184,10
7185,10
7186,10
7187,20
7188,20
7189,9
7190,9
7191,9
7192,9
7193,9
7194,9
7195,9
7196,9
7197,9
7198,9
7199,9
7200,9
7201,9
7202,9
7203,9
7204,9
7205,9
7206,9
7207,9
7208,9
7209,9
7210,9
7211,9
7212,9
7213,9
7214,9
7215,19
7216,9
7217,9
7218,9
7219,9
7220,9
7221,9
7222,9
7223,9
7224,9
7225,7
7226,9
7227,10
7228,9
7229,9
7230,16
7231,9
7232,9
7233,9
7234,9
7235,9
7236,9
7237,9
7238,9
7239,9
7240,9
7241,9
7242,9
7243,9
7244,9
7245,9
7246,9
7247,9
7248,9
7249,9
7250,5
7251,9
7252,10
7253,9
7254,9
7255,9
7256,9
7257,9
7258,9
7259,9
7260,9
7261,9
7262,9
7263,9
7264,9
7265,9
7266,9
7267,9
7268,9
7269,9
7270,9
7271,9
7272,9
7273,9
7274,9
7275,9
7276,9
7277,9
7278,9
7279,9
7280,5
7281,9
7282,9
7283,9
7284,9
7285,9
7286,9
7287,10
7288,10
7289,10
7290,9
7291,10
7292,10
7293,19
7294,19
7295,19
7296,19
7297,6
7298,19
7299,10
7300,10
7301,10
7302,20
7303,20
7304,20
7305,20
7306,20
7307,20
7308,20
7309,10
7310,10
7311,10
7312,10
7313,17
7314,20
7315,17
7316,20
7317,20
7318,17
7319,17
7320,17
7321,17
7322,17
7323,17
7324,17
7325,17
7326,17
7327,20
7328,20
7329,20
7330,20
7331,17
7332,20
7333,3
7334,3
7335,3
7336,4
7337,11
7338,9
7339,2
7340,3
7341,2
7342,21
7343,20
7344,20
7345,20
7346,20
7347,20
7348,20
7349,20
7350,20
7351,20
7352,20
7353,20
7354,20
7355,20
7356,20
7357,20
7358,20
7359,20
7360,20
7361,20
7362,20
7363,20
7364,22
7365,22
7366,13
7367,20
7368,22
7369,22
7370,20
7371,22
7372,20
7373,22
7374,22
7375,20
7376,20
7377,22
7378,20
7379,20
7380,20
7381,20
7382,20
7383,22
7384,22
7385,22
7386,22
7387,10
7388,22
7389,22
7390,22
7391,22
7392,22
7393,22
7394,22
7395,22
7396,19
7397,19
7398,10
7399,10
7400,20
7401,20
7402,20
7403,22
7404,20
7405,20
7406,19
7407,19
7408,20
7409,20
7410,20
7411,20
7412,20
7413,20
7414,20
7415,20
7416,22
7417,22
7418,22
7419,22
7420,20
7421,20
7422,20
7423,20
7424,20
7425,20
7426,20
7427,19
7428,20
7429,19
7430,22
7431,22
7432,5
7433,20
7434,20
7435,20
7436,20
7437,20
7438,20
7439,20
7440,20
7441,20
7442,20
7443,20
7444,20
7445,19
7446,10
7447,22
7448,22
7449,19
7450,20
7451,20
7452,20
7453,6
7454,20
7455,20
7456,13
7457,20
7458,20
7459,20
7460,20
7461,20
7462,13
7463,13
7464,4
7465,12
7466,12
7467,12
7468,13
7469,13
7470,13
7471,12
7472,20
7473,4
7474,2
7475,2
7476,7
7477,2
7478,17
7479,17
7480,17
7481,13
7482,13
7483,13
7484,13
7485,13
7486,12
7487,4
7488,12
7489,12
7490,13
7491,13
7492,20
7493,20
7494,20
7495,19
7496,20
7497,20
7498,20
7499,10
7500,5
7501,13
7502,20
7503,20
7504,20
7505,19
7506,20
7507,20
7508,19
7509,19
7510,20
7511,17
7512,3
7513,3
7514,3
7515,12
7516,12
7517,1
7518,1
7519,2
7520,3
7521,3
7522,3
7523,21
7524,2
7525,2
7526,2
7527,2
7528,3
7529,2
7530,2
7531,3
7532,2
7533,21
7534,21
7535,21
7536,21
7537,16
7538,10
7539,1
7540,1
7541,1
7542,1
7543,1
7544,1
7545,1
7546,1
7547,1
7548,2
7549,2
7550,16
7551,16
7552,2
7553,2
7554,20
7555,2
7556,20
7557,2
7558,3
7559,2
7560,2
7561,2
7562,11
7563,2
7564,2
7565,2
7566,2
7567,1
7568,1
7569,1
7570,2
7571,17
7572,10
7573,10
7574,10
7575,9
7576,9
7577,10
7578,10
7579,10
7580,10
7581,10
7582,10
7583,10
7584,10
7585,9
7586,9
7587,9
7588,10
7589,10
7590,5
7591,10
7592,10
7593,10
7594,9
7595,9
7596,10
7597,10
7598,10
7599,10
7600,10
7601,10
7602,10
7603,10
7604,10
7605,10
7606,10
7607,10
7608,10
7609,10
7610,5
7611,10
7612,10
7613,10
7614,10
7615,10
7616,10
7617,10
7618,10
7619,10
7620,10
7621,10
7622,10
7623,5
7624,19
7625,5
7626,20
7627,2
7628,20
7629,20
7630,20
7631,4
7632,5
7633,2
7634,2
7635,2
7636,5
7637,3
7638,4
7639,12
7640,17
7641,17
7642,4
7643,20
7644,21
7645,13
7646,13
7647,21
7648,2
7649,3
7650,3
7651,3
7652,5
7653,10
7654,5
7655,5
7656,5
7657,5
7658,5
7659,5
7660,5
7661,5
7662,10
7663,5
7664,5
7665,5
7666,5
7667,5
7668,5
7669,7
7670,21
7671,7
7672,7
7673,7
7674,7
7675,7
7676,7
7677,7
7678,7
7679,7
7680,6
7681,7
7682,7
7683,7
7684,7
7685,7
7686,7
7687,10
7688,10
7689,10
7690,10
7691,10
7692,10
7693,10
7694,10
7695,10
7696,5
7697,5
7698,5
7699,5
7700,5
7701,5
7702,5
7703,5
7704,5
7705,6
7706,5
7707,10
7708,2
7709,7
7710,5
7711,7
7712,7
7713,7
7714,7
7715,17
7716,17
7717,17
7718,13
7719,6
7720,6
7721,7
7722,7
7723,2
7724,13
7725,13
7726,13
7727,13
7728,9
7729,9
7730,9
7731,13
7732,9
7733,2
7734,2
7735,2
7736,2
7737,2
7738,2
7739,2
7740,2
7741,20
7742,2
7743,7
7744,2
7745,13
7746,7
7747,3
7748,3
7749,3
7750,3
7751,7
7752,1
7753,1
7754,7
7755,6
7756,6
7757,1
7758,7
7759,20
7760,2
7761,2
7762,2
7763,2
7764,2
7765,13
7766,13
7767,13
7768,13
7769,13
7770,1
7771,1
7772,1
7773,7
7774,1
7775,1
7776,1
7777,1
7778,21
7779,21
7780,1
7781,1
7782,7
7783,6
7784,6
7785,6
7786,6
7787,6
7788,6
7789,5
7790,5
7791,10
7792,5
7793,5
7794,5
7795,5
7796,5
7797,5
7798,5
7799,5
7800,5
7801,5
7802,5
7803,5
7804,5
7805,5
7806,5
7807,5
7808,5
7809,5
7810,5
7811,6
7812,6
7813,7
7814,9
7815,6
7816,9
7817,9
7818,9
7819,9
7820,9
7821,7
7822,6
7823,6
7824,6
7825,6
7826,6
7827,6
7828,6
7829,6
7830,6
7831,6
7832,6
7833,6
7834,7
7835,7
7836,7
7837,6
7838,6
7839,7
7840,6
7841,10
7842,5
7843,7
7844,7
7845,3
7846,7
7847,12
7848,13
7849,13
7850,21
7851,13
7852,13
7853,21
7854,21
7855,6
7856,6
7857,10
7858,10
7859,10
7860,10
7861,10
7862,10
7863,10
7864,10
7865,10
7866,10
7867,10
7868,10
7869,10
7870,10
7871,10
7872,10
7873,10
7874,10
7875,10
7876,10
7877,10
7878,10
7879,10
7880,10
7881,6
7882,6
7883,6
7884,6
7885,6
7886,6
7887,6
7888,5
7889,6
7890,6
7891,6
7892,6
7893,6
7894,6
7895,6
7896,6
7897,6
7898,9
7899,10
7900,6
7901,6
7902,6
7903,10
7904,10
7905,5
7906,5
7907,5
7908,5
7909,5
7910,5
7911,5
7912,5
7913,5
7914,5
7915,5
7916,5
7917,5
7918,5
7919,5
7920,19
7921,5
7922,5
7923,5
7924,5
7925,5
7926,5
7927,5
7928,5
7929,5
7930,5
7931,5
7932,5
7933,5
7934,5
7935,5
7936,5
7937,5
7938,5
7939,5
7940,5
7941,5
7942,5
7943,5
7944,1
7945,6
7946,5
7947,5
7948,5
7949,6
7950,5
7951,5
7952,5
7953,5
7954,5
7955,5
7956,5
7957,9
7958,5
7959,5
7960,5
7961,5
7962,5
7963,5
7964,5
7965,5
7966,5
7967,5
7968,5
7969,5
7970,9
7971,5
7972,6
7973,5
7974,5
7975,5
7976,5
7977,5
7978,5
7979,5
7980,5
7981,5
7982,5
7983,9
7984,5
7985,20
7986,20
7987,20
7988,20
7989,20
7990,20
7991,20
7992,20
7993,20
7994,19
7995,20
7996,19
7997,19
7998,20
7999,19
8000,19
8001,19
8002,19
8003,20
8004,8
8005,19
8006,19
8007,19
8008,19
8009,9
8010,19
8011,19
8012,19
8013,10
8014,19
8015,19
8016,19
8017,19
8018,19
8019,19
8020,19
8021,19
8022,19
8023,19
8024,19
8025,19
8026,19
8027,19
8028,19
8029,19
8030,19
8031,19
8032,9
8033,19
8034,19
8035,19
8036,19
8037,19
8038,19
8039,19
8040,20
8041,20
8042,20
8043,20
8044,19
8045,9
8046,9
8047,20
8048,20
8049,10
8050,20
8051,20
8052,20
8053,7
8054,7
8055,7
8056,7
8057,5
8058,7
8059,7
8060,7
8061,7
8062,6
8063,7
8064,2
8065,2
8066,2
8067,7
8068,7
8069,7
8070,10
8071,10
8072,10
8073,7
8074,5
8075,7
8076,10
8077,10
8078,10
8079,10
8080,10
8081,10
8082,10
8083,10
8084,10
8085,10
8086,10
8087,10
8088,10
8089,10
8090,10
8091,10
8092,10
8093,10
8094,10
8095,10
8096,10
8097,10
8098,5
8099,10
8100,10
8101,10
8102,10
8103,10
8104,10
8105,10
8106,4
8107,12
8108,3
8109,4
8110,9
8111,17
8112,12
8113,19
8114,19
8115,20
8116,20
8117,20
8118,13
8119,5
8120,20
8121,20
8122,20
8123,20
8124,20
8125,20
8126,20
8127,20
8128,20
8129,20
8130,20
8131,2
8132,2
8133,2
8134,2
8135,12
8136,20
8137,20
8138,19
8139,19
8140,19
8141,19
8142,10
8143,15
8144,15
8145,15
8146,15
8147,19
8148,19
8149,19
8150,19
8151,19
8152,19
8153,20
8154,20
8155,5
8156,10
8157,5
8158,16
8159,9
8160,13
8161,13
8162,15
8163,15
8164,19
8165,19
8166,19
8167,19
8168,19
8169,19
8170,19
8171,19
8172,19
8173,19
8174,19
8175,19
8176,19
8177,19
8178,15
8179,19
8180,19
8181,19
8182,7
8183,7
8184,13
8185,13
8186,13
8187,13
8188,13
8189,13
8190,13
8191,13
8192,9
8193,10
8194,16
8195,16
8196,16
8197,16
8198,7
8199,9
8200,16
8201,13
8202,13
8203,13
8204,13
8205,9
8206,9
8207,9
8208,9
8209,16
8210,9
8211,9
8212,16
8213,13
8214,13
8215,16
8216,6
8217,6
8218,6
8219,6
8220,6
8221,6
8222,6
8223,16
8224,13
8225,13
8226,16
8227,2
8228,2
8229,8
8230,8
8231,8
8232,8
8233,8
8234,8
8235,6
8236,8
8237,8
8238,8
8239,8
8240,10
8241,10
8242,10
8243,10
8244,10
8245,10
8246,10
8247,10
8248,10
8249,10
8250,10
8251,10
8252,9
8253,5
8254,9
8255,9
8256,10
8257,9
8258,9
8259,9
8260,9
8261,9
8262,9
8263,16
8264,10
8265,10
8266,16
8267,16
8268,16
8269,16
8270,16
8271,10
8272,10
8273,10
8274,10
8275,10
8276,10
8277,10
8278,10
8279,10
8280,10
8281,10
8282,10
8283,10
8284,10
8285,10
8286,10
8287,10
8288,10
8289,10
8290,10
8291,10
8292,10
8293,10
8294,10
8295,10
8296,10
8297,16
8298,16
8299,16
8300,16
8301,16
8302,16
8303,16
8304,16
8305,16
8306,10
8307,16
8308,16
8309,16
8310,16
8311,10
8312,16
8313,16
8314,10
8315,10
8316,10
8317,10
8318,10
8319,10
8320,16
8321,10
8322,16
8323,10
8324,10
8325,9
8326,10
8327,10
8328,10
8329,10
8330,9
8331,9
8332,10
8333,10
8334,16
8335,16
8336,16
8337,16
8338,16
8339,16
8340,10
8341,10
8342,6
8343,10
8344,10
8345,10
8346,10
8347,10
8348,10
8349,10
8350,10
8351,5
8352,10
8353,10
8354,10
8355,10
8356,16
8357,9
8358,9
8359,9
8360,9
8361,10
8362,16
8363,16
8364,10
8365,16
8366,13
8367,9
8368,9
8369,9
8370,9
8371,9
8372,9
8373,9
8374,9
8375,9
8376,9
8377,9
8378,9
8379,9
8380,9
8381,3
8382,22
8383,22
8384,3
8385,8
8386,6
8387,13
8388,9
8389,9
8390,9
8391,9
8392,9
8393,9
8394,9
8395,9
8396,9
8397,9
8398,13
8399,17
8400,13
8401,13
8402,9
8403,13
8404,13
8405,13
8406,13
8407,13
8408,7
8409,7
8410,13
8411,9
8412,9
8413,9
8414,9
8415,9
8416,13
8417,13
8418,13
8419,21
8420,16
8421,5
8422,13
8423,10
8424,10
8425,7
8426,7
8427,9
8428,7
8429,7
8430,7
8431,7
8432,7
8433,7
8434,7
8435,7
8436,7
8437,6
8438,7
8439,6
8440,7
8441,7
8442,6
8443,10
8444,10
8445,10
8446,10
8447,10
8448,5
8449,5
8450,10
8451,5
8452,5
8453,5
8454,5
8455,5
8456,9
8457,5
8458,7
8459,6
8460,18
8461,7
8462,7
8463,7
8464,7
8465,10
8466,5
8467,5
8468,5
8469,7
8470,2
8471,20
8472,20
8473,20
8474,20
8475,20
8476,20
8477,20
8478,20
8479,20
8480,20
8481,20
8482,20
8483,20
8484,20
8485,20
8486,20
8487,20
8488,20
8489,20
8490,20
8491,20
8492,20
8493,20
8494,20
8495,20
8496,20
8497,20
8498,20
8499,20
8500,20
8501,20
8502,5
8503,5
8504,5
8505,5
8506,5
8507,5
8508,5
8509,19
8510,5
8511,5
8512,9
8513,9
8514,9
8515,5
8516,5
8517,5
8518,5
8519,5
8520,5
8521,5
8522,5
8523,13
8524,13
8525,5
8526,5
8527,5
8528,5
8529,5
8530,5
8531,5
8532,5
8533,5
8534,5
8535,5
8536,5
8537,5
8538,5
8539,5
8540,12
8541,13
8542,5
8543,5
8544,5
8545,5
8546,5
8547,5
8548,5
8549,5
8550,5
8551,9
8552,5
8553,5
8554,5
8555,5
8556,5
8557,10
8558,7
8559,5
8560,9
8561,5
8562,6
8563,6
8564,6
8565,5
8566,5
8567,9
8568,7
8569,7
8570,10
8571,5
8572,5
8573,5
8574,5
8575,5
8576,5
8577,5
8578,5
8579,5
8580,5
8581,5
8582,10
8583,10
8584,20
8585,20
8586,20
8587,20
8588,20
8589,20
8590,20
8591,20
8592,20
8593,20
8594,20
8595,20
8596,20
8597,20
8598,13
8599,20
8600,20
8601,20
8602,20
8603,20
8604,20
8605,20
8606,20
8607,20
8608,20
8609,20
8610,20
8611,20
8612,20
8613,20
8614,20
8615,20
8616,20
8617,20
8618,20
8619,19
8620,20
8621,20
8622,20
8623,20
8624,20
8625,20
8626,20
8627,20
8628,20
8629,19
8630,19
8631,20
8632,20
8633,19
8634,20
8635,20
8636,6
8637,19
8638,20
8639,19
8640,20
8641,20
8642,20
8643,10
8644,20
8645,5
8646,5
8647,19
8648,20
8649,19
8650,19
8651,20
8652,20
8653,20
8654,19
8655,19
8656,20
8657,20
8658,20
8659,20
8660,12
8661,12
8662,12
8663,20
8664,19
8665,19
8666,19
8667,19
8668,19
8669,19
8670,19
8671,19
8672,19
8673,19
8674,19
8675,19
8676,19
8677,19
8678,19
8679,19
8680,6
8681,19
8682,19
8683,19
8684,19
8685,19
8686,6
8687,19
8688,19
8689,5
8690,19
8691,19
8692,19
8693,19
8694,19
8695,19
8696,19
8697,6
8698,5
8699,19
8700,19
8701,19
8702,10
8703,19
8704,5
8705,19
8706,19
8707,6
8708,6
8709,6
8710,19
8711,19
8712,10
8713,19
8714,19
8715,19
8716,6
8717,6
8718,6
8719,19
8720,19
8721,19
8722,6
8723,6
8724,6
8725,19
8726,10
8727,19
8728,19
8729,19
8730,20
8731,20
8732,20
8733,19
8734,9
8735,9
8736,19
8737,20
8738,19
8739,19
8740,19
8741,19
8742,19
8743,20
8744,19
8745,19
8746,19
8747,19
8748,19
8749,19
8750,0
8751,0
8752,0
8753,0
8754,0
8755,6
8756,6
8757,6
8758,6
8759,6
8760,6
8761,0
8762,6
8763,6
8764,19
8765,9
8766,6
8767,6
8768,7
8769,6
8770,20
8771,16
8772,16
8773,9
8774,5
8775,5
8776,16
8777,9
8778,10
8779,10
8780,10
8781,10
8782,9
8783,5
8784,5
8785,5
8786,9
8787,9
8788,10
8789,10
8790,10
8791,10
8792,10
8793,8
8794,10
8795,10
8796,10
8797,5
8798,5
8799,5
8800,5
8801,6
8802,6
8803,6
8804,6
8805,6
8806,5
8807,10
8808,6
8809,5
8810,5
8811,5
8812,5
8813,5
8814,9
8815,19
8816,20
8817,19
8818,6
8819,6
8820,19
8821,19
8822,6
8823,22
8824,7
8825,9
8826,7
8827,9
8828,7
8829,9
8830,9
8831,9
8832,9
8833,9
8834,9
8835,6
8836,6
8837,7
8838,9
8839,9
8840,9
8841,0
8842,9
8843,5
8844,5
8845,14
8846,14
8847,14
8848,14
8849,14
8850,14
8851,14
8852,14
8853,14
8854,10
8855,10
8856,19
8857,19
8858,19
8859,19
8860,20
8861,20
8862,20
8863,10
8864,10
8865,10
8866,10
8867,10
8868,10
8869,10
8870,10
8871,10
8872,10
8873,10
8874,10
8875,10
8876,10
8877,10
8878,10
8879,10
8880,19
8881,19
8882,13
8883,19
8884,19
8885,19
8886,19
8887,5
8888,6
8889,6
8890,6
8891,6
8892,6
8893,6
8894,6
8895,6
8896,6
8897,19
8898,6
8899,19
8900,3
8901,3
8902,3
8903,3
8904,3
8905,3
8906,3
8907,3
8908,3
8909,3
8910,3
8911,20
8912,8
8913,8
8914,3
8915,3
8916,3
8917,3
8918,3
8919,3
8920,3
8921,3
8922,3
8923,3
8924,3
8925,3
8926,3
8927,3
8928,3
8929,3
8930,3
8931,3
8932,3
8933,8
8934,8
8935,8
8936,8
8937,8
8938,8
8939,11
8940,8
8941,7
8942,8
8943,8
8944,3
8945,3
8946,3
8947,3
8948,3
8949,3
8950,3
8951,3
8952,20
8953,3
8954,3
8955,3
8956,3
8957,3
8958,3
8959,3
8960,3
8961,3
8962,3
8963,3
8964,3
8965,3
8966,3
8967,20
8968,3
8969,3
8970,3
8971,13
8972,8
8973,8
8974,8
8975,7
8976,7
8977,8
8978,7
8979,8
8980,8
8981,8
8982,8
8983,6
8984,6
8985,6
8986,7
8987,7
8988,7
8989,7
8990,7
8991,7
8992,5
8993,6
8994,6
8995,7
8996,7
8997,7
8998,9
8999,7
9000,7
9001,5
9002,5
9003,5
9004,5
9005,5
9006,5
9007,5
9008,5
9009,5
9010,5
9011,5
9012,5
9013,5
9014,5
9015,5
9016,5
9017,5
9018,2
9019,20
9020,2
9021,2
9022,2
9023,3
9024,20
9025,20
9026,3
9027,20
9028,20
9029,20
9030,20
9031,20
9032,17
9033,20
9034,20
9035,20
9036,20
9037,20
9038,20
9039,20
9040,20
9041,20
9042,20
9043,3
9044,20
9045,2
9046,13
9047,13
9048,13
9049,13
9050,13
9051,13
9052,21
9053,13
9054,13
9055,13
9056,16
9057,13
9058,13
9059,9
9060,9
9061,9
9062,20
9063,20
9064,13
9065,10
9066,10
9067,13
9068,13
9069,13
9070,21
9071,9
9072,9
9073,9
9074,9
9075,9
9076,9
9077,9
9078,9
9079,9
9080,9
9081,9
9082,9
9083,9
9084,13
9085,13
9086,13
9087,9
9088,9
9089,10
9090,10
9091,10
9092,10
9093,5
9094,9
9095,16
9096,10
9097,9
9098,6
9099,16
9100,12
9101,1
9102,1
9103,1
9104,7
9105,7
9106,1
9107,17
9108,17
9109,17
9110,17
9111,17
9112,17
9113,5
9114,5
9115,7
9116,6
9117,7
9118,20
9119,20
9120,20
9121,20
9122,6
9123,5
9124,5
9125,5
9126,5
9127,5
9128,5
9129,5
9130,5
9131,5
9132,5
9133,6
9134,5
9135,5
9136,5
9137,5
9138,5
9139,5
9140,5
9141,5
9142,18
9143,18
9144,18
9145,18
9146,18
9147,10
9148,13
9149,7
9150,7
9151,7
9152,7
9153,6
9154,7
9155,8
9156,8
9157,7
9158,7
9159,5
9160,5
9161,5
9162,5
9163,8
9164,11
9165,11
9166,11
9167,11
9168,11
9169,11
9170,7
9171,11
9172,11
9173,11
9174,11
9175,6
9176,6
9177,7
9178,2
9179,11
9180,11
9181,11
9182,6
9183,19
9184,19
9185,19
9186,19
9187,7
9188,16
9189,1
9190,1
9191,5
9192,10
9193,10
9194,7
9195,7
9196,5
9197,5
9198,7
9199,4
9200,3
9201,3
9202,17
9203,21
9204,19
9205,19
9206,19
9207,21
9208,5
9209,6
9210,14
9211,20
9212,12
9213,20
9214,19
9215,19
9216,19
9217,6
9218,6
9219,6
9220,6
9221,6
9222,6
9223,6
9224,7
9225,6
9226,7
9227,6
9228,5
9229,6
9230,6
9231,5
9232,6
9233,6
9234,6
9235,5
9236,5
9237,5
9238,5
9239,5
9240,5
9241,5
9242,5
9243,5
9244,5
9245,5
9246,5
9247,5
9248,5
9249,5
9250,5
9251,5
9252,5
9253,5
9254,5
9255,5
9256,5
9257,5
9258,5
9259,5
9260,5
9261,5
9262,5
9263,5
9264,5
9265,5
9266,5
9267,5
9268,5
9269,5
9270,5
9271,5
9272,5
9273,5
9274,5
9275,5
9276,5
9277,5
9278,5
9279,5
9280,5
9281,5
9282,5
9283,5
9284,5
9285,5
9286,5
9287,5
9288,5
9289,5
9290,5
9291,5
9292,7
9293,5
9294,5
9295,5
9296,5
9297,5
9298,5
9299,5
9300,5
9301,5
9302,5
9303,5
9304,5
9305,5
9306,5
9307,17
9308,6
9309,2
9310,6
9311,6
9312,21
9313,15
9314,15
9315,15
9316,15
9317,15
9318,15
9319,15
9320,15
9321,15
9322,15
9323,15
9324,15
9325,15
9326,15
9327,15
9328,15
9329,15
9330,15
9331,15
9332,15
9333,15
9334,15
9335,15
9336,15
9337,15
9338,15
9339,15
9340,15
9341,15
9342,15
9343,15
9344,15
9345,15
9346,15
9347,15
9348,10
9349,10
9350,10
9351,10
9352,10
9353,17
9354,10
9355,10
9356,10
9357,16
9358,16
9359,16
9360,16
9361,8
9362,5
9363,13
9364,13
9365,10
9366,5
9367,5
9368,9
9369,9
9370,5
9371,5
9372,5
9373,5
9374,5
9375,5
9376,5
9377,10
9378,5
9379,6
9380,5
9381,5
9382,15
9383,15
9384,15
9385,15
9386,15
9387,15
9388,5
9389,10
9390,10
9391,10
9392,10
9393,16
9394,8
9395,16
9396,16
9397,16
9398,16
9399,16
9400,16
9401,8
9402,16
9403,16
9404,16
9405,13
9406,19
9407,16
9408,16
9409,16
9410,7
9411,13
9412,16
9413,16
9414,3
9415,3
9416,3
9417,3
9418,3
9419,3
9420,3
9421,3
9422,20
9423,3
9424,3
9425,3
9426,3
9427,3
9428,22
9429,22
9430,22
9431,22
9432,10
9433,5
9434,5
9435,5
9436,5
9437,5
9438,5
9439,5
9440,5
9441,5
9442,5
9443,5
9444,5
9445,5
9446,5
9447,5
9448,5
9449,5
9450,5
9451,5
9452,5
9453,5
9454,5
9455,5
9456,5
9457,5
9458,5
9459,5
9460,5
9461,5
9462,5
9463,5
9464,5
9465,10
9466,5
9467,13
9468,21
9469,12
9470,12
9471,12
9472,19
9473,19
9474,12
9475,19
9476,12
9477,12
9478,12
9479,12
9480,13
9481,19
9482,19
9483,19
9484,19
9485,19
9486,19
9487,19
9488,12
9489,20
9490,20
9491,20
9492,20
9493,20
9494,13
9495,19
9496,13
9497,19
9498,20
9499,3
9500,3
9501,3
9502,3
9503,3
9504,3
9505,3
9506,2
9507,3
9508,20
9509,20
9510,20
9511,17
9512,3
9513,12
9514,2
9515,20
9516,10
9517,17
9518,12
9519,12
9520,9
9521,12
9522,5
9523,12
9524,5
9525,20
9526,7
9527,7
9528,7
9529,7
9530,7
9531,7
9532,3
9533,5
9534,5
9535,5
9536,5
9537,5
9538,5
9539,5
9540,7
9541,10
9542,10
9543,5
9544,5
9545,5
9546,5
9547,5
9548,5
9549,5
9550,5
9551,5
9552,5
9553,5
9554,5
9555,5
9556,5
9557,19
9558,5
9559,6
9560,7
9561,10
9562,9
9563,10
9564,10
9565,10
9566,16
9567,15
9568,19
9569,9
9570,9
9571,21
9572,1
9573,7
9574,1
9575,20
9576,21
9577,21
9578,21
9579,21
9580,21
9581,21
9582,6
9583,6
9584,8
9585,6
9586,6
9587,19
9588,19
9589,7
9590,19
9591,19
9592,6
9593,9
9594,19
9595,6
9596,19
9597,19
9598,19
9599,7
9600,7
9601,6
9602,5
9603,5
9604,5
9605,20
9606,20
9607,20
9608,13
9609,13
9610,13
9611,10
9612,10
9613,16
9614,19
9615,6
9616,2
9617,2
9618,5
9619,5
9620,5
9621,5
9622,5
9623,5
9624,5
9625,5
9626,6
9627,6
9628,6
9629,6
9630,6
9631,6
9632,6
9633,5
9634,9
9635,5
9636,5
9637,5
9638,5
9639,10
9640,10
9641,5
9642,6
9643,6
9644,6
9645,6
9646,2
9647,6
9648,10
9649,10
9650,10
9651,5
9652,10
9653,10
9654,10
9655,10
9656,10
9657,15
9658,15
9659,15
9660,19
9661,5
9662,5
9663,5
9664,5
9665,5
9666,5
9667,13
9668,13
9669,5
9670,5
9671,5
9672,5
9673,5
9674,5
9675,5
9676,5
9677,5
9678,5
9679,5
9680,5
9681,5
9682,5
9683,5
9684,10
9685,10
9686,5
9687,9
9688,9
9689,8
9690,15
9691,15
9692,10
9693,10
9694,9
9695,10
9696,7
9697,10
9698,9
9699,9
9700,9
9701,9
9702,0
9703,0
9704,9
9705,9
9706,9
9707,16
9708,16
9709,15
9710,15
9711,9
9712,17
9713,17
9714,17
9715,9
9716,10
9717,6
9718,6
9719,6
9720,6
9721,5
9722,5
9723,5
9724,15
9725,15
9726,15
9727,15
9728,15
9729,10
9730,15
9731,0
9732,0
9733,0
9734,0
9735,0
9736,0
9737,0
9738,7
9739,4
9740,4
9741,7
9742,20
9743,19
9744,6
9745,6
9746,6
9747,6
9748,6
9749,6
9750,6
9751,6
9752,21
9753,6
9754,6
9755,6
9756,6
9757,6
9758,6
9759,5
9760,5
9761,5
9762,6
9763,6
9764,6
9765,6
9766,6
9767,20
9768,20
9769,20
9770,20
9771,20
9772,4
9773,4
9774,4
9775,4
9776,12
9777,12
9778,7
9779,3
9780,3
9781,3
9782,3
9783,3
9784,5
9785,13
9786,10
9787,2
9788,8
9789,20
9790,13
9791,20
9792,20
9793,20
9794,20
9795,20
9796,20
9797,9
9798,9
9799,9
9800,9
9801,9
9802,16
9803,9
9804,9
9805,8
9806,8
9807,8
9808,8
9809,8
9810,8
9811,8
9812,5
9813,9
9814,13
9815,13
9816,3
9817,20
9818,13
9819,13
9820,13
9821,13
9822,13
9823,7
9824,2
9825,2
9826,17
9827,13
9828,21
9829,13
9830,20
9831,20
9832,5
9833,5
9834,6
9835,3
9836,13
9837,13
9838,13
9839,4
9840,4
9841,17
9842,7
9843,7
9844,21
9845,17
9846,17
9847,17
9848,17
9849,17
9850,17
9851,17
9852,17
9853,17
9854,17
9855,17
9856,17
9857,17
9858,20
9859,17
9860,17
9861,2
9862,7
9863,7
9864,7
9865,20
9866,13
9867,2
9868,13
9869,17
9870,17
9871,7
9872,7
9873,17
9874,17
9875,17
9876,17
9877,17
9878,17
9879,17
9880,17
9881,17
9882,17
9883,17
9884,17
9885,17
9886,17
9887,17
9888,17
9889,17
9890,17
9891,17
9892,17
9893,17
9894,17
9895,17
9896,17
9897,17
9898,17
9899,17
9900,17
9901,17
9902,17
9903,17
9904,17
9905,17
9906,17
9907,17
9908,17
9909,17
9910,17
9911,17
9912,17
9913,17
9914,17
9915,3
9916,17
9917,17
9918,17
9919,17
9920,17
9921,17
9922,17
9923,17
9924,17
9925,17
9926,17
9927,17
9928,17
9929,17
9930,17
9931,17
9932,4
9933,17
9934,17
9935,17
9936,17
9937,17
9938,17
9939,17
9940,5
9941,17
9942,17
9943,17
9944,17
9945,17
9946,17
9947,17
9948,17
9949,17
9950,17
9951,17
9952,17
9953,17
9954,17
9955,17
9956,17
9957,17
9958,12
9959,12
9960,19
9961,11
9962,5
9963,13
9964,13
9965,13
9966,20
9967,20
9968,2
9969,2
9970,20
9971,20
9972,20
9973,20
9974,20
9975,7
9976,7
9977,6
9978,6
9979,6
9980,6
9981,6
9982,12
9983,19
9984,19
9985,9
9986,13
9987,10
9988,12
9989,12
9990,7
9991,2
9992,2
9993,1
9994,7
9995,7
9996,7
9997,8
9998,19
9999,5
10000,8
10001,6
10002,20
10003,20
10004,13
10005,20
10006,19
10007,20
10008,20
10009,20
10010,20
10011,20
10012,10
10013,19
10014,19
10015,3
10016,3
10017,3
10018,10
10019,10
10020,10
10021,12
10022,7
10023,10
10024,10
10025,6
10026,20
10027,10
10028,12
10029,12
10030,12
10031,10
10032,17
10033,17
10034,17
10035,17
10036,17
10037,17
10038,17
10039,6
10040,20
10041,5
10042,21
10043,21
10044,9
10045,12
10046,6
10047,6
10048,20
10049,20
10050,17
10051,12
10052,6
10053,20
10054,21
10055,20
10056,20
10057,7
10058,7
10059,7
10060,20
10061,17
10062,17
10063,17
10064,17
10065,17
10066,17
10067,17
10068,17
10069,17
10070,17
10071,17
10072,17
10073,17
10074,17
10075,17
10076,17
10077,17
10078,17
10079,5
10080,17
10081,17
10082,3
10083,17
10084,17
10085,17
10086,17
10087,17
10088,17
10089,17
10090,17
10091,17
10092,17
10093,17
10094,17
10095,1
10096,17
10097,17
10098,17
10099,17
10100,17
10101,17
10102,17
10103,17
10104,17
10105,17
10106,17
10107,3
10108,2
10109,3
10110,22
10111,5
10112,5
10113,5
10114,9
10115,20
10116,17
10117,17
10118,17
10119,17
10120,17
10121,17
10122,17
10123,17
10124,5
10125,6
10126,5
10127,9
10128,5
10129,5
10130,5
10131,17
10132,17
10133,17
10134,17
10135,10
10136,17
10137,6
10138,6
10139,6
10140,6
10141,3
10142,3
10143,3
10144,3
10145,3
10146,3
10147,3
10148,17
10149,3
10150,3
10151,12
10152,3
10153,6
10154,6
10155,7
10156,7
10157,6
10158,6
10159,9
10160,9
10161,8
10162,10
10163,10
10164,10
10165,10
10166,10
10167,6
10168,20
10169,21
10170,13
10171,13
10172,13
10173,13
10174,7
10175,7
10176,7
10177,6
10178,8
10179,20
10180,20
10181,20
10182,13
10183,8
10184,6
10185,6
10186,6
10187,6
10188,6
10189,6
10190,21
10191,12
10192,7
10193,7
10194,7
10195,7
10196,19
10197,19
10198,5
10199,6
10200,6
10201,6
10202,7
10203,2
10204,8
10205,4
10206,4
10207,4
10208,4
10209,7
10210,7
10211,5
10212,5
10213,6
10214,6
10215,6
10216,6
10217,19
10218,19
10219,19
10220,19
10221,5
10222,5
10223,5
10224,19
10225,19
10226,19
10227,19
10228,12
10229,12
10230,12
10231,12
10232,21
10233,9
10234,4
10235,3
10236,7
10237,7
10238,7
10239,7
10240,7
10241,7
10242,7
10243,10
10244,20
10245,20
10246,20
10247,19
10248,10
10249,10
10250,10
10251,20
10252,6
10253,7
10254,13
10255,2
10256,20
10257,2
10258,2
10259,2
10260,7
10261,7
10262,7
10263,6
10264,6
10265,5
10266,5
10267,3
10268,3
10269,3
10270,12
10271,12
10272,16
10273,5
10274,5
10275,12
10276,10
10277,10
10278,17
10279,16
10280,7
10281,20
10282,20
10283,20
10284,20
10285,17
10286,17
10287,20
10288,20
10289,20
10290,20
10291,20
10292,3
10293,20
10294,20
10295,3
10296,3
10297,20
10298,20
10299,6
10300,6
10301,4
10302,4
10303,4
10304,4
10305,2
10306,2
10307,2
10308,13
10309,6
10310,6
10311,6
10312,6
10313,7
10314,20
10315,10
10316,19
10317,21
10318,5
10319,5
10320,17
10321,17
10322,17
10323,3
10324,4
10325,4
10326,12
10327,17
10328,17
10329,17
10330,17
10331,5
10332,5
10333,5
10334,5
10335,5
10336,5
10337,10
10338,5
10339,10
10340,21
10341,9
10342,9
10343,19
10344,19
10345,19
10346,19
10347,19
10348,9
10349,17
10350,17
10351,20
10352,17
10353,17
10354,17
10355,17
10356,17
10357,12
10358,17
10359,17
10360,19
10361,10
10362,6
10363,7
10364,7
10365,9
10366,9
10367,7
10368,8
10369,9
10370,7
10371,6
10372,7
10373,7
10374,7
10375,7
10376,7
10377,10
10378,20
10379,20
10380,10
10381,7
10382,6
10383,6
10384,9
10385,8
10386,20
10387,20
10388,7
10389,7
10390,6
10391,6
10392,8
10393,8
10394,8
10395,6
10396,6
10397,6
10398,6
10399,6
10400,6
10401,3
10402,3
10403,3
10404,20
10405,8
10406,5
10407,8
10408,8
10409,8
10410,8
10411,11
10412,20
10413,20
10414,20
10415,13
10416,13
10417,4
10418,13
10419,11
10420,2
10421,13
10422,9
10423,13
10424,13
10425,13
10426,12
10427,12
10428,9
10429,20
10430,20
10431,19
10432,19
10433,19
10434,19
10435,19
10436,19
10437,19
10438,19
10439,19
10440,19
10441,19
10442,19
10443,19
10444,19
10445,2
10446,4
10447,4
10448,2
10449,6
10450,6
10451,6
10452,6
10453,6
10454,6
10455,6
10456,20
10457,20
10458,7
10459,17
10460,17
10461,17
10462,5
10463,5
10464,20
10465,20
10466,8
10467,8
10468,2
10469,3
10470,7
10471,20
10472,5
10473,5
10474,12
10475,20
10476,20
10477,20
10478,20
10479,20
10480,3
10481,3
10482,21
10483,21
10484,21
10485,21
10486,21
10487,21
10488,21
10489,12
10490,12
10491,6
10492,7
10493,7
10494,17
10495,21
10496,21
10497,21
10498,16
10499,13
10500,6
10501,7
10502,10
10503,10
10504,10
10505,6
10506,5
10507,20
10508,10
10509,10
10510,10
10511,10
10512,20
10513,12
10514,14
10515,14
10516,6
10517,6
10518,6
10519,6
10520,19
10521,19
10522,19
10523,19
10524,19
10525,12
10526,17
10527,17
10528,17
10529,17
10530,17
10531,8
10532,7
10533,7
10534,7
10535,3
10536,3
10537,19
10538,19
10539,19
10540,19
10541,19
10542,19
10543,19
10544,19
10545,19
10546,19
10547,19
10548,5
10549,7
10550,10
10551,10
10552,10
10553,10
10554,10
10555,10
10556,10
10557,10
10558,10
10559,10
10560,7
10561,10
10562,7
10563,6
10564,6
10565,7
10566,10
10567,20
10568,2
10569,6
10570,6
10571,21
10572,21
10573,8
10574,20
10575,20
10576,8
10577,8
10578,8
10579,8
10580,5
10581,5
10582,7
10583,5
10584,5
10585,5
10586,5
10587,6
10588,6
10589,6
10590,7
10591,19
10592,19
10593,5
10594,5
10595,7
10596,19
10597,19
10598,10
10599,20
10600,20
10601,20
10602,7
10603,6
10604,6
10605,6
10606,6
10607,7
10608,7
10609,3
10610,3
10611,11
10612,11
10613,11
10614,8
10615,8
10616,15
10617,15
10618,3
10619,3
10620,3
10621,13
10622,3
10623,6
10624,3
10625,5
10626,6
10627,20
10628,1
10629,1
10630,1
10631,1
10632,17
10633,17
10634,5
10635,9
10636,5
10637,13
10638,13
10639,10
10640,10
10641,10
10642,19
10643,19
10644,20
10645,12
10646,12
10647,6
10648,6
10649,6
10650,16
10651,16
10652,16
10653,16
10654,16
10655,16
10656,17
10657,5
10658,10
10659,8
10660,8
10661,8
10662,3
10663,3
10664,3
10665,3
10666,13
10667,10
10668,19
10669,20
10670,22
10671,22
10672,21
10673,7
10674,7
10675,7
10676,5
10677,5
10678,5
10679,5
10680,5
10681,20
10682,7
10683,5
10684,5
10685,5
10686,5
10687,5
10688,13
10689,13
10690,19
10691,19
10692,8
10693,6
10694,6
10695,6
10696,6
10697,6
10698,5
10699,9
10700,9
10701,21
10702,15
10703,5
10704,2
10705,1
10706,7
10707,7
10708,7
10709,19
10710,19
10711,10
10712,10
10713,20
10714,6
10715,13
10716,13
10717,20
10718,6
10719,10
10720,20
10721,20
10722,17
10723,7
10724,5
10725,16
10726,2
10727,12
10728,9
10729,2
10730,2
10731,2
10732,2
10733,2
10734,20
10735,10
10736,13
10737,13
10738,7
10739,6
10740,6
10741,6
10742,13
10743,13
10744,17
10745,17
10746,17
10747,1
10748,1
10749,1
10750,1
10751,1
10752,6
10753,10
10754,19
10755,5
10756,21
10757,21
10758,6
10759,21
10760,13
10761,16
10762,17
10763,17
10764,15
10765,15
10766,15
10767,6
10768,20
10769,20
10770,20
10771,6
10772,13
10773,13
10774,17
10775,20
10776,10
10777,10
10778,10
10779,6
10780,6
10781,10
10782,16
10783,1
10784,10
10785,10
10786,10
10787,10
10788,10
10789,10
10790,7
10791,16
10792,17
10793,9
10794,5
10795,5
10796,5
10797,5
10798,5
10799,15
10800,15
10801,5
10802,5
10803,4
10804,4
10805,4
10806,21
10807,10
10808,10
10809,10
10810,10
10811,10
10812,20
10813,13
10814,13
10815,20
10816,21
10817,21
10818,3
10819,3
10820,10
10821,8
10822,8
10823,9
10824,19
10825,2
10826,2
10827,10
10828,16
10829,16
10830,20
10831,20
10832,16
10833,20
10834,8
10835,20
10836,20
10837,20
10838,19
10839,19
10840,20
10841,20
10842,20
10843,20
10844,13
10845,13
10846,17
10847,19
10848,10
10849,10
10850,6
10851,15
10852,15
10853,6
10854,10
10855,10
10856,10
10857,10
10858,10
10859,7
10860,17
10861,17
10862,19
10863,11
10864,11
10865,7
10866,13
10867,13
10868,1
10869,1
10870,1
10871,10
10872,3
10873,9
10874,10
10875,13
10876,2
10877,2
10878,7
10879,12
10880,1
10881,10
10882,10
10883,2
10884,12
10885,20
10886,9
10887,17
10888,19
10889,19
10890,19
10891,6
10892,6
10893,6
10894,6
10895,6
10896,13
10897,13
10898,13
10899,10
10900,10
10901,10
10902,13
10903,19
10904,19
10905,19
10906,9
10907,9
10908,10
10909,10
10910,10
10911,10
10912,7
10913,6
10914,3
10915,3
10916,3
10917,3
10918,3
10919,3
10920,10
10921,6
10922,6
10923,6
10924,12
10925,5
10926,7
10927,20
10928,3
10929,3
10930,19
10931,9
10932,13
10933,19
10934,19
10935,19
10936,19
10937,19
10938,3
10939,3
10940,4
10941,4
10942,4
10943,13
10944,7
10945,13
10946,17
10947,17
10948,7
10949,10
10950,10
10951,10
10952,5
10953,2
10954,1
10955,6
10956,0
10957,6
10958,20
10959,6
10960,15
10961,13
10962,1
10963,1
10964,19
10965,16
10966,5
10967,21
10968,19
10969,5
10970,5
10971,21
10972,11
10973,11
10974,20
10975,20
10976,5
10977,13
10978,10
10979,12
10980,6
10981,9
10982,9
10983,9
10984,13
10985,13
10986,7
10987,8
10988,9
10989,14
10990,14
10991,10
10992,17
10993,22
10994,1
10995,1
10996,7
10997,13
10998,19
10999,13
11000,17
11001,13
11002,5
11003,4
11004,6
11005,5
11006,5
11007,20
11008,20
11009,10
11010,20
11011,6
11012,5
11013,1
11014,5
11015,1
11016,5
11017,6
11018,1
11019,17
11020,7
11021,20
11022,12
11023,2
11024,2
11025,7
11026,6
11027,5
11028,5
11029,19
11030,20
11031,5
11032,9
11033,19
11034,4
11035,19
11036,3
11037,3
11038,3
11039,16
11040,13
11041,13
11042,19
11043,4
11044,13
11045,12
11046,19
11047,6
11048,19
11049,3
11050,3
11051,12
11052,19
11053,20
11054,16
11055,5
11056,16
11057,7
11058,7
11059,20
11060,2
11061,16
11062,16
11063,5
11064,10
11065,11
11066,19
11067,19
11068,22
11069,17
11070,17
11071,19
11072,13
11073,5
11074,2
11075,5
11076,20
11077,11
11078,6
11079,12
11080,20
11081,10
11082,5
