node,community
0,0
1,0
2,0
3,0
4,23
5,0
6,10
7,23
8,0
9,10
10,0
11,0
12,0
13,0
14,0
15,0
16,0
17,0
18,0
19,0
20,0
21,0
22,0
23,0
24,0
25,0
26,0
27,0
28,0
29,0
30,17
31,0
32,0
33,0
34,0
35,0
36,0
37,0
38,0
39,0
40,0
41,0
42,0
43,0
44,0
45,0
46,0
47,0
48,0
49,0
50,0
51,0
52,0
53,0
54,0
55,0
56,0
57,0
58,18
59,0
60,20
61,20
62,0
63,0
64,0
65,0
66,0
67,0
68,0
69,0
70,0
71,0
72,0
73,0
74,0
75,0
76,0
77,0
78,0
79,19
80,0
81,0
82,20
83,0
84,0
85,0
86,0
87,0
88,0
89,0
90,0
91,0
92,0
93,17
94,0
95,0
96,0
97,0
98,0
99,10
100,10
101,10
102,17
103,17
104,0
105,0
106,0
107,11
108,11
109,0
110,0
111,0
112,19
113,10
114,10
115,0
116,10
117,10
118,13
119,0
120,0
121,0
122,10
123,10
124,10
125,19
126,17
127,17
128,0
129,19
130,10
131,0
132,0
133,10
134,10
135,0
136,0
137,0
138,0
139,0
140,0
141,0
142,0
143,0
144,0
145,0
146,17
147,10
148,0
149,0
150,0
151,0
152,0
153,10
154,0
155,0
156,10
157,10
158,0
159,0
160,0
161,19
162,0
163,20
164,0
165,0
166,0
167,0
168,0
169,0
170,0
171,0
172,0
173,0
174,17
175,17
176,17
177,17
178,17
179,0
180,17
181,17
182,17
183,17
184,0
185,0
186,0
187,0
188,26
189,0
190,19
191,18
192,19
193,18
194,0
195,0
196,19
197,26
198,26
199,11
200,0
201,0
202,0
203,0
204,0
205,0
206,0
207,19
208,19
209,0
210,19
211,0
212,0
213,0
214,0
215,11
216,0
217,19
218,0
219,0
220,0
221,11
222,0
223,0
224,18
225,19
226,0
227,23
228,0
229,0
230,26
231,0
232,0
233,26
234,0
235,0
236,19
237,19
238,0
239,0
240,0
241,0
242,23
243,0
244,0
245,0
246,0
247,10
248,0
249,8
250,0
251,0
252,0
253,0
254,0
255,0
256,20
257,20
258,0
259,20
260,0
261,20
262,10
263,0
264,0
265,0
266,20
267,17
268,17
269,0
270,20
271,0
272,20
273,10
274,10
275,20
276,0
277,20
278,0
279,0
280,0
281,0
282,0
283,0
284,0
285,0
286,0
287,0
288,0
289,0
290,0
291,0
292,0
293,0
294,0
295,0
296,0
297,0
298,0
299,0
300,0
301,18
302,0
303,0
304,0
305,0
306,0
307,20
308,20
309,20
310,8
311,20
312,20
313,20
314,20
315,20
316,20
317,20
318,20
319,20
320,20
321,20
322,20
323,20
324,20
325,20
326,20
327,20
328,20
329,20
330,20
331,15
332,15
333,15
334,20
335,20
336,20
337,20
338,20
339,20
340,20
341,20
342,20
343,15
344,20
345,16
346,20
347,20
348,20
349,20
350,20
351,20
352,20
353,20
354,10
355,10
356,10
357,10
358,10
359,10
360,10
361,10
362,10
363,10
364,10
365,18
366,10
367,10
368,10
369,10
370,10
371,10
372,10
373,10
374,10
375,10
376,10
377,10
378,10
379,10
380,10
381,10
382,10
383,15
384,10
385,10
386,10
387,10
388,10
389,10
390,10
391,10
392,10
393,10
394,10
395,10
396,18
397,18
398,10
399,10
400,10
401,10
402,10
403,10
404,0
405,10
406,10
407,10
408,18
409,10
410,20
411,20
412,0
413,0
414,10
415,20
416,20
417,20
418,20
419,20
420,16
421,0
422,20
423,0
424,0
425,0
426,0
427,0
428,0
429,10
430,0
431,0
432,16
433,0
434,0
435,0
436,0
437,0
438,0
439,0
440,10
441,20
442,0
443,17
444,0
445,10
446,0
447,18
448,19
449,0
450,0
451,0
452,0
453,10
454,0
455,0
456,0
457,0
458,18
459,18
460,18
461,18
462,18
463,10
464,18
465,0
466,10
467,18
468,0
469,18
470,0
471,0
472,0
473,18
474,0
475,19
476,20
477,10
478,10
479,17
480,0
481,17
482,10
483,19
484,10
485,0
486,0
487,10
488,10
489,10
490,10
491,10
492,10
493,10
494,10
495,10
496,10
497,10
498,10
499,20
500,20
501,20
502,20
503,20
504,20
505,20
506,20
507,16
508,16
509,19
510,17
511,18
512,19
513,0
514,10
515,10
516,10
517,0
518,0
519,2
520,0
521,0
522,0
523,22
524,0
525,0
526,18
527,18
528,19
529,18
530,18
531,18
532,18
533,18
534,18
535,0
536,0
537,18
538,18
539,0
540,19
541,19
542,19
543,0
544,0
545,22
546,0
547,0
548,0
549,0
550,0
551,0
552,0
553,0
554,0
555,0
556,0
557,10
558,18
559,0
560,0
561,0
562,0
563,0
564,20
565,0
566,20
567,0
568,0
569,0
570,0
571,0
572,0
573,23
574,0
575,10
576,0
577,0
578,0
579,10
580,0
581,16
582,10
583,10
584,10
585,10
586,10
587,10
588,10
589,10
590,20
591,20
592,20
593,16
594,10
595,20
596,10
597,10
598,10
599,10
600,10
601,10
602,0
603,0
604,0
605,0
606,0
607,0
608,0
609,0
610,0
611,0
612,0
613,10
614,0
615,0
616,0
617,0
618,18
619,18
620,18
621,18
622,10
623,18
624,0
625,18
626,18
627,18
628,18
629,18
630,18
631,18
632,18
633,18
634,18
635,18
636,18
637,18
638,18
639,18
640,18
641,18
642,18
643,18
644,18
645,18
646,18
647,18
648,18
649,18
650,18
651,18
652,18
653,18
654,18
655,18
656,18
657,18
658,18
659,18
660,18
661,18
662,19
663,19
664,19
665,18
666,18
667,10
668,10
669,10
670,18
671,18
672,10
673,10
674,18
675,18
676,18
677,19
678,18
679,0
680,18
681,18
682,0
683,0
684,0
685,0
686,0
687,19
688,18
689,18
690,18
691,18
692,10
693,18
694,18
695,18
696,18
697,18
698,18
699,18
700,19
701,18
702,18
703,18
704,19
705,11
706,26
707,26
708,0
709,0
710,16
711,0
712,15
713,0
714,20
715,0
716,0
717,0
718,18
719,0
720,0
721,0
722,10
723,0
724,0
725,0
726,10
727,0
728,0
729,0
730,0
731,0
732,0
733,19
734,0
735,0
736,0
737,0
738,0
739,0
740,19
741,0
742,0
743,0
744,20
745,0
746,18
747,0
748,19
749,18
750,18
751,0
752,19
753,0
754,0
755,0
756,0
757,7
758,0
759,18
760,18
761,18
762,19
763,10
764,19
765,19
766,19
767,19
768,19
769,19
770,0
771,0
772,20
773,10
774,20
775,0
776,10
777,10
778,20
779,17
780,0
781,20
782,10
783,0
784,15
785,0
786,15
787,20
788,20
789,16
790,20
791,20
792,20
793,15
794,15
795,20
796,20
797,20
798,20
799,20
800,20
801,20
802,20
803,20
804,20
805,20
806,20
807,20
808,20
809,20
810,20
811,10
812,10
813,10
814,11
815,10
816,10
817,10
818,10
819,10
820,10
821,10
822,10
823,10
824,16
825,10
826,10
827,10
828,10
829,10
830,10
831,10
832,10
833,10
834,10
835,10
836,20
837,20
838,20
839,20
840,20
841,20
842,0
843,0
844,15
845,20
846,20
847,20
848,20
849,15
850,0
851,20
852,0
853,0
854,0
855,0
856,0
857,0
858,20
859,20
860,20
861,20
862,20
863,10
864,20
865,15
866,10
867,0
868,22
869,0
870,0
871,23
872,0
873,0
874,0
875,0
876,23
877,0
878,0
879,0
880,0
881,0
882,10
883,0
884,0
885,0
886,0
887,0
888,22
889,18
890,18
891,22
892,22
893,22
894,22
895,22
896,22
897,22
898,22
899,23
900,0
901,0
902,0
903,0
904,0
905,23
906,23
907,0
908,0
909,10
910,0
911,0
912,0
913,10
914,0
915,0
916,0
917,0
918,19
919,0
920,0
921,18
922,18
923,10
924,18
925,19
926,0
927,19
928,0
929,0
930,0
931,18
932,10
933,23
934,10
935,10
936,10
937,10
938,10
939,10
940,24
941,19
942,19
943,10
944,10
945,10
946,10
947,0
948,22
949,10
950,10
951,10
952,10
953,10
954,10
955,16
956,10
957,10
958,16
959,10
960,10
961,10
962,10
963,10
964,10
965,10
966,10
967,10
968,10
969,20
970,10
971,10
972,20
973,10
974,10
975,10
976,10
977,10
978,10
979,10
980,10
981,10
982,10
983,10
984,10
985,10
986,10
987,20
988,10
989,10
990,10
991,10
992,16
993,10
994,10
995,10
996,10
997,10
998,11
999,10
1000,10
1001,10
1002,10
1003,16
1004,23
1005,16
1006,16
1007,10
1008,0
1009,22
1010,10
1011,16
1012,16
1013,10
1014,10
1015,10
1016,19
1017,0
1018,16
1019,0
1020,10
1021,10
1022,10
1023,0
1024,19
1025,10
1026,16
1027,16
1028,10
1029,16
1030,16
1031,0
1032,0
1033,0
1034,0
1035,0
1036,0
1037,0
1038,0
1039,20
1040,0
1041,0
1042,17
1043,0
1044,0
1045,10
1046,0
1047,19
1048,0
1049,3
1050,10
1051,10
1052,16
1053,8
1054,0
1055,10
1056,0
1057,10
1058,10
1059,10
1060,10
1061,10
1062,10
1063,10
1064,10
1065,10
1066,10
1067,10
1068,10
1069,10
1070,10
1071,13
1072,10
1073,10
1074,10
1075,10
1076,10
1077,10
1078,10
1079,16
1080,10
1081,10
1082,10
1083,10
1084,10
1085,10
1086,10
1087,10
1088,10
1089,21
1090,10
1091,10
1092,16
1093,10
1094,11
1095,11
1096,11
1097,11
1098,11
1099,11
1100,11
1101,11
1102,11
1103,11
1104,11
1105,11
1106,11
1107,11
1108,11
1109,11
1110,11
1111,11
1112,11
1113,11
1114,11
1115,13
1116,20
1117,20
1118,11
1119,25
1120,20
1121,20
1122,20
1123,11
1124,20
1125,3
1126,25
1127,25
1128,11
1129,16
1130,2
1131,25
1132,25
1133,11
1134,25
1135,11
1136,11
1137,11
1138,11
1139,11
1140,11
1141,11
1142,11
1143,11
1144,11
1145,11
1146,11
1147,11
1148,11
1149,2
1150,25
1151,16
1152,11
1153,11
1154,11
1155,11
1156,10
1157,20
1158,20
1159,11
1160,11
1161,11
1162,11
1163,11
1164,11
1165,11
1166,11
1167,11
1168,25
1169,11
1170,16
1171,11
1172,16
1173,11
1174,11
1175,11
1176,11
1177,11
1178,11
1179,11
1180,11
1181,11
1182,11
1183,11
1184,11
1185,11
1186,11
1187,11
1188,11
1189,11
1190,11
1191,11
1192,11
1193,11
1194,11
1195,11
1196,11
1197,16
1198,10
1199,25
1200,11
1201,11
1202,11
1203,11
1204,11
1205,11
1206,11
1207,11
1208,11
1209,11
1210,11
1211,16
1212,11
1213,11
1214,11
1215,11
1216,11
1217,25
1218,20
1219,11
1220,16
1221,11
1222,11
1223,3
1224,10
1225,16
1226,11
1227,20
1228,11
1229,11
1230,11
1231,11
1232,11
1233,11
1234,25
1235,11
1236,11
1237,11
1238,11
1239,11
1240,11
1241,11
1242,11
1243,11
1244,16
1245,11
1246,11
1247,16
1248,10
1249,10
1250,20
1251,10
1252,10
1253,10
1254,10
1255,10
1256,10
1257,10
1258,10
1259,10
1260,10
1261,20
1262,10
1263,10
1264,10
1265,10
1266,10
1267,10
1268,10
1269,10
1270,10
1271,10
1272,10
1273,10
1274,10
1275,10
1276,10
1277,10
1278,10
1279,10
1280,10
1281,10
1282,22
1283,10
1284,16
1285,10
1286,10
1287,10
1288,10
1289,10
1290,10
1291,10
1292,16
1293,10
1294,10
1295,10
1296,10
1297,13
1298,10
1299,10
1300,10
1301,10
1302,10
1303,10
1304,10
1305,13
1306,15
1307,10
1308,10
1309,15
1310,10
1311,10
1312,10
1313,10
1314,13
1315,10
1316,16
1317,16
1318,10
1319,10
1320,16
1321,10
1322,10
1323,10
1324,10
1325,10
1326,10
1327,10
1328,10
1329,10
1330,16
1331,10
1332,10
1333,10
1334,10
1335,10
1336,10
1337,10
1338,10
1339,10
1340,10
1341,10
1342,10
1343,10
1344,10
1345,10
1346,10
1347,10
1348,10
1349,10
1350,10
1351,10
1352,10
1353,10
1354,10
1355,10
1356,10
1357,10
1358,10
1359,20
1360,10
1361,10
1362,10
1363,10
1364,10
1365,10
1366,20
1367,10
1368,10
1369,20
1370,10
1371,10
1372,10
1373,10
1374,10
1375,10
1376,10
1377,10
1378,10
1379,10
1380,21
1381,10
1382,10
1383,10
1384,22
1385,16
1386,10
1387,10
1388,13
1389,10
1390,10
1391,23
1392,20
1393,10
1394,10
1395,10
1396,10
1397,10
1398,21
1399,10
1400,25
1401,10
1402,10
1403,10
1404,10
1405,21
1406,10
1407,10
1408,10
1409,10
1410,10
1411,10
1412,10
1413,22
1414,22
1415,10
1416,10
1417,10
1418,20
1419,10
1420,10
1421,10
1422,0
1423,0
1424,16
1425,17
1426,10
1427,10
1428,10
1429,10
1430,10
1431,10
1432,0
1433,10
1434,10
1435,10
1436,10
1437,10
1438,10
1439,10
1440,10
1441,10
1442,10
1443,10
1444,10
1445,10
1446,10
1447,10
1448,10
1449,10
1450,10
1451,10
1452,10
1453,10
1454,10
1455,10
1456,10
1457,10
1458,10
1459,10
1460,10
1461,10
1462,10
1463,10
1464,10
1465,10
1466,10
1467,10
1468,10
1469,10
1470,10
1471,10
1472,10
1473,10
1474,22
1475,10
1476,10
1477,10
1478,10
1479,10
1480,10
1481,10
1482,10
1483,10
1484,10
1485,10
1486,10
1487,10
1488,10
1489,22
1490,22
1491,10
1492,10
1493,10
1494,10
1495,10
1496,10
1497,10
1498,10
1499,10
1500,10
1501,10
1502,10
1503,10
1504,10
1505,10
1506,10
1507,10
1508,10
1509,10
1510,10
1511,10
1512,10
1513,10
1514,10
1515,10
1516,10
1517,10
1518,10
1519,22
1520,10
1521,10
1522,10
1523,10
1524,10
1525,10
1526,10
1527,10
1528,10
1529,10
1530,10
1531,10
1532,10
1533,10
1534,10
1535,10
1536,10
1537,10
1538,10
1539,16
1540,16
1541,16
1542,16
1543,16
1544,10
1545,16
1546,16
1547,13
1548,20
1549,20
1550,13
1551,13
1552,16
1553,10
1554,20
1555,16
1556,16
1557,16
1558,16
1559,16
1560,10
1561,16
1562,16
1563,16
1564,16
1565,16
1566,16
1567,20
1568,16
1569,16
1570,16
1571,16
1572,16
1573,16
1574,16
1575,16
1576,16
1577,16
1578,16
1579,16
1580,16
1581,16
1582,24
1583,16
1584,10
1585,10
1586,16
1587,16
1588,16
1589,16
1590,16
1591,16
1592,16
1593,16
1594,16
1595,16
1596,16
1597,16
1598,16
1599,16
1600,16
1601,2
1602,10
1603,10
1604,16
1605,16
1606,16
1607,13
1608,20
1609,8
1610,16
1611,16
1612,20
1613,16
1614,16
1615,16
1616,10
1617,16
1618,16
1619,16
1620,16
1621,16
1622,16
1623,13
1624,16
1625,13
1626,16
1627,16
1628,16
1629,8
1630,16
1631,10
1632,10
1633,21
1634,10
1635,10
1636,10
1637,10
1638,20
1639,20
1640,20
1641,16
1642,20
1643,20
1644,16
1645,16
1646,16
1647,20
1648,2
1649,16
1650,16
1651,16
1652,20
1653,20
1654,10
1655,16
1656,16
1657,16
1658,16
1659,10
1660,2
1661,16
1662,16
1663,16
1664,16
1665,16
1666,16
1667,16
1668,16
1669,10
1670,16
1671,10
1672,16
1673,16
1674,10
1675,10
1676,10
1677,16
1678,16
1679,16
1680,16
1681,16
1682,16
1683,10
1684,10
1685,10
1686,10
1687,10
1688,10
1689,10
1690,10
1691,10
1692,10
1693,10
1694,10
1695,10
1696,10
1697,15
1698,15
1699,10
1700,10
1701,10
1702,10
1703,10
1704,10
1705,10
1706,10
1707,10
1708,10
1709,10
1710,10
1711,10
1712,10
1713,10
1714,10
1715,15
1716,10
1717,10
1718,10
1719,10
1720,10
1721,15
1722,10
1723,10
1724,10
1725,10
1726,10
1727,15
1728,10
1729,10
1730,15
1731,10
1732,15
1733,10
1734,10
1735,10
1736,10
1737,10
1738,10
1739,10
1740,10
1741,10
1742,10
1743,8
1744,10
1745,10
1746,10
1747,10
1748,10
1749,10
1750,10
1751,10
1752,10
1753,10
1754,10
1755,19
1756,10
1757,10
1758,10
1759,10
1760,10
1761,10
1762,10
1763,22
1764,16
1765,10
1766,10
1767,10
1768,10
1769,10
1770,10
1771,10
1772,10
1773,19
1774,10
1775,10
1776,10
1777,10
1778,10
1779,10
1780,10
1781,10
1782,10
1783,10
1784,10
1785,10
1786,10
1787,10
1788,10
1789,22
1790,22
1791,22
1792,10
1793,10
1794,10
1795,10
1796,10
1797,10
1798,10
1799,10
1800,18
1801,10
1802,19
1803,10
1804,22
1805,22
1806,10
1807,10
1808,0
1809,24
1810,10
1811,10
1812,10
1813,10
1814,0
1815,22
1816,10
1817,10
1818,10
1819,22
1820,22
1821,18
1822,10
1823,10
1824,0
1825,18
1826,22
1827,10
1828,10
1829,10
1830,22
1831,10
1832,10
1833,10
1834,10
1835,24
1836,22
1837,10
1838,10
1839,10
1840,10
1841,10
1842,10
1843,10
1844,10
1845,10
1846,21
1847,10
1848,10
1849,10
1850,10
1851,10
1852,10
1853,15
1854,10
1855,20
1856,20
1857,20
1858,20
1859,17
1860,20
1861,10
1862,10
1863,10
1864,10
1865,16
1866,24
1867,13
1868,10
1869,10
1870,15
1871,10
1872,10
1873,10
1874,10
1875,10
1876,10
1877,10
1878,10
1879,10
1880,10
1881,10
1882,10
1883,20
1884,16
1885,16
1886,16
1887,16
1888,20
1889,20
1890,16
1891,16
1892,16
1893,2
1894,10
1895,10
1896,0
1897,21
1898,10
1899,10
1900,10
1901,20
1902,20
1903,10
1904,10
1905,10
1906,20
1907,10
1908,10
1909,16
1910,10
1911,20
1912,10
1913,22
1914,24
1915,10
1916,10
1917,10
1918,15
1919,20
1920,10
1921,16
1922,16
1923,16
1924,16
1925,16
1926,10
1927,10
1928,22
1929,16
1930,10
1931,10
1932,10
1933,20
1934,10
1935,16
1936,10
1937,10
1938,20
1939,17
1940,20
1941,10
1942,8
1943,10
1944,8
1945,10
1946,10
1947,10
1948,10
1949,10
1950,10
1951,10
1952,10
1953,10
1954,19
1955,10
1956,10
1957,10
1958,10
1959,10
1960,10
1961,20
1962,10
1963,10
1964,10
1965,10
1966,10
1967,10
1968,10
1969,10
1970,10
1971,15
1972,10
1973,10
1974,10
1975,10
1976,16
1977,10
1978,16
1979,10
1980,10
1981,10
1982,10
1983,16
1984,20
1985,10
1986,16
1987,10
1988,10
1989,20
1990,10
1991,10
1992,10
1993,10
1994,10
1995,16
1996,10
1997,10
1998,10
1999,10
2000,10
2001,10
2002,10
2003,10
2004,10
2005,10
2006,10
2007,10
2008,2
2009,10
2010,10
2011,10
2012,10
2013,10
2014,10
2015,10
2016,10
2017,10
2018,10
2019,10
2020,10
2021,10
2022,10
2023,10
2024,10
2025,10
2026,10
2027,10
2028,10
2029,10
2030,10
2031,10
2032,10
2033,10
2034,10
2035,10
2036,10
2037,10
2038,10
2039,19
2040,10
2041,10
2042,8
2043,10
2044,10
2045,19
2046,10
2047,8
2048,8
2049,8
2050,15
2051,15
2052,15
2053,15
2054,19
2055,19
2056,19
2057,16
2058,10
2059,10
2060,19
2061,10
2062,10
2063,19
2064,19
2065,19
2066,19
2067,8
2068,19
2069,19
2070,19
2071,19
2072,19
2073,22
2074,10
2075,19
2076,19
2077,22
2078,10
2079,10
2080,10
2081,10
2082,10
2083,10
2084,10
2085,10
2086,10
2087,10
2088,10
2089,17
2090,10
2091,10
2092,10
2093,10
2094,10
2095,10
2096,16
2097,13
2098,19
2099,10
2100,10
2101,19
2102,10
2103,19
2104,20
2105,19
2106,19
2107,19
2108,19
2109,10
2110,8
2111,10
2112,8
2113,10
2114,8
2115,15
2116,19
2117,10
2118,10
2119,10
2120,10
2121,0
2122,10
2123,10
2124,22
2125,10
2126,10
2127,10
2128,10
2129,10
2130,10
2131,11
2132,10
2133,10
2134,10
2135,22
2136,22
2137,22
2138,10
2139,10
2140,8
2141,8
2142,10
2143,10
2144,10
2145,10
2146,10
2147,16
2148,10
2149,20
2150,16
2151,13
2152,20
2153,20
2154,16
2155,20
2156,20
2157,20
2158,20
2159,2
2160,2
2161,16
2162,20
2163,2
2164,20
2165,20
2166,16
2167,20
2168,20
2169,20
2170,20
2171,20
2172,16
2173,20
2174,13
2175,20
2176,16
2177,16
2178,2
2179,20
2180,20
2181,16
2182,20
2183,20
2184,16
2185,10
2186,10
2187,10
2188,10
2189,10
2190,2
2191,10
2192,10
2193,16
2194,16
2195,16
2196,16
2197,16
2198,16
2199,16
2200,16
2201,16
2202,16
2203,16
2204,16
2205,16
2206,16
2207,16
2208,16
2209,16
2210,16
2211,16
2212,16
2213,16
2214,16
2215,16
2216,16
2217,16
2218,16
2219,16
2220,16
2221,16
2222,16
2223,16
2224,16
2225,16
2226,25
2227,16
2228,25
2229,16
2230,16
2231,16
2232,16
2233,16
2234,16
2235,16
2236,2
2237,16
2238,16
2239,20
2240,2
2241,16
2242,16
2243,16
2244,16
2245,16
2246,16
2247,16
2248,16
2249,16
2250,16
2251,16
2252,16
2253,16
2254,16
2255,25
2256,16
2257,16
2258,16
2259,16
2260,16
2261,25
2262,25
2263,16
2264,25
2265,25
2266,11
2267,11
2268,16
2269,16
2270,16
2271,15
2272,16
2273,16
2274,16
2275,16
2276,16
2277,16
2278,25
2279,21
2280,16
2281,16
2282,25
2283,16
2284,16
2285,17
2286,16
2287,16
2288,16
2289,16
2290,16
2291,16
2292,10
2293,10
2294,10
2295,10
2296,10
2297,10
2298,10
2299,10
2300,10
2301,10
2302,10
2303,10
2304,10
2305,10
2306,10
2307,10
2308,10
2309,10
2310,10
2311,10
2312,10
2313,10
2314,10
2315,10
2316,10
2317,10
2318,10
2319,10
2320,10
2321,10
2322,10
2323,10
2324,10
2325,10
2326,10
2327,10
2328,10
2329,10
2330,10
2331,10
2332,10
2333,10
2334,10
2335,10
2336,10
2337,10
2338,10
2339,10
2340,10
2341,10
2342,10
2343,10
2344,10
2345,10
2346,10
2347,10
2348,10
2349,10
2350,10
2351,19
2352,10
2353,8
2354,10
2355,10
2356,10
2357,10
2358,10
2359,10
2360,10
2361,8
2362,10
2363,10
2364,8
2365,19
2366,8
2367,10
2368,10
2369,10
2370,10
2371,19
2372,10
2373,10
2374,10
2375,10
2376,10
2377,10
2378,10
2379,10
2380,10
2381,10
2382,10
2383,10
2384,10
2385,10
2386,10
2387,10
2388,10
2389,16
2390,10
2391,10
2392,10
2393,10
2394,10
2395,10
2396,10
2397,10
2398,10
2399,10
2400,10
2401,10
2402,10
2403,10
2404,10
2405,10
2406,13
2407,10
2408,10
2409,10
2410,22
2411,10
2412,10
2413,10
2414,10
2415,10
2416,10
2417,10
2418,10
2419,10
2420,10
2421,10
2422,10
2423,10
2424,10
2425,10
2426,23
2427,18
2428,10
2429,10
2430,10
2431,19
2432,10
2433,10
2434,10
2435,10
2436,10
2437,10
2438,10
2439,10
2440,10
2441,10
2442,10
2443,10
2444,10
2445,10
2446,10
2447,10
2448,10
2449,10
2450,10
2451,10
2452,10
2453,10
2454,10
2455,10
2456,22
2457,10
2458,10
2459,18
2460,19
2461,22
2462,0
2463,10
2464,10
2465,10
2466,10
2467,22
2468,10
2469,10
2470,10
2471,22
2472,10
2473,10
2474,10
2475,10
2476,10
2477,10
2478,10
2479,10
2480,2
2481,8
2482,10
2483,8
2484,8
2485,8
2486,19
2487,19
2488,10
2489,16
2490,16
2491,16
2492,16
2493,16
2494,16
2495,16
2496,16
2497,16
2498,16
2499,16
2500,16
2501,16
2502,16
2503,16
2504,16
2505,25
2506,16
2507,10
2508,16
2509,16
2510,16
2511,16
2512,16
2513,16
2514,16
2515,16
2516,16
2517,16
2518,16
2519,13
2520,16
2521,16
2522,2
2523,16
2524,16
2525,16
2526,16
2527,16
2528,25
2529,16
2530,25
2531,16
2532,16
2533,16
2534,25
2535,16
2536,16
2537,16
2538,16
2539,16
2540,16
2541,16
2542,16
2543,16
2544,16
2545,16
2546,16
2547,16
2548,20
2549,16
2550,16
2551,16
2552,16
2553,16
2554,16
2555,16
2556,16
2557,16
2558,16
2559,16
2560,16
2561,16
2562,16
2563,16
2564,16
2565,16
2566,16
2567,16
2568,16
2569,13
2570,16
2571,16
2572,10
2573,16
2574,16
2575,16
2576,16
2577,25
2578,16
2579,13
2580,20
2581,16
2582,16
2583,13
2584,13
2585,13
2586,16
2587,16
2588,13
2589,16
2590,16
2591,16
2592,25
2593,16
2594,16
2595,13
2596,16
2597,16
2598,16
2599,16
2600,16
2601,11
2602,16
2603,16
2604,16
2605,16
2606,16
2607,16
2608,10
2609,16
2610,16
2611,25
2612,16
2613,16
2614,16
2615,16
2616,16
2617,16
2618,16
2619,16
2620,16
2621,16
2622,16
2623,16
2624,16
2625,16
2626,16
2627,16
2628,16
2629,16
2630,16
2631,16
2632,16
2633,16
2634,16
2635,16
2636,16
2637,16
2638,16
2639,16
2640,16
2641,16
2642,16
2643,16
2644,16
2645,16
2646,16
2647,16
2648,17
2649,16
2650,16
2651,16
2652,16
2653,16
2654,16
2655,2
2656,16
2657,16
2658,2
2659,25
2660,25
2661,16
2662,20
2663,16
2664,16
2665,25
2666,25
2667,16
2668,25
2669,16
2670,16
2671,16
2672,16
2673,16
2674,16
2675,16
2676,16
2677,16
2678,16
2679,16
2680,16
2681,16
2682,16
2683,10
2684,21
2685,13
2686,20
2687,20
2688,16
2689,16
2690,16
2691,13
2692,16
2693,16
2694,20
2695,16
2696,16
2697,16
2698,16
2699,16
2700,20
2701,13
2702,13
2703,16
2704,16
2705,13
2706,8
2707,8
2708,8
2709,8
2710,18
2711,8
2712,8
2713,10
2714,10
2715,10
2716,10
2717,22
2718,10
2719,10
2720,10
2721,10
2722,10
2723,10
2724,22
2725,10
2726,16
2727,16
2728,16
2729,16
2730,16
2731,16
2732,16
2733,16
2734,16
2735,16
2736,20
2737,2
2738,8
2739,16
2740,16
2741,20
2742,16
2743,16
2744,16
2745,16
2746,16
2747,16
2748,16
2749,16
2750,16
2751,16
2752,16
2753,25
2754,16
2755,16
2756,16
2757,16
2758,16
2759,16
2760,16
2761,16
2762,16
2763,16
2764,16
2765,16
2766,2
2767,16
2768,2
2769,24
2770,16
2771,16
2772,16
2773,16
2774,16
2775,16
2776,16
2777,16
2778,16
2779,16
2780,16
2781,16
2782,16
2783,16
2784,20
2785,16
2786,16
2787,16
2788,16
2789,16
2790,16
2791,16
2792,16
2793,16
2794,16
2795,20
2796,16
2797,16
2798,16
2799,16
2800,16
2801,16
2802,16
2803,16
2804,16
2805,16
2806,16
2807,16
2808,16
2809,16
2810,16
2811,16
2812,16
2813,16
2814,16
2815,16
2816,24
2817,16
2818,16
2819,16
2820,21
2821,16
2822,16
2823,2
2824,16
2825,16
2826,16
2827,16
2828,16
2829,16
2830,16
2831,16
2832,16
2833,16
2834,16
2835,16
2836,20
2837,16
2838,15
2839,16
2840,16
2841,16
2842,20
2843,16
2844,16
2845,16
2846,16
2847,16
2848,20
2849,16
2850,25
2851,16
2852,25
2853,16
2854,16
2855,16
2856,16
2857,16
2858,16
2859,16
2860,16
2861,16
2862,16
2863,16
2864,16
2865,16
2866,16
2867,11
2868,16
2869,16
2870,16
2871,16
2872,16
2873,16
2874,16
2875,16
2876,16
2877,16
2878,16
2879,16
2880,16
2881,16
2882,16
2883,16
2884,16
2885,11
2886,16
2887,16
2888,16
2889,16
2890,16
2891,16
2892,16
2893,20
2894,16
2895,16
2896,16
2897,16
2898,16
2899,16
2900,16
2901,16
2902,16
2903,16
2904,16
2905,16
2906,16
2907,16
2908,20
2909,24
2910,24
2911,16
2912,16
2913,16
2914,16
2915,16
2916,20
2917,16
2918,16
2919,16
2920,16
2921,20
2922,10
2923,20
2924,20
2925,10
2926,10
2927,10
2928,10
2929,8
2930,20
2931,2
2932,10
2933,15
2934,15
2935,15
2936,15
2937,15
2938,15
2939,15
2940,15
2941,15
2942,8
2943,8
2944,8
2945,19
2946,10
2947,15
2948,10
2949,16
2950,8
2951,19
2952,10
2953,10
2954,10
2955,15
2956,10
2957,22
2958,19
2959,10
2960,10
2961,2
2962,10
2963,10
2964,10
2965,10
2966,10
2967,10
2968,10
2969,10
2970,10
2971,10
2972,10
2973,10
2974,20
2975,16
2976,16
2977,16
2978,16
2979,10
2980,10
2981,10
2982,16
2983,15
2984,10
2985,10
2986,22
2987,10
2988,19
2989,19
2990,19
2991,19
2992,10
2993,10
2994,19
2995,19
2996,10
2997,10
2998,10
2999,19
3000,19
3001,19
3002,19
3003,15
3004,19
3005,19
3006,19
3007,19
3008,19
3009,19
3010,19
3011,19
3012,19
3013,19
3014,8
3015,19
3016,19
3017,19
3018,15
3019,15
3020,19
3021,20
3022,10
3023,10
3024,18
3025,18
3026,10
3027,10
3028,10
3029,10
3030,18
3031,10
3032,10
3033,10
3034,10
3035,10
3036,18
3037,10
3038,10
3039,19
3040,8
3041,8
3042,19
3043,8
3044,19
3045,19
3046,19
3047,23
3048,19
3049,0
3050,10
3051,10
3052,19
3053,19
3054,19
3055,15
3056,19
3057,22
3058,10
3059,0
3060,0
3061,19
3062,19
3063,10
3064,19
3065,17
3066,17
3067,15
3068,17
3069,19
3070,19
3071,19
3072,10
3073,10
3074,19
3075,20
3076,19
3077,19
3078,10
3079,20
3080,8
3081,10
3082,11
3083,11
3084,11
3085,11
3086,11
3087,11
3088,11
3089,11
3090,16
3091,11
3092,11
3093,11
3094,11
3095,11
3096,11
3097,11
3098,11
3099,11
3100,25
3101,11
3102,11
3103,11
3104,11
3105,11
3106,11
3107,11
3108,11
3109,11
3110,11
3111,11
3112,11
3113,11
3114,11
3115,11
3116,11
3117,11
3118,11
3119,11
3120,11
3121,11
3122,11
3123,11
3124,11
3125,11
3126,11
3127,11
3128,11
3129,11
3130,11
3131,11
3132,11
3133,11
3134,11
3135,11
3136,11
3137,11
3138,11
3139,11
3140,11
3141,11
3142,11
3143,11
3144,11
3145,11
3146,11
3147,11
3148,11
3149,11
3150,11
3151,11
3152,11
3153,11
3154,11
3155,11
3156,11
3157,11
3158,11
3159,11
3160,11
3161,11
3162,11
3163,11
3164,11
3165,11
3166,11
3167,11
3168,11
3169,11
3170,11
3171,11
3172,11
3173,11
3174,11
3175,11
3176,11
3177,11
3178,11
3179,11
3180,11
3181,11
3182,11
3183,11
3184,11
3185,11
3186,11
3187,11
3188,22
3189,22
3190,22
3191,22
3192,22
3193,22
3194,22
3195,22
3196,22
3197,22
3198,22
3199,22
3200,22
3201,22
3202,22
3203,22
3204,22
3205,22
3206,22
3207,22
3208,22
3209,22
3210,22
3211,22
3212,22
3213,22
3214,22
3215,22
3216,22
3217,22
3218,22
3219,22
3220,0
3221,22
3222,22
3223,19
3224,10
3225,10
3226,20
3227,20
3228,15
3229,15
3230,10
3231,10
3232,10
3233,10
3234,10
3235,10
3236,10
3237,10
3238,10
3239,10
3240,10
3241,10
3242,10
3243,10
3244,10
3245,10
3246,10
3247,10
3248,10
3249,10
3250,10
3251,20
3252,20
3253,16
3254,2
3255,22
3256,10
3257,2
3258,11
3259,11
3260,11
3261,11
3262,11
3263,11
3264,11
3265,11
3266,11
3267,8
3268,8
3269,8
3270,8
3271,15
3272,16
3273,16
3274,16
3275,15
3276,22
3277,22
3278,22
3279,10
3280,22
3281,10
3282,22
3283,8
3284,22
3285,15
3286,22
3287,20
3288,20
3289,19
3290,24
3291,20
3292,20
3293,22
3294,15
3295,11
3296,15
3297,15
3298,15
3299,15
3300,10
3301,8
3302,19
3303,8
3304,8
3305,8
3306,8
3307,8
3308,8
3309,8
3310,8
3311,8
3312,8
3313,8
3314,8
3315,8
3316,8
3317,8
3318,8
3319,8
3320,8
3321,8
3322,8
3323,8
3324,20
3325,16
3326,20
3327,2
3328,8
3329,8
3330,10
3331,10
3332,10
3333,10
3334,19
3335,19
3336,10
3337,10
3338,10
3339,10
3340,5
3341,10
3342,10
3343,10
3344,10
3345,10
3346,10
3347,10
3348,10
3349,10
3350,10
3351,22
3352,22
3353,10
3354,20
3355,20
3356,0
3357,20
3358,20
3359,16
3360,19
3361,15
3362,16
3363,2
3364,10
3365,20
3366,16
3367,20
3368,20
3369,13
3370,10
3371,13
3372,13
3373,16
3374,13
3375,20
3376,16
3377,20
3378,20
3379,20
3380,20
3381,20
3382,2
3383,20
3384,25
3385,25
3386,20
3387,20
3388,20
3389,16
3390,20
3391,20
3392,20
3393,20
3394,10
3395,16
3396,2
3397,2
3398,2
3399,2
3400,2
3401,20
3402,20
3403,2
3404,2
3405,2
3406,2
3407,2
3408,2
3409,2
3410,2
3411,2
3412,2
3413,2
3414,2
3415,2
3416,2
3417,2
3418,2
3419,2
3420,2
3421,3
3422,2
3423,2
3424,2
3425,2
3426,2
3427,2
3428,2
3429,2
3430,2
3431,2
3432,16
3433,16
3434,16
3435,25
3436,16
3437,16
3438,16
3439,16
3440,25
3441,16
3442,20
3443,20
3444,20
3445,15
3446,16
3447,8
3448,15
3449,20
3450,8
3451,20
3452,20
3453,20
3454,20
3455,20
3456,20
3457,20
3458,20
3459,20
3460,20
3461,20
3462,20
3463,20
3464,22
3465,20
3466,20
3467,22
3468,20
3469,20
3470,20
3471,20
3472,20
3473,20
3474,20
3475,20
3476,20
3477,20
3478,20
3479,2
3480,2
3481,13
3482,13
3483,13
3484,13
3485,21
3486,13
3487,13
3488,13
3489,25
3490,25
3491,20
3492,20
3493,20
3494,20
3495,20
3496,21
3497,20
3498,20
3499,20
3500,20
3501,20
3502,20
3503,15
3504,20
3505,20
3506,20
3507,25
3508,20
3509,20
3510,16
3511,20
3512,16
3513,8
3514,20
3515,20
3516,16
3517,16
3518,10
3519,20
3520,16
3521,20
3522,20
3523,20
3524,20
3525,20
3526,20
3527,20
3528,20
3529,20
3530,20
3531,20
3532,20
3533,20
3534,20
3535,20
3536,20
3537,20
3538,20
3539,20
3540,20
3541,20
3542,20
3543,20
3544,20
3545,20
3546,20
3547,20
3548,20
3549,20
3550,20
3551,20
3552,20
3553,20
3554,20
3555,20
3556,20
3557,20
3558,20
3559,20
3560,20
3561,20
3562,20
3563,20
3564,20
3565,25
3566,20
3567,20
3568,20
3569,20
3570,20
3571,20
3572,20
3573,20
3574,20
3575,25
3576,16
3577,16
3578,25
3579,25
3580,16
3581,2
3582,20
3583,20
3584,20
3585,20
3586,20
3587,20
3588,20
3589,20
3590,20
3591,21
3592,20
3593,20
3594,20
3595,20
3596,21
3597,20
3598,20
3599,2
3600,15
3601,20
3602,20
3603,20
3604,20
3605,20
3606,20
3607,20
3608,16
3609,20
3610,20
3611,20
3612,20
3613,20
3614,20
3615,10
3616,20
3617,20
3618,20
3619,20
3620,20
3621,20
3622,20
3623,25
3624,20
3625,20
3626,20
3627,20
3628,20
3629,20
3630,17
3631,20
3632,20
3633,16
3634,2
3635,2
3636,11
3637,11
3638,25
3639,2
3640,2
3641,2
3642,2
3643,25
3644,2
3645,2
3646,16
3647,2
3648,2
3649,2
3650,2
3651,16
3652,2
3653,2
3654,25
3655,25
3656,25
3657,2
3658,2
3659,10
3660,20
3661,20
3662,21
3663,20
3664,8
3665,20
3666,20
3667,8
3668,20
3669,20
3670,20
3671,20
3672,20
3673,20
3674,20
3675,16
3676,16
3677,16
3678,20
3679,17
3680,20
3681,15
3682,10
3683,10
3684,25
3685,25
3686,11
3687,25
3688,25
3689,11
3690,11
3691,11
3692,11
3693,25
3694,25
3695,11
3696,11
3697,11
3698,11
3699,11
3700,11
3701,11
3702,11
3703,11
3704,11
3705,11
3706,25
3707,11
3708,11
3709,11
3710,11
3711,11
3712,11
3713,25
3714,11
3715,25
3716,25
3717,25
3718,25
3719,11
3720,11
3721,11
3722,16
3723,25
3724,11
3725,11
3726,16
3727,11
3728,11
3729,11
3730,11
3731,20
3732,25
3733,11
3734,0
3735,11
3736,19
3737,11
3738,11
3739,11
3740,10
3741,19
3742,19
3743,19
3744,19
3745,19
3746,19
3747,19
3748,19
3749,19
3750,19
3751,19
3752,19
3753,19
3754,19
3755,19
3756,19
3757,19
3758,19
3759,16
3760,10
3761,10
3762,13
3763,17
3764,19
3765,19
3766,19
3767,10
3768,10
3769,13
3770,13
3771,13
3772,13
3773,23
3774,13
3775,13
3776,13
3777,13
3778,23
3779,10
3780,13
3781,13
3782,13
3783,10
3784,10
3785,2
3786,15
3787,10
3788,20
3789,15
3790,2
3791,11
3792,11
3793,11
3794,11
3795,11
3796,11
3797,25
3798,11
3799,11
3800,11
3801,11
3802,7
3803,11
3804,13
3805,11
3806,11
3807,11
3808,10
3809,11
3810,0
3811,11
3812,16
3813,11
3814,11
3815,11
3816,11
3817,11
3818,11
3819,11
3820,11
3821,11
3822,25
3823,2
3824,11
3825,11
3826,11
3827,11
3828,16
3829,11
3830,11
3831,11
3832,11
3833,11
3834,11
3835,11
3836,11
3837,11
3838,11
3839,11
3840,11
3841,11
3842,11
3843,11
3844,11
3845,11
3846,11
3847,11
3848,25
3849,11
3850,16
3851,16
3852,16
3853,16
3854,16
3855,16
3856,16
3857,16
3858,16
3859,16
3860,16
3861,15
3862,15
3863,16
3864,16
3865,15
3866,16
3867,16
3868,16
3869,11
3870,11
3871,11
3872,11
3873,11
3874,20
3875,20
3876,22
3877,22
3878,22
3879,22
3880,22
3881,22
3882,22
3883,22
3884,22
3885,22
3886,22
3887,22
3888,10
3889,22
3890,22
3891,22
3892,19
3893,22
3894,22
3895,10
3896,19
3897,22
3898,22
3899,20
3900,10
3901,20
3902,10
3903,10
3904,10
3905,0
3906,10
3907,0
3908,10
3909,10
3910,10
3911,10
3912,10
3913,10
3914,10
3915,10
3916,10
3917,10
3918,22
3919,10
3920,10
3921,24
3922,16
3923,16
3924,25
3925,16
3926,16
3927,16
3928,25
3929,16
3930,16
3931,16
3932,16
3933,16
3934,16
3935,22
3936,0
3937,22
3938,20
3939,10
3940,10
3941,10
3942,23
3943,10
3944,10
3945,10
3946,10
3947,10
3948,10
3949,13
3950,10
3951,10
3952,10
3953,10
3954,13
3955,13
3956,10
3957,10
3958,10
3959,10
3960,10
3961,10
3962,10
3963,10
3964,10
3965,0
3966,10
3967,10
3968,24
3969,24
3970,24
3971,10
3972,10
3973,16
3974,16
3975,16
3976,20
3977,20
3978,20
3979,8
3980,16
3981,10
3982,10
3983,10
3984,19
3985,8
3986,0
3987,10
3988,10
3989,13
3990,10
3991,10
3992,10
3993,13
3994,13
3995,13
3996,13
3997,13
3998,13
3999,13
4000,13
4001,25
4002,0
4003,13
4004,13
4005,10
4006,10
4007,10
4008,19
4009,18
4010,19
4011,19
4012,18
4013,20
4014,20
4015,22
4016,10
4017,20
4018,0
4019,8
4020,8
4021,19
4022,8
4023,10
4024,19
4025,19
4026,19
4027,19
4028,19
4029,8
4030,16
4031,15
4032,10
4033,11
4034,15
4035,8
4036,23
4037,17
4038,19
4039,15
4040,15
4041,8
4042,15
4043,19
4044,15
4045,19
4046,19
4047,19
4048,19
4049,19
4050,19
4051,19
4052,19
4053,19
4054,8
4055,8
4056,19
4057,19
4058,19
4059,19
4060,19
4061,15
4062,19
4063,19
4064,8
4065,19
4066,19
4067,19
4068,19
4069,19
4070,19
4071,19
4072,19
4073,19
4074,19
4075,19
4076,19
4077,15
4078,8
4079,15
4080,15
4081,8
4082,15
4083,15
4084,15
4085,20
4086,16
4087,16
4088,20
4089,8
4090,8
4091,16
4092,20
4093,20
4094,16
4095,16
4096,15
4097,8
4098,20
4099,8
4100,21
4101,20
4102,20
4103,8
4104,21
4105,16
4106,16
4107,8
4108,16
4109,16
4110,16
4111,8
4112,16
4113,8
4114,8
4115,8
4116,16
4117,8
4118,21
4119,16
4120,15
4121,15
4122,15
4123,8
4124,8
4125,16
4126,22
4127,16
4128,15
4129,8
4130,16
4131,16
4132,15
4133,20
4134,15
4135,16
4136,15
4137,20
4138,20
4139,20
4140,20
4141,17
4142,20
4143,20
4144,20
4145,0
4146,20
4147,20
4148,20
4149,20
4150,20
4151,2
4152,16
4153,16
4154,15
4155,8
4156,20
4157,20
4158,20
4159,8
4160,20
4161,15
4162,15
4163,20
4164,16
4165,15
4166,15
4167,20
4168,20
4169,20
4170,20
4171,16
4172,20
4173,20
4174,20
4175,20
4176,20
4177,20
4178,20
4179,20
4180,20
4181,16
4182,16
4183,16
4184,16
4185,21
4186,16
4187,16
4188,16
4189,16
4190,16
4191,16
4192,25
4193,16
4194,16
4195,16
4196,16
4197,16
4198,16
4199,16
4200,16
4201,16
4202,16
4203,16
4204,21
4205,8
4206,16
4207,8
4208,8
4209,8
4210,20
4211,21
4212,20
4213,8
4214,8
4215,8
4216,13
4217,16
4218,16
4219,16
4220,16
4221,16
4222,16
4223,16
4224,16
4225,16
4226,16
4227,20
4228,16
4229,16
4230,16
4231,16
4232,16
4233,16
4234,16
4235,16
4236,20
4237,20
4238,20
4239,15
4240,15
4241,20
4242,20
4243,20
4244,20
4245,20
4246,20
4247,20
4248,20
4249,20
4250,20
4251,20
4252,20
4253,20
4254,20
4255,20
4256,20
4257,20
4258,20
4259,15
4260,20
4261,20
4262,20
4263,20
4264,20
4265,20
4266,20
4267,20
4268,20
4269,16
4270,16
4271,16
4272,16
4273,16
4274,16
4275,16
4276,16
4277,11
4278,16
4279,16
4280,16
4281,16
4282,20
4283,20
4284,16
4285,16
4286,16
4287,16
4288,16
4289,16
4290,16
4291,16
4292,16
4293,16
4294,15
4295,16
4296,16
4297,15
4298,16
4299,16
4300,16
4301,20
4302,16
4303,16
4304,8
4305,24
4306,16
4307,16
4308,16
4309,16
4310,8
4311,16
4312,16
4313,16
4314,15
4315,16
4316,16
4317,16
4318,16
4319,16
4320,16
4321,15
4322,15
4323,8
4324,22
4325,15
4326,20
4327,20
4328,15
4329,20
4330,20
4331,20
4332,20
4333,20
4334,20
4335,20
4336,20
4337,20
4338,20
4339,20
4340,20
4341,20
4342,16
4343,20
4344,20
4345,20
4346,8
4347,16
4348,20
4349,21
4350,20
4351,20
4352,20
4353,20
4354,20
4355,8
4356,20
4357,20
4358,20
4359,20
4360,20
4361,20
4362,20
4363,20
4364,20
4365,20
4366,15
4367,16
4368,16
4369,16
4370,16
4371,16
4372,16
4373,16
4374,16
4375,16
4376,16
4377,16
4378,16
4379,16
4380,16
4381,20
4382,8
4383,16
4384,15
4385,24
4386,16
4387,20
4388,16
4389,16
4390,16
4391,16
4392,16
4393,20
4394,16
4395,16
4396,16
4397,8
4398,20
4399,8
4400,8
4401,15
4402,8
4403,15
4404,21
4405,22
4406,15
4407,8
4408,8
4409,8
4410,15
4411,22
4412,15
4413,8
4414,8
4415,8
4416,20
4417,15
4418,8
4419,15
4420,8
4421,15
4422,8
4423,8
4424,8
4425,15
4426,15
4427,8
4428,15
4429,22
4430,16
4431,15
4432,8
4433,15
4434,8
4435,15
4436,8
4437,16
4438,8
4439,15
4440,15
4441,20
4442,15
4443,15
4444,20
4445,15
4446,8
4447,8
4448,8
4449,8
4450,8
4451,8
4452,8
4453,15
4454,8
4455,8
4456,20
4457,8
4458,8
4459,8
4460,8
4461,8
4462,22
4463,16
4464,16
4465,20
4466,16
4467,8
4468,8
4469,8
4470,8
4471,8
4472,19
4473,8
4474,8
4475,8
4476,8
4477,8
4478,21
4479,15
4480,8
4481,8
4482,20
4483,2
4484,16
4485,21
4486,8
4487,8
4488,8
4489,8
4490,8
4491,8
4492,2
4493,15
4494,21
4495,8
4496,8
4497,8
4498,8
4499,22
4500,8
4501,8
4502,16
4503,8
4504,20
4505,8
4506,8
4507,8
4508,15
4509,8
4510,8
4511,8
4512,8
4513,15
4514,8
4515,13
4516,8
4517,8
4518,15
4519,15
4520,16
4521,17
4522,16
4523,16
4524,8
4525,8
4526,19
4527,8
4528,8
4529,8
4530,25
4531,8
4532,8
4533,8
4534,8
4535,8
4536,8
4537,15
4538,8
4539,8
4540,8
4541,8
4542,8
4543,8
4544,19
4545,8
4546,8
4547,8
4548,17
4549,8
4550,8
4551,8
4552,8
4553,8
4554,8
4555,8
4556,8
4557,8
4558,8
4559,8
4560,8
4561,8
4562,8
4563,8
4564,8
4565,8
4566,22
4567,16
4568,22
4569,16
4570,16
4571,16
4572,16
4573,8
4574,8
4575,8
4576,8
4577,8
4578,8
4579,8
4580,8
4581,8
4582,8
4583,16
4584,16
4585,15
4586,15
4587,15
4588,20
4589,16
4590,11
4591,15
4592,15
4593,15
4594,15
4595,15
4596,20
4597,20
4598,20
4599,15
4600,20
4601,16
4602,20
4603,15
4604,15
4605,20
4606,21
4607,20
4608,15
4609,17
4610,20
4611,20
4612,20
4613,20
4614,20
4615,2
4616,16
4617,15
4618,15
4619,2
4620,2
4621,2
4622,20
4623,15
4624,16
4625,2
4626,2
4627,8
4628,8
4629,8
4630,8
4631,8
4632,20
4633,20
4634,20
4635,20
4636,20
4637,20
4638,20
4639,15
4640,15
4641,8
4642,8
4643,8
4644,8
4645,8
4646,8
4647,20
4648,20
4649,20
4650,15
4651,15
4652,15
4653,15
4654,15
4655,15
4656,15
4657,15
4658,15
4659,15
4660,15
4661,15
4662,15
4663,15
4664,15
4665,15
4666,15
4667,15
4668,15
4669,15
4670,15
4671,15
4672,15
4673,15
4674,20
4675,20
4676,20
4677,20
4678,20
4679,8
4680,20
4681,20
4682,20
4683,20
4684,20
4685,16
4686,16
4687,15
4688,15
4689,20
4690,20
4691,16
4692,15
4693,15
4694,15
4695,15
4696,15
4697,15
4698,20
4699,20
4700,20
4701,15
4702,20
4703,20
4704,15
4705,20
4706,15
4707,20
4708,20
4709,20
4710,13
4711,8
4712,16
4713,16
4714,16
4715,20
4716,20
4717,20
4718,20
4719,20
4720,20
4721,15
4722,20
4723,20
4724,20
4725,15
4726,16
4727,15
4728,15
4729,15
4730,16
4731,16
4732,20
4733,25
4734,16
4735,16
4736,16
4737,16
4738,19
4739,16
4740,16
4741,16
4742,11
4743,11
4744,16
4745,16
4746,16
4747,25
4748,16
4749,16
4750,16
4751,25
4752,25
4753,25
4754,25
4755,25
4756,25
4757,25
4758,16
4759,16
4760,25
4761,16
4762,16
4763,16
4764,16
4765,16
4766,16
4767,16
4768,16
4769,16
4770,16
4771,15
4772,20
4773,20
4774,20
4775,21
4776,20
4777,0
4778,0
4779,11
4780,20
4781,20
4782,20
4783,20
4784,8
4785,8
4786,8
4787,20
4788,8
4789,24
4790,2
4791,8
4792,8
4793,8
4794,16
4795,8
4796,19
4797,16
4798,16
4799,19
4800,19
4801,24
4802,24
4803,8
4804,8
4805,8
4806,19
4807,19
4808,8
4809,8
4810,8
4811,8
4812,8
4813,8
4814,19
4815,22
4816,16
4817,16
4818,16
4819,20
4820,19
4821,8
4822,8
4823,8
4824,19
4825,8
4826,19
4827,19
4828,19
4829,8
4830,8
4831,8
4832,19
4833,19
4834,8
4835,19
4836,19
4837,8
4838,8
4839,22
4840,8
4841,8
4842,19
4843,8
4844,19
4845,20
4846,8
4847,8
4848,19
4849,8
4850,8
4851,8
4852,8
4853,8
4854,8
4855,8
4856,8
4857,8
4858,8
4859,8
4860,8
4861,20
4862,8
4863,20
4864,20
4865,20
4866,20
4867,20
4868,8
4869,8
4870,20
4871,8
4872,8
4873,20
4874,8
4875,8
4876,8
4877,20
4878,2
4879,20
4880,16
4881,16
4882,8
4883,8
4884,8
4885,8
4886,20
4887,8
4888,8
4889,8
4890,8
4891,8
4892,15
4893,8
4894,8
4895,16
4896,20
4897,20
4898,20
4899,20
4900,20
4901,20
4902,20
4903,20
4904,20
4905,20
4906,20
4907,20
4908,20
4909,20
4910,20
4911,20
4912,16
4913,20
4914,20
4915,20
4916,15
4917,20
4918,20
4919,15
4920,20
4921,20
4922,20
4923,20
4924,16
4925,20
4926,16
4927,20
4928,20
4929,20
4930,24
4931,15
4932,16
4933,16
4934,16
4935,16
4936,16
4937,25
4938,16
4939,20
4940,16
4941,16
4942,16
4943,24
4944,16
4945,16
4946,16
4947,16
4948,16
4949,24
4950,16
4951,16
4952,20
4953,11
4954,11
4955,20
4956,20
4957,20
4958,20
4959,20
4960,20
4961,20
4962,20
4963,20
4964,20
4965,20
4966,20
4967,20
4968,20
4969,20
4970,20
4971,16
4972,16
4973,16
4974,16
4975,16
4976,16
4977,16
4978,2
4979,16
4980,16
4981,20
4982,20
4983,20
4984,20
4985,20
4986,20
4987,20
4988,20
4989,20
4990,20
4991,20
4992,20
4993,20
4994,25
4995,20
4996,25
4997,20
4998,8
4999,20
5000,20
5001,11
5002,11
5003,20
5004,25
5005,20
5006,20
5007,20
5008,2
5009,20
5010,21
5011,21
5012,25
5013,20
5014,25
5015,20
5016,20
5017,20
5018,20
5019,20
5020,20
5021,15
5022,20
5023,20
5024,25
5025,20
5026,15
5027,20
5028,20
5029,20
5030,20
5031,20
5032,20
5033,20
5034,15
5035,20
5036,15
5037,20
5038,20
5039,20
5040,20
5041,20
5042,20
5043,20
5044,8
5045,8
5046,8
5047,8
5048,8
5049,8
5050,8
5051,8
5052,22
5053,8
5054,8
5055,8
5056,8
5057,22
5058,22
5059,22
5060,8
5061,8
5062,8
5063,8
5064,19
5065,8
5066,8
5067,8
5068,20
5069,8
5070,8
5071,8
5072,8
5073,19
5074,8
5075,8
5076,19
5077,19
5078,19
5079,19
5080,19
5081,19
5082,8
5083,8
5084,8
5085,8
5086,8
5087,19
5088,8
5089,19
5090,8
5091,19
5092,8
5093,20
5094,8
5095,8
5096,8
5097,8
5098,8
5099,8
5100,20
5101,8
5102,19
5103,23
5104,8
5105,8
5106,8
5107,8
5108,8
5109,8
5110,19
5111,24
5112,20
5113,20
5114,8
5115,20
5116,17
5117,20
5118,13
5119,20
5120,20
5121,21
5122,21
5123,15
5124,20
5125,20
5126,20
5127,20
5128,20
5129,16
5130,15
5131,15
5132,16
5133,16
5134,16
5135,15
5136,15
5137,20
5138,16
5139,2
5140,24
5141,19
5142,16
5143,8
5144,20
5145,16
5146,20
5147,16
5148,20
5149,21
5150,20
5151,11
5152,20
5153,20
5154,20
5155,20
5156,20
5157,20
5158,20
5159,20
5160,20
5161,19
5162,20
5163,20
5164,20
5165,15
5166,15
5167,15
5168,20
5169,20
5170,15
5171,20
5172,20
5173,15
5174,11
5175,16
5176,16
5177,25
5178,16
5179,16
5180,16
5181,15
5182,16
5183,20
5184,15
5185,20
5186,20
5187,20
5188,19
5189,15
5190,20
5191,20
5192,15
5193,20
5194,20
5195,20
5196,20
5197,16
5198,20
5199,20
5200,19
5201,20
5202,20
5203,19
5204,19
5205,15
5206,15
5207,15
5208,15
5209,15
5210,15
5211,20
5212,15
5213,15
5214,17
5215,20
5216,15
5217,15
5218,15
5219,15
5220,15
5221,15
5222,15
5223,15
5224,15
5225,15
5226,15
5227,15
5228,15
5229,15
5230,15
5231,15
5232,15
5233,15
5234,15
5235,15
5236,15
5237,15
5238,15
5239,15
5240,15
5241,15
5242,15
5243,15
5244,15
5245,15
5246,15
5247,20
5248,15
5249,15
5250,15
5251,15
5252,16
5253,15
5254,16
5255,15
5256,15
5257,8
5258,15
5259,15
5260,15
5261,15
5262,15
5263,15
5264,15
5265,15
5266,17
5267,20
5268,17
5269,16
5270,15
5271,15
5272,20
5273,19
5274,17
5275,17
5276,15
5277,17
5278,15
5279,15
5280,15
5281,17
5282,17
5283,17
5284,17
5285,20
5286,8
5287,15
5288,17
5289,17
5290,17
5291,17
5292,17
5293,17
5294,17
5295,10
5296,15
5297,15
5298,15
5299,15
5300,15
5301,15
5302,15
5303,15
5304,17
5305,16
5306,16
5307,16
5308,15
5309,16
5310,15
5311,16
5312,16
5313,16
5314,16
5315,20
5316,16
5317,16
5318,16
5319,16
5320,16
5321,16
5322,16
5323,16
5324,16
5325,16
5326,16
5327,16
5328,20
5329,16
5330,16
5331,16
5332,25
5333,16
5334,16
5335,16
5336,16
5337,16
5338,16
5339,16
5340,16
5341,16
5342,16
5343,15
5344,20
5345,16
5346,16
5347,25
5348,16
5349,16
5350,15
5351,16
5352,20
5353,16
5354,16
5355,16
5356,20
5357,20
5358,20
5359,15
5360,16
5361,20
5362,20
5363,20
5364,2
5365,2
5366,2
5367,2
5368,25
5369,20
5370,20
5371,2
5372,21
5373,16
5374,16
5375,16
5376,16
5377,16
5378,16
5379,16
5380,16
5381,16
5382,16
5383,16
5384,16
5385,15
5386,17
5387,20
5388,15
5389,15
5390,15
5391,16
5392,16
5393,16
5394,16
5395,16
5396,20
5397,16
5398,16
5399,16
5400,16
5401,16
5402,16
5403,16
5404,16
5405,16
5406,16
5407,16
5408,25
5409,25
5410,25
5411,16
5412,25
5413,25
5414,25
5415,25
5416,25
5417,25
5418,25
5419,25
5420,25
5421,25
5422,25
5423,8
5424,25
5425,16
5426,16
5427,16
5428,10
5429,25
5430,16
5431,16
5432,16
5433,10
5434,16
5435,10
5436,16
5437,16
5438,25
5439,10
5440,16
5441,16
5442,16
5443,16
5444,16
5445,16
5446,16
5447,16
5448,16
5449,16
5450,25
5451,16
5452,16
5453,16
5454,16
5455,16
5456,2
5457,2
5458,16
5459,16
5460,16
5461,16
5462,16
5463,17
5464,17
5465,16
5466,16
5467,16
5468,16
5469,16
5470,21
5471,16
5472,16
5473,25
5474,25
5475,16
5476,16
5477,16
5478,25
5479,25
5480,16
5481,16
5482,16
5483,16
5484,25
5485,16
5486,15
5487,15
5488,15
5489,15
5490,15
5491,15
5492,15
5493,16
5494,24
5495,15
5496,20
5497,2
5498,15
5499,15
5500,15
5501,15
5502,16
5503,16
5504,16
5505,16
5506,20
5507,16
5508,16
5509,16
5510,11
5511,16
5512,16
5513,16
5514,16
5515,16
5516,15
5517,15
5518,15
5519,15
5520,20
5521,20
5522,20
5523,15
5524,15
5525,8
5526,15
5527,8
5528,8
5529,15
5530,20
5531,20
5532,20
5533,20
5534,16
5535,2
5536,16
5537,16
5538,16
5539,2
5540,16
5541,20
5542,16
5543,16
5544,16
5545,20
5546,20
5547,20
5548,20
5549,20
5550,8
5551,8
5552,19
5553,8
5554,8
5555,8
5556,8
5557,8
5558,8
5559,19
5560,22
5561,8
5562,8
5563,8
5564,8
5565,8
5566,8
5567,19
5568,15
5569,20
5570,20
5571,25
5572,21
5573,21
5574,21
5575,21
5576,21
5577,21
5578,21
5579,21
5580,21
5581,21
5582,21
5583,21
5584,21
5585,21
5586,21
5587,21
5588,21
5589,21
5590,25
5591,21
5592,21
5593,21
5594,21
5595,21
5596,21
5597,21
5598,21
5599,21
5600,21
5601,21
5602,21
5603,21
5604,21
5605,20
5606,21
5607,21
5608,21
5609,21
5610,21
5611,21
5612,21
5613,21
5614,21
5615,20
5616,20
5617,20
5618,20
5619,20
5620,20
5621,20
5622,20
5623,20
5624,20
5625,20
5626,15
5627,20
5628,20
5629,8
5630,24
5631,2
5632,8
5633,8
5634,8
5635,22
5636,8
5637,8
5638,19
5639,19
5640,19
5641,8
5642,19
5643,22
5644,8
5645,8
5646,8
5647,8
5648,8
5649,8
5650,8
5651,19
5652,22
5653,22
5654,8
5655,19
5656,8
5657,8
5658,8
5659,8
5660,8
5661,8
5662,19
5663,8
5664,22
5665,8
5666,19
5667,19
5668,21
5669,8
5670,8
5671,8
5672,8
5673,8
5674,22
5675,2
5676,20
5677,19
5678,11
5679,8
5680,8
5681,8
5682,22
5683,8
5684,8
5685,8
5686,25
5687,20
5688,22
5689,8
5690,20
5691,20
5692,20
5693,20
5694,10
5695,20
5696,20
5697,15
5698,15
5699,15
5700,8
5701,15
5702,22
5703,10
5704,10
5705,10
5706,19
5707,8
5708,8
5709,20
5710,8
5711,20
5712,8
5713,8
5714,8
5715,8
5716,8
5717,8
5718,8
5719,8
5720,19
5721,8
5722,8
5723,8
5724,8
5725,19
5726,22
5727,8
5728,19
5729,19
5730,8
5731,8
5732,19
5733,8
5734,8
5735,15
5736,15
5737,15
5738,15
5739,15
5740,15
5741,20
5742,8
5743,20
5744,13
5745,13
5746,20
5747,16
5748,19
5749,8
5750,8
5751,16
5752,8
5753,15
5754,8
5755,8
5756,8
5757,15
5758,8
5759,8
5760,8
5761,8
5762,8
5763,8
5764,8
5765,15
5766,8
5767,15
5768,15
5769,15
5770,15
5771,15
5772,15
5773,15
5774,15
5775,15
5776,15
5777,15
5778,15
5779,15
5780,15
5781,15
5782,15
5783,15
5784,15
5785,15
5786,15
5787,15
5788,15
5789,15
5790,15
5791,15
5792,15
5793,15
5794,15
5795,15
5796,20
5797,15
5798,15
5799,8
5800,8
5801,19
5802,8
5803,11
5804,8
5805,8
5806,8
5807,8
5808,8
5809,8
5810,8
5811,8
5812,10
5813,3
5814,16
5815,11
5816,10
5817,8
5818,8
5819,19
5820,14
5821,19
5822,19
5823,8
5824,8
5825,8
5826,19
5827,8
5828,8
5829,19
5830,19
5831,24
5832,8
5833,8
5834,8
5835,8
5836,19
5837,19
5838,15
5839,15
5840,15
5841,8
5842,8
5843,8
5844,11
5845,8
5846,8
5847,8
5848,20
5849,20
5850,20
5851,24
5852,20
5853,8
5854,20
5855,11
5856,15
5857,15
5858,15
5859,15
5860,15
5861,15
5862,15
5863,15
5864,15
5865,15
5866,15
5867,15
5868,15
5869,15
5870,15
5871,15
5872,15
5873,15
5874,20
5875,15
5876,22
5877,15
5878,16
5879,16
5880,19
5881,19
5882,20
5883,20
5884,15
5885,15
5886,15
5887,20
5888,20
5889,20
5890,20
5891,20
5892,21
5893,20
5894,16
5895,20
5896,8
5897,8
5898,8
5899,8
5900,8
5901,8
5902,8
5903,8
5904,8
5905,8
5906,8
5907,8
5908,15
5909,8
5910,8
5911,8
5912,8
5913,8
5914,8
5915,19
5916,8
5917,22
5918,8
5919,8
5920,8
5921,8
5922,8
5923,8
5924,8
5925,8
5926,8
5927,8
5928,8
5929,8
5930,8
5931,8
5932,8
5933,8
5934,8
5935,8
5936,8
5937,8
5938,8
5939,15
5940,15
5941,20
5942,20
5943,15
5944,8
5945,8
5946,8
5947,8
5948,8
5949,16
5950,24
5951,24
5952,24
5953,24
5954,24
5955,19
5956,24
5957,24
5958,24
5959,24
5960,24
5961,20
5962,16
5963,20
5964,20
5965,20
5966,20
5967,20
5968,20
5969,11
5970,22
5971,8
5972,20
5973,15
5974,15
5975,15
5976,15
5977,15
5978,20
5979,20
5980,20
5981,20
5982,20
5983,20
5984,20
5985,15
5986,15
5987,15
5988,15
5989,15
5990,15
5991,15
5992,15
5993,15
5994,15
5995,15
5996,15
5997,15
5998,15
5999,15
6000,15
6001,15
6002,15
6003,15
6004,15
6005,8
6006,8
6007,8
6008,8
6009,8
6010,8
6011,15
6012,10
6013,8
6014,8
6015,15
6016,15
6017,25
6018,8
6019,8
6020,8
6021,8
6022,8
6023,8
6024,8
6025,8
6026,8
6027,8
6028,8
6029,8
6030,8
6031,8
6032,8
6033,8
6034,8
6035,20
6036,3
6037,24
6038,24
6039,24
6040,24
6041,19
6042,24
6043,24
6044,20
6045,20
6046,20
6047,16
6048,16
6049,20
6050,20
6051,16
6052,16
6053,16
6054,16
6055,16
6056,17
6057,15
6058,16
6059,16
6060,8
6061,8
6062,8
6063,8
6064,8
6065,8
6066,8
6067,8
6068,8
6069,8
6070,20
6071,20
6072,20
6073,16
6074,15
6075,15
6076,15
6077,15
6078,15
6079,0
6080,15
6081,15
6082,15
6083,15
6084,15
6085,15
6086,25
6087,16
6088,24
6089,16
6090,16
6091,16
6092,16
6093,16
6094,16
6095,16
6096,16
6097,16
6098,16
6099,16
6100,16
6101,16
6102,16
6103,16
6104,16
6105,16
6106,20
6107,20
6108,16
6109,16
6110,16
6111,16
6112,16
6113,18
6114,19
6115,19
6116,0
6117,15
6118,15
6119,15
6120,20
6121,20
6122,20
6123,24
6124,24
6125,24
6126,24
6127,2
6128,2
6129,2
6130,2
6131,2
6132,2
6133,2
6134,2
6135,2
6136,10
6137,10
6138,2
6139,2
6140,25
6141,2
6142,2
6143,2
6144,2
6145,2
6146,2
6147,2
6148,2
6149,2
6150,11
6151,20
6152,2
6153,2
6154,2
6155,2
6156,2
6157,2
6158,2
6159,2
6160,2
6161,2
6162,25
6163,2
6164,25
6165,2
6166,2
6167,2
6168,10
6169,2
6170,2
6171,25
6172,25
6173,25
6174,2
6175,11
6176,25
6177,11
6178,25
6179,25
6180,24
6181,16
6182,16
6183,2
6184,16
6185,24
6186,20
6187,20
6188,20
6189,16
6190,25
6191,21
6192,15
6193,8
6194,8
6195,8
6196,8
6197,8
6198,23
6199,23
6200,8
6201,8
6202,8
6203,8
6204,19
6205,19
6206,19
6207,19
6208,19
6209,19
6210,19
6211,19
6212,8
6213,8
6214,8
6215,8
6216,8
6217,25
6218,21
6219,24
6220,8
6221,8
6222,8
6223,8
6224,8
6225,8
6226,8
6227,8
6228,8
6229,8
6230,8
6231,8
6232,8
6233,8
6234,8
6235,19
6236,19
6237,8
6238,8
6239,8
6240,8
6241,8
6242,8
6243,19
6244,8
6245,8
6246,8
6247,8
6248,8
6249,8
6250,8
6251,19
6252,8
6253,8
6254,8
6255,19
6256,8
6257,8
6258,8
6259,8
6260,8
6261,8
6262,8
6263,8
6264,15
6265,15
6266,19
6267,8
6268,8
6269,8
6270,8
6271,8
6272,8
6273,8
6274,8
6275,22
6276,11
6277,23
6278,8
6279,8
6280,8
6281,19
6282,19
6283,19
6284,19
6285,19
6286,19
6287,19
6288,19
6289,19
6290,8
6291,19
6292,8
6293,8
6294,8
6295,8
6296,8
6297,17
6298,17
6299,8
6300,8
6301,8
6302,8
6303,8
6304,8
6305,8
6306,8
6307,8
6308,8
6309,8
6310,19
6311,15
6312,8
6313,8
6314,8
6315,8
6316,16
6317,8
6318,8
6319,8
6320,8
6321,18
6322,8
6323,8
6324,8
6325,8
6326,8
6327,16
6328,16
6329,16
6330,16
6331,16
6332,16
6333,8
6334,8
6335,8
6336,8
6337,8
6338,8
6339,8
6340,8
6341,8
6342,8
6343,8
6344,8
6345,8
6346,8
6347,8
6348,8
6349,8
6350,8
6351,8
6352,8
6353,8
6354,8
6355,8
6356,8
6357,8
6358,8
6359,8
6360,8
6361,8
6362,8
6363,8
6364,8
6365,8
6366,19
6367,8
6368,21
6369,8
6370,3
6371,8
6372,8
6373,8
6374,8
6375,8
6376,8
6377,8
6378,8
6379,3
6380,3
6381,3
6382,8
6383,8
6384,8
6385,8
6386,8
6387,8
6388,8
6389,8
6390,8
6391,8
6392,8
6393,8
6394,8
6395,0
6396,8
6397,8
6398,8
6399,8
6400,8
6401,8
6402,8
6403,8
6404,8
6405,8
6406,8
6407,8
6408,21
6409,8
6410,8
6411,8
6412,8
6413,8
6414,8
6415,8
6416,8
6417,8
6418,8
6419,8
6420,3
6421,8
6422,8
6423,8
6424,8
6425,8
6426,8
6427,8
6428,11
6429,8
6430,8
6431,8
6432,8
6433,8
6434,8
6435,8
6436,8
6437,8
6438,8
6439,8
6440,8
6441,8
6442,8
6443,8
6444,8
6445,8
6446,8
6447,8
6448,8
6449,8
6450,8
6451,8
6452,8
6453,16
6454,16
6455,16
6456,16
6457,16
6458,16
6459,16
6460,20
6461,20
6462,2
6463,20
6464,20
6465,20
6466,20
6467,20
6468,20
6469,20
6470,20
6471,20
6472,20
6473,16
6474,20
6475,20
6476,0
6477,18
6478,20
6479,10
6480,10
6481,10
6482,0
6483,20
6484,0
6485,20
6486,20
6487,20
6488,20
6489,20
6490,16
6491,20
6492,20
6493,20
6494,20
6495,21
6496,0
6497,20
6498,0
6499,20
6500,20
6501,16
6502,15
6503,16
6504,16
6505,16
6506,16
6507,16
6508,16
6509,20
6510,20
6511,20
6512,20
6513,16
6514,16
6515,16
6516,16
6517,10
6518,21
6519,20
6520,20
6521,20
6522,20
6523,15
6524,25
6525,20
6526,20
6527,20
6528,20
6529,20
6530,20
6531,16
6532,20
6533,16
6534,11
6535,20
6536,20
6537,20
6538,20
6539,25
6540,20
6541,10
6542,10
6543,10
6544,19
6545,0
6546,19
6547,19
6548,19
6549,19
6550,19
6551,19
6552,20
6553,22
6554,20
6555,25
6556,21
6557,15
6558,15
6559,15
6560,16
6561,20
6562,15
6563,25
6564,20
6565,20
6566,20
6567,20
6568,20
6569,20
6570,8
6571,8
6572,8
6573,19
6574,8
6575,8
6576,15
6577,15
6578,15
6579,15
6580,15
6581,15
6582,15
6583,15
6584,15
6585,15
6586,15
6587,15
6588,15
6589,15
6590,20
6591,20
6592,16
6593,16
6594,16
6595,16
6596,8
6597,16
6598,16
6599,16
6600,16
6601,24
6602,16
6603,16
6604,16
6605,16
6606,16
6607,16
6608,16
6609,21
6610,16
6611,16
6612,16
6613,16
6614,16
6615,16
6616,16
6617,16
6618,25
6619,16
6620,16
6621,16
6622,16
6623,16
6624,25
6625,16
6626,16
6627,16
6628,16
6629,16
6630,16
6631,16
6632,16
6633,16
6634,16
6635,16
6636,24
6637,16
6638,10
6639,17
6640,16
6641,16
6642,16
6643,16
6644,21
6645,16
6646,16
6647,25
6648,25
6649,25
6650,14
6651,25
6652,16
6653,16
6654,16
6655,16
6656,16
6657,16
6658,17
6659,16
6660,25
6661,16
6662,16
6663,16
6664,16
6665,16
6666,7
6667,21
6668,16
6669,16
6670,16
6671,16
6672,16
6673,16
6674,25
6675,16
6676,16
6677,16
6678,16
6679,16
6680,25
6681,16
6682,21
6683,25
6684,25
6685,16
6686,16
6687,16
6688,16
6689,16
6690,15
6691,21
6692,25
6693,16
6694,25
6695,15
6696,25
6697,25
6698,25
6699,25
6700,25
6701,25
6702,16
6703,25
6704,25
6705,25
6706,25
6707,25
6708,25
6709,25
6710,25
6711,25
6712,25
6713,25
6714,25
6715,25
6716,25
6717,25
6718,16
6719,25
6720,25
6721,25
6722,11
6723,25
6724,25
6725,25
6726,25
6727,25
6728,25
6729,25
6730,25
6731,25
6732,25
6733,25
6734,16
6735,16
6736,16
6737,16
6738,16
6739,21
6740,16
6741,16
6742,25
6743,25
6744,16
6745,25
6746,16
6747,16
6748,16
6749,25
6750,25
6751,25
6752,25
6753,25
6754,16
6755,25
6756,25
6757,16
6758,16
6759,16
6760,16
6761,16
6762,16
6763,16
6764,25
6765,16
6766,25
6767,16
6768,16
6769,16
6770,16
6771,16
6772,25
6773,16
6774,16
6775,16
6776,16
6777,16
6778,16
6779,16
6780,16
6781,16
6782,19
6783,19
6784,19
6785,19
6786,19
6787,20
6788,19
6789,19
6790,19
6791,19
6792,19
6793,19
6794,11
6795,16
6796,25
6797,20
6798,20
6799,20
6800,16
6801,16
6802,11
6803,11
6804,11
6805,16
6806,16
6807,16
6808,25
6809,16
6810,16
6811,16
6812,16
6813,25
6814,16
6815,16
6816,16
6817,16
6818,16
6819,11
6820,11
6821,11
6822,16
6823,16
6824,16
6825,16
6826,16
6827,13
6828,16
6829,16
6830,20
6831,11
6832,20
6833,11
6834,16
6835,11
6836,11
6837,11
6838,11
6839,11
6840,11
6841,11
6842,11
6843,11
6844,11
6845,11
6846,11
6847,11
6848,15
6849,13
6850,13
6851,20
6852,20
6853,20
6854,16
6855,16
6856,25
6857,16
6858,16
6859,16
6860,16
6861,16
6862,16
6863,16
6864,16
6865,16
6866,16
6867,16
6868,16
6869,16
6870,16
6871,16
6872,16
6873,16
6874,16
6875,16
6876,16
6877,16
6878,16
6879,10
6880,20
6881,17
6882,20
6883,2
6884,24
6885,20
6886,20
6887,20
6888,11
6889,0
6890,11
6891,11
6892,11
6893,11
6894,11
6895,11
6896,0
6897,0
6898,0
6899,0
6900,25
6901,0
6902,0
6903,0
6904,0
6905,0
6906,0
6907,0
6908,0
6909,0
6910,0
6911,0
6912,0
6913,0
6914,0
6915,0
6916,0
6917,0
6918,0
6919,0
6920,0
6921,0
6922,0
6923,0
6924,0
6925,0
6926,0
6927,0
6928,0
6929,0
6930,11
6931,8
6932,0
6933,0
6934,0
6935,0
6936,0
6937,0
6938,0
6939,0
6940,0
6941,0
6942,0
6943,0
6944,0
6945,0
6946,0
6947,0
6948,0
6949,0
6950,0
6951,0
6952,0
6953,0
6954,0
6955,0
6956,0
6957,0
6958,0
6959,0
6960,0
6961,0
6962,0
6963,0
6964,0
6965,0
6966,0
6967,0
6968,0
6969,0
6970,0
6971,0
6972,0
6973,0
6974,0
6975,0
6976,25
6977,0
6978,0
6979,0
6980,18
6981,0
6982,0
6983,0
6984,0
6985,11
6986,11
6987,11
6988,0
6989,0
6990,0
6991,0
6992,0
6993,0
6994,0
6995,0
6996,0
6997,0
6998,0
6999,0
7000,0
7001,20
7002,20
7003,20
7004,20
7005,16
7006,16
7007,25
7008,25
7009,25
7010,25
7011,16
7012,25
7013,25
7014,25
7015,25
7016,25
7017,25
7018,25
7019,25
7020,25
7021,20
7022,20
7023,11
7024,11
7025,11
7026,25
7027,11
7028,11
7029,20
7030,25
7031,25
7032,20
7033,20
7034,20
7035,20
7036,20
7037,25
7038,25
7039,16
7040,21
7041,25
7042,25
7043,25
7044,25
7045,25
7046,16
7047,25
7048,25
7049,25
7050,25
7051,25
7052,25
7053,25
7054,25
7055,25
7056,25
7057,25
7058,25
7059,25
7060,25
7061,25
7062,25
7063,25
7064,16
7065,25
7066,25
7067,25
7068,25
7069,25
7070,25
7071,25
7072,25
7073,16
7074,16
7075,16
7076,10
7077,16
7078,16
7079,16
7080,16
7081,16
7082,25
7083,11
7084,11
7085,25
7086,25
7087,25
7088,25
7089,25
7090,13
7091,20
7092,25
7093,25
7094,25
7095,25
7096,25
7097,25
7098,25
7099,25
7100,25
7101,25
7102,25
7103,25
7104,16
7105,25
7106,16
7107,16
7108,25
7109,25
7110,25
7111,25
7112,25
7113,3
7114,3
7115,3
7116,3
7117,3
7118,3
7119,3
7120,3
7121,3
7122,3
7123,3
7124,3
7125,3
7126,3
7127,3
7128,3
7129,3
7130,3
7131,3
7132,3
7133,3
7134,3
7135,3
7136,3
7137,3
7138,3
7139,3
7140,3
7141,3
7142,3
7143,3
7144,3
7145,3
7146,3
7147,3
7148,21
7149,3
7150,3
7151,3
7152,3
7153,3
7154,3
7155,3
7156,3
7157,3
7158,11
7159,3
7160,3
7161,3
7162,3
7163,3
7164,3
7165,3
7166,3
7167,3
7168,11
7169,3
7170,11
7171,11
7172,11
7173,11
7174,11
7175,11
7176,3
7177,3
7178,3
7179,3
7180,3
7181,3
7182,3
7183,3
7184,3
7185,3
7186,3
7187,11
7188,11
7189,0
7190,0
7191,0
7192,0
7193,15
7194,15
7195,15
7196,15
7197,15
7198,15
7199,15
7200,15
7201,21
7202,15
7203,15
7204,15
7205,15
7206,15
7207,15
7208,15
7209,15
7210,15
7211,15
7212,15
7213,15
7214,15
7215,15
7216,15
7217,15
7218,15
7219,15
7220,15
7221,15
7222,15
7223,15
7224,15
7225,15
7226,15
7227,19
7228,19
7229,8
7230,20
7231,0
7232,19
7233,20
7234,19
7235,19
7236,20
7237,22
7238,15
7239,15
7240,15
7241,15
7242,15
7243,15
7244,10
7245,19
7246,15
7247,22
7248,19
7249,10
7250,15
7251,15
7252,22
7253,15
7254,15
7255,15
7256,15
7257,22
7258,19
7259,15
7260,8
7261,15
7262,8
7263,17
7264,17
7265,17
7266,17
7267,24
7268,16
7269,16
7270,8
7271,8
7272,16
7273,16
7274,15
7275,16
7276,16
7277,17
7278,15
7279,10
7280,22
7281,17
7282,17
7283,17
7284,17
7285,16
7286,17
7287,17
7288,17
7289,17
7290,17
7291,17
7292,11
7293,19
7294,17
7295,15
7296,15
7297,15
7298,15
7299,16
7300,16
7301,20
7302,20
7303,21
7304,20
7305,20
7306,20
7307,16
7308,16
7309,15
7310,15
7311,15
7312,16
7313,16
7314,16
7315,17
7316,17
7317,16
7318,16
7319,11
7320,11
7321,16
7322,22
7323,19
7324,15
7325,19
7326,8
7327,8
7328,19
7329,19
7330,8
7331,15
7332,15
7333,15
7334,15
7335,21
7336,20
7337,21
7338,21
7339,20
7340,20
7341,20
7342,19
7343,19
7344,19
7345,19
7346,19
7347,19
7348,19
7349,19
7350,19
7351,19
7352,19
7353,19
7354,19
7355,19
7356,19
7357,19
7358,19
7359,19
7360,19
7361,19
7362,19
7363,19
7364,19
7365,19
7366,19
7367,19
7368,19
7369,19
7370,19
7371,19
7372,19
7373,0
7374,19
7375,17
7376,15
7377,8
7378,15
7379,25
7380,25
7381,25
7382,25
7383,25
7384,25
7385,25
7386,25
7387,25
7388,25
7389,25
7390,25
7391,25
7392,16
7393,25
7394,25
7395,11
7396,25
7397,25
7398,25
7399,25
7400,25
7401,25
7402,25
7403,25
7404,25
7405,25
7406,25
7407,25
7408,25
7409,25
7410,25
7411,25
7412,25
7413,25
7414,25
7415,25
7416,25
7417,25
7418,25
7419,25
7420,11
7421,25
7422,25
7423,25
7424,7
7425,16
7426,16
7427,25
7428,25
7429,25
7430,25
7431,25
7432,25
7433,25
7434,25
7435,25
7436,25
7437,25
7438,25
7439,25
7440,25
7441,25
7442,19
7443,25
7444,25
7445,25
7446,25
7447,25
7448,11
7449,16
7450,16
7451,16
7452,16
7453,16
7454,25
7455,25
7456,25
7457,25
7458,25
7459,25
7460,25
7461,25
7462,13
7463,25
7464,25
7465,25
7466,25
7467,25
7468,25
7469,25
7470,25
7471,25
7472,25
7473,25
7474,25
7475,25
7476,25
7477,25
7478,25
7479,25
7480,25
7481,25
7482,25
7483,25
7484,25
7485,25
7486,25
7487,25
7488,25
7489,25
7490,25
7491,25
7492,25
7493,25
7494,25
7495,25
7496,25
7497,25
7498,25
7499,25
7500,25
7501,25
7502,25
7503,25
7504,16
7505,16
7506,16
7507,16
7508,25
7509,16
7510,25
7511,16
7512,16
7513,16
7514,25
7515,25
7516,16
7517,2
7518,2
7519,16
7520,16
7521,7
7522,25
7523,25
7524,25
7525,25
7526,25
7527,25
7528,25
7529,25
7530,16
7531,16
7532,16
7533,16
7534,25
7535,25
7536,25
7537,25
7538,25
7539,17
7540,25
7541,25
7542,25
7543,25
7544,25
7545,25
7546,25
7547,25
7548,25
7549,16
7550,16
7551,25
7552,25
7553,25
7554,25
7555,25
7556,25
7557,25
7558,25
7559,25
7560,25
7561,25
7562,25
7563,25
7564,25
7565,25
7566,25
7567,25
7568,25
7569,25
7570,25
7571,25
7572,25
7573,25
7574,21
7575,16
7576,25
7577,25
7578,25
7579,25
7580,25
7581,25
7582,25
7583,25
7584,25
7585,8
7586,8
7587,8
7588,8
7589,16
7590,21
7591,16
7592,16
7593,25
7594,20
7595,25
7596,10
7597,25
7598,20
7599,16
7600,2
7601,16
7602,16
7603,25
7604,25
7605,11
7606,25
7607,25
7608,25
7609,25
7610,25
7611,25
7612,25
7613,25
7614,25
7615,11
7616,25
7617,25
7618,25
7619,25
7620,11
7621,25
7622,25
7623,25
7624,25
7625,25
7626,2
7627,20
7628,20
7629,20
7630,16
7631,16
7632,16
7633,16
7634,16
7635,16
7636,20
7637,20
7638,20
7639,20
7640,20
7641,20
7642,21
7643,21
7644,20
7645,16
7646,16
7647,16
7648,16
7649,16
7650,16
7651,16
7652,16
7653,16
7654,10
7655,20
7656,20
7657,20
7658,20
7659,20
7660,20
7661,20
7662,20
7663,16
7664,16
7665,16
7666,20
7667,24
7668,25
7669,16
7670,16
7671,16
7672,25
7673,25
7674,16
7675,25
7676,25
7677,25
7678,25
7679,16
7680,16
7681,16
7682,16
7683,25
7684,11
7685,25
7686,25
7687,16
7688,25
7689,25
7690,25
7691,25
7692,25
7693,16
7694,25
7695,25
7696,25
7697,25
7698,5
7699,25
7700,25
7701,25
7702,25
7703,25
7704,25
7705,25
7706,25
7707,25
7708,25
7709,25
7710,25
7711,25
7712,2
7713,2
7714,2
7715,2
7716,25
7717,25
7718,25
7719,25
7720,25
7721,16
7722,16
7723,16
7724,16
7725,16
7726,16
7727,25
7728,25
7729,25
7730,25
7731,25
7732,25
7733,25
7734,25
7735,25
7736,25
7737,25
7738,25
7739,25
7740,25
7741,8
7742,16
7743,18
7744,16
7745,20
7746,8
7747,8
7748,15
7749,8
7750,8
7751,8
7752,8
7753,8
7754,8
7755,8
7756,8
7757,16
7758,16
7759,19
7760,16
7761,25
7762,25
7763,25
7764,25
7765,25
7766,25
7767,25
7768,25
7769,25
7770,25
7771,25
7772,25
7773,16
7774,25
7775,16
7776,16
7777,16
7778,16
7779,16
7780,25
7781,25
7782,25
7783,25
7784,25
7785,25
7786,25
7787,25
7788,25
7789,25
7790,25
7791,25
7792,16
7793,16
7794,25
7795,16
7796,16
7797,25
7798,11
7799,16
7800,2
7801,2
7802,11
7803,11
7804,11
7805,25
7806,21
7807,21
7808,25
7809,25
7810,25
7811,25
7812,11
7813,21
7814,21
7815,21
7816,21
7817,21
7818,7
7819,21
7820,21
7821,21
7822,21
7823,21
7824,25
7825,25
7826,11
7827,11
7828,26
7829,11
7830,11
7831,11
7832,11
7833,11
7834,11
7835,11
7836,11
7837,11
7838,11
7839,11
7840,11
7841,11
7842,11
7843,11
7844,11
7845,11
7846,11
7847,11
7848,11
7849,11
7850,11
7851,25
7852,11
7853,11
7854,11
7855,11
7856,11
7857,11
7858,16
7859,25
7860,25
7861,25
7862,25
7863,25
7864,25
7865,25
7866,25
7867,25
7868,25
7869,25
7870,25
7871,25
7872,20
7873,20
7874,16
7875,25
7876,25
7877,11
7878,0
7879,2
7880,2
7881,2
7882,2
7883,21
7884,22
7885,22
7886,22
7887,8
7888,22
7889,22
7890,22
7891,22
7892,22
7893,22
7894,19
7895,22
7896,12
7897,19
7898,8
7899,22
7900,8
7901,8
7902,8
7903,21
7904,25
7905,25
7906,25
7907,25
7908,25
7909,25
7910,25
7911,25
7912,25
7913,25
7914,25
7915,25
7916,25
7917,25
7918,8
7919,25
7920,25
7921,17
7922,25
7923,25
7924,25
7925,25
7926,25
7927,25
7928,25
7929,25
7930,25
7931,25
7932,25
7933,25
7934,21
7935,25
7936,25
7937,25
7938,25
7939,2
7940,25
7941,25
7942,25
7943,25
7944,25
7945,25
7946,25
7947,25
7948,25
7949,25
7950,25
7951,25
7952,25
7953,25
7954,25
7955,25
7956,25
7957,25
7958,16
7959,25
7960,16
7961,25
7962,25
7963,25
7964,25
7965,25
7966,25
7967,25
7968,25
7969,25
7970,10
7971,16
7972,2
7973,19
7974,25
7975,25
7976,25
7977,16
7978,25
7979,25
7980,25
7981,25
7982,25
7983,25
7984,25
7985,25
7986,13
7987,13
7988,13
7989,13
7990,25
7991,25
7992,25
7993,25
7994,25
7995,25
7996,25
7997,25
7998,25
7999,25
8000,25
8001,16
8002,25
8003,25
8004,25
8005,25
8006,25
8007,25
8008,25
8009,25
8010,25
8011,25
8012,25
8013,25
8014,25
8015,21
8016,25
8017,25
8018,5
8019,19
8020,25
8021,21
8022,25
8023,25
8024,25
8025,25
8026,25
8027,25
8028,25
8029,25
8030,25
8031,25
8032,8
8033,8
8034,25
8035,8
8036,8
8037,8
8038,21
8039,25
8040,25
8041,25
8042,25
8043,25
8044,25
8045,25
8046,25
8047,25
8048,25
8049,25
8050,25
8051,25
8052,25
8053,25
8054,25
8055,25
8056,25
8057,25
8058,25
8059,19
8060,25
8061,25
8062,25
8063,25
8064,11
8065,11
8066,25
8067,25
8068,25
8069,25
8070,25
8071,25
8072,25
8073,21
8074,25
8075,25
8076,25
8077,25
8078,8
8079,8
8080,8
8081,21
8082,25
8083,25
8084,25
8085,8
8086,16
8087,21
8088,8
8089,25
8090,25
8091,25
8092,3
8093,8
8094,10
8095,8
8096,16
8097,16
8098,10
8099,25
8100,25
8101,25
8102,21
8103,25
8104,13
8105,13
8106,13
8107,25
8108,25
8109,25
8110,25
8111,25
8112,0
8113,0
8114,25
8115,25
8116,25
8117,25
8118,25
8119,25
8120,25
8121,25
8122,25
8123,25
8124,25
8125,13
8126,13
8127,25
8128,25
8129,25
8130,19
8131,8
8132,8
8133,25
8134,25
8135,10
8136,10
8137,10
8138,10
8139,10
8140,23
8141,10
8142,22
8143,10
8144,22
8145,23
8146,16
8147,25
8148,21
8149,25
8150,21
8151,25
8152,25
8153,25
8154,25
8155,25
8156,25
8157,25
8158,25
8159,25
8160,25
8161,25
8162,25
8163,20
8164,10
8165,10
8166,16
8167,16
8168,25
8169,25
8170,25
8171,25
8172,25
8173,25
8174,5
8175,5
8176,5
8177,5
8178,5
8179,5
8180,5
8181,5
8182,5
8183,5
8184,5
8185,25
8186,25
8187,5
8188,5
8189,5
8190,25
8191,25
8192,25
8193,25
8194,25
8195,5
8196,5
8197,5
8198,5
8199,5
8200,5
8201,5
8202,5
8203,5
8204,25
8205,5
8206,5
8207,25
8208,25
8209,25
8210,25
8211,16
8212,16
8213,10
8214,16
8215,16
8216,10
8217,2
8218,16
8219,10
8220,16
8221,16
8222,16
8223,10
8224,16
8225,16
8226,16
8227,16
8228,16
8229,16
8230,16
8231,16
8232,16
8233,16
8234,16
8235,16
8236,16
8237,16
8238,16
8239,16
8240,8
8241,10
8242,25
8243,16
8244,16
8245,8
8246,0
8247,22
8248,11
8249,8
8250,8
8251,8
8252,22
8253,8
8254,22
8255,0
8256,0
8257,0
8258,11
8259,22
8260,8
8261,11
8262,22
8263,11
8264,25
8265,0
8266,0
8267,0
8268,0
8269,8
8270,8
8271,8
8272,22
8273,8
8274,22
8275,8
8276,22
8277,22
8278,22
8279,22
8280,22
8281,22
8282,22
8283,22
8284,8
8285,22
8286,22
8287,22
8288,11
8289,22
8290,11
8291,11
8292,11
8293,11
8294,8
8295,11
8296,11
8297,8
8298,11
8299,11
8300,11
8301,11
8302,8
8303,22
8304,8
8305,11
8306,11
8307,22
8308,8
8309,11
8310,22
8311,22
8312,22
8313,22
8314,22
8315,22
8316,22
8317,22
8318,22
8319,22
8320,22
8321,22
8322,22
8323,22
8324,22
8325,22
8326,22
8327,22
8328,22
8329,22
8330,22
8331,22
8332,22
8333,22
8334,22
8335,22
8336,22
8337,22
8338,22
8339,22
8340,8
8341,22
8342,22
8343,22
8344,0
8345,22
8346,22
8347,22
8348,22
8349,22
8350,22
8351,22
8352,22
8353,22
8354,22
8355,22
8356,22
8357,22
8358,22
8359,22
8360,22
8361,11
8362,22
8363,22
8364,24
8365,22
8366,22
8367,22
8368,22
8369,22
8370,22
8371,22
8372,22
8373,22
8374,22
8375,22
8376,22
8377,22
8378,22
8379,22
8380,22
8381,22
8382,10
8383,22
8384,22
8385,22
8386,19
8387,8
8388,22
8389,22
8390,22
8391,22
8392,22
8393,22
8394,22
8395,22
8396,22
8397,22
8398,22
8399,22
8400,22
8401,22
8402,22
8403,22
8404,22
8405,22
8406,22
8407,22
8408,22
8409,22
8410,22
8411,22
8412,22
8413,22
8414,19
8415,22
8416,22
8417,22
8418,22
8419,22
8420,22
8421,23
8422,23
8423,23
8424,8
8425,22
8426,8
8427,22
8428,8
8429,8
8430,22
8431,19
8432,22
8433,22
8434,8
8435,8
8436,8
8437,8
8438,8
8439,19
8440,8
8441,22
8442,11
8443,0
8444,11
8445,0
8446,8
8447,0
8448,0
8449,11
8450,11
8451,11
8452,11
8453,11
8454,11
8455,11
8456,11
8457,11
8458,11
8459,8
8460,8
8461,8
8462,8
8463,8
8464,11
8465,8
8466,8
8467,8
8468,22
8469,11
8470,25
8471,11
8472,11
8473,11
8474,11
8475,11
8476,11
8477,11
8478,11
8479,10
8480,8
8481,8
8482,8
8483,8
8484,8
8485,8
8486,8
8487,8
8488,8
8489,8
8490,8
8491,8
8492,8
8493,8
8494,8
8495,15
8496,8
8497,8
8498,8
8499,8
8500,19
8501,8
8502,8
8503,8
8504,8
8505,8
8506,8
8507,8
8508,8
8509,8
8510,8
8511,8
8512,8
8513,8
8514,8
8515,8
8516,8
8517,8
8518,8
8519,8
8520,8
8521,8
8522,8
8523,19
8524,8
8525,8
8526,8
8527,8
8528,8
8529,8
8530,8
8531,19
8532,8
8533,8
8534,8
8535,8
8536,8
8537,25
8538,0
8539,0
8540,0
8541,11
8542,8
8543,8
8544,11
8545,11
8546,11
8547,11
8548,11
8549,11
8550,11
8551,11
8552,11
8553,11
8554,11
8555,11
8556,11
8557,11
8558,8
8559,8
8560,22
8561,22
8562,8
8563,11
8564,11
8565,11
8566,11
8567,11
8568,11
8569,25
8570,13
8571,25
8572,25
8573,25
8574,25
8575,25
8576,25
8577,25
8578,25
8579,25
8580,25
8581,25
8582,25
8583,13
8584,13
8585,13
8586,13
8587,13
8588,25
8589,25
8590,25
8591,25
8592,25
8593,11
8594,25
8595,25
8596,11
8597,25
8598,11
8599,25
8600,25
8601,25
8602,25
8603,25
8604,25
8605,11
8606,25
8607,25
8608,8
8609,25
8610,25
8611,25
8612,3
8613,3
8614,3
8615,11
8616,3
8617,3
8618,11
8619,3
8620,11
8621,3
8622,3
8623,11
8624,3
8625,11
8626,11
8627,11
8628,11
8629,25
8630,25
8631,25
8632,25
8633,25
8634,25
8635,25
8636,2
8637,16
8638,16
8639,16
8640,16
8641,16
8642,16
8643,2
8644,2
8645,17
8646,10
8647,10
8648,21
8649,16
8650,19
8651,25
8652,11
8653,25
8654,25
8655,25
8656,25
8657,25
8658,11
8659,0
8660,25
8661,25
8662,25
8663,25
8664,25
8665,25
8666,25
8667,11
8668,8
8669,8
8670,2
8671,25
8672,11
8673,11
8674,11
8675,3
8676,3
8677,3
8678,3
8679,8
8680,3
8681,3
8682,3
8683,3
8684,3
8685,3
8686,3
8687,3
8688,0
8689,0
8690,3
8691,3
8692,11
8693,11
8694,11
8695,3
8696,11
8697,11
8698,26
8699,26
8700,11
8701,11
8702,11
8703,11
8704,11
8705,11
8706,11
8707,3
8708,3
8709,3
8710,3
8711,11
8712,11
8713,11
8714,11
8715,11
8716,0
8717,11
8718,11
8719,3
8720,3
8721,3
8722,19
8723,11
8724,11
8725,11
8726,11
8727,15
8728,11
8729,11
8730,11
8731,11
8732,11
8733,11
8734,11
8735,0
8736,8
8737,3
8738,3
8739,0
8740,11
8741,11
8742,0
8743,11
8744,11
8745,20
8746,11
8747,11
8748,11
8749,11
8750,20
8751,16
8752,2
8753,15
8754,20
8755,20
8756,15
8757,15
8758,15
8759,15
8760,25
8761,15
8762,25
8763,10
8764,16
8765,2
8766,16
8767,16
8768,25
8769,24
8770,16
8771,10
8772,16
8773,15
8774,15
8775,15
8776,15
8777,2
8778,2
8779,2
8780,15
8781,15
8782,0
8783,26
8784,11
8785,25
8786,8
8787,11
8788,26
8789,26
8790,26
8791,11
8792,11
8793,11
8794,15
8795,15
8796,11
8797,20
8798,10
8799,23
8800,10
8801,10
8802,10
8803,10
8804,10
8805,20
8806,21
8807,21
8808,25
8809,25
8810,13
8811,13
8812,21
8813,21
8814,21
8815,16
8816,24
8817,16
8818,16
8819,16
8820,16
8821,21
8822,16
8823,16
8824,21
8825,16
8826,13
8827,24
8828,24
8829,10
8830,10
8831,13
8832,13
8833,13
8834,13
8835,13
8836,13
8837,13
8838,13
8839,13
8840,13
8841,16
8842,16
8843,8
8844,8
8845,16
8846,13
8847,16
8848,13
8849,16
8850,16
8851,16
8852,16
8853,16
8854,16
8855,17
8856,16
8857,16
8858,25
8859,13
8860,13
8861,10
8862,16
8863,16
8864,8
8865,8
8866,19
8867,0
8868,19
8869,25
8870,25
8871,11
8872,11
8873,11
8874,25
8875,25
8876,25
8877,16
8878,25
8879,20
8880,10
8881,16
8882,16
8883,16
8884,16
8885,19
8886,21
8887,10
8888,10
8889,25
8890,16
8891,25
8892,25
8893,20
8894,20
8895,20
8896,20
8897,20
8898,16
8899,8
8900,21
8901,16
8902,24
8903,16
8904,16
8905,16
8906,16
8907,10
8908,19
8909,10
8910,10
8911,10
8912,10
8913,10
8914,10
8915,10
8916,19
8917,19
8918,8
8919,19
8920,19
8921,23
8922,10
8923,10
8924,10
8925,10
8926,19
8927,10
8928,10
8929,10
8930,13
8931,10
8932,10
8933,10
8934,10
8935,10
8936,10
8937,10
8938,10
8939,18
8940,10
8941,10
8942,10
8943,10
8944,10
8945,8
8946,19
8947,19
8948,8
8949,8
8950,19
8951,19
8952,8
8953,8
8954,8
8955,10
8956,10
8957,10
8958,19
8959,19
8960,19
8961,10
8962,0
8963,10
8964,23
8965,10
8966,16
8967,15
8968,18
8969,10
8970,10
8971,10
8972,2
8973,20
8974,20
8975,20
8976,20
8977,8
8978,8
8979,20
8980,8
8981,8
8982,16
8983,16
8984,16
8985,0
8986,16
8987,16
8988,25
8989,25
8990,25
8991,25
8992,21
8993,25
8994,8
8995,15
8996,16
8997,18
8998,18
8999,15
9000,13
9001,10
9002,10
9003,25
9004,16
9005,16
9006,16
9007,20
9008,20
9009,10
9010,20
9011,10
9012,13
9013,13
9014,20
9015,20
9016,20
9017,20
9018,13
9019,13
9020,10
9021,0
9022,0
9023,0
9024,0
9025,0
9026,0
9027,0
9028,0
9029,19
9030,19
9031,8
9032,19
9033,19
9034,19
9035,19
9036,19
9037,19
9038,19
9039,19
9040,19
9041,19
9042,19
9043,19
9044,19
9045,19
9046,19
9047,19
9048,19
9049,19
9050,19
9051,19
9052,16
9053,19
9054,0
9055,0
9056,16
9057,10
9058,10
9059,22
9060,0
9061,22
9062,22
9063,22
9064,22
9065,22
9066,22
9067,10
9068,19
9069,19
9070,19
9071,19
9072,19
9073,8
9074,10
9075,19
9076,19
9077,8
9078,22
9079,19
9080,23
9081,19
9082,19
9083,0
9084,0
9085,0
9086,0
9087,0
9088,0
9089,0
9090,0
9091,0
9092,0
9093,0
9094,0
9095,0
9096,0
9097,19
9098,0
9099,10
9100,10
9101,18
9102,18
9103,10
9104,18
9105,10
9106,8
9107,8
9108,8
9109,8
9110,8
9111,8
9112,8
9113,10
9114,19
9115,10
9116,21
9117,10
9118,10
9119,10
9120,13
9121,13
9122,17
9123,20
9124,20
9125,20
9126,20
9127,0
9128,0
9129,23
9130,0
9131,0
9132,0
9133,23
9134,23
9135,23
9136,23
9137,23
9138,23
9139,23
9140,23
9141,0
9142,23
9143,23
9144,23
9145,0
9146,0
9147,0
9148,23
9149,19
9150,19
9151,19
9152,19
9153,19
9154,19
9155,19
9156,19
9157,19
9158,19
9159,19
9160,19
9161,19
9162,19
9163,19
9164,19
9165,19
9166,19
9167,19
9168,19
9169,19
9170,19
9171,19
9172,19
9173,19
9174,19
9175,23
9176,23
9177,23
9178,23
9179,23
9180,23
9181,23
9182,23
9183,23
9184,23
9185,23
9186,23
9187,23
9188,23
9189,23
9190,23
9191,23
9192,23
9193,0
9194,0
9195,0
9196,0
9197,0
9198,0
9199,0
9200,19
9201,0
9202,0
9203,0
9204,0
9205,0
9206,0
9207,0
9208,0
9209,0
9210,8
9211,23
9212,0
9213,0
9214,0
9215,18
9216,19
9217,19
9218,19
9219,19
9220,19
9221,19
9222,19
9223,19
9224,19
9225,19
9226,19
9227,19
9228,19
9229,19
9230,19
9231,19
9232,19
9233,19
9234,19
9235,19
9236,19
9237,13
9238,19
9239,19
9240,19
9241,19
9242,19
9243,19
9244,19
9245,19
9246,19
9247,19
9248,19
9249,19
9250,19
9251,19
9252,19
9253,19
9254,19
9255,19
9256,19
9257,19
9258,19
9259,19
9260,19
9261,19
9262,19
9263,19
9264,19
9265,19
9266,19
9267,19
9268,22
9269,19
9270,19
9271,19
9272,19
9273,19
9274,19
9275,19
9276,19
9277,19
9278,19
9279,19
9280,19
9281,22
9282,19
9283,25
9284,25
9285,0
9286,25
9287,25
9288,25
9289,0
9290,25
9291,25
9292,25
9293,0
9294,0
9295,0
9296,0
9297,0
9298,22
9299,0
9300,26
9301,0
9302,11
9303,0
9304,22
9305,11
9306,11
9307,0
9308,22
9309,22
9310,0
9311,22
9312,22
9313,22
9314,22
9315,22
9316,0
9317,22
9318,26
9319,26
9320,26
9321,26
9322,26
9323,26
9324,26
9325,0
9326,0
9327,0
9328,0
9329,11
9330,0
9331,0
9332,0
9333,0
9334,0
9335,0
9336,11
9337,11
9338,11
9339,0
9340,22
9341,22
9342,11
9343,11
9344,11
9345,11
9346,11
9347,8
9348,11
9349,11
9350,11
9351,11
9352,11
9353,10
9354,10
9355,10
9356,10
9357,10
9358,10
9359,10
9360,10
9361,10
9362,18
9363,10
9364,16
9365,16
9366,16
9367,10
9368,10
9369,10
9370,8
9371,8
9372,8
9373,8
9374,8
9375,8
9376,8
9377,8
9378,8
9379,8
9380,19
9381,8
9382,8
9383,8
9384,8
9385,8
9386,8
9387,8
9388,8
9389,19
9390,8
9391,8
9392,22
9393,8
9394,8
9395,19
9396,8
9397,8
9398,8
9399,8
9400,8
9401,8
9402,8
9403,19
9404,11
9405,11
9406,25
9407,20
9408,24
9409,21
9410,2
9411,20
9412,25
9413,25
9414,0
9415,0
9416,11
9417,11
9418,11
9419,19
9420,20
9421,10
9422,11
9423,11
9424,11
9425,11
9426,11
9427,11
9428,11
9429,11
9430,11
9431,16
9432,16
9433,16
9434,2
9435,11
9436,11
9437,0
9438,0
9439,0
9440,0
9441,8
9442,0
9443,14
9444,14
9445,14
9446,14
9447,14
9448,14
9449,0
9450,0
9451,0
9452,0
9453,0
9454,0
9455,11
9456,11
9457,8
9458,19
9459,8
9460,19
9461,15
9462,22
9463,15
9464,15
9465,11
9466,11
9467,8
9468,8
9469,8
9470,8
9471,8
9472,8
9473,8
9474,8
9475,8
9476,8
9477,8
9478,19
9479,19
9480,14
9481,14
9482,0
9483,0
9484,0
9485,0
9486,0
9487,0
9488,0
9489,0
9490,0
9491,0
9492,0
9493,0
9494,0
9495,0
9496,0
9497,14
9498,14
9499,14
9500,14
9501,0
9502,14
9503,14
9504,0
9505,11
9506,22
9507,22
9508,0
9509,10
9510,10
9511,24
9512,24
9513,24
9514,15
9515,15
9516,15
9517,15
9518,8
9519,8
9520,8
9521,8
9522,22
9523,20
9524,8
9525,8
9526,15
9527,15
9528,15
9529,15
9530,15
9531,15
9532,15
9533,15
9534,8
9535,8
9536,8
9537,19
9538,19
9539,8
9540,8
9541,8
9542,8
9543,8
9544,25
9545,25
9546,25
9547,8
9548,0
9549,19
9550,0
9551,0
9552,0
9553,0
9554,0
9555,8
9556,19
9557,19
9558,19
9559,19
9560,15
9561,15
9562,8
9563,8
9564,8
9565,8
9566,8
9567,8
9568,16
9569,17
9570,22
9571,22
9572,22
9573,22
9574,22
9575,22
9576,22
9577,22
9578,0
9579,22
9580,22
9581,22
9582,22
9583,22
9584,22
9585,10
9586,8
9587,8
9588,8
9589,8
9590,23
9591,8
9592,8
9593,8
9594,8
9595,8
9596,8
9597,8
9598,8
9599,8
9600,8
9601,8
9602,8
9603,8
9604,8
9605,8
9606,8
9607,8
9608,8
9609,8
9610,8
9611,8
9612,8
9613,8
9614,8
9615,8
9616,8
9617,8
9618,8
9619,8
9620,8
9621,8
9622,8
9623,8
9624,8
9625,8
9626,8
9627,8
9628,8
9629,8
9630,8
9631,8
9632,8
9633,8
9634,8
9635,8
9636,8
9637,8
9638,8
9639,8
9640,8
9641,8
9642,8
9643,8
9644,8
9645,8
9646,8
9647,8
9648,8
9649,8
9650,8
9651,8
9652,8
9653,8
9654,8
9655,8
9656,8
9657,8
9658,8
9659,8
9660,8
9661,8
9662,8
9663,8
9664,8
9665,8
9666,8
9667,8
9668,8
9669,8
9670,8
9671,8
9672,8
9673,8
9674,8
9675,8
9676,8
9677,8
9678,8
9679,8
9680,8
9681,8
9682,8
9683,8
9684,8
9685,22
9686,8
9687,8
9688,8
9689,8
9690,8
9691,8
9692,8
9693,8
9694,0
9695,8
9696,8
9697,8
9698,8
9699,19
9700,8
9701,8
9702,8
9703,8
9704,8
9705,8
9706,8
9707,8
9708,8
9709,8
9710,8
9711,8
9712,8
9713,8
9714,8
9715,8
9716,8
9717,8
9718,19
9719,13
9720,15
9721,8
9722,8
9723,8
9724,8
9725,8
9726,8
9727,8
9728,8
9729,8
9730,8
9731,8
9732,8
9733,8
9734,8
9735,19
9736,8
9737,8
9738,21
9739,3
9740,3
9741,21
9742,8
9743,14
9744,8
9745,8
9746,8
9747,8
9748,8
9749,8
9750,8
9751,8
9752,8
9753,8
9754,8
9755,22
9756,22
9757,22
9758,19
9759,19
9760,22
9761,21
9762,21
9763,15
9764,19
9765,20
9766,15
9767,15
9768,10
9769,10
9770,8
9771,8
9772,19
9773,11
9774,8
9775,11
9776,11
9777,19
9778,11
9779,19
9780,19
9781,8
9782,8
9783,8
9784,8
9785,8
9786,8
9787,20
9788,20
9789,15
9790,8
9791,20
9792,23
9793,23
9794,23
9795,23
9796,23
9797,23
9798,23
9799,10
9800,8
9801,8
9802,8
9803,22
9804,10
9805,10
9806,10
9807,10
9808,23
9809,10
9810,10
9811,10
9812,23
9813,23
9814,23
9815,23
9816,23
9817,23
9818,10
9819,0
9820,17
9821,17
9822,17
9823,23
9824,23
9825,23
9826,23
9827,23
9828,23
9829,10
9830,19
9831,19
9832,19
9833,19
9834,0
9835,19
9836,19
9837,19
9838,8
9839,19
9840,19
9841,19
9842,19
9843,19
9844,10
9845,18
9846,10
9847,10
9848,10
9849,10
9850,10
9851,23
9852,10
9853,10
9854,13
9855,10
9856,8
9857,8
9858,8
9859,10
9860,10
9861,16
9862,11
9863,11
9864,11
9865,11
9866,11
9867,11
9868,11
9869,11
9870,11
9871,11
9872,11
9873,11
9874,11
9875,11
9876,11
9877,11
9878,11
9879,11
9880,11
9881,11
9882,11
9883,11
9884,11
9885,11
9886,11
9887,11
9888,11
9889,11
9890,11
9891,11
9892,11
9893,11
9894,11
9895,11
9896,19
9897,19
9898,19
9899,8
9900,8
9901,8
9902,19
9903,19
9904,19
9905,19
9906,19
9907,20
9908,20
9909,19
9910,19
9911,19
9912,19
9913,19
9914,19
9915,19
9916,19
9917,19
9918,19
9919,19
9920,19
9921,19
9922,19
9923,19
9924,19
9925,25
9926,19
9927,19
9928,19
9929,19
9930,19
9931,19
9932,19
9933,19
9934,19
9935,19
9936,19
9937,19
9938,19
9939,19
9940,19
9941,19
9942,19
9943,8
9944,19
9945,19
9946,19
9947,19
9948,19
9949,19
9950,19
9951,19
9952,19
9953,19
9954,19
9955,19
9956,19
9957,19
9958,15
9959,19
9960,19
9961,19
9962,19
9963,8
9964,19
9965,19
9966,19
9967,19
9968,19
9969,19
9970,19
9971,19
9972,19
9973,19
9974,19
9975,19
9976,8
9977,8
9978,11
9979,11
9980,11
9981,11
9982,11
9983,11
9984,11
9985,11
9986,11
9987,11
9988,11
9989,11
9990,11
9991,11
9992,11
9993,26
9994,15
9995,11
9996,11
9997,25
9998,11
9999,11
10000,11
10001,11
10002,11
10003,11
10004,11
10005,11
10006,11
10007,11
10008,11
10009,11
10010,11
10011,11
10012,11
10013,11
10014,11
10015,11
10016,11
10017,11
10018,11
10019,11
10020,11
10021,0
10022,11
10023,0
10024,11
10025,11
10026,0
10027,11
10028,11
10029,11
10030,11
10031,11
10032,11
10033,11
10034,11
10035,11
10036,11
10037,11
10038,11
10039,11
10040,11
10041,11
10042,11
10043,11
10044,11
10045,11
10046,0
10047,11
10048,11
10049,11
10050,25
10051,25
10052,25
10053,11
10054,0
10055,0
10056,0
10057,0
10058,0
10059,0
10060,0
10061,0
10062,0
10063,0
10064,0
10065,0
10066,0
10067,0
10068,0
10069,0
10070,0
10071,0
10072,0
10073,0
10074,0
10075,0
10076,0
10077,0
10078,0
10079,19
10080,0
10081,0
10082,0
10083,0
10084,0
10085,0
10086,0
10087,0
10088,19
10089,0
10090,19
10091,0
10092,0
10093,0
10094,22
10095,0
10096,19
10097,0
10098,0
10099,0
10100,0
10101,0
10102,0
10103,18
10104,0
10105,0
10106,23
10107,0
10108,0
10109,0
10110,0
10111,0
10112,18
10113,18
10114,18
10115,0
10116,0
10117,0
10118,0
10119,0
10120,23
10121,0
10122,0
10123,0
10124,0
10125,0
10126,19
10127,0
10128,0
10129,11
10130,11
10131,11
10132,22
10133,22
10134,22
10135,0
10136,0
10137,0
10138,0
10139,0
10140,25
10141,26
10142,26
10143,26
10144,26
10145,26
10146,26
10147,23
10148,23
10149,23
10150,23
10151,23
10152,23
10153,23
10154,23
10155,23
10156,10
10157,0
10158,0
10159,0
10160,0
10161,0
10162,0
10163,23
10164,0
10165,0
10166,19
10167,22
10168,0
10169,0
10170,0
10171,23
10172,25
10173,19
10174,19
10175,24
10176,8
10177,8
10178,8
10179,8
10180,8
10181,8
10182,8
10183,8
10184,19
10185,19
10186,19
10187,19
10188,8
10189,8
10190,8
10191,8
10192,8
10193,8
10194,8
10195,8
10196,8
10197,8
10198,19
10199,19
10200,19
10201,19
10202,19
10203,19
10204,19
10205,19
10206,19
10207,19
10208,19
10209,8
10210,0
10211,19
10212,19
10213,19
10214,19
10215,19
10216,19
10217,8
10218,20
10219,22
10220,19
10221,19
10222,19
10223,19
10224,19
10225,19
10226,19
10227,19
10228,19
10229,19
10230,19
10231,19
10232,19
10233,19
10234,19
10235,19
10236,19
10237,19
10238,19
10239,19
10240,19
10241,19
10242,19
10243,19
10244,19
10245,19
10246,19
10247,19
10248,19
10249,19
10250,19
10251,0
10252,19
10253,19
10254,19
10255,19
10256,18
10257,19
10258,19
10259,19
10260,19
10261,18
10262,19
10263,19
10264,26
10265,11
10266,26
10267,26
10268,10
10269,22
10270,26
10271,26
10272,18
10273,18
10274,10
10275,10
10276,22
10277,22
10278,22
10279,22
10280,18
10281,22
10282,23
10283,26
10284,0
10285,0
10286,0
10287,3
10288,22
10289,22
10290,22
10291,18
10292,10
10293,22
10294,23
10295,23
10296,19
10297,19
10298,19
10299,0
10300,23
10301,23
10302,23
10303,23
10304,23
10305,23
10306,23
10307,23
10308,23
10309,23
10310,23
10311,0
10312,0
10313,16
10314,0
10315,0
10316,25
10317,0
10318,0
10319,0
10320,0
10321,11
10322,11
10323,23
10324,23
10325,23
10326,23
10327,23
10328,23
10329,23
10330,23
10331,23
10332,23
10333,23
10334,23
10335,23
10336,23
10337,23
10338,23
10339,23
10340,23
10341,26
10342,26
10343,26
10344,15
10345,19
10346,19
10347,19
10348,19
10349,19
10350,19
10351,0
10352,0
10353,0
10354,21
10355,21
10356,21
10357,21
10358,21
10359,21
10360,21
10361,21
10362,21
10363,21
10364,21
10365,11
10366,20
10367,21
10368,21
10369,21
10370,21
10371,21
10372,21
10373,21
10374,21
10375,21
10376,21
10377,21
10378,21
10379,21
10380,21
10381,21
10382,21
10383,21
10384,21
10385,20
10386,20
10387,20
10388,20
10389,20
10390,20
10391,17
10392,20
10393,20
10394,20
10395,21
10396,21
10397,21
10398,21
10399,21
10400,21
10401,21
10402,11
10403,21
10404,21
10405,21
10406,21
10407,21
10408,21
10409,21
10410,21
10411,21
10412,21
10413,21
10414,21
10415,21
10416,25
10417,25
10418,21
10419,21
10420,21
10421,20
10422,20
10423,20
10424,10
10425,20
10426,20
10427,10
10428,20
10429,20
10430,20
10431,20
10432,18
10433,18
10434,18
10435,10
10436,18
10437,0
10438,10
10439,0
10440,10
10441,10
10442,0
10443,10
10444,18
10445,18
10446,10
10447,10
10448,10
10449,22
10450,10
10451,10
10452,19
10453,19
10454,19
10455,19
10456,19
10457,19
10458,19
10459,19
10460,19
10461,19
10462,19
10463,19
10464,19
10465,19
10466,19
10467,19
10468,19
10469,19
10470,19
10471,19
10472,16
10473,21
10474,16
10475,11
10476,11
10477,21
10478,25
10479,11
10480,11
10481,11
10482,11
10483,25
10484,25
10485,25
10486,25
10487,25
10488,16
10489,11
10490,11
10491,11
10492,11
10493,11
10494,11
10495,21
10496,25
10497,11
10498,16
10499,20
10500,15
10501,20
10502,20
10503,20
10504,20
10505,20
10506,15
10507,15
10508,20
10509,20
10510,15
10511,15
10512,17
10513,20
10514,20
10515,20
10516,17
10517,20
10518,20
10519,19
10520,8
10521,8
10522,16
10523,16
10524,20
10525,19
10526,8
10527,16
10528,20
10529,20
10530,15
10531,20
10532,8
10533,22
10534,8
10535,22
10536,8
10537,8
10538,22
10539,20
10540,20
10541,20
10542,8
10543,15
10544,15
10545,15
10546,16
10547,15
10548,8
10549,8
10550,8
10551,0
10552,10
10553,10
10554,10
10555,10
10556,10
10557,10
10558,8
10559,8
10560,8
10561,10
10562,10
10563,5
10564,0
10565,18
10566,10
10567,11
10568,11
10569,11
10570,11
10571,19
10572,19
10573,19
10574,19
10575,18
10576,19
10577,19
10578,19
10579,19
10580,19
10581,19
10582,22
10583,19
10584,10
10585,10
10586,10
10587,10
10588,10
10589,0
10590,0
10591,23
10592,23
10593,23
10594,23
10595,23
10596,23
10597,16
10598,22
10599,22
10600,10
10601,10
10602,22
10603,0
10604,22
10605,10
10606,10
10607,10
10608,16
10609,19
10610,17
10611,17
10612,17
10613,10
10614,17
10615,17
10616,17
10617,17
10618,0
10619,0
10620,10
10621,17
10622,0
10623,20
10624,0
10625,0
10626,0
10627,10
10628,0
10629,0
10630,0
10631,0
10632,0
10633,10
10634,0
10635,15
10636,15
10637,23
10638,23
10639,10
10640,10
10641,10
10642,19
10643,19
10644,15
10645,10
10646,15
10647,2
10648,21
10649,21
10650,21
10651,25
10652,20
10653,0
10654,0
10655,0
10656,0
10657,16
10658,23
10659,11
10660,11
10661,11
10662,0
10663,0
10664,0
10665,0
10666,0
10667,18
10668,18
10669,18
10670,19
10671,22
10672,22
10673,22
10674,10
10675,18
10676,10
10677,18
10678,18
10679,18
10680,18
10681,18
10682,19
10683,18
10684,19
10685,19
10686,19
10687,19
10688,19
10689,19
10690,19
10691,19
10692,19
10693,19
10694,19
10695,19
10696,19
10697,19
10698,19
10699,19
10700,19
10701,19
10702,19
10703,19
10704,19
10705,19
10706,19
10707,19
10708,19
10709,19
10710,19
10711,19
10712,19
10713,19
10714,19
10715,19
10716,19
10717,19
10718,19
10719,19
10720,8
10721,19
10722,8
10723,19
10724,19
10725,19
10726,19
10727,19
10728,19
10729,19
10730,19
10731,19
10732,19
10733,19
10734,19
10735,19
10736,19
10737,19
10738,19
10739,10
10740,19
10741,19
10742,19
10743,19
10744,19
10745,19
10746,19
10747,19
10748,19
10749,19
10750,19
10751,25
10752,16
10753,0
10754,16
10755,19
10756,0
10757,20
10758,14
10759,14
10760,14
10761,14
10762,14
10763,14
10764,14
10765,14
10766,14
10767,14
10768,14
10769,14
10770,14
10771,14
10772,14
10773,14
10774,0
10775,14
10776,14
10777,14
10778,14
10779,14
10780,14
10781,14
10782,14
10783,14
10784,14
10785,14
10786,14
10787,14
10788,14
10789,14
10790,14
10791,14
10792,14
10793,14
10794,14
10795,14
10796,14
10797,14
10798,14
10799,14
10800,14
10801,14
10802,14
10803,14
10804,8
10805,8
10806,8
10807,22
10808,22
10809,8
10810,8
10811,18
10812,0
10813,0
10814,0
10815,0
10816,0
10817,0
10818,0
10819,19
10820,15
10821,15
10822,16
10823,8
10824,19
10825,19
10826,19
10827,19
10828,19
10829,19
10830,19
10831,19
10832,19
10833,19
10834,19
10835,19
10836,19
10837,19
10838,19
10839,19
10840,19
10841,19
10842,19
10843,19
10844,19
10845,19
10846,19
10847,19
10848,19
10849,19
10850,19
10851,19
10852,19
10853,19
10854,19
10855,19
10856,19
10857,19
10858,19
10859,19
10860,19
10861,19
10862,19
10863,22
10864,8
10865,23
10866,15
10867,14
10868,14
10869,8
10870,14
10871,14
10872,14
10873,19
10874,15
10875,15
10876,14
10877,14
10878,8
10879,19
10880,11
10881,19
10882,8
10883,8
10884,19
10885,8
10886,8
10887,8
10888,8
10889,11
10890,20
10891,8
10892,24
10893,24
10894,15
10895,15
10896,15
10897,21
10898,21
10899,21
10900,21
10901,21
10902,21
10903,21
10904,21
10905,11
10906,21
10907,21
10908,21
10909,21
10910,21
10911,3
10912,3
10913,3
10914,3
10915,3
10916,19
10917,10
10918,19
10919,19
10920,8
10921,8
10922,20
10923,20
10924,25
10925,25
10926,25
10927,25
10928,0
10929,0
10930,25
10931,25
10932,25
10933,26
10934,26
10935,25
10936,25
10937,25
10938,25
10939,25
10940,26
10941,26
10942,26
10943,26
10944,26
10945,11
10946,11
10947,25
10948,26
10949,0
10950,11
10951,26
10952,11
10953,25
10954,25
10955,11
10956,11
10957,11
10958,11
10959,11
10960,11
10961,11
10962,25
10963,21
10964,21
10965,7
10966,7
10967,7
10968,7
10969,7
10970,16
10971,7
10972,11
10973,11
10974,11
10975,25
10976,11
10977,25
10978,16
10979,11
10980,23
10981,23
10982,23
10983,23
10984,23
10985,25
10986,25
10987,19
10988,25
10989,19
10990,10
10991,10
10992,10
10993,10
10994,10
10995,21
10996,19
10997,19
10998,19
10999,19
11000,19
11001,19
11002,19
11003,19
11004,23
11005,19
11006,19
11007,19
11008,19
11009,8
11010,19
11011,19
11012,19
11013,19
11014,19
11015,19
11016,19
11017,19
11018,19
11019,19
11020,19
11021,19
11022,19
11023,10
11024,10
11025,10
11026,10
11027,10
11028,8
11029,8
11030,8
11031,14
11032,0
11033,24
11034,15
11035,16
11036,16
11037,16
11038,11
11039,0
11040,0
11041,0
11042,0
11043,0
11044,0
11045,0
11046,16
11047,20
11048,0
11049,22
11050,23
11051,15
11052,15
11053,15
11054,23
11055,23
11056,23
11057,0
11058,19
11059,0
11060,0
11061,0
11062,0
11063,0
11064,0
11065,0
11066,22
11067,22
11068,0
11069,0
11070,0
11071,0
11072,0
11073,0
11074,0
11075,0
11076,19
11077,19
11078,19
11079,19
11080,19
11081,15
11082,15
11083,15
11084,8
11085,0
11086,0
11087,16
11088,16
11089,19
11090,19
11091,18
11092,19
11093,19
11094,19
11095,19
11096,8
11097,19
11098,19
11099,19
11100,19
11101,19
11102,19
11103,0
11104,0
11105,0
11106,0
11107,0
11108,0
11109,0
11110,0
11111,0
11112,0
11113,19
11114,19
11115,19
11116,19
11117,19
11118,19
11119,19
11120,19
11121,19
11122,19
11123,8
11124,19
11125,19
11126,8
11127,19
11128,19
11129,19
11130,19
11131,19
11132,19
11133,19
11134,19
11135,19
11136,0
11137,8
11138,8
11139,8
11140,10
11141,8
11142,8
11143,11
11144,26
11145,8
11146,14
11147,14
11148,14
11149,14
11150,0
11151,0
11152,0
11153,10
11154,10
11155,8
11156,19
11157,19
11158,19
11159,19
11160,19
11161,19
11162,20
11163,20
11164,19
11165,8
11166,8
11167,19
11168,19
11169,19
11170,19
11171,19
11172,19
11173,19
11174,19
11175,20
11176,8
11177,8
11178,19
11179,25
11180,25
11181,25
11182,25
11183,23
11184,8
11185,8
11186,14
11187,14
11188,14
11189,14
11190,14
11191,14
11192,22
11193,10
11194,8
11195,8
11196,22
11197,22
11198,22
11199,22
11200,23
11201,23
11202,22
11203,22
11204,22
11205,8
11206,17
11207,8
11208,14
11209,14
11210,14
11211,14
11212,14
11213,8
11214,8
11215,23
11216,19
11217,8
11218,8
11219,25
11220,8
11221,19
11222,8
11223,19
11224,19
11225,19
11226,19
11227,19
11228,0
11229,0
11230,0
11231,0
11232,15
11233,14
11234,14
11235,14
11236,14
11237,14
11238,23
11239,23
11240,23
11241,23
11242,23
11243,23
11244,23
11245,19
11246,2
11247,20
11248,10
11249,20
11250,20
11251,18
11252,18
11253,18
11254,20
11255,0
11256,0
11257,0
11258,0
11259,0
11260,19
11261,19
11262,19
11263,0
11264,0
11265,0
11266,10
11267,10
11268,0
11269,0
11270,11
11271,11
11272,11
11273,11
11274,8
11275,11
11276,11
11277,11
11278,11
11279,11
11280,2
11281,2
11282,2
11283,2
11284,2
11285,2
11286,10
11287,7
11288,7
11289,7
11290,7
11291,7
11292,7
11293,7
11294,7
11295,7
11296,7
11297,23
11298,23
11299,23
11300,23
11301,8
11302,8
11303,9
11304,23
11305,16
11306,15
11307,11
11308,15
11309,11
11310,11
11311,11
11312,11
11313,11
11314,25
11315,11
11316,11
11317,22
11318,22
11319,22
11320,22
11321,22
11322,22
11323,20
11324,20
11325,20
11326,20
11327,20
11328,20
11329,20
11330,19
11331,8
11332,15
11333,15
11334,21
11335,11
11336,20
11337,20
11338,20
11339,20
11340,20
11341,10
11342,20
11343,20
11344,20
11345,11
11346,11
11347,18
11348,7
11349,15
11350,15
11351,15
11352,2
11353,2
11354,16
11355,10
11356,0
11357,20
11358,25
11359,25
11360,25
11361,25
11362,25
11363,25
11364,25
11365,25
11366,25
11367,25
11368,25
11369,25
11370,25
11371,16
11372,10
11373,16
11374,25
11375,25
11376,10
11377,16
11378,25
11379,25
11380,25
11381,25
11382,25
11383,25
11384,25
11385,25
11386,25
11387,25
11388,25
11389,25
11390,25
11391,25
11392,25
11393,25
11394,25
11395,25
11396,25
11397,25
11398,25
11399,25
11400,25
11401,25
11402,25
11403,25
11404,25
11405,25
11406,25
11407,25
11408,25
11409,25
11410,25
11411,25
11412,25
11413,25
11414,7
11415,25
11416,25
11417,25
11418,25
11419,25
11420,25
11421,25
11422,25
11423,25
11424,25
11425,25
11426,25
11427,25
11428,25
11429,25
11430,25
11431,25
11432,25
11433,25
11434,25
11435,25
11436,8
11437,25
11438,25
11439,25
11440,25
11441,25
11442,25
11443,25
11444,25
11445,25
11446,25
11447,25
11448,25
11449,25
11450,25
11451,20
11452,0
11453,19
11454,17
11455,17
11456,15
11457,17
11458,17
11459,25
11460,11
11461,16
11462,11
11463,11
11464,11
11465,11
11466,11
11467,10
11468,2
11469,0
11470,15
11471,0
11472,0
11473,0
11474,8
11475,15
11476,25
11477,25
11478,16
11479,16
11480,13
11481,15
11482,15
11483,22
11484,26
11485,15
11486,13
11487,0
11488,23
11489,18
11490,0
11491,11
11492,19
11493,11
11494,11
11495,11
11496,23
11497,11
11498,21
11499,21
11500,21
11501,21
11502,21
11503,8
11504,8
11505,8
11506,8
11507,25
11508,10
11509,0
11510,0
11511,11
11512,11
11513,8
11514,20
11515,20
11516,20
11517,8
11518,25
11519,25
11520,25
11521,25
11522,25
11523,25
11524,25
11525,0
11526,0
11527,15
11528,15
11529,19
11530,19
11531,20
11532,20
11533,8
11534,0
11535,20
11536,15
11537,11
11538,0
11539,0
11540,2
11541,21
11542,20
11543,0
11544,25
11545,25
11546,11
11547,10
11548,10
11549,10
11550,10
11551,20
11552,11
11553,25
11554,25
11555,25
11556,25
11557,25
11558,25
11559,25
11560,25
11561,25
11562,25
11563,25
11564,25
11565,25
11566,25
11567,25
11568,25
11569,25
11570,21
11571,25
11572,25
11573,25
11574,25
11575,25
11576,25
11577,25
11578,25
11579,25
11580,25
11581,25
11582,25
11583,13
11584,25
11585,25
11586,25
11587,25
11588,25
11589,25
11590,25
11591,25
11592,25
11593,25
11594,25
11595,21
11596,16
11597,21
11598,11
11599,11
11600,3
11601,3
11602,19
11603,19
11604,8
11605,18
11606,11
11607,25
11608,25
11609,25
11610,25
11611,25
11612,25
11613,25
11614,25
11615,19
11616,19
11617,19
11618,18
11619,16
11620,19
11621,8
11622,8
11623,8
11624,25
11625,0
11626,0
11627,0
11628,18
11629,23
11630,21
11631,21
11632,21
11633,21
11634,21
11635,21
11636,21
11637,8
11638,21
11639,21
11640,25
11641,21
11642,0
11643,5
11644,18
11645,0
11646,0
11647,0
11648,22
11649,22
11650,0
11651,23
11652,23
11653,11
11654,11
11655,11
11656,0
11657,15
11658,15
11659,15
11660,21
11661,20
11662,20
11663,10
11664,10
11665,19
11666,25
11667,25
11668,20
11669,20
11670,20
11671,11
11672,11
11673,0
11674,0
11675,0
11676,18
11677,18
11678,18
11679,19
11680,19
11681,24
11682,25
11683,22
11684,22
11685,22
11686,0
11687,0
11688,19
11689,18
11690,0
11691,0
11692,0
11693,22
11694,16
11695,20
11696,2
11697,2
11698,2
11699,2
11700,10
11701,10
11702,19
11703,18
11704,18
11705,18
11706,18
11707,19
11708,16
11709,0
11710,0
11711,0
11712,0
11713,0
11714,0
11715,11
11716,0
11717,11
11718,19
11719,19
11720,19
11721,17
11722,0
11723,0
11724,0
11725,0
11726,25
11727,25
11728,25
11729,25
11730,22
11731,22
11732,2
11733,21
11734,10
11735,10
11736,10
11737,10
11738,10
11739,8
11740,11
11741,11
11742,11
11743,0
11744,8
11745,8
11746,8
11747,25
11748,0
11749,0
11750,16
11751,16
11752,17
11753,17
11754,16
11755,10
11756,9
11757,9
11758,9
11759,9
11760,9
11761,9
11762,9
11763,10
11764,18
11765,18
11766,19
11767,19
11768,21
11769,19
11770,20
11771,11
11772,25
11773,1
11774,1
11775,1
11776,1
11777,8
11778,10
11779,10
11780,10
11781,25
11782,25
11783,25
11784,25
11785,25
11786,25
11787,25
11788,25
11789,25
11790,25
11791,21
11792,25
11793,25
11794,21
11795,21
11796,10
11797,10
11798,0
11799,0
11800,8
11801,13
11802,13
11803,13
11804,13
11805,20
11806,4
11807,4
11808,4
11809,18
11810,19
11811,19
11812,10
11813,11
11814,0
11815,22
11816,20
11817,19
11818,19
11819,25
11820,25
11821,25
11822,21
11823,2
11824,25
11825,25
11826,25
11827,25
11828,8
11829,19
11830,19
11831,19
11832,19
11833,13
11834,8
11835,8
11836,19
11837,20
11838,22
11839,22
11840,0
11841,0
11842,0
11843,0
11844,0
11845,8
11846,25
11847,25
11848,11
11849,25
11850,25
11851,25
11852,25
11853,25
11854,25
11855,25
11856,23
11857,23
11858,15
11859,15
11860,22
11861,22
11862,10
11863,19
11864,22
11865,0
11866,10
11867,10
11868,10
11869,10
11870,8
11871,11
11872,11
11873,10
11874,0
11875,0
11876,22
11877,25
11878,25
11879,10
11880,0
11881,0
11882,0
11883,15
11884,15
11885,19
11886,21
11887,21
11888,25
11889,11
11890,19
11891,0
11892,11
11893,11
11894,11
11895,15
11896,15
11897,2
11898,20
11899,17
11900,16
11901,15
11902,15
11903,15
11904,15
11905,15
11906,25
11907,25
11908,8
11909,25
11910,26
11911,26
11912,26
11913,26
11914,26
11915,26
11916,26
11917,26
11918,26
11919,26
11920,26
11921,26
11922,26
11923,26
11924,16
11925,2
11926,2
11927,16
11928,19
11929,19
11930,19
11931,19
11932,19
11933,25
11934,11
11935,1
11936,25
11937,5
11938,5
11939,19
11940,19
11941,11
11942,11
11943,15
11944,15
11945,16
11946,21
11947,10
11948,11
11949,19
11950,19
11951,20
11952,11
11953,21
11954,21
11955,11
11956,11
11957,6
11958,8
11959,6
11960,6
11961,6
11962,6
11963,6
11964,6
11965,20
11966,20
11967,11
11968,11
11969,0
11970,16
11971,21
11972,21
11973,16
11974,23
11975,8
11976,22
11977,6
11978,6
11979,6
11980,19
11981,0
11982,22
11983,23
11984,23
11985,23
11986,23
11987,23
11988,18
11989,19
11990,11
11991,11
11992,11
11993,11
11994,13
11995,13
11996,17
11997,17
11998,17
11999,8
12000,8
12001,8
12002,8
12003,2
12004,23
12005,23
12006,0
12007,0
12008,0
12009,0
12010,6
12011,26
12012,0
12013,0
12014,0
12015,11
12016,25
12017,25
12018,25
12019,25
12020,25
12021,25
12022,15
12023,22
12024,22
12025,22
12026,26
12027,26
12028,26
12029,26
12030,26
12031,26
12032,0
12033,0
12034,12
12035,19
12036,10
12037,11
12038,11
12039,8
12040,8
12041,23
12042,23
12043,23
12044,23
12045,0
12046,22
12047,23
12048,10
12049,0
12050,0
12051,10
12052,8
12053,16
12054,11
12055,15
12056,11
12057,11
12058,15
12059,15
12060,15
12061,15
12062,16
12063,10
12064,10
12065,19
12066,8
12067,19
12068,19
12069,19
12070,19
12071,0
12072,0
12073,10
12074,0
12075,0
12076,17
12077,19
12078,19
12079,19
12080,10
12081,26
12082,0
12083,11
12084,11
12085,11
12086,10
12087,0
12088,0
12089,0
12090,0
12091,10
12092,16
12093,18
12094,21
12095,21
12096,17
12097,17
12098,17
12099,22
12100,22
12101,14
12102,14
12103,16
12104,16
12105,11
12106,21
12107,21
12108,21
12109,25
12110,19
12111,18
12112,13
12113,13
12114,13
12115,13
12116,25
12117,25
12118,19
12119,20
12120,20
12121,8
12122,8
12123,12
12124,12
12125,23
12126,23
12127,23
12128,8
12129,26
12130,25
12131,19
12132,3
12133,0
12134,0
12135,0
12136,7
12137,7
12138,15
12139,8
12140,12
12141,11
12142,3
12143,3
12144,17
12145,10
12146,10
12147,10
12148,19
12149,19
12150,11
12151,0
12152,19
12153,19
12154,19
12155,0
12156,0
12157,0
12158,12
12159,12
12160,20
12161,10
12162,18
12163,18
12164,18
12165,18
12166,15
12167,15
12168,20
12169,14
12170,19
12171,11
12172,10
12173,10
12174,10
12175,0
12176,0
12177,8
12178,8
12179,25
12180,0
12181,20
12182,20
12183,11
12184,0
12185,23
12186,11
12187,11
12188,25
12189,0
12190,8
12191,25
12192,19
12193,21
12194,21
12195,21
12196,21
12197,16
12198,11
12199,15
12200,15
12201,10
12202,18
12203,18
12204,18
12205,22
12206,25
12207,25
12208,25
12209,13
12210,13
12211,13
12212,13
12213,13
12214,11
12215,11
12216,19
12217,20
12218,20
12219,0
12220,20
12221,11
12222,25
12223,25
12224,14
12225,14
12226,14
12227,0
12228,11
12229,11
12230,11
12231,11
12232,11
12233,0
12234,15
12235,15
12236,25
12237,11
12238,8
12239,11
12240,18
12241,18
12242,0
12243,8
12244,8
12245,8
12246,8
12247,8
12248,8
12249,8
12250,0
12251,8
12252,25
12253,25
12254,22
12255,17
12256,17
12257,17
12258,17
12259,14
12260,14
12261,19
12262,2
12263,2
12264,2
12265,8
12266,8
12267,8
12268,8
12269,8
12270,25
12271,20
12272,20
12273,0
12274,25
12275,6
12276,6
12277,7
12278,7
12279,8
12280,19
12281,15
12282,8
12283,26
12284,16
12285,16
12286,0
12287,8
12288,8
12289,25
12290,25
12291,8
12292,11
12293,15
12294,11
12295,11
12296,11
12297,26
12298,26
12299,26
12300,26
12301,11
12302,15
12303,15
12304,5
12305,0
12306,8
12307,8
12308,0
12309,14
12310,14
12311,19
12312,8
12313,8
12314,8
12315,8
12316,8
12317,10
12318,25
12319,25
12320,26
12321,17
12322,17
12323,10
12324,21
12325,21
12326,13
12327,13
12328,13
12329,8
12330,21
12331,22
12332,8
12333,2
12334,20
12335,22
12336,16
12337,25
12338,13
12339,23
12340,23
12341,16
12342,13
12343,11
12344,8
12345,8
12346,0
12347,0
12348,0
12349,0
12350,0
12351,0
12352,0
12353,15
12354,15
12355,15
12356,11
12357,0
12358,0
12359,23
12360,8
12361,12
12362,12
12363,12
12364,8
12365,8
12366,8
12367,8
12368,8
12369,10
12370,0
12371,7
12372,7
12373,7
12374,7
12375,7
12376,7
12377,0
12378,0
12379,23
12380,23
12381,0
12382,0
12383,2
12384,19
12385,0
12386,25
12387,25
12388,25
12389,20
12390,8
12391,20
12392,14
12393,0
12394,0
12395,0
12396,21
12397,21
12398,2
12399,2
12400,2
12401,16
12402,10
12403,20
12404,25
12405,25
12406,10
12407,8
12408,8
12409,8
12410,19
12411,16
12412,13
12413,18
12414,23
12415,0
12416,0
12417,0
12418,14
12419,13
12420,13
12421,26
12422,8
12423,8
12424,20
12425,0
12426,19
12427,19
12428,24
12429,17
12430,25
12431,25
12432,19
12433,20
12434,8
12435,25
12436,0
12437,16
12438,15
12439,15
12440,15
12441,23
12442,15
12443,8
12444,23
12445,23
12446,8
12447,25
12448,3
12449,13
12450,13
12451,10
12452,20
12453,26
12454,20
12455,25
12456,20
12457,17
12458,2
12459,0
12460,19
12461,19
12462,11
12463,11
12464,8
12465,25
12466,9
12467,0
12468,19
12469,10
12470,19
12471,13
12472,19
12473,0
12474,13
12475,19
12476,25
12477,19
12478,25
12479,20
12480,16
12481,16
12482,17
12483,0
12484,19
12485,19
12486,11
12487,19
12488,22
12489,0
12490,18
12491,18
12492,18
12493,2
12494,26
12495,21
12496,21
12497,21
12498,8
12499,8
12500,16
12501,8
12502,25
12503,26
12504,0
12505,0
12506,15
12507,21
12508,21
12509,25
12510,26
12511,11
12512,8
12513,19
12514,1
12515,0
12516,10
12517,2
12518,11
12519,16
12520,17
12521,0
12522,17
12523,12
12524,12
12525,3
12526,16
12527,16
12528,22
12529,20
12530,19
12531,19
12532,16
12533,19
12534,25
12535,17
12536,0
12537,25
12538,11
12539,8
12540,19
