node,community
0,19
1,19
2,19
3,19
4,21
5,19
6,19
7,19
8,19
9,19
10,19
11,19
12,19
13,19
14,19
15,19
16,19
17,14
18,14
19,14
20,14
21,14
22,14
23,14
24,14
25,14
26,8
27,14
28,14
29,14
30,9
31,9
32,14
33,14
34,14
35,14
36,14
37,14
38,14
39,14
40,14
41,14
42,14
43,14
44,14
45,14
46,14
47,14
48,14
49,8
50,14
51,14
52,14
53,14
54,14
55,14
56,14
57,14
58,14
59,14
60,14
61,20
62,14
63,14
64,14
65,14
66,14
67,20
68,14
69,8
70,14
71,20
72,14
73,14
74,14
75,14
76,14
77,14
78,14
79,14
80,8
81,14
82,14
83,14
84,14
85,14
86,14
87,14
88,14
89,14
90,14
91,14
92,14
93,14
94,14
95,0
96,8
97,8
98,8
99,14
100,8
101,8
102,8
103,14
104,14
105,14
106,14
107,14
108,14
109,14
110,14
111,4
112,4
113,19
114,14
115,0
116,26
117,0
118,14
119,0
120,25
121,14
122,0
123,14
124,14
125,0
126,0
127,14
128,4
129,25
130,19
131,25
132,19
133,4
134,23
135,14
136,14
137,0
138,19
139,20
140,14
141,14
142,14
143,20
144,14
145,14
146,9
147,14
148,14
149,19
150,9
151,20
152,8
153,8
154,8
155,8
156,8
157,8
158,8
159,8
160,8
161,9
162,20
163,20
164,18
165,14
166,9
167,14
168,14
169,14
170,14
171,14
172,14
173,14
174,19
175,19
176,14
177,14
178,14
179,14
180,0
181,0
182,0
183,14
184,14
185,14
186,0
187,14
188,14
189,14
190,9
191,9
192,5
193,9
194,9
195,9
196,9
197,9
198,9
199,9
200,9
201,9
202,9
203,9
204,9
205,9
206,9
207,9
208,9
209,9
210,9
211,9
212,9
213,9
214,9
215,9
216,9
217,9
218,9
219,9
220,9
221,20
222,20
223,20
224,20
225,20
226,20
227,20
228,14
229,20
230,20
231,20
232,20
233,20
234,20
235,20
236,20
237,20
238,20
239,20
240,20
241,20
242,20
243,20
244,20
245,20
246,20
247,20
248,20
249,10
250,20
251,20
252,20
253,20
254,20
255,20
256,14
257,14
258,20
259,20
260,20
261,20
262,20
263,20
264,20
265,20
266,14
267,20
268,9
269,18
270,14
271,9
272,9
273,9
274,0
275,9
276,0
277,9
278,14
279,14
280,14
281,14
282,19
283,14
284,19
285,14
286,9
287,14
288,8
289,14
290,14
291,14
292,14
293,23
294,14
295,14
296,14
297,14
298,20
299,14
300,14
301,14
302,14
303,14
304,14
305,14
306,14
307,14
308,14
309,14
310,14
311,14
312,14
313,14
314,14
315,14
316,14
317,14
318,14
319,4
320,14
321,20
322,8
323,14
324,8
325,14
326,14
327,19
328,14
329,20
330,20
331,14
332,14
333,14
334,20
335,14
336,14
337,14
338,9
339,9
340,9
341,9
342,9
343,9
344,9
345,11
346,8
347,14
348,14
349,14
350,14
351,8
352,6
353,8
354,14
355,10
356,10
357,14
358,14
359,14
360,14
361,14
362,14
363,14
364,14
365,23
366,14
367,23
368,23
369,14
370,10
371,14
372,14
373,19
374,14
375,14
376,14
377,14
378,14
379,14
380,14
381,14
382,14
383,14
384,14
385,14
386,9
387,14
388,9
389,14
390,14
391,14
392,14
393,14
394,11
395,20
396,20
397,14
398,20
399,20
400,20
401,20
402,20
403,5
404,14
405,20
406,14
407,14
408,14
409,14
410,14
411,14
412,14
413,23
414,14
415,14
416,14
417,14
418,14
419,14
420,20
421,14
422,14
423,14
424,14
425,14
426,14
427,4
428,14
429,14
430,14
431,14
432,14
433,14
434,14
435,14
436,14
437,14
438,14
439,14
440,14
441,14
442,14
443,14
444,14
445,14
446,14
447,14
448,14
449,14
450,14
451,14
452,20
453,14
454,14
455,14
456,14
457,14
458,14
459,14
460,14
461,14
462,23
463,23
464,25
465,25
466,14
467,14
468,14
469,14
470,14
471,21
472,14
473,19
474,14
475,14
476,14
477,14
478,14
479,14
480,14
481,14
482,23
483,14
484,14
485,14
486,14
487,14
488,23
489,14
490,14
491,14
492,14
493,14
494,14
495,14
496,2
497,14
498,14
499,14
500,23
501,23
502,14
503,14
504,9
505,20
506,9
507,14
508,8
509,14
510,4
511,14
512,4
513,9
514,11
515,9
516,9
517,9
518,9
519,18
520,9
521,9
522,9
523,9
524,9
525,18
526,9
527,9
528,20
529,20
530,20
531,26
532,20
533,20
534,20
535,20
536,20
537,20
538,20
539,11
540,20
541,20
542,20
543,20
544,20
545,20
546,21
547,21
548,20
549,9
550,9
551,9
552,9
553,9
554,14
555,18
556,9
557,18
558,9
559,9
560,14
561,14
562,9
563,14
564,14
565,14
566,9
567,9
568,9
569,9
570,9
571,21
572,20
573,14
574,14
575,23
576,14
577,14
578,23
579,14
580,14
581,20
582,0
583,14
584,14
585,14
586,14
587,14
588,14
589,20
590,19
591,20
592,20
593,21
594,20
595,20
596,20
597,20
598,20
599,10
600,20
601,20
602,20
603,20
604,20
605,21
606,20
607,20
608,20
609,11
610,20
611,20
612,20
613,20
614,20
615,20
616,20
617,20
618,20
619,20
620,20
621,20
622,20
623,20
624,11
625,20
626,9
627,20
628,20
629,20
630,20
631,20
632,20
633,20
634,20
635,20
636,19
637,11
638,11
639,21
640,21
641,11
642,11
643,20
644,20
645,21
646,20
647,20
648,20
649,20
650,20
651,20
652,20
653,20
654,3
655,20
656,20
657,20
658,20
659,20
660,20
661,20
662,20
663,2
664,11
665,20
666,20
667,3
668,20
669,26
670,26
671,26
672,26
673,3
674,26
675,26
676,26
677,26
678,26
679,26
680,26
681,26
682,20
683,26
684,26
685,5
686,9
687,26
688,13
689,26
690,11
691,26
692,26
693,6
694,11
695,26
696,26
697,11
698,25
699,26
700,26
701,26
702,5
703,3
704,11
705,26
706,26
707,26
708,26
709,26
710,26
711,26
712,26
713,26
714,26
715,26
716,26
717,26
718,26
719,20
720,26
721,26
722,25
723,26
724,26
725,5
726,13
727,26
728,26
729,5
730,26
731,26
732,26
733,26
734,26
735,26
736,26
737,26
738,3
739,26
740,21
741,3
742,5
743,26
744,26
745,26
746,11
747,26
748,26
749,26
750,13
751,13
752,26
753,5
754,26
755,26
756,20
757,20
758,11
759,20
760,20
761,20
762,20
763,11
764,20
765,20
766,11
767,20
768,20
769,20
770,20
771,20
772,20
773,20
774,21
775,20
776,20
777,20
778,20
779,20
780,20
781,18
782,20
783,21
784,20
785,20
786,20
787,11
788,11
789,23
790,11
791,11
792,11
793,11
794,11
795,11
796,11
797,11
798,11
799,3
800,11
801,3
802,11
803,11
804,11
805,11
806,11
807,11
808,9
809,11
810,11
811,11
812,11
813,11
814,3
815,11
816,3
817,3
818,2
819,3
820,3
821,11
822,9
823,3
824,11
825,21
826,3
827,2
828,20
829,3
830,11
831,11
832,11
833,21
834,8
835,11
836,11
837,11
838,20
839,20
840,20
841,20
842,20
843,20
844,20
845,20
846,20
847,20
848,20
849,20
850,20
851,20
852,20
853,20
854,20
855,20
856,20
857,20
858,20
859,20
860,20
861,20
862,20
863,21
864,20
865,20
866,20
867,20
868,20
869,20
870,20
871,20
872,20
873,20
874,20
875,20
876,21
877,20
878,20
879,20
880,20
881,20
882,20
883,20
884,20
885,20
886,20
887,20
888,20
889,20
890,20
891,20
892,20
893,20
894,20
895,4
896,4
897,21
898,20
899,21
900,21
901,20
902,20
903,20
904,20
905,20
906,20
907,20
908,20
909,20
910,23
911,4
912,4
913,4
914,4
915,4
916,20
917,4
918,4
919,20
920,4
921,4
922,4
923,4
924,4
925,4
926,4
927,4
928,4
929,4
930,7
931,4
932,4
933,4
934,7
935,4
936,4
937,21
938,20
939,20
940,20
941,21
942,21
943,21
944,21
945,21
946,20
947,20
948,20
949,20
950,20
951,21
952,20
953,21
954,20
955,21
956,21
957,21
958,21
959,21
960,21
961,21
962,21
963,21
964,21
965,21
966,21
967,21
968,21
969,21
970,21
971,21
972,21
973,21
974,21
975,21
976,21
977,21
978,20
979,21
980,21
981,21
982,21
983,21
984,10
985,21
986,21
987,21
988,10
989,21
990,21
991,21
992,21
993,21
994,21
995,21
996,21
997,21
998,21
999,20
1000,21
1001,21
1002,21
1003,21
1004,21
1005,21
1006,21
1007,21
1008,21
1009,21
1010,21
1011,21
1012,21
1013,21
1014,21
1015,21
1016,21
1017,20
1018,21
1019,21
1020,21
1021,21
1022,21
1023,20
1024,21
1025,21
1026,21
1027,21
1028,21
1029,21
1030,21
1031,21
1032,21
1033,21
1034,11
1035,11
1036,11
1037,11
1038,11
1039,11
1040,11
1041,11
1042,21
1043,20
1044,20
1045,9
1046,9
1047,11
1048,11
1049,11
1050,11
1051,5
1052,11
1053,9
1054,11
1055,11
1056,11
1057,11
1058,11
1059,11
1060,11
1061,11
1062,11
1063,11
1064,11
1065,11
1066,11
1067,11
1068,20
1069,11
1070,11
1071,5
1072,11
1073,11
1074,11
1075,11
1076,11
1077,9
1078,11
1079,11
1080,11
1081,20
1082,11
1083,11
1084,11
1085,11
1086,11
1087,11
1088,9
1089,9
1090,11
1091,11
1092,11
1093,11
1094,11
1095,20
1096,11
1097,11
1098,11
1099,11
1100,11
1101,11
1102,20
1103,11
1104,11
1105,11
1106,11
1107,25
1108,20
1109,11
1110,20
1111,20
1112,11
1113,11
1114,2
1115,11
1116,20
1117,11
1118,20
1119,20
1120,11
1121,11
1122,11
1123,11
1124,11
1125,11
1126,11
1127,20
1128,5
1129,20
1130,26
1131,9
1132,11
1133,3
1134,11
1135,11
1136,11
1137,20
1138,20
1139,9
1140,11
1141,20
1142,11
1143,11
1144,11
1145,20
1146,11
1147,11
1148,11
1149,11
1150,11
1151,11
1152,11
1153,11
1154,11
1155,20
1156,11
1157,5
1158,11
1159,20
1160,20
1161,21
1162,11
1163,11
1164,11
1165,11
1166,11
1167,20
1168,21
1169,21
1170,21
1171,21
1172,21
1173,21
1174,21
1175,21
1176,21
1177,21
1178,21
1179,21
1180,21
1181,21
1182,21
1183,21
1184,21
1185,20
1186,21
1187,21
1188,21
1189,21
1190,21
1191,21
1192,21
1193,21
1194,21
1195,21
1196,21
1197,21
1198,21
1199,21
1200,21
1201,21
1202,21
1203,21
1204,21
1205,21
1206,21
1207,21
1208,21
1209,20
1210,21
1211,21
1212,21
1213,21
1214,21
1215,21
1216,21
1217,21
1218,21
1219,10
1220,11
1221,20
1222,21
1223,21
1224,21
1225,21
1226,21
1227,21
1228,10
1229,21
1230,20
1231,20
1232,14
1233,20
1234,21
1235,21
1236,10
1237,10
1238,10
1239,14
1240,11
1241,20
1242,20
1243,20
1244,10
1245,21
1246,21
1247,19
1248,21
1249,21
1250,2
1251,21
1252,21
1253,5
1254,7
1255,5
1256,21
1257,21
1258,5
1259,4
1260,14
1261,20
1262,20
1263,21
1264,21
1265,21
1266,21
1267,21
1268,21
1269,21
1270,21
1271,21
1272,21
1273,21
1274,21
1275,21
1276,21
1277,21
1278,21
1279,21
1280,21
1281,21
1282,20
1283,21
1284,21
1285,21
1286,21
1287,20
1288,21
1289,20
1290,21
1291,10
1292,21
1293,21
1294,21
1295,21
1296,21
1297,21
1298,20
1299,21
1300,21
1301,21
1302,21
1303,21
1304,21
1305,21
1306,10
1307,21
1308,10
1309,21
1310,21
1311,21
1312,20
1313,20
1314,21
1315,20
1316,20
1317,21
1318,21
1319,21
1320,21
1321,21
1322,21
1323,21
1324,21
1325,20
1326,21
1327,21
1328,20
1329,21
1330,20
1331,20
1332,21
1333,21
1334,21
1335,20
1336,20
1337,21
1338,20
1339,11
1340,20
1341,20
1342,9
1343,10
1344,20
1345,20
1346,21
1347,21
1348,21
1349,20
1350,21
1351,21
1352,20
1353,20
1354,11
1355,11
1356,11
1357,11
1358,11
1359,20
1360,20
1361,11
1362,11
1363,11
1364,11
1365,11
1366,11
1367,11
1368,11
1369,11
1370,11
1371,11
1372,11
1373,11
1374,11
1375,11
1376,11
1377,13
1378,11
1379,11
1380,11
1381,11
1382,11
1383,11
1384,11
1385,11
1386,11
1387,11
1388,11
1389,11
1390,11
1391,11
1392,11
1393,11
1394,11
1395,11
1396,11
1397,11
1398,11
1399,11
1400,11
1401,11
1402,11
1403,11
1404,3
1405,11
1406,11
1407,11
1408,11
1409,11
1410,11
1411,11
1412,11
1413,11
1414,11
1415,11
1416,11
1417,11
1418,11
1419,11
1420,11
1421,11
1422,11
1423,11
1424,11
1425,11
1426,11
1427,11
1428,11
1429,11
1430,2
1431,11
1432,11
1433,6
1434,11
1435,11
1436,5
1437,11
1438,11
1439,11
1440,11
1441,11
1442,11
1443,11
1444,11
1445,11
1446,11
1447,11
1448,11
1449,11
1450,11
1451,11
1452,9
1453,21
1454,11
1455,11
1456,11
1457,3
1458,11
1459,11
1460,11
1461,11
1462,11
1463,11
1464,11
1465,18
1466,11
1467,11
1468,11
1469,11
1470,11
1471,11
1472,11
1473,11
1474,11
1475,3
1476,11
1477,11
1478,11
1479,11
1480,11
1481,11
1482,11
1483,2
1484,2
1485,11
1486,11
1487,11
1488,11
1489,11
1490,11
1491,11
1492,11
1493,11
1494,11
1495,11
1496,11
1497,11
1498,11
1499,11
1500,11
1501,11
1502,11
1503,11
1504,11
1505,11
1506,11
1507,11
1508,11
1509,11
1510,11
1511,11
1512,11
1513,11
1514,11
1515,11
1516,11
1517,11
1518,11
1519,11
1520,11
1521,11
1522,11
1523,11
1524,20
1525,2
1526,11
1527,11
1528,20
1529,9
1530,9
1531,21
1532,21
1533,6
1534,20
1535,20
1536,10
1537,20
1538,11
1539,11
1540,20
1541,11
1542,5
1543,8
1544,5
1545,21
1546,20
1547,21
1548,21
1549,9
1550,20
1551,21
1552,20
1553,20
1554,20
1555,20
1556,20
1557,20
1558,20
1559,20
1560,20
1561,20
1562,20
1563,20
1564,20
1565,20
1566,18
1567,21
1568,4
1569,21
1570,21
1571,5
1572,21
1573,21
1574,21
1575,10
1576,18
1577,18
1578,18
1579,18
1580,18
1581,21
1582,21
1583,21
1584,18
1585,21
1586,21
1587,21
1588,21
1589,5
1590,23
1591,21
1592,10
1593,21
1594,21
1595,21
1596,20
1597,21
1598,11
1599,21
1600,6
1601,11
1602,20
1603,20
1604,21
1605,20
1606,11
1607,20
1608,20
1609,20
1610,20
1611,20
1612,20
1613,20
1614,20
1615,21
1616,20
1617,20
1618,11
1619,11
1620,11
1621,11
1622,11
1623,11
1624,11
1625,11
1626,20
1627,20
1628,21
1629,21
1630,21
1631,20
1632,20
1633,6
1634,20
1635,10
1636,11
1637,21
1638,18
1639,21
1640,20
1641,20
1642,20
1643,10
1644,20
1645,20
1646,20
1647,20
1648,20
1649,21
1650,20
1651,20
1652,20
1653,23
1654,23
1655,23
1656,23
1657,20
1658,14
1659,21
1660,21
1661,20
1662,23
1663,20
1664,20
1665,20
1666,21
1667,5
1668,21
1669,21
1670,10
1671,21
1672,10
1673,23
1674,21
1675,18
1676,18
1677,8
1678,7
1679,5
1680,21
1681,20
1682,20
1683,20
1684,14
1685,14
1686,20
1687,20
1688,20
1689,20
1690,20
1691,20
1692,20
1693,20
1694,14
1695,11
1696,20
1697,21
1698,20
1699,21
1700,20
1701,21
1702,20
1703,20
1704,20
1705,20
1706,20
1707,21
1708,20
1709,20
1710,20
1711,21
1712,21
1713,21
1714,20
1715,21
1716,21
1717,5
1718,23
1719,21
1720,5
1721,21
1722,21
1723,21
1724,21
1725,23
1726,21
1727,10
1728,21
1729,21
1730,21
1731,21
1732,8
1733,8
1734,4
1735,21
1736,21
1737,20
1738,20
1739,18
1740,21
1741,20
1742,14
1743,21
1744,21
1745,21
1746,5
1747,20
1748,20
1749,20
1750,20
1751,26
1752,26
1753,26
1754,26
1755,26
1756,26
1757,26
1758,26
1759,26
1760,26
1761,26
1762,26
1763,26
1764,26
1765,26
1766,26
1767,26
1768,26
1769,26
1770,26
1771,26
1772,26
1773,26
1774,26
1775,26
1776,26
1777,26
1778,26
1779,3
1780,26
1781,26
1782,26
1783,26
1784,26
1785,26
1786,26
1787,26
1788,26
1789,26
1790,26
1791,26
1792,26
1793,26
1794,26
1795,26
1796,26
1797,26
1798,26
1799,26
1800,26
1801,26
1802,26
1803,26
1804,26
1805,26
1806,26
1807,26
1808,26
1809,26
1810,26
1811,26
1812,26
1813,26
1814,26
1815,26
1816,26
1817,26
1818,26
1819,26
1820,26
1821,26
1822,26
1823,26
1824,26
1825,26
1826,26
1827,26
1828,26
1829,26
1830,26
1831,26
1832,26
1833,26
1834,26
1835,10
1836,10
1837,10
1838,10
1839,10
1840,10
1841,10
1842,10
1843,10
1844,10
1845,10
1846,10
1847,10
1848,10
1849,10
1850,10
1851,10
1852,10
1853,10
1854,10
1855,23
1856,20
1857,20
1858,9
1859,20
1860,20
1861,20
1862,20
1863,20
1864,20
1865,20
1866,20
1867,20
1868,20
1869,20
1870,20
1871,20
1872,20
1873,20
1874,11
1875,11
1876,19
1877,21
1878,11
1879,21
1880,6
1881,26
1882,3
1883,5
1884,21
1885,10
1886,10
1887,21
1888,7
1889,7
1890,5
1891,21
1892,3
1893,3
1894,26
1895,26
1896,3
1897,3
1898,26
1899,26
1900,26
1901,26
1902,26
1903,26
1904,26
1905,26
1906,26
1907,26
1908,26
1909,0
1910,26
1911,26
1912,26
1913,26
1914,26
1915,13
1916,3
1917,3
1918,26
1919,26
1920,26
1921,11
1922,3
1923,26
1924,26
1925,26
1926,26
1927,5
1928,11
1929,3
1930,0
1931,26
1932,26
1933,26
1934,20
1935,20
1936,20
1937,6
1938,26
1939,5
1940,26
1941,26
1942,26
1943,3
1944,11
1945,11
1946,26
1947,2
1948,26
1949,26
1950,20
1951,20
1952,20
1953,20
1954,20
1955,11
1956,20
1957,20
1958,20
1959,9
1960,20
1961,5
1962,21
1963,21
1964,10
1965,21
1966,10
1967,10
1968,21
1969,21
1970,20
1971,21
1972,20
1973,21
1974,21
1975,21
1976,10
1977,10
1978,10
1979,10
1980,10
1981,10
1982,10
1983,10
1984,10
1985,9
1986,10
1987,10
1988,10
1989,10
1990,10
1991,21
1992,10
1993,10
1994,10
1995,10
1996,21
1997,10
1998,21
1999,20
2000,20
2001,20
2002,3
2003,20
2004,0
2005,20
2006,20
2007,20
2008,20
2009,14
2010,14
2011,14
2012,14
2013,9
2014,9
2015,19
2016,5
2017,5
2018,23
2019,21
2020,21
2021,21
2022,26
2023,4
2024,21
2025,21
2026,5
2027,11
2028,26
2029,21
2030,5
2031,21
2032,11
2033,21
2034,8
2035,21
2036,4
2037,4
2038,9
2039,14
2040,9
2041,18
2042,18
2043,23
2044,5
2045,5
2046,23
2047,18
2048,23
2049,23
2050,23
2051,23
2052,18
2053,7
2054,23
2055,5
2056,21
2057,18
2058,23
2059,18
2060,21
2061,23
2062,10
2063,21
2064,5
2065,5
2066,5
2067,5
2068,5
2069,5
2070,5
2071,5
2072,5
2073,11
2074,5
2075,5
2076,5
2077,5
2078,2
2079,9
2080,9
2081,9
2082,5
2083,17
2084,5
2085,5
2086,5
2087,5
2088,11
2089,5
2090,5
2091,3
2092,5
2093,5
2094,11
2095,5
2096,2
2097,11
2098,5
2099,5
2100,5
2101,5
2102,5
2103,5
2104,5
2105,11
2106,5
2107,7
2108,11
2109,11
2110,5
2111,5
2112,5
2113,5
2114,9
2115,9
2116,9
2117,9
2118,8
2119,9
2120,9
2121,9
2122,9
2123,9
2124,9
2125,9
2126,9
2127,5
2128,2
2129,5
2130,11
2131,5
2132,5
2133,5
2134,5
2135,2
2136,9
2137,5
2138,5
2139,5
2140,5
2141,17
2142,5
2143,11
2144,11
2145,11
2146,11
2147,11
2148,11
2149,11
2150,9
2151,11
2152,3
2153,9
2154,5
2155,5
2156,18
2157,5
2158,9
2159,5
2160,5
2161,5
2162,5
2163,5
2164,5
2165,5
2166,5
2167,5
2168,5
2169,9
2170,9
2171,9
2172,9
2173,9
2174,9
2175,9
2176,9
2177,2
2178,9
2179,9
2180,2
2181,9
2182,9
2183,6
2184,5
2185,9
2186,9
2187,9
2188,9
2189,9
2190,9
2191,9
2192,9
2193,9
2194,20
2195,9
2196,9
2197,11
2198,5
2199,5
2200,5
2201,5
2202,5
2203,5
2204,5
2205,5
2206,21
2207,11
2208,11
2209,11
2210,11
2211,11
2212,11
2213,11
2214,25
2215,9
2216,9
2217,9
2218,9
2219,9
2220,9
2221,9
2222,9
2223,9
2224,9
2225,9
2226,9
2227,9
2228,9
2229,9
2230,9
2231,9
2232,18
2233,11
2234,2
2235,9
2236,9
2237,9
2238,9
2239,5
2240,5
2241,11
2242,11
2243,5
2244,11
2245,11
2246,11
2247,5
2248,9
2249,5
2250,5
2251,11
2252,5
2253,11
2254,11
2255,9
2256,18
2257,5
2258,11
2259,5
2260,11
2261,5
2262,5
2263,20
2264,2
2265,18
2266,5
2267,11
2268,5
2269,5
2270,5
2271,9
2272,5
2273,5
2274,5
2275,5
2276,5
2277,5
2278,5
2279,5
2280,5
2281,5
2282,5
2283,10
2284,11
2285,5
2286,5
2287,8
2288,5
2289,5
2290,5
2291,5
2292,5
2293,5
2294,5
2295,5
2296,5
2297,5
2298,5
2299,5
2300,18
2301,5
2302,5
2303,5
2304,18
2305,18
2306,11
2307,2
2308,5
2309,11
2310,5
2311,5
2312,5
2313,21
2314,5
2315,10
2316,5
2317,5
2318,3
2319,10
2320,5
2321,5
2322,7
2323,5
2324,7
2325,5
2326,18
2327,7
2328,5
2329,5
2330,5
2331,5
2332,5
2333,5
2334,5
2335,5
2336,5
2337,5
2338,5
2339,5
2340,5
2341,10
2342,5
2343,5
2344,5
2345,5
2346,5
2347,5
2348,5
2349,5
2350,5
2351,5
2352,5
2353,11
2354,5
2355,5
2356,11
2357,11
2358,5
2359,5
2360,7
2361,7
2362,7
2363,7
2364,7
2365,7
2366,7
2367,7
2368,11
2369,11
2370,11
2371,11
2372,5
2373,5
2374,11
2375,9
2376,22
2377,9
2378,9
2379,9
2380,9
2381,9
2382,9
2383,9
2384,11
2385,18
2386,2
2387,9
2388,9
2389,9
2390,9
2391,9
2392,9
2393,18
2394,9
2395,9
2396,9
2397,18
2398,9
2399,9
2400,9
2401,9
2402,9
2403,9
2404,9
2405,2
2406,5
2407,9
2408,9
2409,9
2410,9
2411,10
2412,9
2413,9
2414,9
2415,10
2416,10
2417,10
2418,7
2419,11
2420,10
2421,7
2422,11
2423,23
2424,6
2425,11
2426,5
2427,5
2428,10
2429,10
2430,10
2431,10
2432,22
2433,23
2434,10
2435,11
2436,7
2437,24
2438,5
2439,7
2440,23
2441,23
2442,23
2443,23
2444,7
2445,7
2446,23
2447,10
2448,4
2449,14
2450,11
2451,18
2452,10
2453,10
2454,7
2455,7
2456,10
2457,10
2458,10
2459,7
2460,7
2461,10
2462,9
2463,9
2464,9
2465,9
2466,9
2467,9
2468,9
2469,11
2470,11
2471,9
2472,9
2473,7
2474,11
2475,9
2476,9
2477,9
2478,9
2479,9
2480,9
2481,11
2482,11
2483,11
2484,11
2485,9
2486,11
2487,11
2488,11
2489,11
2490,11
2491,5
2492,21
2493,11
2494,11
2495,11
2496,11
2497,11
2498,11
2499,11
2500,11
2501,11
2502,11
2503,11
2504,11
2505,11
2506,11
2507,11
2508,11
2509,11
2510,11
2511,11
2512,11
2513,3
2514,11
2515,9
2516,22
2517,0
2518,9
2519,9
2520,26
2521,22
2522,9
2523,9
2524,9
2525,9
2526,9
2527,9
2528,9
2529,9
2530,9
2531,9
2532,9
2533,9
2534,9
2535,9
2536,9
2537,9
2538,9
2539,11
2540,11
2541,11
2542,11
2543,11
2544,11
2545,11
2546,11
2547,11
2548,9
2549,23
2550,22
2551,5
2552,9
2553,9
2554,5
2555,5
2556,5
2557,5
2558,5
2559,9
2560,3
2561,9
2562,9
2563,5
2564,9
2565,9
2566,26
2567,26
2568,26
2569,9
2570,9
2571,26
2572,9
2573,9
2574,9
2575,9
2576,9
2577,9
2578,2
2579,2
2580,3
2581,3
2582,9
2583,9
2584,2
2585,9
2586,9
2587,9
2588,9
2589,5
2590,9
2591,11
2592,11
2593,11
2594,11
2595,11
2596,11
2597,4
2598,9
2599,11
2600,11
2601,9
2602,11
2603,11
2604,11
2605,11
2606,11
2607,11
2608,11
2609,11
2610,11
2611,11
2612,11
2613,11
2614,11
2615,11
2616,11
2617,11
2618,11
2619,5
2620,11
2621,11
2622,11
2623,11
2624,9
2625,9
2626,9
2627,9
2628,9
2629,9
2630,9
2631,9
2632,9
2633,5
2634,9
2635,9
2636,9
2637,9
2638,9
2639,9
2640,9
2641,9
2642,5
2643,6
2644,11
2645,11
2646,18
2647,22
2648,5
2649,5
2650,5
2651,5
2652,9
2653,9
2654,9
2655,9
2656,5
2657,9
2658,18
2659,7
2660,9
2661,5
2662,9
2663,0
2664,9
2665,9
2666,9
2667,20
2668,11
2669,20
2670,11
2671,20
2672,3
2673,11
2674,11
2675,9
2676,3
2677,10
2678,5
2679,23
2680,5
2681,5
2682,5
2683,10
2684,5
2685,10
2686,18
2687,18
2688,18
2689,18
2690,18
2691,18
2692,18
2693,18
2694,18
2695,18
2696,18
2697,18
2698,18
2699,18
2700,18
2701,18
2702,11
2703,18
2704,11
2705,18
2706,18
2707,18
2708,18
2709,11
2710,18
2711,18
2712,9
2713,2
2714,9
2715,9
2716,18
2717,5
2718,5
2719,9
2720,18
2721,18
2722,18
2723,9
2724,9
2725,3
2726,2
2727,2
2728,2
2729,2
2730,2
2731,2
2732,2
2733,2
2734,2
2735,2
2736,2
2737,2
2738,2
2739,2
2740,2
2741,2
2742,3
2743,2
2744,2
2745,2
2746,2
2747,2
2748,2
2749,2
2750,2
2751,2
2752,2
2753,2
2754,2
2755,22
2756,2
2757,2
2758,2
2759,2
2760,2
2761,2
2762,2
2763,2
2764,2
2765,9
2766,20
2767,20
2768,9
2769,9
2770,9
2771,9
2772,5
2773,5
2774,9
2775,5
2776,5
2777,9
2778,9
2779,9
2780,10
2781,10
2782,7
2783,10
2784,6
2785,10
2786,10
2787,7
2788,10
2789,7
2790,10
2791,3
2792,10
2793,10
2794,11
2795,11
2796,10
2797,11
2798,20
2799,3
2800,20
2801,20
2802,20
2803,5
2804,11
2805,11
2806,11
2807,3
2808,20
2809,11
2810,11
2811,11
2812,11
2813,11
2814,20
2815,11
2816,11
2817,11
2818,11
2819,11
2820,11
2821,11
2822,8
2823,20
2824,5
2825,5
2826,5
2827,5
2828,5
2829,5
2830,5
2831,5
2832,5
2833,18
2834,5
2835,5
2836,21
2837,21
2838,21
2839,21
2840,21
2841,21
2842,21
2843,21
2844,9
2845,5
2846,5
2847,5
2848,9
2849,5
2850,5
2851,5
2852,5
2853,5
2854,5
2855,5
2856,5
2857,5
2858,3
2859,5
2860,9
2861,5
2862,5
2863,5
2864,5
2865,5
2866,20
2867,21
2868,21
2869,21
2870,21
2871,18
2872,18
2873,18
2874,5
2875,2
2876,11
2877,11
2878,18
2879,18
2880,18
2881,18
2882,5
2883,18
2884,9
2885,5
2886,7
2887,7
2888,7
2889,7
2890,5
2891,10
2892,7
2893,23
2894,7
2895,7
2896,5
2897,5
2898,5
2899,5
2900,5
2901,5
2902,5
2903,5
2904,23
2905,23
2906,10
2907,7
2908,7
2909,7
2910,5
2911,7
2912,3
2913,7
2914,7
2915,7
2916,7
2917,7
2918,7
2919,21
2920,21
2921,21
2922,18
2923,18
2924,5
2925,5
2926,5
2927,21
2928,5
2929,5
2930,11
2931,5
2932,11
2933,11
2934,11
2935,11
2936,11
2937,11
2938,11
2939,11
2940,11
2941,5
2942,3
2943,5
2944,11
2945,9
2946,9
2947,9
2948,9
2949,9
2950,5
2951,5
2952,9
2953,10
2954,5
2955,2
2956,5
2957,2
2958,11
2959,5
2960,5
2961,5
2962,5
2963,5
2964,5
2965,5
2966,19
2967,5
2968,5
2969,5
2970,5
2971,0
2972,5
2973,7
2974,23
2975,7
2976,10
2977,5
2978,26
2979,5
2980,18
2981,18
2982,5
2983,5
2984,5
2985,8
2986,21
2987,5
2988,5
2989,21
2990,21
2991,21
2992,23
2993,23
2994,26
2995,21
2996,21
2997,5
2998,18
2999,5
3000,5
3001,5
3002,5
3003,5
3004,5
3005,5
3006,5
3007,10
3008,10
3009,4
3010,23
3011,5
3012,21
3013,5
3014,5
3015,5
3016,3
3017,3
3018,3
3019,3
3020,3
3021,9
3022,3
3023,11
3024,3
3025,3
3026,3
3027,3
3028,5
3029,5
3030,5
3031,5
3032,5
3033,5
3034,4
3035,5
3036,10
3037,10
3038,10
3039,5
3040,5
3041,5
3042,5
3043,5
3044,5
3045,5
3046,5
3047,5
3048,5
3049,5
3050,5
3051,5
3052,5
3053,5
3054,5
3055,7
3056,7
3057,7
3058,7
3059,23
3060,5
3061,7
3062,7
3063,7
3064,7
3065,7
3066,5
3067,5
3068,7
3069,0
3070,5
3071,5
3072,17
3073,18
3074,18
3075,4
3076,23
3077,5
3078,11
3079,11
3080,13
3081,11
3082,11
3083,8
3084,13
3085,11
3086,11
3087,11
3088,11
3089,11
3090,11
3091,11
3092,11
3093,11
3094,8
3095,8
3096,5
3097,7
3098,7
3099,7
3100,7
3101,7
3102,7
3103,7
3104,7
3105,7
3106,7
3107,7
3108,7
3109,7
3110,7
3111,7
3112,17
3113,7
3114,17
3115,7
3116,7
3117,7
3118,7
3119,7
3120,7
3121,7
3122,7
3123,17
3124,17
3125,17
3126,7
3127,7
3128,7
3129,7
3130,7
3131,7
3132,7
3133,7
3134,7
3135,7
3136,7
3137,7
3138,0
3139,7
3140,7
3141,7
3142,7
3143,7
3144,7
3145,7
3146,7
3147,7
3148,7
3149,7
3150,7
3151,17
3152,7
3153,7
3154,7
3155,7
3156,7
3157,7
3158,7
3159,7
3160,7
3161,7
3162,7
3163,17
3164,7
3165,7
3166,7
3167,7
3168,7
3169,7
3170,7
3171,26
3172,7
3173,7
3174,7
3175,7
3176,7
3177,7
3178,7
3179,7
3180,7
3181,7
3182,7
3183,7
3184,7
3185,7
3186,7
3187,7
3188,11
3189,11
3190,11
3191,5
3192,11
3193,11
3194,11
3195,11
3196,11
3197,11
3198,10
3199,11
3200,5
3201,5
3202,9
3203,5
3204,6
3205,5
3206,5
3207,5
3208,5
3209,9
3210,9
3211,9
3212,9
3213,9
3214,18
3215,18
3216,9
3217,9
3218,9
3219,9
3220,9
3221,9
3222,9
3223,9
3224,9
3225,9
3226,9
3227,9
3228,9
3229,9
3230,9
3231,9
3232,14
3233,20
3234,20
3235,20
3236,20
3237,20
3238,20
3239,22
3240,22
3241,22
3242,9
3243,9
3244,2
3245,9
3246,9
3247,9
3248,11
3249,3
3250,11
3251,11
3252,9
3253,9
3254,9
3255,9
3256,2
3257,2
3258,9
3259,9
3260,9
3261,19
3262,9
3263,9
3264,9
3265,11
3266,11
3267,11
3268,11
3269,11
3270,10
3271,11
3272,11
3273,11
3274,11
3275,11
3276,11
3277,11
3278,3
3279,11
3280,11
3281,11
3282,11
3283,11
3284,11
3285,11
3286,11
3287,11
3288,11
3289,20
3290,13
3291,11
3292,11
3293,11
3294,11
3295,18
3296,11
3297,11
3298,11
3299,11
3300,9
3301,9
3302,9
3303,11
3304,6
3305,18
3306,18
3307,5
3308,5
3309,9
3310,5
3311,5
3312,5
3313,5
3314,5
3315,5
3316,5
3317,23
3318,5
3319,23
3320,18
3321,18
3322,18
3323,18
3324,18
3325,18
3326,18
3327,18
3328,18
3329,18
3330,18
3331,18
3332,18
3333,18
3334,18
3335,18
3336,18
3337,18
3338,18
3339,18
3340,18
3341,18
3342,18
3343,18
3344,18
3345,18
3346,8
3347,9
3348,8
3349,8
3350,18
3351,8
3352,8
3353,8
3354,5
3355,5
3356,8
3357,9
3358,18
3359,8
3360,8
3361,10
3362,8
3363,8
3364,8
3365,8
3366,8
3367,11
3368,11
3369,11
3370,11
3371,11
3372,11
3373,11
3374,11
3375,11
3376,11
3377,11
3378,11
3379,11
3380,11
3381,11
3382,11
3383,11
3384,11
3385,18
3386,11
3387,11
3388,3
3389,11
3390,11
3391,11
3392,3
3393,11
3394,3
3395,11
3396,11
3397,11
3398,11
3399,11
3400,11
3401,6
3402,11
3403,11
3404,11
3405,11
3406,11
3407,11
3408,26
3409,11
3410,11
3411,3
3412,2
3413,11
3414,11
3415,11
3416,11
3417,11
3418,11
3419,11
3420,11
3421,13
3422,11
3423,11
3424,11
3425,11
3426,11
3427,11
3428,11
3429,11
3430,5
3431,23
3432,23
3433,23
3434,23
3435,23
3436,23
3437,23
3438,23
3439,23
3440,23
3441,11
3442,11
3443,11
3444,11
3445,11
3446,11
3447,11
3448,11
3449,3
3450,9
3451,9
3452,11
3453,11
3454,5
3455,5
3456,5
3457,18
3458,5
3459,18
3460,18
3461,4
3462,5
3463,5
3464,5
3465,18
3466,18
3467,5
3468,18
3469,5
3470,5
3471,5
3472,5
3473,11
3474,13
3475,11
3476,11
3477,11
3478,11
3479,11
3480,11
3481,11
3482,2
3483,11
3484,11
3485,11
3486,6
3487,11
3488,2
3489,11
3490,11
3491,11
3492,11
3493,11
3494,11
3495,11
3496,11
3497,11
3498,11
3499,11
3500,11
3501,11
3502,11
3503,11
3504,11
3505,11
3506,11
3507,11
3508,11
3509,11
3510,11
3511,11
3512,9
3513,18
3514,18
3515,18
3516,18
3517,18
3518,18
3519,18
3520,18
3521,2
3522,18
3523,18
3524,18
3525,7
3526,23
3527,7
3528,7
3529,26
3530,26
3531,0
3532,26
3533,26
3534,26
3535,26
3536,26
3537,0
3538,0
3539,0
3540,0
3541,0
3542,0
3543,0
3544,0
3545,0
3546,0
3547,0
3548,0
3549,10
3550,26
3551,0
3552,0
3553,0
3554,0
3555,0
3556,0
3557,0
3558,0
3559,14
3560,0
3561,0
3562,0
3563,0
3564,0
3565,0
3566,0
3567,0
3568,0
3569,0
3570,0
3571,0
3572,0
3573,0
3574,0
3575,0
3576,0
3577,0
3578,0
3579,0
3580,0
3581,0
3582,0
3583,0
3584,0
3585,0
3586,0
3587,0
3588,0
3589,0
3590,0
3591,9
3592,9
3593,9
3594,9
3595,9
3596,11
3597,9
3598,9
3599,9
3600,9
3601,11
3602,3
3603,11
3604,26
3605,3
3606,26
3607,26
3608,9
3609,3
3610,9
3611,3
3612,9
3613,6
3614,6
3615,6
3616,6
3617,6
3618,3
3619,9
3620,6
3621,6
3622,6
3623,3
3624,3
3625,3
3626,3
3627,26
3628,3
3629,3
3630,3
3631,3
3632,3
3633,3
3634,3
3635,3
3636,3
3637,3
3638,22
3639,9
3640,5
3641,3
3642,26
3643,26
3644,26
3645,26
3646,3
3647,26
3648,9
3649,3
3650,3
3651,3
3652,20
3653,20
3654,9
3655,3
3656,9
3657,9
3658,9
3659,9
3660,9
3661,3
3662,3
3663,20
3664,20
3665,9
3666,3
3667,26
3668,9
3669,9
3670,9
3671,9
3672,3
3673,3
3674,3
3675,3
3676,5
3677,3
3678,11
3679,3
3680,3
3681,3
3682,3
3683,3
3684,3
3685,3
3686,3
3687,3
3688,3
3689,3
3690,3
3691,3
3692,3
3693,3
3694,3
3695,3
3696,3
3697,13
3698,3
3699,3
3700,3
3701,3
3702,3
3703,3
3704,3
3705,3
3706,3
3707,3
3708,3
3709,11
3710,11
3711,11
3712,11
3713,11
3714,11
3715,11
3716,3
3717,11
3718,11
3719,11
3720,11
3721,11
3722,9
3723,11
3724,26
3725,26
3726,26
3727,3
3728,3
3729,3
3730,3
3731,5
3732,9
3733,3
3734,3
3735,3
3736,26
3737,3
3738,3
3739,11
3740,9
3741,20
3742,20
3743,3
3744,3
3745,3
3746,3
3747,3
3748,3
3749,11
3750,13
3751,11
3752,3
3753,3
3754,11
3755,3
3756,17
3757,17
3758,17
3759,17
3760,17
3761,17
3762,17
3763,17
3764,17
3765,17
3766,17
3767,17
3768,17
3769,17
3770,17
3771,17
3772,17
3773,17
3774,17
3775,17
3776,17
3777,17
3778,17
3779,17
3780,17
3781,17
3782,17
3783,17
3784,17
3785,17
3786,17
3787,25
3788,17
3789,17
3790,17
3791,17
3792,17
3793,17
3794,17
3795,17
3796,17
3797,17
3798,17
3799,17
3800,17
3801,26
3802,26
3803,26
3804,26
3805,26
3806,26
3807,17
3808,17
3809,17
3810,17
3811,17
3812,17
3813,17
3814,17
3815,17
3816,25
3817,14
3818,14
3819,14
3820,14
3821,5
3822,18
3823,9
3824,18
3825,18
3826,18
3827,9
3828,9
3829,9
3830,21
3831,23
3832,7
3833,21
3834,19
3835,19
3836,21
3837,21
3838,18
3839,4
3840,20
3841,18
3842,18
3843,18
3844,21
3845,3
3846,10
3847,18
3848,18
3849,18
3850,18
3851,18
3852,18
3853,18
3854,18
3855,18
3856,18
3857,18
3858,18
3859,18
3860,18
3861,18
3862,18
3863,18
3864,18
3865,18
3866,18
3867,18
3868,5
3869,18
3870,18
3871,18
3872,18
3873,4
3874,18
3875,8
3876,10
3877,23
3878,23
3879,23
3880,10
3881,4
3882,21
3883,20
3884,5
3885,18
3886,18
3887,11
3888,11
3889,14
3890,8
3891,11
3892,8
3893,8
3894,21
3895,14
3896,21
3897,21
3898,21
3899,21
3900,21
3901,18
3902,5
3903,5
3904,23
3905,18
3906,18
3907,18
3908,7
3909,7
3910,7
3911,7
3912,18
3913,7
3914,7
3915,18
3916,18
3917,18
3918,18
3919,18
3920,5
3921,18
3922,18
3923,9
3924,18
3925,18
3926,18
3927,23
3928,7
3929,23
3930,23
3931,21
3932,21
3933,21
3934,21
3935,23
3936,23
3937,23
3938,23
3939,23
3940,23
3941,23
3942,23
3943,23
3944,23
3945,23
3946,23
3947,23
3948,23
3949,23
3950,23
3951,23
3952,23
3953,23
3954,23
3955,23
3956,18
3957,18
3958,23
3959,18
3960,11
3961,11
3962,11
3963,11
3964,11
3965,11
3966,11
3967,11
3968,26
3969,13
3970,26
3971,26
3972,11
3973,3
3974,13
3975,13
3976,3
3977,3
3978,3
3979,3
3980,3
3981,13
3982,13
3983,13
3984,13
3985,2
3986,13
3987,13
3988,13
3989,13
3990,13
3991,13
3992,6
3993,13
3994,26
3995,13
3996,13
3997,13
3998,13
3999,13
4000,3
4001,3
4002,11
4003,13
4004,13
4005,13
4006,13
4007,3
4008,13
4009,25
4010,13
4011,11
4012,13
4013,13
4014,13
4015,13
4016,11
4017,13
4018,13
4019,3
4020,2
4021,11
4022,2
4023,2
4024,13
4025,13
4026,13
4027,13
4028,0
4029,0
4030,26
4031,11
4032,11
4033,11
4034,11
4035,3
4036,6
4037,6
4038,3
4039,11
4040,6
4041,6
4042,11
4043,13
4044,13
4045,11
4046,20
4047,3
4048,11
4049,11
4050,6
4051,11
4052,11
4053,11
4054,11
4055,2
4056,2
4057,11
4058,2
4059,11
4060,11
4061,11
4062,6
4063,6
4064,6
4065,6
4066,6
4067,6
4068,6
4069,6
4070,6
4071,6
4072,6
4073,6
4074,6
4075,3
4076,17
4077,6
4078,6
4079,6
4080,6
4081,13
4082,3
4083,3
4084,3
4085,3
4086,11
4087,3
4088,11
4089,3
4090,3
4091,3
4092,3
4093,3
4094,3
4095,3
4096,3
4097,3
4098,3
4099,3
4100,3
4101,3
4102,3
4103,3
4104,3
4105,3
4106,11
4107,20
4108,11
4109,11
4110,3
4111,11
4112,3
4113,11
4114,3
4115,6
4116,11
4117,11
4118,11
4119,3
4120,3
4121,11
4122,6
4123,6
4124,5
4125,11
4126,11
4127,11
4128,11
4129,11
4130,11
4131,11
4132,9
4133,2
4134,11
4135,2
4136,20
4137,11
4138,20
4139,11
4140,9
4141,9
4142,9
4143,9
4144,9
4145,11
4146,11
4147,11
4148,3
4149,11
4150,11
4151,11
4152,11
4153,11
4154,11
4155,11
4156,11
4157,11
4158,11
4159,12
4160,3
4161,11
4162,5
4163,11
4164,11
4165,11
4166,11
4167,11
4168,3
4169,11
4170,11
4171,9
4172,11
4173,22
4174,22
4175,22
4176,18
4177,22
4178,10
4179,21
4180,20
4181,20
4182,20
4183,8
4184,20
4185,9
4186,11
4187,9
4188,11
4189,21
4190,3
4191,3
4192,3
4193,3
4194,3
4195,13
4196,11
4197,11
4198,11
4199,11
4200,3
4201,5
4202,11
4203,11
4204,11
4205,6
4206,11
4207,3
4208,3
4209,6
4210,11
4211,11
4212,3
4213,3
4214,20
4215,3
4216,11
4217,3
4218,3
4219,3
4220,3
4221,11
4222,3
4223,3
4224,3
4225,3
4226,3
4227,3
4228,3
4229,3
4230,3
4231,11
4232,3
4233,11
4234,3
4235,5
4236,11
4237,11
4238,11
4239,9
4240,11
4241,3
4242,26
4243,2
4244,3
4245,13
4246,3
4247,3
4248,3
4249,3
4250,3
4251,3
4252,3
4253,6
4254,3
4255,13
4256,13
4257,13
4258,26
4259,26
4260,26
4261,26
4262,26
4263,26
4264,26
4265,13
4266,13
4267,2
4268,13
4269,13
4270,2
4271,2
4272,13
4273,3
4274,13
4275,11
4276,11
4277,3
4278,3
4279,3
4280,3
4281,3
4282,3
4283,3
4284,3
4285,3
4286,3
4287,3
4288,3
4289,3
4290,3
4291,3
4292,3
4293,3
4294,3
4295,3
4296,3
4297,3
4298,3
4299,3
4300,6
4301,6
4302,6
4303,13
4304,13
4305,3
4306,3
4307,3
4308,3
4309,3
4310,3
4311,3
4312,3
4313,3
4314,3
4315,11
4316,11
4317,11
4318,20
4319,20
4320,9
4321,5
4322,8
4323,11
4324,3
4325,11
4326,3
4327,3
4328,3
4329,3
4330,3
4331,3
4332,3
4333,3
4334,3
4335,3
4336,3
4337,3
4338,3
4339,3
4340,3
4341,10
4342,10
4343,5
4344,5
4345,5
4346,14
4347,5
4348,11
4349,11
4350,11
4351,11
4352,11
4353,10
4354,20
4355,11
4356,3
4357,11
4358,2
4359,11
4360,3
4361,11
4362,20
4363,11
4364,18
4365,2
4366,3
4367,3
4368,13
4369,3
4370,3
4371,3
4372,3
4373,3
4374,26
4375,3
4376,13
4377,7
4378,7
4379,5
4380,11
4381,2
4382,7
4383,7
4384,7
4385,7
4386,7
4387,5
4388,5
4389,7
4390,5
4391,11
4392,3
4393,3
4394,3
4395,3
4396,3
4397,3
4398,3
4399,3
4400,3
4401,3
4402,3
4403,3
4404,3
4405,3
4406,3
4407,3
4408,3
4409,3
4410,3
4411,3
4412,3
4413,3
4414,3
4415,3
4416,11
4417,3
4418,3
4419,3
4420,3
4421,3
4422,11
4423,3
4424,3
4425,3
4426,3
4427,3
4428,3
4429,3
4430,3
4431,3
4432,3
4433,3
4434,3
4435,11
4436,22
4437,11
4438,3
4439,11
4440,20
4441,20
4442,11
4443,11
4444,11
4445,11
4446,23
4447,11
4448,6
4449,6
4450,6
4451,6
4452,3
4453,3
4454,11
4455,11
4456,11
4457,13
4458,13
4459,13
4460,3
4461,6
4462,11
4463,11
4464,11
4465,11
4466,3
4467,26
4468,3
4469,3
4470,3
4471,3
4472,3
4473,3
4474,3
4475,3
4476,3
4477,8
4478,3
4479,3
4480,3
4481,3
4482,3
4483,3
4484,3
4485,3
4486,3
4487,3
4488,3
4489,3
4490,3
4491,3
4492,3
4493,3
4494,3
4495,3
4496,3
4497,3
4498,3
4499,3
4500,3
4501,3
4502,3
4503,3
4504,3
4505,3
4506,3
4507,3
4508,3
4509,3
4510,3
4511,3
4512,3
4513,2
4514,3
4515,3
4516,3
4517,3
4518,3
4519,7
4520,7
4521,10
4522,3
4523,3
4524,3
4525,3
4526,3
4527,3
4528,3
4529,3
4530,3
4531,26
4532,7
4533,3
4534,3
4535,3
4536,3
4537,3
4538,3
4539,3
4540,3
4541,3
4542,3
4543,3
4544,3
4545,3
4546,17
4547,3
4548,3
4549,3
4550,3
4551,11
4552,11
4553,23
4554,3
4555,3
4556,3
4557,11
4558,9
4559,11
4560,11
4561,11
4562,3
4563,1
4564,1
4565,1
4566,1
4567,1
4568,3
4569,11
4570,3
4571,3
4572,3
4573,3
4574,3
4575,3
4576,3
4577,3
4578,3
4579,3
4580,3
4581,13
4582,11
4583,11
4584,11
4585,11
4586,11
4587,11
4588,3
4589,11
4590,11
4591,11
4592,11
4593,11
4594,11
4595,11
4596,11
4597,11
4598,11
4599,11
4600,11
4601,17
4602,11
4603,11
4604,11
4605,11
4606,11
4607,11
4608,10
4609,10
4610,10
4611,10
4612,10
4613,10
4614,10
4615,10
4616,10
4617,21
4618,10
4619,10
4620,0
4621,10
4622,10
4623,10
4624,10
4625,10
4626,10
4627,10
4628,10
4629,10
4630,10
4631,10
4632,10
4633,10
4634,10
4635,10
4636,10
4637,10
4638,10
4639,10
4640,10
4641,10
4642,10
4643,10
4644,10
4645,7
4646,10
4647,10
4648,10
4649,10
4650,10
4651,10
4652,10
4653,23
4654,10
4655,10
4656,10
4657,10
4658,10
4659,10
4660,10
4661,10
4662,10
4663,10
4664,10
4665,10
4666,10
4667,10
4668,10
4669,10
4670,10
4671,10
4672,10
4673,10
4674,10
4675,10
4676,10
4677,10
4678,10
4679,10
4680,23
4681,10
4682,10
4683,10
4684,10
4685,10
4686,10
4687,19
4688,19
4689,10
4690,10
4691,0
4692,0
4693,7
4694,0
4695,0
4696,26
4697,0
4698,0
4699,0
4700,26
4701,0
4702,0
4703,0
4704,0
4705,0
4706,0
4707,10
4708,0
4709,0
4710,7
4711,10
4712,10
4713,10
4714,10
4715,10
4716,7
4717,10
4718,10
4719,10
4720,10
4721,10
4722,10
4723,10
4724,7
4725,3
4726,26
4727,3
4728,3
4729,3
4730,3
4731,3
4732,3
4733,3
4734,3
4735,3
4736,3
4737,3
4738,3
4739,3
4740,26
4741,26
4742,26
4743,3
4744,3
4745,26
4746,26
4747,26
4748,26
4749,26
4750,26
4751,0
4752,13
4753,13
4754,13
4755,13
4756,13
4757,13
4758,13
4759,13
4760,2
4761,5
4762,22
4763,22
4764,22
4765,22
4766,18
4767,21
4768,9
4769,9
4770,9
4771,17
4772,3
4773,3
4774,3
4775,3
4776,2
4777,3
4778,17
4779,3
4780,3
4781,3
4782,3
4783,18
4784,18
4785,18
4786,18
4787,18
4788,18
4789,11
4790,11
4791,11
4792,2
4793,2
4794,7
4795,7
4796,7
4797,7
4798,7
4799,7
4800,7
4801,7
4802,7
4803,7
4804,7
4805,7
4806,7
4807,7
4808,10
4809,10
4810,5
4811,5
4812,7
4813,7
4814,7
4815,7
4816,7
4817,7
4818,7
4819,7
4820,4
4821,7
4822,7
4823,7
4824,7
4825,7
4826,7
4827,7
4828,7
4829,7
4830,7
4831,7
4832,7
4833,11
4834,10
4835,11
4836,11
4837,11
4838,11
4839,3
4840,6
4841,6
4842,6
4843,6
4844,11
4845,11
4846,11
4847,11
4848,5
4849,11
4850,11
4851,6
4852,6
4853,6
4854,20
4855,3
4856,6
4857,3
4858,3
4859,10
4860,3
4861,17
4862,17
4863,13
4864,10
4865,10
4866,13
4867,13
4868,11
4869,11
4870,11
4871,11
4872,9
4873,20
4874,7
4875,4
4876,4
4877,4
4878,4
4879,4
4880,23
4881,23
4882,23
4883,23
4884,23
4885,4
4886,4
4887,4
4888,20
4889,20
4890,20
4891,20
4892,20
4893,20
4894,20
4895,20
4896,20
4897,20
4898,20
4899,20
4900,20
4901,20
4902,20
4903,20
4904,20
4905,20
4906,20
4907,20
4908,7
4909,7
4910,7
4911,7
4912,7
4913,17
4914,17
4915,17
4916,7
4917,7
4918,7
4919,7
4920,4
4921,4
4922,4
4923,4
4924,4
4925,4
4926,4
4927,4
4928,19
4929,20
4930,20
4931,4
4932,20
4933,20
4934,20
4935,20
4936,20
4937,20
4938,20
4939,14
4940,20
4941,6
4942,6
4943,5
4944,3
4945,9
4946,9
4947,9
4948,9
4949,9
4950,9
4951,11
4952,9
4953,10
4954,5
4955,11
4956,11
4957,11
4958,11
4959,11
4960,11
4961,11
4962,11
4963,11
4964,20
4965,20
4966,20
4967,20
4968,20
4969,20
4970,20
4971,20
4972,20
4973,20
4974,17
4975,20
4976,20
4977,5
4978,5
4979,5
4980,5
4981,5
4982,5
4983,5
4984,5
4985,5
4986,5
4987,20
4988,20
4989,20
4990,20
4991,5
4992,5
4993,20
4994,20
4995,11
4996,20
4997,20
4998,14
4999,20
5000,11
5001,18
5002,9
5003,5
5004,9
5005,5
5006,11
5007,19
5008,19
5009,19
5010,19
5011,19
5012,7
5013,23
5014,23
5015,23
5016,23
5017,23
5018,23
5019,23
5020,23
5021,23
5022,23
5023,23
5024,23
5025,23
5026,23
5027,23
5028,23
5029,23
5030,23
5031,20
5032,23
5033,23
5034,23
5035,23
5036,23
5037,23
5038,23
5039,20
5040,23
5041,23
5042,4
5043,14
5044,23
5045,23
5046,23
5047,23
5048,23
5049,23
5050,14
5051,23
5052,23
5053,23
5054,23
5055,23
5056,23
5057,23
5058,10
5059,23
5060,26
5061,26
5062,26
5063,26
5064,26
5065,0
5066,0
5067,0
5068,0
5069,0
5070,7
5071,26
5072,0
5073,7
5074,0
5075,0
5076,0
5077,0
5078,0
5079,26
5080,9
5081,20
5082,20
5083,20
5084,9
5085,20
5086,20
5087,20
5088,20
5089,20
5090,7
5091,20
5092,20
5093,20
5094,20
5095,21
5096,20
5097,20
5098,20
5099,20
5100,14
5101,11
5102,11
5103,11
5104,11
5105,2
5106,11
5107,2
5108,11
5109,20
5110,20
5111,3
5112,2
5113,2
5114,16
5115,2
5116,2
5117,2
5118,2
5119,2
5120,2
5121,2
5122,20
5123,26
5124,26
5125,26
5126,26
5127,26
5128,26
5129,26
5130,26
5131,26
5132,26
5133,26
5134,26
5135,26
5136,20
5137,26
5138,11
5139,26
5140,26
5141,26
5142,13
5143,26
5144,26
5145,26
5146,9
5147,9
5148,9
5149,9
5150,9
5151,0
5152,0
5153,0
5154,0
5155,0
5156,0
5157,0
5158,0
5159,26
5160,26
5161,25
5162,26
5163,26
5164,0
5165,0
5166,0
5167,0
5168,0
5169,0
5170,0
5171,0
5172,0
5173,0
5174,0
5175,0
5176,0
5177,0
5178,0
5179,10
5180,18
5181,18
5182,18
5183,5
5184,9
5185,5
5186,5
5187,5
5188,5
5189,11
5190,11
5191,3
5192,5
5193,5
5194,21
5195,21
5196,23
5197,5
5198,5
5199,5
5200,4
5201,11
5202,11
5203,6
5204,6
5205,11
5206,11
5207,11
5208,2
5209,11
5210,11
5211,21
5212,21
5213,14
5214,7
5215,7
5216,7
5217,7
5218,7
5219,17
5220,7
5221,7
5222,7
5223,7
5224,7
5225,7
5226,7
5227,4
5228,7
5229,7
5230,7
5231,7
5232,7
5233,7
5234,7
5235,7
5236,7
5237,7
5238,7
5239,7
5240,7
5241,7
5242,7
5243,7
5244,7
5245,7
5246,7
5247,7
5248,7
5249,7
5250,7
5251,7
5252,7
5253,7
5254,7
5255,7
5256,7
5257,7
5258,7
5259,7
5260,7
5261,9
5262,7
5263,7
5264,7
5265,7
5266,7
5267,7
5268,7
5269,23
5270,7
5271,7
5272,7
5273,7
5274,7
5275,7
5276,7
5277,7
5278,7
5279,5
5280,5
5281,5
5282,5
5283,5
5284,7
5285,7
5286,0
5287,7
5288,7
5289,23
5290,7
5291,7
5292,7
5293,7
5294,26
5295,5
5296,5
5297,7
5298,7
5299,10
5300,10
5301,10
5302,10
5303,7
5304,10
5305,10
5306,10
5307,17
5308,17
5309,17
5310,17
5311,17
5312,17
5313,17
5314,17
5315,17
5316,17
5317,17
5318,17
5319,17
5320,17
5321,17
5322,17
5323,17
5324,17
5325,21
5326,10
5327,5
5328,5
5329,9
5330,9
5331,5
5332,18
5333,18
5334,22
5335,22
5336,22
5337,22
5338,22
5339,22
5340,22
5341,22
5342,22
5343,9
5344,10
5345,10
5346,10
5347,9
5348,9
5349,9
5350,9
5351,9
5352,18
5353,10
5354,18
5355,18
5356,18
5357,18
5358,18
5359,5
5360,9
5361,9
5362,10
5363,5
5364,10
5365,11
5366,20
5367,5
5368,10
5369,21
5370,19
5371,19
5372,19
5373,19
5374,19
5375,21
5376,21
5377,21
5378,21
5379,23
5380,21
5381,21
5382,21
5383,21
5384,21
5385,21
5386,19
5387,19
5388,21
5389,21
5390,20
5391,10
5392,14
5393,4
5394,11
5395,11
5396,3
5397,3
5398,25
5399,25
5400,25
5401,25
5402,25
5403,25
5404,25
5405,25
5406,25
5407,25
5408,25
5409,25
5410,25
5411,25
5412,25
5413,25
5414,25
5415,25
5416,25
5417,25
5418,25
5419,25
5420,26
5421,25
5422,25
5423,25
5424,25
5425,25
5426,25
5427,26
5428,17
5429,17
5430,2
5431,2
5432,2
5433,2
5434,17
5435,2
5436,2
5437,25
5438,26
5439,26
5440,25
5441,23
5442,7
5443,7
5444,7
5445,7
5446,7
5447,23
5448,21
5449,0
5450,4
5451,21
5452,21
5453,10
5454,23
5455,21
5456,23
5457,23
5458,23
5459,14
5460,23
5461,23
5462,23
5463,23
5464,23
5465,0
5466,0
5467,23
5468,23
5469,21
5470,8
5471,8
5472,8
5473,8
5474,26
5475,9
5476,26
5477,26
5478,26
5479,26
5480,26
5481,26
5482,26
5483,26
5484,26
5485,26
5486,26
5487,26
5488,26
5489,26
5490,26
5491,26
5492,26
5493,26
5494,26
5495,26
5496,26
5497,26
5498,26
5499,26
5500,26
5501,26
5502,26
5503,26
5504,26
5505,26
5506,10
5507,26
5508,26
5509,10
5510,26
5511,26
5512,26
5513,26
5514,26
5515,26
5516,26
5517,26
5518,26
5519,26
5520,26
5521,26
5522,19
5523,26
5524,7
5525,26
5526,4
5527,4
5528,26
5529,26
5530,26
5531,26
5532,26
5533,26
5534,26
5535,26
5536,26
5537,26
5538,26
5539,26
5540,26
5541,26
5542,26
5543,26
5544,26
5545,26
5546,26
5547,26
5548,26
5549,26
5550,26
5551,26
5552,26
5553,26
5554,26
5555,26
5556,26
5557,26
5558,26
5559,26
5560,26
5561,26
5562,26
5563,26
5564,26
5565,26
5566,26
5567,26
5568,26
5569,26
5570,26
5571,26
5572,26
5573,26
5574,26
5575,26
5576,26
5577,26
5578,26
5579,26
5580,18
5581,18
5582,18
5583,26
5584,26
5585,26
5586,26
5587,26
5588,26
5589,26
5590,26
5591,26
5592,26
5593,25
5594,0
5595,0
5596,0
5597,0
5598,0
5599,0
5600,0
5601,0
5602,0
5603,0
5604,0
5605,0
5606,0
5607,0
5608,0
5609,0
5610,0
5611,0
5612,0
5613,0
5614,0
5615,0
5616,0
5617,0
5618,0
5619,0
5620,0
5621,0
5622,0
5623,0
5624,0
5625,0
5626,0
5627,0
5628,0
5629,14
5630,4
5631,0
5632,0
5633,0
5634,26
5635,0
5636,0
5637,0
5638,19
5639,0
5640,14
5641,14
5642,0
5643,26
5644,26
5645,26
5646,26
5647,10
5648,10
5649,0
5650,10
5651,10
5652,10
5653,10
5654,26
5655,26
5656,26
5657,26
5658,26
5659,26
5660,26
5661,26
5662,26
5663,26
5664,26
5665,26
5666,0
5667,19
5668,19
5669,19
5670,19
5671,19
5672,14
5673,19
5674,19
5675,19
5676,19
5677,19
5678,19
5679,19
5680,19
5681,19
5682,19
5683,19
5684,19
5685,23
5686,19
5687,19
5688,19
5689,19
5690,19
5691,19
5692,19
5693,19
5694,19
5695,19
5696,19
5697,23
5698,0
5699,19
5700,19
5701,19
5702,19
5703,19
5704,23
5705,19
5706,26
5707,0
5708,0
5709,0
5710,5
5711,24
5712,10
5713,24
5714,24
5715,10
5716,23
5717,23
5718,24
5719,18
5720,18
5721,18
5722,5
5723,24
5724,24
5725,24
5726,24
5727,24
5728,23
5729,24
5730,24
5731,24
5732,24
5733,24
5734,7
5735,7
5736,7
5737,14
5738,14
5739,14
5740,19
5741,19
5742,10
5743,20
5744,10
5745,10
5746,10
5747,20
5748,10
5749,10
5750,10
5751,10
5752,10
5753,10
5754,10
5755,10
5756,21
5757,15
5758,15
5759,15
5760,15
5761,15
5762,15
5763,15
5764,26
5765,26
5766,26
5767,26
5768,26
5769,26
5770,19
5771,19
5772,19
5773,4
5774,4
5775,4
5776,4
5777,4
5778,4
5779,2
5780,2
5781,2
5782,2
5783,2
5784,2
5785,2
5786,2
5787,2
5788,2
5789,2
5790,2
5791,2
5792,26
5793,9
5794,9
5795,2
5796,2
5797,2
5798,2
5799,2
5800,2
5801,2
5802,2
5803,2
5804,2
5805,2
5806,9
5807,9
5808,17
5809,17
5810,17
5811,17
5812,17
5813,17
5814,17
5815,17
5816,17
5817,17
5818,17
5819,9
5820,9
5821,9
5822,9
5823,9
5824,9
5825,8
5826,5
5827,9
5828,9
5829,9
5830,2
5831,2
5832,2
5833,2
5834,2
5835,2
5836,2
5837,2
5838,26
5839,2
5840,2
5841,2
5842,2
5843,2
5844,2
5845,2
5846,2
5847,2
5848,2
5849,2
5850,2
5851,2
5852,2
5853,2
5854,2
5855,13
5856,2
5857,11
5858,2
5859,2
5860,9
5861,9
5862,9
5863,9
5864,9
5865,20
5866,9
5867,9
5868,20
5869,9
5870,9
5871,9
5872,9
5873,14
5874,14
5875,14
5876,10
5877,20
5878,20
5879,20
5880,19
5881,14
5882,14
5883,21
5884,20
5885,20
5886,20
5887,20
5888,14
5889,23
5890,23
5891,23
5892,23
5893,23
5894,23
5895,23
5896,23
5897,23
5898,23
5899,23
5900,23
5901,11
5902,26
5903,26
5904,26
5905,26
5906,3
5907,3
5908,13
5909,13
5910,13
5911,13
5912,26
5913,26
5914,26
5915,26
5916,26
5917,26
5918,26
5919,26
5920,9
5921,9
5922,9
5923,9
5924,9
5925,9
5926,9
5927,9
5928,9
5929,9
5930,9
5931,9
5932,9
5933,9
5934,9
5935,5
5936,5
5937,5
5938,5
5939,18
5940,18
5941,18
5942,5
5943,7
5944,5
5945,20
5946,16
5947,16
5948,16
5949,16
5950,16
5951,16
5952,16
5953,20
5954,20
5955,16
5956,16
5957,20
5958,23
5959,1
5960,1
5961,3
5962,1
5963,1
5964,1
5965,9
5966,9
5967,11
5968,3
5969,4
5970,10
5971,14
5972,20
5973,11
5974,26
5975,26
5976,26
5977,26
5978,26
5979,26
5980,22
5981,22
5982,22
5983,22
5984,22
5985,22
5986,22
5987,22
5988,14
5989,23
5990,23
5991,21
5992,21
5993,19
5994,19
5995,19
5996,19
5997,19
5998,19
5999,19
6000,10
6001,19
6002,19
6003,19
6004,19
6005,19
6006,10
6007,10
6008,10
6009,10
6010,10
6011,10
6012,10
6013,10
6014,21
6015,10
6016,7
6017,7
6018,3
6019,7
6020,4
6021,8
6022,8
6023,8
6024,8
6025,8
6026,8
6027,8
6028,8
6029,8
6030,8
6031,8
6032,8
6033,8
6034,20
6035,11
6036,3
6037,8
6038,7
6039,12
6040,12
6041,12
6042,12
6043,20
6044,20
6045,2
6046,2
6047,9
6048,0
6049,0
6050,14
6051,14
6052,14
6053,14
6054,14
6055,14
6056,14
6057,14
6058,14
6059,14
6060,23
6061,14
6062,23
6063,23
6064,23
6065,23
6066,23
6067,23
6068,23
6069,23
6070,23
6071,23
6072,23
6073,23
6074,0
6075,23
6076,23
6077,23
6078,23
6079,23
6080,23
6081,23
6082,23
6083,23
6084,23
6085,23
6086,23
6087,23
6088,23
6089,23
6090,23
6091,23
6092,23
6093,23
6094,23
6095,23
6096,3
6097,14
6098,11
6099,11
6100,11
6101,26
6102,11
6103,11
6104,11
6105,23
6106,14
6107,23
6108,0
6109,0
6110,0
6111,0
6112,0
6113,0
6114,0
6115,0
6116,17
6117,17
6118,17
6119,17
6120,2
6121,2
6122,2
6123,5
6124,7
6125,5
6126,10
6127,5
6128,5
6129,5
6130,5
6131,5
6132,23
6133,23
6134,10
6135,23
6136,10
6137,23
6138,23
6139,23
6140,23
6141,23
6142,23
6143,23
6144,23
6145,23
6146,23
6147,23
6148,23
6149,19
6150,19
6151,19
6152,7
6153,7
6154,7
6155,7
6156,7
6157,7
6158,10
6159,10
6160,10
6161,10
6162,10
6163,10
6164,10
6165,10
6166,10
6167,10
6168,10
6169,10
6170,10
6171,10
6172,10
6173,10
6174,10
6175,10
6176,10
6177,3
6178,3
6179,2
6180,2
6181,14
6182,14
6183,7
6184,7
6185,7
6186,7
6187,7
6188,7
6189,20
6190,7
6191,20
6192,7
6193,7
6194,7
6195,7
6196,5
6197,18
6198,5
6199,5
6200,5
6201,5
6202,5
6203,5
6204,5
6205,18
6206,18
6207,5
6208,5
6209,5
6210,5
6211,5
6212,5
6213,5
6214,5
6215,5
6216,10
6217,10
6218,10
6219,21
6220,21
6221,21
6222,5
6223,21
6224,23
6225,23
6226,10
6227,10
6228,17
6229,17
6230,17
6231,17
6232,17
6233,17
6234,17
6235,17
6236,17
6237,26
6238,17
6239,17
6240,17
6241,17
6242,17
6243,17
6244,17
6245,17
6246,17
6247,17
6248,17
6249,17
6250,17
6251,17
6252,17
6253,17
6254,17
6255,17
6256,17
6257,9
6258,9
6259,26
6260,26
6261,26
6262,26
6263,26
6264,3
6265,3
6266,3
6267,3
6268,0
6269,0
6270,0
6271,18
6272,18
6273,18
6274,18
6275,18
6276,15
6277,15
6278,3
6279,15
6280,13
6281,26
6282,26
6283,26
6284,3
6285,26
6286,17
6287,17
6288,2
6289,2
6290,2
6291,2
6292,2
6293,2
6294,2
6295,25
6296,25
6297,25
6298,3
6299,2
6300,3
6301,5
6302,5
6303,26
6304,18
6305,11
6306,18
6307,18
6308,21
6309,21
6310,21
6311,21
6312,20
6313,11
6314,3
6315,3
6316,3
6317,3
6318,5
6319,5
6320,5
6321,5
6322,24
6323,24
6324,26
6325,18
6326,20
6327,20
6328,20
6329,20
6330,20
6331,20
6332,20
6333,10
6334,2
6335,11
6336,6
6337,5
6338,18
6339,23
6340,23
6341,23
6342,23
6343,23
6344,23
6345,23
6346,23
6347,23
6348,20
6349,23
6350,20
6351,23
6352,23
6353,23
6354,23
6355,23
6356,7
6357,5
6358,7
6359,7
6360,0
6361,10
6362,20
6363,20
6364,9
6365,11
6366,11
6367,11
6368,22
6369,26
6370,26
6371,22
6372,22
6373,22
6374,14
6375,14
6376,0
6377,19
6378,20
6379,0
6380,0
6381,0
6382,21
6383,23
6384,23
6385,23
6386,7
6387,23
6388,20
6389,26
6390,13
6391,26
6392,26
6393,26
6394,26
6395,5
6396,5
6397,5
6398,5
6399,20
6400,23
6401,23
6402,7
6403,7
6404,7
6405,7
6406,7
6407,23
6408,7
6409,0
6410,0
6411,4
6412,4
6413,11
6414,24
6415,23
6416,23
6417,4
6418,4
6419,4
6420,4
6421,4
6422,4
6423,4
6424,4
6425,14
6426,14
6427,14
6428,14
6429,14
6430,14
6431,14
6432,14
6433,14
6434,23
6435,7
6436,23
6437,23
6438,23
6439,14
6440,0
6441,14
6442,14
6443,14
6444,14
6445,14
6446,14
6447,14
6448,14
6449,14
6450,14
6451,10
6452,11
6453,14
6454,14
6455,7
6456,7
6457,7
6458,23
6459,7
6460,7
6461,23
6462,23
6463,23
6464,7
6465,7
6466,7
6467,10
6468,10
6469,5
6470,5
6471,5
6472,5
6473,5
6474,5
6475,0
6476,0
6477,23
6478,23
6479,23
6480,23
6481,23
6482,23
6483,23
6484,23
6485,9
6486,9
6487,23
6488,23
6489,23
6490,23
6491,23
6492,23
6493,23
6494,23
6495,23
6496,23
6497,23
6498,23
6499,23
6500,23
6501,23
6502,23
6503,23
6504,23
6505,23
6506,23
6507,23
6508,23
6509,23
6510,23
6511,7
6512,23
6513,23
6514,5
6515,23
6516,0
6517,14
6518,8
6519,14
6520,14
6521,14
6522,9
6523,17
6524,17
6525,10
6526,10
6527,10
6528,10
6529,20
6530,10
6531,19
6532,19
6533,7
6534,14
6535,20
6536,10
6537,17
6538,0
6539,19
6540,19
6541,19
6542,26
6543,26
6544,26
6545,26
6546,26
6547,26
6548,26
6549,26
6550,26
6551,26
6552,26
6553,17
6554,10
6555,25
6556,14
6557,14
6558,19
6559,19
6560,19
6561,19
6562,19
6563,19
6564,19
6565,19
6566,19
6567,19
6568,19
6569,26
6570,26
6571,26
6572,26
6573,26
6574,26
6575,26
6576,6
6577,6
6578,6
6579,6
6580,20
6581,2
6582,2
6583,2
6584,2
6585,2
6586,4
6587,4
6588,18
6589,11
6590,11
6591,5
6592,18
6593,26
6594,26
6595,26
6596,26
6597,26
6598,25
6599,26
6600,26
6601,26
6602,13
6603,26
6604,26
6605,26
6606,26
6607,26
6608,26
6609,26
6610,26
6611,25
6612,26
6613,26
6614,26
6615,25
6616,10
6617,10
6618,10
6619,10
6620,10
6621,10
6622,10
6623,10
6624,9
6625,9
6626,9
6627,9
6628,9
6629,23
6630,10
6631,23
6632,9
6633,9
6634,2
6635,18
6636,14
6637,14
6638,14
6639,20
6640,20
6641,26
6642,26
6643,3
6644,3
6645,6
6646,6
6647,3
6648,3
6649,20
6650,20
6651,20
6652,20
6653,6
6654,9
6655,3
6656,3
6657,3
6658,3
6659,3
6660,3
6661,3
6662,3
6663,3
6664,3
6665,3
6666,3
6667,6
6668,3
6669,3
6670,3
6671,3
6672,3
6673,3
6674,3
6675,26
6676,3
6677,3
6678,11
6679,20
6680,20
6681,20
6682,20
6683,20
6684,20
6685,20
6686,20
6687,20
6688,20
6689,5
6690,5
6691,5
6692,5
6693,20
6694,14
6695,20
6696,11
6697,5
6698,5
6699,5
6700,3
6701,20
6702,20
6703,3
6704,3
6705,3
6706,3
6707,3
6708,3
6709,3
6710,3
6711,3
6712,3
6713,3
6714,3
6715,3
6716,3
6717,3
6718,3
6719,3
6720,3
6721,3
6722,3
6723,3
6724,3
6725,3
6726,3
6727,3
6728,3
6729,3
6730,3
6731,3
6732,3
6733,3
6734,3
6735,3
6736,3
6737,3
6738,3
6739,13
6740,3
6741,3
6742,3
6743,3
6744,3
6745,3
6746,3
6747,3
6748,3
6749,3
6750,2
6751,3
6752,3
6753,3
6754,3
6755,3
6756,3
6757,3
6758,3
6759,3
6760,3
6761,3
6762,3
6763,3
6764,3
6765,3
6766,3
6767,3
6768,3
6769,3
6770,3
6771,6
6772,3
6773,3
6774,3
6775,3
6776,3
6777,3
6778,3
6779,3
6780,3
6781,7
6782,3
6783,3
6784,9
6785,3
6786,3
6787,3
6788,3
6789,3
6790,3
6791,3
6792,3
6793,3
6794,3
6795,3
6796,3
6797,3
6798,3
6799,3
6800,3
6801,14
6802,9
6803,13
6804,13
6805,13
6806,11
6807,25
6808,25
6809,25
6810,25
6811,25
6812,7
6813,18
6814,0
6815,3
6816,3
6817,10
6818,10
6819,3
6820,4
6821,21
6822,21
6823,10
6824,4
6825,4
6826,7
6827,4
6828,4
6829,23
6830,4
6831,4
6832,7
6833,23
6834,14
6835,26
6836,26
6837,26
6838,26
6839,26
6840,26
6841,19
6842,19
6843,19
6844,19
6845,19
6846,19
6847,19
6848,19
6849,19
6850,19
6851,2
6852,26
6853,7
6854,0
6855,18
6856,14
6857,7
6858,6
6859,9
6860,9
6861,9
6862,7
6863,7
6864,3
6865,3
6866,3
6867,3
6868,3
6869,3
6870,3
6871,3
6872,14
6873,0
6874,7
6875,14
6876,14
6877,5
6878,14
6879,14
6880,14
6881,25
6882,3
6883,5
6884,5
6885,14
6886,19
6887,21
6888,5
6889,5
6890,13
6891,18
6892,26
6893,20
6894,20
6895,20
6896,20
6897,3
6898,3
6899,3
6900,3
6901,3
6902,3
6903,3
6904,3
6905,3
6906,3
6907,3
6908,3
6909,3
6910,3
6911,3
6912,3
6913,3
6914,3
6915,3
6916,4
6917,4
6918,3
6919,3
6920,2
6921,3
6922,3
6923,3
6924,13
6925,3
6926,3
6927,3
6928,3
6929,3
6930,17
6931,3
6932,3
6933,3
6934,3
6935,3
6936,3
6937,3
6938,16
6939,3
6940,3
6941,3
6942,3
6943,3
6944,3
6945,3
6946,3
6947,3
6948,3
6949,2
6950,11
6951,19
6952,2
6953,17
6954,5
6955,11
6956,23
6957,23
6958,23
6959,23
6960,23
6961,23
6962,4
6963,4
6964,4
6965,4
6966,3
6967,3
6968,3
6969,3
6970,3
6971,3
6972,3
6973,3
6974,3
6975,3
6976,4
6977,4
6978,4
6979,7
6980,7
6981,7
6982,3
6983,3
6984,3
6985,5
6986,5
6987,3
6988,3
6989,3
6990,19
6991,19
6992,14
6993,17
6994,17
6995,17
6996,17
6997,17
6998,17
6999,17
7000,17
7001,17
7002,17
7003,17
7004,3
7005,17
7006,14
7007,20
7008,23
7009,7
7010,7
7011,20
7012,19
7013,19
7014,19
7015,18
7016,19
7017,14
7018,21
7019,21
7020,25
7021,25
7022,25
7023,11
7024,18
7025,9
7026,9
7027,3
7028,3
7029,14
7030,8
7031,8
7032,8
7033,8
7034,0
7035,13
7036,13
7037,13
7038,11
7039,8
7040,5
7041,3
7042,4
7043,8
7044,10
7045,14
7046,10
7047,10
7048,10
7049,0
7050,0
7051,10
7052,10
7053,14
7054,14
7055,21
7056,19
7057,19
7058,19
7059,19
7060,19
7061,10
7062,11
7063,9
7064,6
7065,6
7066,6
7067,6
7068,14
7069,11
7070,14
7071,14
7072,14
7073,4
7074,0
7075,0
7076,0
7077,23
7078,9
7079,6
7080,2
7081,9
7082,26
7083,26
7084,17
7085,17
7086,21
7087,21
7088,21
7089,21
7090,21
7091,21
7092,21
7093,21
7094,21
7095,21
7096,23
7097,26
7098,26
7099,26
7100,0
7101,0
7102,7
7103,0
7104,5
7105,5
7106,5
7107,11
7108,11
7109,13
7110,11
7111,20
7112,20
7113,20
7114,14
7115,14
7116,14
7117,10
7118,23
7119,23
7120,23
7121,7
7122,17
7123,17
7124,17
7125,17
7126,5
7127,5
7128,5
7129,5
7130,20
7131,20
7132,10
7133,10
7134,3
7135,13
7136,13
7137,13
7138,13
7139,13
7140,13
7141,13
7142,26
7143,13
7144,13
7145,3
7146,13
7147,13
7148,13
7149,13
7150,13
7151,2
7152,11
7153,11
7154,13
7155,13
7156,2
7157,2
7158,2
7159,13
7160,13
7161,13
7162,13
7163,0
7164,14
7165,14
7166,6
7167,6
7168,6
7169,6
7170,8
7171,6
7172,0
7173,21
7174,20
7175,26
7176,21
7177,0
7178,0
7179,0
7180,7
7181,10
7182,5
7183,5
7184,26
7185,0
7186,20
7187,4
7188,4
7189,3
7190,3
7191,3
7192,3
7193,3
7194,6
7195,6
7196,3
7197,3
7198,3
7199,3
7200,7
7201,23
7202,23
7203,23
7204,23
7205,23
7206,23
7207,23
7208,7
7209,19
7210,3
7211,10
7212,10
7213,26
7214,26
7215,26
7216,26
7217,26
7218,3
7219,3
7220,3
7221,26
7222,3
7223,3
7224,3
7225,3
7226,3
7227,3
7228,3
7229,3
7230,3
7231,3
7232,23
7233,23
7234,7
7235,0
7236,19
7237,19
7238,19
7239,19
7240,19
7241,19
7242,19
7243,19
7244,21
7245,21
7246,10
7247,10
7248,10
7249,10
7250,10
7251,20
7252,26
7253,10
7254,20
7255,20
7256,20
7257,14
7258,20
7259,20
7260,26
7261,20
7262,20
7263,14
7264,20
7265,20
7266,0
7267,26
7268,26
7269,7
7270,20
7271,14
7272,10
7273,26
7274,3
7275,13
7276,20
7277,20
7278,20
7279,20
7280,20
7281,11
7282,20
7283,20
7284,19
7285,19
7286,18
7287,18
7288,18
7289,19
7290,19
7291,0
7292,0
7293,0
7294,0
7295,0
7296,0
7297,14
7298,2
7299,2
7300,17
7301,3
7302,26
7303,20
7304,6
7305,21
7306,21
7307,21
7308,26
7309,26
7310,26
7311,26
7312,5
7313,19
7314,19
7315,19
7316,19
7317,19
7318,19
7319,8
7320,8
7321,11
7322,5
7323,5
7324,5
7325,5
7326,5
7327,5
7328,5
7329,3
7330,3
7331,26
7332,26
7333,25
7334,25
7335,25
7336,25
7337,25
7338,25
7339,25
7340,25
7341,25
7342,25
7343,25
7344,25
7345,25
7346,25
7347,25
7348,25
7349,25
7350,25
7351,11
7352,11
7353,6
7354,6
7355,6
7356,11
7357,11
7358,14
7359,14
7360,14
7361,14
7362,14
7363,14
7364,13
7365,15
7366,2
7367,3
7368,9
7369,1
7370,1
7371,1
7372,23
7373,23
7374,26
7375,26
7376,18
7377,18
7378,18
7379,18
7380,11
7381,2
7382,21
7383,25
7384,23
7385,23
7386,9
7387,25
7388,25
7389,25
7390,25
7391,0
7392,17
7393,17
7394,21
7395,9
7396,9
7397,9
7398,9
7399,9
7400,9
7401,20
7402,19
7403,7
7404,20
7405,10
7406,9
7407,9
7408,5
7409,9
7410,19
7411,7
7412,19
7413,19
7414,19
7415,19
7416,14
7417,14
7418,23
7419,7
7420,7
7421,7
7422,7
7423,0
7424,0
7425,10
7426,10
7427,10
7428,15
7429,15
7430,0
7431,0
7432,0
7433,0
7434,0
7435,0
7436,3
7437,3
7438,3
7439,3
7440,3
7441,3
7442,5
7443,18
7444,5
7445,5
7446,10
7447,10
7448,10
7449,10
7450,2
7451,2
7452,2
7453,25
7454,25
7455,25
7456,25
7457,25
7458,25
7459,25
7460,25
7461,0
7462,0
7463,0
7464,0
7465,10
7466,10
7467,10
7468,7
7469,7
7470,19
7471,19
7472,19
7473,19
7474,19
7475,14
7476,19
7477,19
7478,19
7479,20
7480,19
7481,19
7482,20
7483,25
7484,3
7485,8
7486,13
7487,13
7488,7
7489,7
7490,18
7491,18
7492,18
7493,18
7494,20
7495,4
7496,11
7497,4
7498,23
7499,23
7500,23
7501,19
7502,19
7503,19
7504,19
7505,21
7506,0
7507,0
7508,23
7509,23
7510,25
7511,14
7512,20
7513,20
7514,20
7515,20
7516,20
7517,20
7518,19
7519,19
7520,19
7521,19
7522,14
7523,20
7524,20
7525,20
7526,6
7527,5
7528,11
7529,2
7530,2
7531,8
7532,8
7533,8
7534,8
7535,2
7536,2
7537,26
7538,26
7539,23
7540,2
7541,5
7542,2
7543,14
7544,2
7545,26
7546,23
7547,23
7548,23
7549,23
7550,14
7551,26
7552,4
7553,4
7554,4
7555,4
7556,4
7557,4
7558,20
7559,3
7560,3
7561,4
7562,3
7563,22
7564,22
7565,7
7566,7
7567,7
7568,7
7569,23
7570,7
7571,7
7572,7
7573,7
7574,7
7575,7
7576,7
7577,7
7578,7
7579,7
7580,3
7581,23
7582,23
7583,14
7584,17
7585,17
7586,7
7587,2
7588,2
7589,2
7590,2
7591,0
7592,17
7593,17
7594,17
7595,17
7596,17
7597,5
7598,0
7599,26
7600,17
7601,3
7602,8
7603,14
7604,14
7605,14
7606,23
7607,23
7608,23
7609,23
7610,26
7611,18
7612,18
7613,20
7614,20
7615,20
7616,23
7617,23
7618,23
7619,23
7620,23
7621,23
7622,23
7623,23
7624,23
7625,23
7626,23
7627,23
7628,23
7629,23
7630,23
7631,23
7632,23
7633,23
7634,23
7635,23
7636,23
7637,23
7638,4
7639,4
7640,14
7641,14
7642,23
7643,6
7644,0
7645,0
7646,14
7647,14
7648,14
7649,14
7650,14
7651,5
7652,5
7653,9
7654,7
7655,7
7656,7
7657,5
7658,20
7659,20
7660,21
7661,25
7662,14
7663,7
7664,7
7665,7
7666,0
7667,26
7668,14
7669,26
7670,26
7671,5
7672,5
7673,26
7674,14
7675,23
7676,23
7677,13
7678,26
7679,13
7680,3
7681,3
7682,20
7683,7
7684,7
7685,5
7686,23
7687,2
7688,2
7689,2
7690,2
7691,5
7692,18
7693,18
7694,19
7695,3
7696,20
7697,20
7698,3
7699,3
7700,3
7701,4
7702,4
7703,4
7704,4
7705,4
7706,14
7707,10
7708,23
7709,9
7710,9
7711,7
7712,7
7713,3
7714,3
7715,17
7716,17
7717,17
7718,17
7719,17
7720,19
7721,26
7722,26
7723,26
7724,14
7725,18
7726,18
7727,18
7728,3
7729,26
7730,10
7731,24
7732,10
7733,14
7734,14
7735,14
7736,14
7737,20
7738,8
7739,7
7740,7
7741,7
7742,7
7743,7
7744,7
7745,7
7746,20
7747,20
7748,7
7749,3
7750,10
7751,23
7752,23
7753,23
7754,23
7755,23
7756,17
7757,13
7758,10
7759,23
7760,23
7761,23
7762,5
7763,20
7764,7
7765,7
7766,7
7767,7
7768,0
7769,11
7770,11
7771,0
7772,10
7773,9
7774,9
7775,2
7776,2
7777,3
7778,7
7779,7
7780,7
7781,7
7782,18
7783,18
7784,7
7785,25
7786,11
7787,11
7788,5
7789,5
7790,5
7791,11
7792,26
7793,25
7794,25
7795,25
7796,25
7797,25
7798,25
7799,25
7800,5
7801,5
7802,1
7803,0
7804,7
7805,7
7806,17
7807,17
7808,17
7809,14
7810,7
7811,7
7812,7
7813,7
7814,7
7815,20
7816,3
7817,3
7818,25
7819,8
7820,8
7821,8
7822,20
7823,5
7824,5
7825,4
7826,4
7827,4
7828,7
7829,2
7830,4
7831,10
7832,9
7833,10
7834,10
7835,5
7836,26
7837,4
7838,19
7839,19
7840,11
7841,5
7842,7
7843,0
7844,0
7845,0
7846,18
7847,19
7848,19
7849,19
7850,19
7851,19
7852,19
7853,5
7854,5
7855,5
7856,5
7857,10
7858,10
7859,19
7860,5
7861,0
7862,0
7863,0
7864,10
7865,10
7866,7
7867,7
7868,7
7869,7
7870,21
7871,10
7872,19
7873,2
7874,2
7875,2
7876,2
7877,2
7878,2
7879,10
7880,19
7881,19
7882,19
7883,19
7884,3
7885,23
7886,13
7887,20
7888,20
7889,9
7890,19
7891,5
7892,0
7893,0
7894,0
7895,0
7896,0
7897,17
7898,17
7899,5
7900,20
7901,20
7902,3
7903,3
7904,20
7905,20
7906,7
7907,7
7908,7
7909,23
7910,11
7911,16
7912,19
7913,19
7914,26
7915,14
7916,17
7917,18
7918,16
7919,16
7920,25
7921,5
7922,5
7923,5
7924,22
7925,0
7926,11
7927,8
7928,8
7929,13
7930,13
7931,0
7932,23
7933,9
7934,7
7935,18
7936,14
7937,4
7938,4
7939,4
7940,23
7941,5
7942,5
7943,18
7944,10
7945,15
7946,15
7947,7
7948,0
7949,3
7950,9
7951,17
7952,4
7953,4
7954,4
7955,21
7956,9
7957,0
7958,9
7959,3
7960,23
7961,11
7962,14
7963,21
7964,23
7965,23
7966,3
7967,26
7968,26
7969,0
7970,13
7971,23
7972,19
7973,19
7974,20
7975,16
7976,19
7977,4
7978,3
7979,0
7980,9
7981,11
7982,11
7983,20
7984,4
7985,4
7986,0
7987,26
7988,4
7989,10
7990,0
7991,25
7992,2
7993,18
7994,2
7995,2
7996,5
7997,20
7998,20
7999,0
8000,3
8001,20
8002,3
8003,25
8004,19
8005,13
8006,0
8007,2
8008,2
8009,18
8010,0
8011,0
8012,26
8013,20
8014,23
8015,5
8016,18
8017,11
8018,26
8019,11
8020,5
8021,5
8022,23
8023,10
8024,8
8025,0
8026,17
8027,3
8028,3
8029,10
8030,23
8031,23
8032,23
8033,17
8034,4
8035,8
8036,3
8037,25
8038,4
